0,0,0,0,0,0,-32,-157,1345,303,477,761,-49,0,-42,-66,-2,1323,-248,458,766,-1,-8,-34,
4580590,0,0,0,0,0,-46,-141,1293,301,479,767,-52,3,-35,-66,10,1267,-251,468,768,1,-8,-36,
4580590,4081475,0,0,0,0,-41,-157,1321,301,474,762,-43,7,-33,-69,16,1323,-251,468,768,0,-7,-32,
4580590,4081475,2631029,0,0,0,-48,-149,1316,301,474,762,-38,5,-39,-66,13,1287,-249,467,785,2,9,-27,
4580590,4081475,2631029,4202877,0,0,-47,-149,1331,301,475,764,-45,2,-31,-59,1,1297,-251,459,762,6,3,-29,
4580590,4081475,2631029,4202877,4081297,0,-41,-152,1327,303,473,763,-48,1,-42,-75,6,1300,-251,459,784,7,248,-24,
4580590,4081475,2631029,4202877,4081297,3924090,-36,-157,1338,303,473,763,-46,-2,-37,-52,9,1311,-253,465,784,3,3,-26,
4580590,4081475,2631029,4202877,4081297,3924090,-35,-157,1318,298,477,755,-48,1,-38,-72,9,1310,-251,458,783,7,10,-30,
4580590,4081475,2631029,4202877,4081297,3924090,-41,-147,1330,298,477,755,-45,-2,-39,-70,-3,1316,-251,458,783,9,8,-31,
4581271,4081475,2631029,4202877,4081297,3924090,-49,-152,1322,302,481,766,-45,-2,-41,-68,-1,1342,-251,460,758,3,7,-30,
4581271,4088300,2631029,4202877,4081297,3924090,-47,-152,1278,299,475,766,-48,1,-46,-68,22,1306,-251,460,758,8,4,-36,
4581271,4088300,2656159,4202877,4081297,3924090,-72,-145,1325,299,475,766,-46,1,-39,-68,15,1329,-254,460,747,11,3,-27,
4581271,4088300,2656159,4208623,4081297,3924090,-49,-158,1320,301,475,763,-51,1,-38,-58,11,1325,-254,460,747,3,-1,-30,
4581271,4088300,2656159,4208623,4091523,3924090,-52,-151,1345,301,475,763,-59,3,-40,-58,15,1306,-252,466,768,-3,2,-32,
4581271,4088300,2656159,4208623,4091523,3907247,-49,-149,1311,301,485,756,-51,7,-40,-57,7,1313,-249,461,760,-1,1,-31,
4581271,4088300,2656159,4208623,4091523,3907247,-48,-151,1334,301,479,765,-47,8,-44,-59,12,1316,-249,461,760,-2,10,-31,
4581271,4088300,2656159,4208623,4091523,3907247,-52,-166,1292,301,479,765,-50,11,-35,-60,15,1342,-252,458,769,5,5,-28,
4572285,4088300,2656159,4208623,4091523,3907247,-42,-157,1337,303,476,763,-51,1,-37,-54,8,1299,-252,458,769,1,6,-31,
4572285,4092750,2656159,4208623,4091523,3907247,-53,-150,1344,303,476,763,-50,-3,-39,-56,19,1306,-251,461,769,-1,5,-30,
4572285,4092750,2691167,4208623,4091523,3907247,-43,-158,1317,303,477,766,-44,-1,-38,-72,11,1342,-251,461,769,2,8,-30,
4572285,4092750,2691167,4212683,4091523,3907247,-39,-163,1320,303,477,766,-42,-2,-38,-68,5,1339,-253,472,767,3,3,-28,
4572285,4092750,2691167,4212683,4101656,3907247,-44,-158,1301,301,484,765,-48,-4,-38,-66,0,1322,-252,468,758,-2,1,-26,
4572285,4092750,2691167,4212683,4101656,3886430,-39,-166,1279,300,472,764,-50,0,-43,-74,10,1302,-252,468,758,1,10,-30,
4572285,4092750,2691167,4212683,4101656,3886430,-54,-152,1308,300,472,764,-46,3,-44,-50,11,1312,-253,459,767,-4,8,-35,
4572285,4092750,2691167,4212683,4101656,3886430,-38,-152,1316,302,472,764,-48,4,-47,-53,5,1293,-253,459,767,-1,7,-34,
4579449,4092750,2691167,4212683,4101656,3886430,-43,-153,1337,302,472,764,-46,0,-50,-67,6,1312,-252,461,756,4,8,-32,
4579449,4097514,2691167,4212683,4101656,3886430,-63,-150,1314,300,484,767,-51,4,-43,-52,9,1309,-252,461,756,-4,-2,-31,
4579449,4097514,2764122,4212683,4101656,3886430,-50,-153,1323,303,477,751,-48,0,-42,-64,11,1294,-254,465,783,-1,-4,-31,
4579449,4097514,2764122,4217418,4101656,3886430,-43,-154,1290,303,477,751,-49,0,-32,-84,-8,1325,-254,465,783,-3,2,-34,
4579449,4097514,2764122,4217418,4122612,3886430,-34,-144,1331,298,476,763,-49,0,-37,-70,0,1317,-252,464,765,-2,-4,-29,
4579449,4097514,2764122,4217418,4122612,3807952,-34,-151,1312,298,476,763,-50,0,-38,-56,19,1332,-250,463,752,-4,-13,-28,
4579449,4097514,2764122,4217418,4122612,3807952,-49,-152,1358,300,479,772,-49,3,-43,-64,14,1320,-250,463,752,3,2,-28,
4579449,4097514,2764122,4217418,4122612,3807952,-46,-162,1307,300,479,772,-44,9,-36,-50,10,1290,-248,460,771,6,6,-28,
4579170,4097514,2764122,4217418,4122612,3807952,-52,-158,1318,301,486,760,-38,9,-39,-61,13,1334,-248,460,771,2,1,-28,
4579170,4100351,2764122,4217418,4122612,3807952,-52,-154,1326,303,475,766,-40,4,-39,-64,2,1341,-251,468,771,2,6,-27,
4579170,4100351,2855400,4217418,4122612,3807952,-35,-161,1313,303,475,766,-44,8,-37,-60,7,1323,-251,468,771,-7,21,-28,
4579170,4100351,2855400,4215517,4122612,3807952,-40,-160,1322,303,475,767,-32,10,-35,-59,6,1329,-253,470,749,2,23,-32,
4579170,4100351,2855400,4215517,4239665,3807952,-40,-152,1298,303,475,767,-34,3,-36,-57,14,1303,-248,462,783,8,18,-26,
4579170,4100351,2855400,4215517,4239665,3774286,-67,-142,1333,302,482,764,-28,-1,-29,-69,4,1305,-248,462,783,-1,4,-30,
4579170,4100351,2855400,4215517,4239665,3774286,-33,-160,1301,300,475,761,-37,9,-28,-62,9,1299,-249,461,753,-6,8,-27,
4579170,4100351,2855400,4215517,4239665,3774286,-45,-142,1334,300,475,761,-42,3,-32,-63,10,1312,-249,461,753,6,11,-30,
4562694,4100351,2855400,4215517,4239665,3774286,-50,-159,1330,304,474,768,-37,5,-34,-67,7,1326,-250,460,766,6,0,-24,
4562694,4069649,2855400,4215517,4239665,3774286,-53,-148,1307,304,474,768,-42,6,-33,-52,9,1311,-250,460,766,7,-4,-23,
4562694,4069649,2806621,4215517,4239665,3774286,-48,-154,1336,298,475,755,-39,5,-37,-76,15,1314,-252,462,767,14,-8,-20,
4562694,4069649,2806621,4233020,4239665,3774286,-38,-154,1291,298,475,755,-40,1,-33,-59,13,1296,-252,462,767,17,-11,-23,
4562694,4069649,2806621,4233020,4372394,3774286,-40,-161,1325,299,480,763,-40,-7,-32,-56,12,1296,-253,463,761,16,-23,-28,
4562694,4069649,2806621,4233020,4372394,3790640,-46,-157,1322,299,477,759,-42,-15,-35,-66,-4,1304,-251,461,779,14,-23,-21,
4562694,4069649,2806621,4233020,4372394,3790640,-62,-165,1324,299,477,759,-39,-9,-39,-48,4,1308,-251,461,779,16,-19,-22,
4562694,4069649,2806621,4233020,4372394,3790640,-60,-145,1320,302,476,765,-44,-11,-40,-52,3,1325,-250,462,762,25,-22,-21,
4601079,4069649,2806621,4233020,4372394,3790640,-48,-155,1302,302,476,765,-49,-19,-36,-56,22,1305,-250,462,762,19,-29,-28,
4601079,3740953,2806621,4233020,4372394,3790640,-48,-145,1321,300,475,765,-45,-22,-41,-53,12,1321,-255,466,767,16,-16,-34,
4601079,3740953,2236087,4233020,4372394,3790640,-34,-159,1315,300,476,758,-46,-18,-43,-67,-6,1333,-255,466,767,15,-15,-30,
4601079,3740953,2236087,4340398,4372394,3790640,-31,-157,1311,300,476,758,-44,-20,-41,-57,-3,1334,-254,461,769,18,-23,-24,
4601079,3740953,2236087,4340398,4407323,3790640,-53,-147,1326,300,476,767,-42,-21,-45,-58,11,1298,-257,460,787,20,-38,-24,
4601079,3740953,2236087,4340398,4407323,3826624,-50,-160,1287,300,476,767,-49,-14,-44,-77,1,1340,-257,460,787,26,-30,-34,
4601079,3740953,2236087,4340398,4407323,3826624,-45,-160,1329,300,475,758,-49,-16,-44,-51,3,1312,-252,458,783,23,-26,-26,
4601079,3740953,2236087,4340398,4407323,3826624,-27,-156,1301,300,475,758,-48,-17,-42,-46,11,1321,-252,458,783,14,-40,-30,
4637874,3740953,2236087,4340398,4407323,3826624,-46,-151,1343,298,480,762,-42,-14,-35,-54,14,1318,-256,461,766,19,-34,-33,
4637874,2479995,2236087,4340398,4407323,3826624,-29,-166,1315,301,472,767,-45,-14,-36,-64,7,1318,-256,461,766,18,-39,-28,
4637874,2479995,880780,4340398,4407323,3826624,-50,-154,1297,301,472,767,-39,-15,-32,-40,7,1302,-258,468,768,9,-34,-32,
4637874,2479995,880780,4500284,4407323,3826624,-34,-150,1319,298,472,763,-54,-22,-11,-55,15,1334,-258,462,780,13,-23,-32,
4637874,2479995,880780,4500284,4399577,3826624,-26,-167,1341,298,472,763,-59,-37,28,-64,4,1325,-259,462,780,12,-25,-36,
4637874,2479995,880780,4500284,4399577,3809261,-30,-142,1320,298,476,759,-65,-56,71,-60,5,1315,-254,458,784,14,-27,-39,
4637874,2479995,880780,4500284,4399577,3809261,-17,-140,1336,300,473,768,-67,-76,100,-53,19,1325,-254,458,784,11,-24,-44,
4637874,2479995,880780,4500284,4399577,3809261,-23,-149,1287,300,473,768,-69,-90,130,-61,14,1330,-258,461,762,18,-26,-38,
4684241,2479995,880780,4500284,4399577,3809261,-20,-143,1316,304,469,762,-66,-91,179,-47,16,1315,-258,461,762,9,-21,-36,
4684241,1596695,880780,4500284,4399577,3809261,-33,-156,1318,304,469,762,-63,-96,255,-44,13,1313,-260,459,771,5,-13,-42,
4684241,1596695,199109,4500284,4399577,3809261,-22,-143,1349,304,470,757,-56,-117,338,-69,12,1319,-260,459,771,4,-10,-44,
4684241,1596695,199109,4624249,4399577,3809261,-9,-151,1326,304,470,757,-46,-138,426,-38,11,1287,-259,464,766,5,4,-40,
4684241,1596695,199109,4624249,4431574,3809261,-32,-134,1319,304,466,766,-38,-161,505,-55,1,1346,-258,458,786,9,-2,-27,
4684241,1596695,199109,4624249,4431574,3797242,-20,-154,1337,312,460,767,-33,-173,677,-59,4,1315,-258,458,786,-2,-7,-32,
4684241,1596695,199109,4624249,4431574,3797242,-37,-124,1319,312,460,767,-31,-180,750,-48,8,1312,-258,459,760,-4,-7,-39,
4684241,1596695,199109,4624249,4431574,3797242,-27,-132,1342,317,451,774,-37,-198,806,-65,22,1340,-258,459,760,3,1,-41,
4664471,1596695,199109,4624249,4431574,3797242,-34,-130,1332,317,451,774,-40,-192,848,-60,6,1329,-260,460,768,4,-5,-42,
4664471,1629576,199109,4624249,4431574,3797242,-30,-147,1302,323,453,770,-33,-187,890,-31,3,1309,-260,460,768,3,-11,-42,
4664471,1629576,166177,4624249,4431574,3797242,-30,-131,1340,332,433,775,-31,-184,930,-67,15,1319,-260,469,751,-4,3,-39,
4664471,1629576,166177,4650411,4431574,3797242,-14,-147,1309,332,433,775,-36,-197,976,-62,4,1316,-258,463,778,6,10,-37,
4664471,1629576,166177,4650411,4463156,3797242,-25,-136,1331,343,429,778,-31,-221,1030,-37,11,1318,-258,463,778,1,2,-38,
4664471,1629576,166177,4650411,4463156,3810627,-11,-133,1320,343,429,778,-36,-230,1067,-63,15,1300,-256,454,784,2,7,-37,
4664471,1629576,166177,4650411,4463156,3810627,-30,-144,1356,347,420,775,-33,-234,1078,-70,26,1304,-256,454,784,11,5,-31,
4664471,1629576,166177,4650411,4463156,3810627,-23,-152,1323,347,420,775,-38,-242,1071,-54,22,1320,-259,460,776,-4,4,-38,
4664476,1629576,166177,4650411,4463156,3810627,-39,-170,1303,354,408,775,-40,-217,1024,-73,3,1312,-259,460,776,-10,4,-36,
4664476,1857255,166177,4650411,4463156,3810627,-31,-143,1319,362,400,783,-32,-226,1010,-39,7,1328,-258,466,776,-7,6,-37,
4664476,1857255,166223,4650411,4463156,3810627,-39,-152,1339,362,400,783,-21,-241,1055,-48,11,1326,-258,466,776,5,6,-34,
4664476,1857255,166223,4647115,4463156,3810627,-34,-133,1304,371,390,782,-10,-252,1169,-45,14,1322,-258,461,763,3,-1,-25,
4664476,1857255,166223,4647115,4500469,3810627,-20,-115,1310,371,390,782,-3,-283,1346,-60,27,1314,-257,462,784,-1,2,-42,
4664476,1857255,166223,4647115,4500469,3815944,-20,-92,1303,378,375,784,-18,-298,1531,-46,9,1306,-257,462,784,3,-4,-28,
4664476,1857255,166223,4647115,4500469,3815944,18,-95,1345,389,354,786,-22,-307,1697,-49,20,1307,-257,459,768,3,1,-32,
4664476,1857255,166223,4647115,4500469,3815944,30,-130,1292,389,354,786,-30,-296,1792,-43,13,1334,-257,459,768,0,-4,-37,
4679602,1857255,166223,4647115,4500469,3815944,52,-158,1332,400,335,793,-36,-272,1794,-59,11,1328,-256,464,774,0,-3,-40,
4679602,1973277,166223,4647115,4500469,3815944,25,-193,1294,400,335,793,-29,-235,1717,-47,8,1293,-256,464,774,-2,-5,-33,
4679602,1973277,166419,4647115,4500469,3815944,13,-195,1311,406,328,790,-40,-186,1376,-44,20,1323,-256,467,774,0,8,-32,
4679602,1973277,166419,4644359,4500469,3815944,27,-212,1300,406,310,792,-56,-85,1159,-65,8,1307,-257,460,742,-1,7,-30,
4679602,1973277,166419,4644359,4495125,3815944,-29,-207,1346,417,310,792,-58,-41,920,-52,14,1303,-257,460,742,6,6,-30,
4679602,1973277,166419,4644359,4495125,3670079,-53,-213,1305,425,303,795,-62,7,645,-51,11,1333,-255,457,750,10,5,-30,
4679602,1973277,166419,4644359,4495125,3670079,-84,-216,1342,425,303,795,-66,47,369,-45,17,1313,-255,457,750,10,-8,-39,
4679602,1973277,166419,4644359,4495125,3670079,-55,-186,1318,426,305,790,-69,63,81,-51,13,1324,-257,459,766,16,-5,-28,
4825131,1973277,166419,4644359,4495125,3670079,-9,-160,1310,426,305,790,-55,44,-86,-67,3,1306,-257,459,766,11,-1,-31,
4825131,1914860,166419,4644359,4495125,3670079,4,-144,1339,424,307,791,-41,16,-102,-49,15,1320,-259,462,757,4,-4,-36,
4825131,1914860,166382,4644359,4495125,3670079,13,-157,1311,428,302,791,-44,29,-67,-49,21,1288,-259,462,779,-2,-3,-35,
4825131,1914860,166382,4663056,4495125,3670079,7,-161,1309,428,302,791,-47,38,-59,-68,1,1309,-256,465,779,-3,2,-36,
4825131,1914860,166382,4663056,4285504,3670079,32,-142,1353,431,305,798,-43,56,-58,-55,11,1312,-258,456,782,2,1,-36,
4825131,1914860,166382,4663056,4285504,3055201,-6,-151,1321,431,305,798,-52,50,-31,-55,14,1328,-258,456,782,-2,4,-36,
4825131,1914860,166382,4663056,4285504,3055201,11,-167,1334,429,310,788,-76,40,-27,-58,7,1297,-259,456,761,1,7,-31,
4825131,1914860,166382,4663056,4285504,3055201,-15,-157,1314,433,308,793,-74,37,-26,-55,6,1303,-259,456,761,-3,-5,-36,
4883273,1914860,166382,4663056,4285504,3055201,5,-154,1338,433,308,793,-74,33,-26,-67,14,1330,-260,460,780,6,-2,-39,
4883273,1890675,166382,4663056,4285504,3055201,-9,-158,1304,431,306,796,-62,26,-33,-49,7,1325,-260,460,780,-4,9,-37,
4883273,1890675,168519,4663056,4285504,3055201,-1,-168,1308,431,306,796,-53,28,-30,-61,10,1282,-256,469,779,-3,16,-36,
4883273,1890675,168519,4639912,4285504,3055201,2,-182,1324,434,311,793,-43,41,-23,-68,12,1300,-257,457,773,-11,12,-37,
4883273,1890675,168519,4639912,4194073,3055201,4,-164,1319,434,311,793,-28,49,-18,-56,17,1321,-257,457,773,-1,28,-33,
4883273,1890675,168519,4639912,4194073,2721023,-16,-163,1322,435,313,788,-27,48,-15,-52,12,1325,-256,458,774,6,20,-29,
4883273,1890675,168519,4639912,4194073,2721023,-24,-154,1334,433,302,790,-24,36,-19,-59,11,1320,-256,458,774,-6,19,-27,
4883273,1890675,168519,4639912,4194073,2721023,-23,-155,1292,433,302,790,-14,30,-26,-47,21,1318,-259,462,769,-7,11,-29,
4889001,1890675,168519,4639912,4194073,2721023,-18,-147,1344,436,304,791,-32,16,-37,-41,3,1305,-259,462,769,-2,9,-36,
4889001,2667709,168519,4639912,4194073,2721023,-9,-148,1312,436,304,791,-40,22,-38,-52,26,1323,-260,465,779,-2,10,-34,
4889001,2667709,724680,4639912,4194073,2721023,-22,-155,1317,436,309,800,-41,20,-44,-47,9,1303,-4,462,772,-3,12,-29,
4889001,2667709,724680,4559175,4194073,2721023,-18,-151,1323,436,304,790,-45,15,-41,-65,17,1301,-255,462,772,-9,14,-21,
4889001,2667709,724680,4559175,4226404,2721023,-18,-148,1305,436,304,790,-51,8,-42,-47,3,1301,-255,458,759,-10,10,-29,
4889001,2667709,724680,4559175,4226404,2220625,-35,-147,1296,434,300,784,-62,-6,-54,-58,9,1311,-255,458,759,-8,15,-33,
4889001,2667709,724680,4559175,4226404,2220625,3,-170,1316,434,300,784,-74,-18,-55,-45,10,1320,-256,460,764,-9,24,-32,
4889001,2667709,724680,4559175,4226404,2220625,-9,-157,1314,431,304,788,-82,-30,-65,-48,22,1307,-256,460,764,-10,28,-29,
4916643,2667709,724680,4559175,4226404,2220625,-2,-159,1313,431,304,788,-85,-37,-64,-66,11,1303,-255,460,777,-14,36,-25,
4916643,2992344,724680,4559175,4226404,2220625,-14,-159,1324,433,312,786,-81,-41,-66,-53,9,1313,-255,460,777,-21,36,-27,
4916643,2992344,992305,4559175,4226404,2220625,-13,-167,1293,435,304,791,-78,-38,-63,-56,2,1327,-253,464,776,-19,42,-31,
4916643,2992344,992305,4379983,4226404,2220625,0,-164,1327,435,304,791,-69,-47,-60,-58,14,1304,-252,461,791,-19,45,-24,
4916643,2992344,992305,4379983,3449229,2220625,-5,-166,1306,434,304,789,-65,-47,-55,-63,16,1295,-252,461,791,-21,39,-15,
4916643,2992344,992305,4379983,3449229,1063365,4,-161,1354,434,304,789,-64,-46,-54,-52,251,1322,-253,462,754,3,12,-13,
4916643,2992344,992305,4379983,3449229,1063365,-5,-174,1286,431,312,790,-62,-46,-57,-75,14,1316,-253,462,754,9,-4,-18,
4916643,2992344,992305,4379983,3449229,1063365,-2,-159,1309,432,306,792,-59,-51,-55,-73,19,1306,-252,462,766,3,-5,-21,
4987051,2992344,992305,4379983,3449229,1063365,22,-159,1340,432,306,792,-59,-56,-54,-81,1,1318,-252,462,766,3,-10,-20,
4987051,2649309,992305,4379983,3449229,1063365,2,-146,1286,431,304,800,-59,-50,-58,-73,14,1307,-254,471,785,5,4,-17,
4987051,2649309,1053164,4379983,3449229,1063365,31,-170,1326,431,304,800,-49,-49,-57,-59,12,1301,-249,468,770,-9,17,-7,
4987051,2649309,1053164,4260545,3449229,1063365,19,-175,1325,428,307,793,-53,-41,-57,-65,8,1330,-249,468,770,-27,29,2,
4987051,2649309,1053164,4260545,2172126,1063365,13,-170,1298,428,307,793,-39,-37,-57,-67,11,1307,-245,462,757,-49,55,3,
4987051,2649309,1053164,4260545,2172126,309929,22,-156,1294,428,312,790,-43,-33,-55,-63,-6,1319,-245,462,757,-72,99,4,
4987051,2649309,1053164,4260545,2172126,309929,16,-172,1333,429,306,797,-32,-30,-51,-70,-13,1339,-244,463,768,-108,171,11,
4987051,2649309,1053164,4260545,2172126,309929,23,-159,1314,429,306,797,-31,-36,-45,-48,-35,1315,-244,463,768,-145,273,28,
5032041,2649309,1053164,4260545,2172126,309929,22,-165,1341,428,308,799,-36,-25,-47,-27,-78,1328,-238,478,761,-159,343,89,
5032041,2231624,1053164,4260545,2172126,309929,19,-171,1330,428,308,799,-31,-17,-48,-4,-125,1341,-238,478,761,-186,364,206,
5032041,2231624,932204,4260545,2172126,309929,23,-164,1328,426,312,791,-27,-15,-52,-3,-121,1339,-225,474,774,-197,352,370,
5032041,2231624,932204,3765525,2172126,309929,24,-165,1310,425,308,787,-31,-19,-50,-4,-107,1356,-209,482,749,-214,345,558,
5032041,2231624,932204,3765525,1906867,309929,23,-161,1311,425,308,787,-29,-18,-47,-17,-143,1367,-209,482,749,-217,290,753,
5032041,2231624,932204,3765525,1906867,257945,18,-166,1329,426,305,798,-33,-19,-48,-42,-183,1329,-184,487,767,-195,280,926,
5032041,2231624,932204,3765525,1906867,257945,22,-171,1330,426,305,798,-37,-24,-47,47,-273,1323,-184,487,767,-164,329,1093,
5032041,2231624,932204,3765525,1906867,257945,20,-168,1320,425,305,803,-31,-9,-44,43,-382,1352,-157,498,757,-170,357,1237,
5048164,2231624,932204,3765525,1906867,257945,26,-159,1342,425,305,803,-20,0,-36,-17,-359,1418,-157,498,757,-288,313,1311,
5048164,1725178,932204,3765525,1906867,257945,16,-163,1309,426,309,797,-10,-4,-36,-101,-149,1323,-133,511,764,-393,279,1250,
5048164,1725178,933656,3765525,1906867,257945,12,-175,1302,428,303,801,-5,-7,-37,-94,-219,1281,-110,509,736,-308,267,1256,
5048164,1725178,933656,3429176,1906867,257945,13,-163,1322,428,303,801,16,-11,-47,-127,-149,1264,-110,509,736,-264,193,1296,
5048164,1725178,933656,3429176,2903402,257945,23,-158,1315,427,305,795,-6,-21,-43,-158,34,1145,-85,510,729,-198,106,1260,
5048164,1725178,933656,3429176,2903402,490368,21,-148,1317,427,305,795,-19,-17,-43,-255,116,1023,-85,510,729,-143,1,1192,
5048164,1725178,933656,3429176,2903402,490368,34,-162,1324,422,301,792,-35,-18,-50,-308,268,1079,-75,511,748,-64,-134,1096,
5048164,1725178,933656,3429176,2903402,490368,18,-157,1350,428,303,801,-34,-9,-50,-383,369,1103,-75,511,748,137,-282,919,
5054710,1725178,933656,3429176,2903402,490368,13,-163,1350,428,303,801,-40,-7,-52,-434,476,1232,-72,513,726,362,-453,690,
5054710,1510221,933656,3429176,2903402,490368,29,-163,1344,423,302,801,-42,-3,-45,-358,496,1326,-72,513,740,466,-724,436,
5054710,1510221,770129,3429176,2903402,490368,32,-153,1314,423,302,801,-44,0,-35,-287,281,1686,-79,500,740,579,-1056,165,
5054710,1510221,770129,4063464,2903402,490368,20,-164,1319,426,303,798,-56,11,-31,-165,56,1450,-103,483,741,768,-1110,-40,
5054710,1510221,770129,4063464,3058194,490368,23,-167,1342,426,303,798,-53,27,-32,-114,43,1446,-103,483,741,618,-716,-153,
5054710,1510221,770129,4063464,3058194,462523,10,-156,1301,429,304,799,-50,30,-22,-8,53,1333,-110,477,755,351,-274,-202,
5054710,1510221,770129,4063464,3058194,462523,29,-165,1333,429,301,804,-49,40,-8,20,40,1327,-110,477,755,87,-53,-198,
5054710,1510221,770129,4063464,3058194,462523,9,-159,1325,429,301,804,-40,33,0,-39,17,1322,-113,481,743,-33,10,-106,
5027518,1510221,770129,4063464,3058194,462523,12,-156,1350,428,297,796,-31,22,9,-78,18,1286,-113,481,743,-57,25,-3,
5027518,1455519,770129,4063464,3058194,462523,17,-157,1312,428,297,796,-32,5,23,-85,0,1307,-110,488,752,-10,-7,15,
5027518,1455519,1088188,4063464,3058194,462523,19,-165,1324,429,306,788,-41,-6,26,-78,4,1317,-114,476,760,90,-53,14,
5027518,1455519,1088188,4397836,3058194,462523,20,-165,1338,431,299,795,-35,-4,30,-63,16,1318,-114,476,760,161,-75,20,
5027518,1455519,1088188,4397836,3046410,462523,42,-165,1333,431,299,795,-37,1,56,-78,37,1292,-116,472,761,152,-89,0,
5027518,1455519,1088188,4397836,3046410,365273,15,-159,1313,435,294,802,-22,10,119,-64,32,1327,-116,472,761,114,-72,-22,
5027518,1455519,1088188,4397836,3046410,365273,16,-161,1323,435,294,802,-16,10,135,-68,31,1302,-119,471,755,42,-40,-37,
5027518,1455519,1088188,4397836,3046410,365273,38,-167,1321,435,292,793,-14,3,150,-56,40,1284,-119,471,755,20,-8,-30,
5015763,1455519,1088188,4397836,3046410,365273,39,-181,1312,435,292,793,-21,-2,208,-68,30,1332,-116,476,744,-4,2,-23,
5015763,1421429,1088188,4397836,3046410,365273,21,-176,1326,435,290,798,-15,-5,268,-82,35,1297,-116,481,756,-31,6,-56,
5015763,1421429,1525077,4397836,3046410,365273,25,-186,1311,439,284,793,-22,-26,331,-88,19,1334,-115,481,756,-57,-1,-102,
5015763,1421429,1525077,4550277,3046410,365273,25,-173,1330,439,284,793,-29,-32,404,-130,8,1322,-117,470,741,-113,-6,-192,
5015763,1421429,1525077,4550277,3080857,365273,-1,-146,1342,442,281,803,-24,-37,453,-165,10,1320,-117,470,741,-197,8,-351,
5015763,1421429,1525077,4550277,3080857,208054,-20,-152,1348,442,281,803,-32,-42,445,-189,-12,1341,-123,475,757,-313,13,-535,
5015763,1421429,1525077,4550277,3080857,208054,-7,-141,1315,441,279,799,-30,-48,425,-138,-2,1340,-123,475,757,-499,-1,-697,
5015763,1421429,1525077,4550277,3080857,208054,-10,-127,1342,445,269,798,-29,-49,305,-34,11,1349,-136,487,752,-646,-17,-787,
4987906,1421429,1525077,4550277,3080857,208054,-15,-149,1310,445,269,798,-34,-35,254,38,15,1332,-136,487,752,-687,-46,-721,
4987906,1700904,1525077,4550277,3080857,208054,19,-165,1306,448,266,789,-39,-22,234,87,16,1293,-143,500,731,-626,-63,-519,
4987906,1700904,2408061,4550277,3080857,208054,10,-164,1347,448,266,789,-31,-9,243,94,26,1303,-147,503,728,-523,-53,-277,
4987906,1700904,2408061,4596748,3080857,208054,14,-160,1349,447,263,795,-33,-9,234,-23,-45,1284,-147,503,728,-400,-15,-46,
4987906,1700904,2408061,4596748,3335994,208054,-12,-150,1312,447,263,797,-32,-13,222,-100,-58,1296,-145,514,714,-340,-2,8,
4987906,1700904,2408061,4596748,3335994,162941,-19,-117,1343,449,260,797,-36,-19,208,-89,-56,1342,-145,514,714,-308,-11,6,
4987906,1700904,2408061,4596748,3335994,162941,-18,-110,1315,449,257,801,-44,-23,154,-62,-60,1305,-144,521,714,-274,-45,20,
4987906,1700904,2408061,4596748,3335994,162941,10,-186,1299,449,257,801,-46,-16,112,-75,-58,1343,-144,521,714,-284,-28,17,
4937602,1700904,2408061,4596748,3335994,162941,-8,-174,1330,451,252,793,-37,-8,118,-70,-66,1351,-145,527,722,-318,-12,33,
4937602,2225861,2408061,4596748,3335994,162941,8,-178,1351,451,252,793,-38,14,143,-64,-83,1331,-139,533,724,-384,34,46,
4937602,2225861,3174948,4596748,3335994,162941,10,-165,1290,454,254,797,-43,19,190,-72,-80,1303,-139,533,724,-384,30,65,
4937602,2225861,3174948,4641221,3335994,162941,-3,-193,1292,461,249,796,-30,16,217,-85,-103,1292,-138,539,725,-380,50,69,
4937602,2225861,3174948,4641221,3808078,162941,0,-189,1327,461,249,796,-32,15,242,-60,-132,1291,-138,539,725,-357,62,80,
4937602,2225861,3174948,4641221,3808078,163045,-8,-192,1332,460,242,804,-26,26,263,-71,-121,1298,-133,545,698,-348,60,108,
4937602,2225861,3174948,4641221,3808078,163045,-33,-199,1313,460,242,804,-15,33,284,-67,-144,1293,-133,545,698,-338,69,135,
4937602,2225861,3174948,4641221,3808078,163045,-10,-257,1309,461,248,791,-14,31,292,-46,-182,1292,-134,557,695,-316,76,173,
4804991,2225861,3174948,4641221,3808078,163045,13,-307,1310,461,248,803,-15,27,326,-29,-199,1327,-134,557,695,-308,65,228,
4804991,2754451,3174948,4641221,3808078,163045,28,-433,1271,464,236,803,-18,27,400,-26,-236,1294,-128,558,705,-290,61,283,
4804991,2754451,3691178,4641221,3808078,163045,-19,-276,1295,471,228,800,-14,28,495,26,-304,1321,-122,560,671,-316,31,367,
4804991,2754451,3691178,4680220,3808078,163045,-43,-195,1306,471,228,800,-13,21,551,-26,-210,1265,-122,560,671,-326,11,452,
4804991,2754451,3691178,4680220,4219579,163045,-52,0,1336,471,223,800,-38,8,567,-4,-284,1291,-113,564,683,-299,9,507,
4804991,2754451,3691178,4680220,4219579,163230,-46,-56,1321,471,223,800,-35,17,459,-11,-208,1291,-113,564,683,-328,-23,591,
4804991,2754451,3691178,4680220,4219579,163230,-46,-32,1351,476,220,797,-43,25,395,-128,-131,1262,-102,575,672,-324,-63,653,
4804991,2754451,3691178,4680220,4219579,163230,-42,-104,1298,480,208,798,-57,34,359,-167,-60,1253,-102,575,672,-267,-83,639,
4588161,2754451,3691178,4680220,4219579,163230,-82,-28,1318,480,208,798,-47,48,306,-203,1,1345,-95,579,675,-220,-126,580,
4588161,2996275,3691178,4680220,4219579,163230,-81,-16,1315,484,207,796,-42,40,260,-250,70,1329,-89,578,658,-209,-154,475,
4588161,2996275,3881516,4680220,4219579,163230,-89,8,1364,484,207,796,-40,38,201,-189,-13,1385,-89,578,658,-261,-185,342,
4588161,2996275,3881516,4784620,4219579,163230,-85,14,1324,479,211,798,-37,59,130,-147,-68,1408,-93,587,664,-410,-242,244,
4588161,2996275,3881516,4784620,4270202,163230,-79,-25,1344,479,211,790,-41,84,47,-104,-150,1320,-93,587,664,-555,-275,137,
4588161,2996275,3881516,4784620,4270202,163137,-85,-77,1331,487,211,790,-47,91,-4,-91,-187,1281,-94,597,655,-638,-304,121,
4588161,2996275,3881516,4784620,4270202,163137,-85,-116,1305,488,203,794,-45,83,-26,-80,-194,1252,-94,597,655,-623,-295,95,
4588161,2996275,3881516,4784620,4270202,163137,-75,-132,1347,488,203,794,-59,64,-43,-78,-226,1274,-98,612,637,-570,-271,74,
4254359,2996275,3881516,4784620,4270202,163137,-72,-142,1331,487,206,793,-61,78,-51,-71,-224,1254,-98,612,658,-523,-254,62,
4254359,2637230,3881516,4784620,4270202,163137,-75,-145,1308,487,206,793,-69,119,-61,-74,-230,1301,-100,615,658,-511,-271,54,
4254359,2637230,4170988,4784620,4270202,163137,-87,-154,1305,488,210,788,-79,171,-63,-71,-238,1310,-101,623,624,-501,-288,40,
4254359,2637230,4170988,4873929,4270202,163137,-82,-144,1339,493,209,789,-103,202,-57,-70,-242,1292,-101,623,624,-508,-292,34,
4254359,2637230,4170988,4873929,4113174,163137,-83,-157,1327,493,209,789,-150,218,-33,-41,-277,1311,-106,632,623,-522,-293,31,
4254359,2637230,4170988,4873929,4113174,163194,-108,-146,1320,497,206,784,-221,242,-19,-33,-283,1261,-106,632,623,-533,-295,29,
4254359,2637230,4170988,4873929,4113174,163194,-97,-158,1327,497,206,784,-263,266,-18,-5,-270,1234,-109,639,620,-516,-306,35,
4254359,2637230,4170988,4873929,4113174,163194,-110,-149,1325,502,221,788,-293,282,-24,-71,-282,1269,-109,639,620,-508,-323,38,
3688818,2637230,4170988,4873929,4113174,163194,-137,-159,1348,509,226,764,-307,287,-45,-55,-300,1285,-115,656,603,-493,-352,29,
3688818,2218567,4170988,4873929,4113174,163194,-136,-220,1339,509,226,764,-321,289,-75,-17,-301,1271,-118,654,581,-496,-383,24,
3688818,2218567,4405826,4873929,4113174,163194,-170,-292,1340,519,236,771,-486,370,-318,-11,-325,1233,-118,654,581,-502,-420,20,
3688818,2218567,4405826,4962615,4113174,163194,-76,-1023,1286,519,236,771,-670,448,-569,-4,-340,1220,-125,658,586,-462,-456,37,
3688818,2218567,4405826,4962615,3574493,163194,31,-1517,1273,525,264,757,-920,504,-781,-1,-358,1234,-125,658,586,-373,-488,68,
3688818,2218567,4405826,4962615,3574493,163453,153,-2067,1241,525,264,757,-1281,535,-921,18,-345,1260,-131,666,580,-298,-539,81,
3688818,2218567,4405826,4962615,3574493,163453,317,-2520,1319,531,300,740,-1846,512,-941,61,-333,1265,-131,666,580,-265,-573,97,
3688818,2218567,4405826,4962615,3574493,163453,429,-2667,1296,537,349,707,-2571,465,-900,47,-340,1360,-138,674,559,-260,-613,145,
3520692,2218567,4405826,4962615,3574493,163453,606,-2621,1323,537,349,707,-3376,400,-844,104,-318,1268,-138,678,557,-283,-660,458,
3520692,1191974,4405826,4962615,3574493,163453,998,-1952,1225,544,434,670,-4175,292,-723,115,-341,1303,-142,678,557,-321,-714,333,
3520692,1191974,3686222,4962615,3574493,163453,1168,-1483,1209,544,434,670,-4886,187,-621,106,-339,1273,-147,681,552,-303,-714,399,
3520692,1191974,3686222,5067797,3574493,163453,1390,-1038,996,542,538,597,-5450,69,-610,82,-375,1279,-147,681,552,-301,-715,379,
3520692,1191974,3686222,5067797,1869664,163453,988,249,1079,547,612,520,-5777,-130,108,68,-421,1286,-146,688,563,-327,-754,297,
3520692,1191974,3686222,5067797,1869664,163003,567,996,1365,547,612,520,-3859,-641,1035,122,-402,1180,-146,688,563,-285,-796,266,
3520692,1191974,3686222,5067797,1869664,163003,23,-54,2334,563,631,497,-3562,-843,1729,205,-414,1194,-155,697,543,-173,-739,292,
3520692,1191974,3686222,5067797,1869664,163003,-1438,861,2412,563,631,497,-3120,-542,1561,225,-448,1153,-155,697,543,-59,-630,351,
2751645,1191974,3686222,5067797,1869664,163003,-1585,772,2613,582,656,437,-3099,-299,1264,321,-434,1040,-155,697,547,46,-484,422,
2751645,1374016,3686222,5067797,1869664,163003,-2178,1235,2836,582,656,437,-3011,-74,1066,427,-456,1186,-154,697,547,151,-476,576,
2751645,1374016,4042859,5067797,1869664,163003,-2052,830,2959,601,683,394,-2611,295,846,157,-454,1215,-154,697,547,192,-584,668,
2751645,1374016,4042859,5072389,1869664,163003,-1432,825,2567,615,697,352,-2538,548,425,189,-419,1269,-144,694,541,189,-539,575,
2751645,1374016,4042859,5072389,483175,163003,-629,-594,1918,615,697,352,-2740,756,-194,534,-484,1261,-144,694,541,149,-526,577,
2751645,1374016,4042859,5072389,483175,163141,-13,-939,1636,611,736,283,-3266,911,-612,677,-399,1339,-142,701,547,73,-565,683,
2751645,1374016,4042859,5072389,483175,163141,136,-1404,1410,611,736,283,-3802,1071,-695,838,-629,1494,-142,701,547,-107,-833,911,
2751645,1374016,4042859,5072389,483175,163141,219,-1382,1246,613,780,182,-4290,1252,-178,646,-649,1559,-141,712,530,-617,-1321,957,
2819909,1374016,4042859,5072389,483175,163141,142,-1140,1252,617,800,83,-5183,1372,86,646,-741,1812,-156,732,492,-1289,-1773,565,
2819909,2495388,4042859,5072389,483175,163141,-129,-499,1474,617,800,83,-5471,1592,146,316,-353,2211,-156,732,492,-2016,-2258,2,
2819909,2495388,1803509,5072389,483175,163141,-165,-577,567,618,803,-36,-5378,1899,-16,-57,-32,2312,-205,756,432,-2762,-2589,-494,
2819909,2495388,1803509,4572543,483175,163141,253,-1765,-1268,618,803,-36,-4964,1887,-40,-14,1776,1491,-205,756,432,-3385,-2464,-852,
2819909,2495388,1803509,4572543,298653,163141,480,-1652,-2515,620,796,-142,-3951,1460,332,148,2620,1067,-239,782,391,-2711,-1789,-896,
2819909,2495388,1803509,4572543,298653,162532,984,-797,-2253,620,796,-142,-1964,583,683,1095,-1980,1839,-239,782,391,-381,-135,-442,
2819909,2495388,1803509,4572543,298653,162532,91,-3152,-1292,637,790,-157,852,-719,839,1577,-2342,1487,-249,781,415,434,-169,752,
2819909,2495388,1803509,4572543,298653,162532,170,-3385,-803,677,753,-90,1896,-1100,1654,867,5,977,-249,781,415,765,-336,1334,
3160549,2495388,1803509,4572543,298653,162532,734,-750,82,677,753,-90,2350,-1367,2414,1194,-1586,1041,-224,789,438,1149,-507,1142,
3160549,1953040,1803509,4572543,298653,162532,349,-770,220,721,712,-10,2968,-1605,2502,1114,-1087,1043,-220,783,455,752,-967,685,
3160549,1953040,167044,4572543,298653,162532,125,-2672,212,721,712,-10,701,-718,1316,793,-227,1035,-220,783,455,938,-1447,-148,
3160549,1953040,167044,4486696,298653,162532,337,-107,345,745,694,-1,-1292,-356,706,399,-368,1258,-258,775,484,916,-1891,-940,
3160549,1953040,167044,4486696,292467,162532,212,1203,493,753,689,-3,-828,-527,234,329,-375,1258,-258,775,484,933,-2091,-1408,
3160549,1953040,167044,4486696,292467,162923,-650,-438,569,753,689,-3,-499,-567,409,518,-618,1233,-322,757,494,1028,-2119,-1525,
3160549,1953040,167044,4486696,292467,162923,-915,169,495,771,671,-4,-617,-395,974,431,-532,1297,-322,757,494,1003,-2161,-1418,
3160549,1953040,167044,4486696,292467,162923,-2698,-1381,459,771,671,-4,-362,-369,1273,425,-531,1400,-380,740,506,1024,-2138,-1256,
3317380,1953040,167044,4486696,292467,162923,-3253,-3302,897,789,653,-12,-904,117,988,359,-787,1562,-431,708,484,992,-2089,-1181,
3317380,1739054,167044,4486696,292467,162923,-2186,999,910,789,653,-12,-2058,819,715,440,-807,1682,-431,708,484,823,-2030,-1208,
3317380,1739054,166390,4486696,292467,162923,-1106,-1796,-325,795,647,-50,-657,687,304,585,-785,1635,-488,686,497,724,-2016,-1248,
3317380,1739054,166390,4453628,292467,162923,-511,-1464,-356,807,631,-66,-359,709,487,620,-1171,1771,-488,686,497,652,-2006,-1273,
3317380,1739054,166390,4453628,269228,162923,263,-942,-577,807,631,-66,-262,450,756,673,-1106,1703,-541,667,477,493,-1968,-1215,
3317380,1739054,166390,4453628,269228,177309,-275,-1772,-410,813,617,-65,-137,104,662,726,-937,1573,-541,667,477,216,-1986,-1120,
3317380,1739054,166390,4453628,269228,177309,-521,-1618,-187,813,617,-65,-64,-33,843,809,-836,1401,-589,652,462,64,-1954,-1062,
3317380,1739054,166390,4453628,269228,177309,-784,-1125,39,828,606,-83,53,-178,937,851,-609,1290,-589,639,431,-56,-1920,-1012,
3345419,1739054,166390,4453628,269228,177309,-797,-916,96,840,586,-61,247,-247,870,836,-580,1246,-633,639,431,-77,-1874,-985,
3345419,1855566,166390,4453628,269228,177309,-674,-904,180,840,586,-61,217,-286,781,847,-608,1162,-679,622,422,-101,-1802,-992,
3345419,1855566,166368,4453628,269228,177309,-619,-674,536,849,573,-52,33,-303,684,924,-479,1022,-679,622,422,-315,-1800,-951,
3345419,1855566,166368,4388162,269228,177309,-863,-511,670,849,573,-52,-206,-265,520,941,-185,662,-712,603,375,-272,-1817,-893,
3345419,1855566,166368,4388162,269028,177309,-868,-508,659,852,562,-50,-407,-176,319,846,-265,576,-712,603,375,-226,-1781,-770,
3345419,1855566,166368,4388162,269028,181339,-824,-501,537,852,562,-60,-612,-74,89,772,-78,472,-748,599,356,-220,-1683,-642,
3345419,1855566,166368,4388162,269028,181339,-778,-664,402,855,566,-60,-759,28,-135,772,-103,415,-748,599,356,-108,-1574,-588,
3345419,1855566,166368,4388162,269028,181339,-701,-1089,248,851,568,-69,-820,159,-319,736,-262,575,-774,594,312,-44,-1500,-573,
3207922,1855566,166368,4388162,269028,181339,-463,-1693,94,851,568,-69,-922,173,-208,790,-420,676,-793,578,306,-34,-1443,-526,
3207922,2002207,166368,4388162,269028,181339,-373,-2013,43,847,569,-80,-882,169,-14,818,-566,856,-793,578,306,-51,-1361,-363,
3207922,2002207,366412,4388162,269028,181339,-463,-1981,91,847,569,-80,-879,114,257,864,-689,940,-807,579,275,-101,-1296,-79,
3207922,2002207,366412,4371555,269028,181339,-597,-1707,50,856,565,-105,-811,39,502,826,-505,877,-807,579,275,-192,-1239,179,
3207922,2002207,366412,4371555,313099,181339,-711,-1318,22,866,550,-105,-673,-42,627,722,-392,811,-814,586,248,-276,-1202,288,
3207922,2002207,366412,4371555,313099,167816,-795,-853,-113,866,550,-105,-495,-147,603,736,-292,658,-814,586,248,-344,-1168,252,
3207922,2002207,366412,4371555,313099,167816,-667,-220,-202,872,534,-103,-269,-231,448,725,-218,592,-817,592,235,-411,-1163,173,
3207922,2002207,366412,4371555,313099,167816,-600,-63,-124,872,534,-103,42,-329,194,524,-33,523,-821,597,200,-509,-1201,94,
3264403,2002207,366412,4371555,313099,167816,-1044,-1115,17,871,545,-93,565,-549,-118,380,220,393,-821,597,200,-570,-1182,-56,
3264403,2039798,366412,4371555,313099,167816,-774,-638,145,871,545,-81,468,-467,-264,165,423,410,-830,589,172,-492,-1064,-216,
3264403,2039798,166550,4371555,313099,167816,-745,-501,216,865,551,-81,191,-220,-609,92,429,168,-830,589,172,-276,-848,-320,
3264403,2039798,166550,4130856,313099,167816,-778,-532,377,858,564,-71,85,-137,-829,58,540,-66,-841,585,154,-115,-614,-310,
3264403,2039798,166550,4130856,164356,167816,-864,-620,541,858,564,-71,-86,-102,-1047,30,582,-229,-841,585,154,17,-397,-229,
3264403,2039798,166550,4130856,164356,163082,-808,-624,483,842,587,-70,-222,-23,-1273,37,532,-360,-843,586,170,184,64,-37,
3264403,2039798,166550,4130856,164356,163082,-712,-660,352,842,587,-70,-316,53,-1488,38,419,-410,-843,586,170,447,223,31,
3264403,2039798,166550,4130856,164356,163082,-569,-844,265,816,617,-79,-361,150,-1682,140,282,-432,-840,584,187,517,414,94,
3379749,2039798,166550,4130856,164356,163082,-488,-1117,122,793,645,-74,-379,229,-1808,256,161,-352,-834,582,188,571,526,184,
3379749,2186633,166550,4130856,164356,163082,-438,-1269,60,793,645,-74,-346,294,-1853,297,119,-314,-834,582,188,659,614,276,
3379749,2186633,764921,4130856,164356,163082,-338,-1298,66,766,680,-94,-204,387,-1859,363,-194,-118,-826,587,219,734,676,359,
3379749,2186633,764921,3738398,164356,163082,-308,-1518,138,766,680,-94,17,531,-1837,394,-276,-67,-826,587,219,731,687,457,
3379749,2186633,764921,3738398,164408,163082,-279,-1584,203,730,711,-102,255,659,-1726,386,-334,65,-812,597,235,716,730,528,
3379749,2186633,764921,3738398,164408,163216,-99,-1835,277,730,737,-108,235,655,-1596,357,-440,190,-812,597,235,765,793,539,
3379749,2186633,764921,3738398,164408,163216,-100,-2149,92,705,737,-108,-202,430,-1297,430,-542,236,-796,607,261,795,876,507,
3379749,2186633,764921,3738398,164408,163216,-362,-1325,233,683,756,-112,-284,397,-1163,445,-619,376,-780,604,288,811,975,409,
3253526,2186633,764921,3738398,164408,163216,-271,-1353,130,683,756,-112,-152,449,-1219,399,-703,486,-780,604,288,766,1080,264,
3253526,2667779,764921,3738398,164408,163216,-230,-1167,165,658,775,-127,-181,450,-1237,427,-705,536,-765,602,329,646,1210,109,
3253526,2667779,1122305,3738398,164408,163216,-256,-1151,200,658,775,-127,-293,453,-1296,420,-699,696,-765,602,329,535,1341,-10,
3253526,2667779,1122305,2952561,164408,163216,-294,-1153,136,630,792,-145,-526,412,-1398,402,-622,813,-752,600,362,426,1474,-65,
3253526,2667779,1122305,2952561,502476,163216,-396,-828,211,599,809,-159,-789,385,-1523,455,-558,866,-752,600,362,335,1634,-93,
3253526,2667779,1122305,2952561,502476,163214,-405,-710,189,599,809,-159,-890,448,-1771,475,-561,991,-738,604,387,309,1771,-120,
3253526,2667779,1122305,2952561,502476,163214,-137,-1146,206,558,830,-177,-909,558,-2073,583,-573,1051,-738,604,426,268,1881,-173,
3253526,2667779,1122305,2952561,502476,163214,49,-1749,13,558,830,-177,-665,684,-2218,657,-571,1062,-718,596,426,168,1975,-234,
3212903,2667779,1122305,2952561,502476,163214,1579,-4834,-542,514,853,-197,-1463,565,-1093,778,-500,1061,-700,592,443,46,2036,-305,
3212903,2757905,1122305,2952561,502476,163214,469,-2015,-107,510,843,-220,-1239,92,-24,967,-355,1046,-700,592,443,-19,2014,-379,
3212903,2757905,282292,2952561,502476,163214,-382,-900,-295,510,843,-220,-515,298,17,1005,-386,1042,-680,586,478,95,1805,-383,
3212903,2757905,282292,2723232,502476,163214,-86,-1289,-454,505,842,-234,-86,440,-140,1049,-350,1008,-680,586,478,-13,1784,-388,
3212903,2757905,282292,2723232,1227636,163214,-290,-1228,-183,505,842,-234,-156,202,-107,1105,-52,933,-669,587,479,-135,1717,-413,
3212903,2757905,282292,2723232,1227636,163330,-123,-1320,-124,503,842,-238,-126,74,-150,1026,209,938,-669,587,479,-73,1632,-516,
3212903,2757905,282292,2723232,1227636,163330,22,-1367,-120,503,842,-238,-31,31,-206,999,242,954,-650,597,511,72,1583,-659,
3212903,2757905,282292,2723232,1227636,163330,1,-1343,-62,500,855,-225,55,-4,-170,970,233,972,-641,583,534,156,1570,-803,
3852255,2757905,282292,2723232,1227636,163330,-49,-1322,-6,496,845,-229,98,14,-135,11990,-1082,5094,-641,583,534,703,1525,-673,
3852255,2100123,282292,2723232,1227636,163330,-70,-1333,32,496,845,-229,90,64,-134,4538,1210,2253,-641,561,543,1100,507,-847,
3852255,2100123,166399,2723232,1227636,163330,-26,-1338,113,492,847,-234,-64,162,-134,4141,-1282,964,-641,561,543,1814,1745,-592,
3852255,2100123,166399,3513738,1227636,163330,-73,-1356,2,492,847,-234,-84,81,-98,1750,-1597,830,-642,541,570,425,-98,-392,
3852255,2100123,166399,3513738,1198814,163330,-111,-1314,-101,494,852,-233,3,-15,-101,159,867,1083,-642,541,570,-1490,-2551,-538,
3852255,2100123,166399,3513738,1198814,163235,-66,-1313,-202,491,850,-228,159,-17,-117,-1914,1729,1348,-693,557,499,-1576,-3030,-628,
3852255,2100123,166399,3513738,1198814,163235,4,-1317,-226,491,850,-228,351,-17,-113,-1812,722,1282,-693,537,501,-9,-1428,-1173,
3852255,2100123,166399,3513738,1198814,163235,-24,-1315,-202,487,855,-212,587,-40,-70,-831,-1250,1228,-716,537,501,773,352,-1211,
4048449,2100123,166399,3513738,1198814,163235,-45,-1311,-124,487,855,-212,823,-53,-44,74,-347,1308,-704,518,538,323,1068,-476,
4048449,2594400,166399,3513738,1198814,163235,-67,-1305,-43,488,860,-182,1035,-50,-17,895,278,1288,-704,518,538,672,1129,-9,
4048449,2594400,166415,3513738,1198814,163235,-70,-1293,18,488,860,-182,1179,1,-27,860,-22,1315,-686,507,549,1172,1153,228,
4048449,2594400,166415,4013559,1198814,163235,-57,-1316,21,492,868,-162,1243,46,-52,607,-161,1207,-686,507,549,1174,1249,237,
4048449,2594400,166415,4013559,1210128,163235,-71,-1293,128,490,865,-135,1229,62,-100,700,-139,1115,-669,503,594,930,1289,87,
4048449,2594400,166415,4013559,1210128,163249,-71,-1310,106,490,865,-135,1217,83,-146,764,-25,1115,-669,503,594,635,1191,-202,
4048449,2594400,166415,4013559,1210128,163249,-172,-1329,152,486,873,-114,1238,96,-257,760,12,1089,-651,490,599,412,928,-247,
4048449,2594400,166415,4013559,1210128,163249,-88,-1327,142,486,873,-114,1310,166,-375,725,0,994,-638,477,630,445,999,-272,
3815238,2594400,166415,4013559,1210128,163249,-53,-1286,109,475,886,-82,1413,273,-396,714,-6,958,-638,477,630,469,1116,-310,
3815238,3018161,166415,4013559,1210128,163249,29,-1270,200,468,883,-72,1470,423,-369,743,44,927,-625,462,645,521,1244,-337,
3815238,3018161,166353,4013559,1210128,163249,79,-1247,159,468,883,-72,1517,610,-302,706,62,922,-625,462,645,609,1348,-353,
3815238,3018161,166353,3839618,1210128,163249,124,-1250,159,466,883,-38,1602,790,-172,679,70,953,-607,456,671,708,1422,-345,
3815238,3018161,166353,3839618,1096758,163249,161,-1160,237,466,883,-38,1702,894,10,634,95,1000,-607,456,671,799,1504,-346,
3815238,3018161,166353,3839618,1096758,163216,131,-1162,339,469,882,-10,1759,946,214,616,118,1034,-584,443,691,869,1563,-359,
3815238,3018161,166353,3839618,1096758,163216,14,-1347,445,469,882,-10,1778,933,424,612,133,1135,-559,422,735,954,1557,-374,
3815238,3018161,166353,3839618,1096758,163216,-401,-1213,460,477,881,24,2081,433,131,584,138,1252,-559,422,735,1025,1452,-403,
3547232,3018161,166353,3839618,1096758,163216,-301,-1218,564,481,871,60,1814,296,-141,552,111,1328,-544,398,756,990,1298,-470,
3547232,2865834,166353,3839618,1096758,163216,-548,-1115,567,481,871,60,1510,427,-433,264,131,1378,-544,398,756,866,1151,-567,
3547232,2865834,166356,3839618,1096758,163216,-74,-1267,551,470,871,76,1299,602,-619,511,155,1392,-530,376,765,733,995,-668,
3547232,2865834,166356,4201598,1096758,163216,64,-1210,671,470,871,76,1128,664,-679,455,185,1375,-530,376,765,645,824,-745,
3547232,2865834,166356,4201598,353779,163216,14,-1211,668,456,882,96,1072,579,-689,458,254,1332,-527,362,777,629,651,-790,
3547232,2865834,166356,4201598,353779,163015,-22,-1163,589,445,879,110,1018,442,-666,454,265,1305,-527,362,777,643,491,-791,
3547232,2865834,166356,4201598,353779,163015,-28,-1117,601,445,879,110,1003,252,-635,441,299,1261,-528,333,791,671,379,-767,
3547232,2865834,166356,4201598,353779,163015,39,-1190,631,431,878,137,1036,0,-581,412,320,1244,-531,315,794,687,294,-717,
3864757,2865834,166356,4201598,353779,163015,49,-1244,660,431,878,137,1078,-245,-490,418,342,1211,-531,315,794,711,244,-664,
3864757,1871051,166356,4201598,353779,163015,-85,-1259,656,421,877,160,1041,-387,-445,433,376,1152,-531,292,802,726,224,-535,
3864757,1871051,166280,4201598,353779,163015,-171,-1392,701,421,877,160,457,-96,-639,453,397,1113,-531,292,802,738,234,-474,
3864757,1871051,166280,4130552,353779,163015,-218,-1450,660,408,881,167,-141,248,-954,430,376,1140,-533,277,805,701,223,-433,
3864757,1871051,166280,4130552,510382,163015,-235,-1253,664,384,895,159,-512,608,-1287,421,383,1149,-533,277,805,637,213,-413,
3864757,1871051,166280,4130552,510382,163267,-122,-1359,529,384,895,159,-1016,921,-1479,396,382,1114,-535,261,819,573,213,-406,
3864757,1871051,166280,4130552,510382,163267,-43,-1108,480,354,915,125,-1438,1156,-1583,413,387,1152,-534,242,824,534,213,-387,
3864757,1871051,166280,4130552,510382,163267,133,-1235,442,354,915,125,-1538,1271,-1550,426,409,1146,-534,242,824,490,226,-387,
3858535,1871051,166280,4130552,510382,163267,143,-1046,475,322,930,84,-1519,1299,-1370,427,403,1162,-532,223,836,455,218,-389,
3858535,1798292,166280,4130552,510382,163267,201,-1305,372,304,945,38,-1476,1339,-1172,429,388,1165,-532,223,836,411,168,-418,
3858535,1798292,166313,4130552,510382,163267,110,-1200,516,304,945,38,-1655,1459,-1029,420,390,1254,-532,215,826,365,89,-461,
3858535,1798292,166313,4188633,510382,163267,216,-1054,412,285,953,-15,-1865,1645,-955,402,401,1222,-532,215,826,331,-16,-509,
3858535,1798292,166313,4188633,327691,163267,341,-1140,418,285,953,-15,-1903,1812,-652,396,417,1270,-539,204,819,342,-111,-540,
3858535,1798292,166313,4188633,327691,162949,380,-1142,406,265,959,-55,-1709,1983,-408,390,420,1285,-539,204,837,381,-199,-568,
3858535,1798292,166313,4188633,327691,162949,467,-1274,298,265,959,-117,-1743,1941,-90,365,432,1265,-546,191,837,470,-264,-583,
3858535,1798292,166313,4188633,327691,162949,450,-1078,330,260,959,-117,-1854,1774,235,392,434,1223,-559,163,826,584,-289,-579,
3890649,1798292,166313,4188633,327691,162949,512,-1228,275,273,950,-166,-1989,1519,587,391,457,1183,-559,163,826,662,-300,-579,
3890649,1817640,166313,4188633,327691,162949,297,-991,454,273,950,-166,-2232,1237,883,401,478,1100,-567,143,820,714,-311,-587,
3890649,1817640,166519,4188633,327691,162949,162,-1220,660,293,941,-212,-2287,1029,1067,405,498,1081,-567,143,820,704,-323,-621,
3890649,1817640,166519,4152795,327691,162949,69,-1223,715,293,941,-212,-2257,1022,1247,432,516,1074,-580,125,833,664,-355,-653,
3890649,1817640,166519,4152795,498710,162949,-53,-1135,809,316,927,-284,-2270,1162,1393,429,549,1061,-580,125,833,607,-387,-672,
3890649,1817640,166519,4152795,498710,163228,-253,-1830,527,338,902,-324,-2142,1286,1469,391,573,1061,-594,115,822,551,-424,-679,
3890649,1817640,166519,4152795,498710,163228,497,-1235,529,338,902,-324,-1996,904,712,379,594,1084,-607,91,801,486,-507,-631,
3890649,1817640,166519,4152795,498710,163228,-1201,-1064,186,327,883,-377,-2411,537,-265,337,601,1084,-607,91,801,384,-519,-560,
4014936,1817640,166519,4152795,498710,163228,-392,-1373,166,327,883,-377,-1458,479,75,324,612,1063,-619,74,816,324,-513,-459,
4014936,2193617,166519,4152795,498710,163228,-77,-1339,256,324,875,-412,-1394,351,37,335,669,1023,-619,74,816,275,-480,-336,
4014936,2193617,166235,4152795,498710,163228,-285,-1254,207,324,861,-445,-1555,222,-90,332,670,1001,-635,72,801,205,-443,-196,
4014936,2193617,166235,4151905,498710,163228,-471,-1296,273,320,861,-445,-1336,129,-35,374,682,955,-635,72,801,117,-408,-82,
4014936,2193617,166235,4151905,569764,163228,-261,-1352,264,321,842,-465,-1271,72,2,401,657,963,-646,74,797,-25,-399,24,
4014936,2193617,166235,4151905,569764,163153,-296,-1333,89,321,842,-465,-1240,38,-24,420,668,935,-649,77,775,-193,-392,100,
4014936,2193617,166235,4151905,569764,163153,-168,-1330,-25,319,834,-490,-1043,33,-15,435,659,922,-649,77,775,-374,-377,167,
4014936,2193617,166235,4151905,569764,163153,-104,-1318,-140,319,834,-490,-911,8,-28,410,657,956,-658,86,795,-521,-362,243,
3874477,2193617,166235,4151905,569764,163153,-82,-1318,-188,317,829,-493,-817,-39,-66,426,638,981,-658,86,795,-638,-341,327,
3874477,1913024,166235,4151905,569764,163153,-64,-1318,-242,319,821,-520,-709,-79,-147,458,612,1022,-658,103,768,-745,-338,415,
3874477,1913024,166362,4151905,569764,163153,-72,-1312,-189,319,821,-520,-557,-102,-168,473,576,1051,-658,103,768,-853,-346,482,
3874477,1913024,166362,4184272,569764,163153,-52,-1295,-184,315,815,-522,-493,-59,-178,499,580,1080,-671,139,764,-940,-353,540,
3874477,1913024,166362,4184272,374731,163153,-8,-1306,-210,315,815,-522,-434,-38,-166,523,586,1089,-671,139,764,-971,-352,601,
3874477,1913024,166362,4184272,374731,163269,26,-1310,-215,313,815,-521,-410,-41,-132,499,554,1095,-667,159,766,-953,-368,667,
3874477,1913024,166362,4184272,374731,163269,60,-1313,-204,313,806,-529,-414,-75,-96,498,514,1088,-671,181,739,-898,-356,741,
3874477,1913024,166362,4184272,374731,163269,55,-1335,-187,313,806,-529,-505,-124,-81,491,489,1102,-671,181,739,-838,-334,807,
3227812,1913024,166362,4184272,374731,163269,58,-1364,-239,313,803,-541,-641,-186,-92,518,408,1135,-667,207,742,-803,-308,852,
3227812,1926632,166362,4184272,374731,163269,56,-1359,-200,313,803,-541,-757,-241,-87,555,387,1129,-667,207,742,-784,-296,879,
3227812,1926632,166520,4184272,374731,163269,37,-1305,-219,320,791,-559,-873,-274,-69,554,362,1131,-665,237,747,-748,-285,894,
3227812,1926632,166520,4200016,374731,163269,83,-1291,-253,320,791,-559,-920,-325,-53,562,343,1134,-665,237,747,-715,-301,883,
3227812,1926632,166520,4200016,408359,163269,59,-1293,-326,322,784,-567,-901,-483,0,560,335,1137,-664,271,729,-723,-349,868,
3227812,1926632,166520,4200016,408359,163182,34,-1267,-346,332,769,-572,-848,-567,5,564,311,1159,-663,293,718,-746,-392,837,
3227812,1926632,166520,4200016,408359,163182,-16,-1298,-280,332,769,-572,-841,-609,3,579,295,1165,-663,293,718,-774,-427,823,
3227812,1926632,166520,4200016,408359,163182,-85,-1299,-330,342,758,-590,-790,-628,14,601,279,1128,-663,311,722,-780,-444,808,
2570653,1926632,166520,4200016,408359,163182,-127,-1332,-317,342,758,-590,-673,-604,39,614,268,1110,-663,311,722,-777,-444,802,
2570653,1929292,166520,4200016,408359,163182,-157,-1228,-292,350,758,-588,-576,-531,86,639,232,1052,-659,336,701,-771,-440,787,
2570653,1929292,166494,4200016,408359,163182,-171,-1227,-299,358,749,-597,-474,-418,109,642,212,1067,-659,336,701,-751,-432,766,
2570653,1929292,166494,4155884,408359,163182,-238,-1322,-278,358,749,-597,-394,-300,123,662,176,1044,-661,373,698,-725,-404,736,
2570653,1929292,166494,4155884,585458,163182,-162,-1289,-265,365,738,-599,-416,-165,81,644,147,1072,-661,373,698,-695,-383,699,
2570653,1929292,166494,4155884,585458,163100,-130,-1320,-278,365,738,-599,-464,-38,14,670,139,1081,-660,383,684,-649,-364,649,
2570653,1929292,166494,4155884,585458,163100,-45,-1340,-309,362,735,-618,-469,45,21,685,94,1075,-658,401,687,-574,-344,596,
2570653,1929292,166494,4155884,585458,163100,-45,-1349,-337,362,735,-618,-536,88,134,659,66,1088,-658,401,687,-497,-299,527,
2145451,1929292,166494,4155884,585458,163100,-21,-1327,-308,362,727,-623,-572,55,157,678,22,1059,-657,410,655,-435,-246,451,
2145451,2018728,166494,4155884,585458,163100,-47,-1287,-378,366,711,-629,-591,-2,144,692,28,1036,-657,410,655,-399,-194,351,
2145451,2018728,166412,4155884,585458,163100,-100,-1258,-376,366,711,-629,-596,-51,128,674,7,1062,-654,423,648,-372,-151,237,
2145451,2018728,166412,4174855,585458,163100,-145,-1218,-391,372,701,-643,-564,-87,107,700,9,1053,-654,423,648,-347,-121,126,
2145451,2018728,166412,4174855,608745,163100,-184,-1212,-429,372,701,-643,-487,-111,80,675,12,1095,-657,435,654,-329,-100,18,
2145451,2018728,166412,4174855,608745,163222,-168,-1201,-448,371,705,-638,-385,-112,59,674,45,1061,-656,431,642,-303,-76,-82,
2145451,2018728,166412,4174855,608745,163222,-199,-1175,-409,377,697,-647,-275,-95,40,687,57,1065,-656,431,642,-276,-21,-219,
2145451,2018728,166412,4174855,608745,163222,-185,-1182,-443,377,697,-647,-182,-57,0,689,88,1069,-659,431,631,-231,6,-241,
2105673,2018728,166412,4174855,608745,163222,-148,-1213,-441,377,695,-644,-96,-34,-34,677,126,1051,-659,431,631,-203,20,-240,
2105673,2012535,166412,4174855,608745,163222,-106,-1231,-454,377,695,-644,-46,-31,-63,691,123,1083,-663,429,642,-169,19,-211,
2105673,2012535,166508,4174855,608745,163222,-102,-1252,-424,379,696,-634,9,-24,-70,681,153,1081,-663,429,642,-113,4,-160,
2105673,2012535,166508,4203327,608745,163222,-79,-1265,-427,379,696,-634,19,-27,-71,671,153,1113,-662,436,634,-72,-22,-103,
2105673,2012535,166508,4203327,678747,163222,-89,-1258,-443,377,701,-639,20,-36,-77,671,134,1123,-662,435,654,-65,-52,-47,
2105673,2012535,166508,4203327,678747,163355,-91,-1254,-408,379,694,-637,23,-37,-70,673,149,1102,-664,435,654,-82,-80,8,
2105673,2012535,166508,4203327,678747,163355,-87,-1253,-447,379,694,-637,29,-51,-70,662,137,1117,-661,435,634,-97,-96,57,
2105673,2012535,166508,4203327,678747,163355,-75,-1257,-442,376,698,-637,29,-52,-69,664,127,1056,-661,435,634,-113,-114,100,
2108745,2012535,166508,4203327,678747,163355,-98,-1262,-410,376,698,-637,32,-54,-71,701,119,1085,-667,434,644,-98,-119,148,
2108745,2007631,166508,4203327,678747,163355,-66,-1256,-431,377,704,-633,22,-60,-78,691,108,1056,-667,434,644,-77,-135,188,
2108745,2007631,166527,4203327,678747,163355,-62,-1278,-436,377,704,-637,11,-72,-79,701,94,1068,-663,444,620,-42,-150,223,
2108745,2007631,166527,4217124,678747,163355,-85,-1275,-409,377,704,-637,2,-90,-80,709,101,1073,-663,444,620,-13,-144,247,
2108745,2007631,166527,4217124,679668,163355,-50,-1273,-393,378,701,-635,-22,-121,-80,699,78,1059,-663,450,629,20,-155,266,
2108745,2007631,166527,4217124,679668,163236,-92,-1274,-403,378,701,-635,-51,-132,-72,708,87,1043,-660,448,623,42,-150,266,
2108745,2007631,166527,4217124,679668,163236,-90,-1282,-396,381,708,-635,-56,-136,-73,679,80,1047,-660,448,623,47,-139,262,
2108745,2007631,166527,4217124,679668,163236,-85,-1268,-415,381,708,-635,-57,-146,-68,689,51,1074,-661,453,623,53,-108,240,
2136658,2007631,166527,4217124,679668,163236,-105,-1269,-413,380,708,-628,-61,-142,-75,694,58,1052,-661,453,623,46,-80,230,
2136658,1990131,166527,4217124,679668,163236,-105,-1264,-421,384,704,-629,-66,-156,-79,705,56,1032,-655,456,631,54,-55,216,
2136658,1990131,166499,4217124,679668,163236,-81,-1244,-386,384,704,-629,-64,-154,-76,697,54,1058,-655,456,631,44,225,184,
2136658,1990131,166499,4222123,679668,163236,-138,-1265,-386,387,703,-621,-57,-160,-79,722,68,1034,-657,467,627,38,26,174,
2136658,1990131,166499,4222123,726220,163236,-119,-1277,-394,387,703,-621,-57,-151,-77,703,61,1047,-651,465,640,40,59,160,
2136658,1990131,166499,4222123,726220,163167,-125,-1253,-355,385,711,-634,-50,-138,-74,714,49,1047,-651,465,640,29,71,149,
2136658,1990131,166499,4222123,726220,163167,-115,-1266,-353,388,707,-627,-48,-121,-71,718,50,1051,-647,458,624,26,84,139,
2136658,1990131,166499,4222123,726220,163167,-124,-1260,-399,388,707,-627,-36,-101,-66,687,58,1056,-647,458,624,22,111,125,
2164538,1990131,166499,4222123,726220,163167,-148,-1268,-378,389,705,-628,-19,-84,-73,701,51,1041,-641,460,639,21,138,119,
2164538,2003115,166499,4222123,726220,163167,-113,-1270,-365,389,705,-628,-14,-75,-68,684,51,1042,-641,460,639,0,156,109,
2164538,2003115,166492,4222123,726220,163167,-128,-1256,-384,390,709,-625,-5,-64,-71,691,46,1045,-641,472,634,-16,179,93,
2164538,2003115,166492,4219800,726220,163167,-92,-1255,-417,390,709,-625,10,-54,-72,693,39,1044,-641,472,634,-24,217,67,
2164538,2003115,166492,4219800,939061,163167,-104,-1267,-411,388,711,-619,14,-45,-67,707,29,1006,-634,469,620,-37,242,52,
2164538,2003115,166492,4219800,939061,163296,-102,-1276,-382,390,707,-619,23,-40,-70,705,49,1055,-628,468,667,-5,265,37,
2164538,2003115,166492,4219800,939061,163296,-67,-1262,-412,390,707,-619,28,-36,-73,692,43,1040,-628,468,667,52,270,37,
2164538,2003115,166492,4219800,939061,163296,-75,-1258,-404,389,711,-620,28,-38,-75,676,32,1058,-621,467,653,110,289,28,
2158430,2003115,166492,4219800,939061,163296,-64,-1260,-432,389,711,-620,39,-43,-72,667,26,1085,-621,467,653,129,321,17,
2158430,1997152,166492,4219800,939061,163296,-87,-1249,-397,390,719,-620,37,-43,-73,674,44,1074,-614,468,653,134,343,-3,
2158430,1997152,166318,4219800,939061,163296,-62,-1274,-426,391,715,-617,20,-59,-67,654,40,1111,-614,468,653,133,378,-37,
2158430,1997152,166318,4220764,939061,163296,-64,-1263,-409,391,715,-617,10,-62,-61,652,54,1066,-612,469,660,125,410,-69,
2158430,1997152,166318,4220764,945674,163296,-45,-1274,-411,392,721,-610,12,-60,-60,637,69,1069,-601,461,689,112,445,-94,
2158430,1997152,166318,4220764,945674,163095,-63,-1272,-423,392,721,-610,3,-60,-60,639,70,1035,-601,461,689,130,504,-96,
2158430,1997152,166318,4220764,945674,163095,-49,-1259,-423,393,717,-620,-7,-70,-66,651,89,1027,-594,459,681,143,580,-78,
2158430,1997152,166318,4220764,945674,163095,-61,-1264,-427,393,717,-620,-17,-87,-66,621,109,992,-594,459,681,170,779,-55,
2139836,1997152,166318,4220764,945674,163095,-44,-1269,-399,395,721,-614,-9,-80,-60,605,104,1032,-577,454,701,167,898,-39,
2139836,2003828,166318,4220764,945674,163095,-65,-1260,-460,394,723,-614,-21,-75,-56,587,95,1006,-577,454,701,148,1013,-16,
2139836,2003828,166254,4220764,945674,163095,-66,-1256,-434,394,723,-614,-18,-88,-66,575,105,1025,-561,457,713,135,1137,-5,
2139836,2003828,166254,4117095,945674,163095,-56,-1269,-410,395,722,-615,-16,-87,-65,555,111,1029,-561,457,699,114,1252,15,
2139836,2003828,166254,4117095,789705,163095,-78,-1274,-423,395,722,-615,-17,-89,-60,536,99,1055,-533,456,699,110,1373,35,
2139836,2003828,166254,4117095,789705,163274,-76,-1254,-413,395,728,-606,-17,-90,-73,503,93,1081,-508,453,743,97,1481,38,
2139836,2003828,166254,4117095,789705,163274,-71,-1267,-372,396,717,-604,-18,-89,-65,497,102,1083,-508,453,743,92,1569,48,
2139836,2003828,166254,4117095,789705,163274,-66,-1280,-393,396,717,-604,-22,-89,-64,422,91,1133,-473,455,755,85,1653,43,
2139095,2003828,166254,4117095,789705,163274,-74,-1267,-386,398,722,-601,-29,-88,-64,397,88,1168,-473,455,755,98,1742,34,
2139095,1993368,166254,4117095,789705,163274,-74,-1266,-376,398,722,-601,-26,-90,-65,368,78,1203,-441,458,772,104,1803,22,
2139095,1993368,166261,4117095,789705,163274,-96,-1258,-374,396,730,-602,-28,-88,-71,346,101,1217,-441,458,772,96,1836,-8,
2139095,1993368,166261,4130966,789705,163274,-96,-1268,-402,397,727,-606,-24,-79,-71,305,74,1258,-401,458,793,110,1854,-28,
2139095,1993368,166261,4130966,360441,163274,-72,-1279,-395,397,727,-606,-21,-71,-71,305,83,1317,-366,454,824,130,1818,-41,
2139095,1993368,166261,4130966,360441,163299,-85,-1260,-391,398,726,-605,-28,-74,-76,312,64,1413,-366,454,824,130,1679,-76,
2139095,1993368,166261,4130966,360441,163299,-68,-1284,-380,398,726,-605,-19,-63,-62,268,43,1582,-338,453,831,103,1411,-141,
2139095,1993368,166261,4130966,360441,163299,-95,-1261,-354,399,734,-597,-9,-58,-70,207,33,1591,-338,453,831,-21,1055,-240,
2184265,1993368,166261,4130966,360441,163299,-54,-1285,-406,399,734,-597,-7,-69,-71,161,86,1597,-334,461,820,-164,683,-350,
2184265,2004334,166261,4130966,360441,163299,-80,-1262,-343,398,734,-596,-8,-69,-70,157,120,1546,-334,461,820,-162,340,-392,
2184265,2004334,166541,4130966,360441,163299,-53,-1278,-407,399,731,-603,-10,-70,-66,176,140,1509,-338,461,826,60,-205,-342,
2184265,2004334,166541,4310827,360441,163299,-74,-1257,-372,399,731,-603,-8,-71,-70,169,146,1434,-348,458,842,128,-407,-273,
2184265,2004334,166541,4310827,412507,163299,-66,-1278,-419,401,730,-595,-4,-70,-71,170,153,1404,-348,458,842,162,-546,-215,
2184265,2004334,166541,4310827,412507,163058,-58,-1276,-374,401,730,-595,3,-72,-63,186,165,1313,-367,442,838,181,-611,-147,
2184265,2004334,166541,4310827,412507,163058,-79,-1275,-390,402,738,-592,-7,-80,-69,228,177,1217,-367,442,838,188,-633,-73,
2184265,2004334,166541,4310827,412507,163058,-53,-1279,-394,401,738,-588,-11,-88,-70,271,179,1207,-375,440,828,173,-631,1,
2175476,2004334,166541,4310827,412507,163058,-73,-1279,-367,401,738,-588,-13,-100,-72,266,168,1173,-375,440,828,158,-569,64,
2175476,2024660,166541,4310827,412507,163058,-65,-1261,-361,402,735,-589,-35,-127,-79,299,163,1184,-389,443,814,146,-489,113,
2175476,2024660,166314,4310827,412507,163058,-65,-1290,-391,402,735,-589,-15,-133,-81,293,150,1158,-389,443,814,131,-393,155,
2175476,2024660,166314,4139242,412507,163058,-79,-1277,-357,400,738,-593,-25,-139,-79,313,130,1135,-388,436,814,94,-280,179,
2175476,2024660,166314,4139242,570050,163058,-70,-1291,-327,400,738,-593,-38,-153,-80,310,120,1108,-391,434,823,40,-162,169,
2175476,2024660,166314,4139242,570050,163301,-94,-1283,-349,403,743,-587,-57,-160,-79,330,115,1140,-391,434,823,-8,-35,146,
2175476,2024660,166314,4139242,570050,163301,-98,-1295,-356,408,740,-593,-52,-162,-73,309,101,1113,-387,442,802,-33,113,116,
2175476,2024660,166314,4139242,570050,163301,-119,-1287,-305,408,740,-593,-65,-160,-71,318,101,1141,-387,442,802,-57,271,87,
2143385,2024660,166314,4139242,570050,163301,-80,-1306,-318,404,740,-589,-52,-160,-76,301,83,1133,-380,446,820,-74,424,60,
2143385,2033368,166314,4139242,570050,163301,-110,-1280,-353,404,740,-589,-61,-152,-78,281,104,1153,-380,446,820,-80,580,26,
2143385,2033368,166247,4139242,570050,163301,-108,-1303,-330,406,748,-581,-65,-152,-78,292,94,1166,-365,456,824,-95,711,-15,
2143385,2033368,166247,4132261,570050,163301,-138,-1280,-321,408,744,-586,-63,-141,-60,259,102,1201,-346,452,804,-105,825,-46,
2143385,2033368,166247,4132261,480715,163301,-117,-1278,-308,408,744,-586,-78,-119,-62,245,103,1236,-346,452,804,-130,927,-71,
2143385,2033368,166247,4132261,480715,163263,-132,-1287,-328,412,743,-591,-68,-110,-60,223,111,1222,-326,448,817,-154,999,-101,
2143385,2033368,166247,4132261,480715,163263,-136,-1276,-314,412,743,-591,-67,-108,-57,180,114,1315,-326,448,817,-229,1052,-98,
2143385,2033368,166247,4132261,480715,163263,-143,-1264,-294,412,739,-581,-64,-90,-63,154,131,1320,-305,460,828,-275,1018,-82,
2151992,2033368,166247,4132261,480715,163263,-151,-1275,-348,412,739,-581,-58,-79,-57,135,128,1340,-305,460,828,-318,961,-60,
2151992,2024051,166247,4132261,480715,163263,-128,-1279,-315,410,743,-583,-53,-72,-54,114,127,1400,-284,475,828,-372,858,-19,
2151992,2024051,166392,4132261,480715,163263,-136,-1275,-331,413,741,-589,-49,-62,-51,114,120,1414,-284,475,828,-422,719,25,
2151992,2024051,166392,4210054,480715,163263,-125,-1028,-284,413,741,-589,-48,-52,-46,98,116,1429,-272,477,828,-393,561,80,
2151992,2024051,166392,4210054,378740,163263,-117,-1278,-339,410,742,-588,-48,-41,-49,91,101,1474,-258,477,842,-306,412,138,
2151992,2024051,166392,4210054,378740,163230,-111,-1286,-344,410,742,-588,-35,-30,-49,100,75,1443,-258,477,842,-198,273,176,
2151992,2024051,166392,4210054,378740,163230,-96,-1283,-350,411,743,-592,-35,-14,-47,116,37,1402,-250,486,826,-88,113,189,
2151992,2024051,166392,4210054,378740,163230,-104,-1266,-300,413,744,-584,-36,-13,-48,125,36,1409,-250,486,826,13,-41,166,
2140898,2024051,166392,4210054,378740,163230,-83,-1281,-349,413,744,-584,-37,-7,-42,111,40,1355,-252,487,834,78,-136,128,
2140898,2024292,166392,4210054,378740,163230,-85,-1280,-332,412,741,-589,-40,-6,-44,127,39,1331,-252,487,834,99,-183,83,
2140898,2024292,166547,4210054,378740,163230,-93,-1277,-344,412,741,-589,-49,-9,-41,123,62,1297,-255,490,817,106,-211,48,
2140898,2024292,166547,4162926,378740,163230,-81,-1282,-378,411,742,-588,-56,-12,-36,133,69,1260,-261,484,820,105,-205,24,
2140898,2024292,166547,4162926,424674,163230,-80,-1279,-371,411,742,-588,-57,-18,-34,131,75,1271,-261,484,820,96,-183,17,
2140898,2024292,166547,4162926,424674,163268,-96,-1276,-336,412,746,-586,-65,-12,-31,130,67,1247,-260,484,819,80,-137,13,
2140898,2024292,166547,4162926,424674,163268,-78,-1285,-329,412,742,-583,-69,-17,-32,148,72,1222,-260,484,819,46,-75,2,
2140898,2024292,166547,4162926,424674,163268,-76,-1292,-366,412,742,-583,-78,-16,-39,142,82,1229,-262,487,830,28,2,-18,
2145940,2024292,166547,4162926,424674,163268,-103,-1287,-355,413,739,-586,-102,-17,-34,124,88,1233,-262,487,830,-16,71,-24,
2145940,2021401,166547,4162926,424674,163268,-89,-1286,-314,413,739,-586,-105,-23,-28,142,87,1256,-261,490,823,-59,126,-33,
2145940,2021401,166528,4162926,424674,163268,-106,-1271,-330,416,744,-588,-106,-14,-28,119,86,1273,-5,494,838,-76,219,-29,
2145940,2021401,166528,4178633,424674,163268,-98,-1276,-359,415,737,-589,-106,-14,-31,115,78,1294,-255,494,838,-92,238,-27,
2145940,2021401,166528,4178633,380973,163268,-106,-1282,-344,415,737,-589,-116,-15,-28,135,65,1308,-248,485,828,-108,240,-26,
2145940,2021401,166528,4178633,380973,163396,-130,-1261,-360,416,737,-587,-110,-6,-28,113,73,1345,-248,485,828,-119,223,-19,
2145940,2021401,166528,4178633,380973,163396,-100,-1278,-352,416,737,-587,-105,-4,-34,98,65,1334,-243,491,824,-108,185,-16,
2145940,2021401,166528,4178633,380973,163396,-128,-1270,-337,413,736,-591,-99,-9,-30,98,67,1343,-243,491,824,-78,130,-6,
2120550,2021401,166528,4178633,380973,163396,-98,-1284,-361,413,736,-591,-105,-1,-31,103,57,1325,-241,503,826,-49,85,-2,
2120550,2022024,166528,4178633,380973,163396,-97,-1273,-377,413,736,-599,-90,3,-29,95,61,1333,-241,503,826,-10,19,0,
2120550,2022024,166450,4178633,380973,163396,-77,-1273,-356,419,732,-590,-86,-3,-26,95,59,1345,-242,496,820,25,-36,-13,
2120550,2022024,166450,4194115,380973,163396,-71,-1268,-384,419,732,-590,-83,1,-27,98,62,1343,-242,489,843,44,-95,-4,
2120550,2022024,166450,4194115,445340,163396,-96,-1270,-404,413,734,-598,-59,0,-33,94,64,1311,-242,489,843,60,-105,-9,
2120550,2022024,166450,4194115,445340,163243,-92,-1263,-405,413,734,-598,-47,-1,-35,123,72,1295,-245,490,830,66,-117,-10,
2120550,2022024,166450,4194115,445340,163243,-95,-1252,-374,415,734,-586,-38,3,-46,122,73,1268,-245,490,830,56,-116,-6,
2120550,2022024,166450,4194115,445340,163243,-70,-1286,-364,413,738,-591,-32,5,-41,120,83,1291,-246,492,833,43,-101,5,
2114237,2022024,166450,4194115,445340,163243,-91,-1283,-377,413,738,-591,-25,3,-44,118,64,1268,-246,492,833,27,-77,0,
2114237,2020327,166450,4194115,445340,163243,-86,-1266,-388,419,743,-590,-28,-1,-43,114,72,1268,-250,498,845,15,-49,-3,
2114237,2020327,166457,4194115,445340,163243,-99,-1268,-388,419,743,-590,-40,1,-45,118,77,1298,-251,492,841,12,-24,0,
2114237,2020327,166457,4174709,445340,163243,-71,-1262,-385,416,740,-587,-38,3,-37,118,72,1272,-251,492,841,4,11,-2,
2114237,2020327,166457,4174709,455689,163243,-98,-1275,-400,416,740,-593,-44,-1,-40,122,76,1311,-245,487,809,-10,52,-10,
2114237,2020327,166457,4174709,455689,163388,-84,-1273,-386,415,734,-593,-40,-6,-40,116,59,1284,-245,487,809,-28,74,-13,
2114237,2020327,166457,4174709,455689,163388,-92,-1268,-365,415,736,-586,-40,1,-39,103,72,1299,-244,485,834,-44,88,-20,
2114237,2020327,166457,4174709,455689,163388,-80,-1278,-356,415,736,-586,-42,-6,-36,127,60,1302,-244,485,834,-50,100,-22,
2114005,2020327,166457,4174709,455689,163388,-86,-1275,-391,416,734,-591,-45,-4,-36,105,64,1292,-244,496,829,-46,106,-17,
2114005,2051176,166457,4174709,455689,163388,-94,-1273,-352,416,734,-591,-56,-1,-41,113,70,1315,-244,496,829,-43,86,-18,
2114005,2051176,166464,4174709,455689,163388,-68,-1272,-377,414,743,-581,-50,1,-45,100,70,1318,-241,495,823,-29,76,-24,
2114005,2051176,166464,4189457,455689,163388,-84,-1283,-385,417,742,-590,-65,-9,-40,99,66,1313,-242,493,822,-18,63,-21,
2114005,2051176,166464,4189457,417944,163388,-93,-1267,-369,417,742,-590,-62,-7,-37,102,63,1332,-242,493,822,-10,29,-10,
2114005,2051176,166464,4189457,417944,163008,-96,-1269,-393,416,737,-596,-61,-6,-37,106,66,1289,-240,493,827,4,17,-7,
2114005,2051176,166464,4189457,417944,163008,-82,-1268,-346,416,737,-596,-53,-10,-42,126,55,1299,-240,493,827,10,8,-5,
2114005,2051176,166464,4189457,417944,163008,-83,-1277,-363,414,739,-594,-56,-4,-36,94,74,1321,-241,500,839,13,4,-9,
2128150,2051176,166464,4189457,417944,163008,-87,-1281,-351,414,738,-602,-62,-2,-39,120,54,1315,-241,500,839,3,4,-8,
2128150,2067539,166464,4189457,417944,163008,-76,-1282,-352,415,738,-602,-54,-7,-39,102,61,1308,-242,503,816,-1,9,-13,
2128150,2067539,166545,4189457,417944,163008,-95,-1276,-373,415,735,-589,-50,-7,-44,86,63,1319,-238,493,830,-4,9,-12,
2128150,2067539,166545,4189866,417944,163008,-81,-1269,-377,415,735,-589,-46,-5,-40,106,66,1301,-238,493,830,-3,18,-14,
2128150,2067539,166545,4189866,438909,163008,-104,-1267,-369,416,737,-596,-46,-11,-40,95,76,1290,-239,491,820,-12,21,-17,
2128150,2067539,166545,4189866,438909,163361,-91,-1269,-387,416,737,-596,-49,-9,-35,121,67,1286,-239,491,820,-8,22,-11,
2128150,2067539,166545,4189866,438909,163361,-91,-1269,-371,414,738,-589,-54,-8,-32,110,83,1290,-239,495,842,-10,25,-6,
2128150,2067539,166545,4189866,438909,163361,-99,-1275,-400,416,737,-588,-47,-4,-36,104,60,1325,-239,495,842,-6,24,-7,
2121246,2067539,166545,4189866,438909,163361,-91,-1281,-358,416,737,-588,-43,-2,-35,102,68,1274,-238,502,826,-7,13,-5,
2121246,2059178,166545,4189866,438909,163361,-86,-1271,-371,416,739,-580,-38,-6,-36,94,59,1311,-238,502,839,1,16,-11,
2121246,2059178,166454,4189866,438909,163361,-71,-1274,-371,416,739,-580,-39,-10,-45,86,52,1318,-242,492,839,7,7,-19,
2121246,2059178,166454,4190665,438909,163361,-100,-1269,-403,415,745,-587,-49,-10,-35,95,66,1288,-237,490,828,5,1,-14,
2121246,2059178,166454,4190665,442623,163361,-80,-1278,-362,415,738,-582,-55,-9,-34,93,70,1306,-237,490,828,6,-8,-11,
2121246,2059178,166454,4190665,442623,163175,-66,-1264,-351,415,738,-582,-57,-7,-38,107,79,1301,-243,491,830,5,-1,-13,
2121246,2059178,166454,4190665,442623,163175,-86,-1279,-382,416,734,-591,-61,-3,-37,97,68,1317,-243,491,830,-2,2,-19,
2121246,2059178,166454,4190665,442623,163175,-95,-1255,-376,416,734,-591,-56,0,-32,103,72,1291,-240,491,828,-5,11,-12,
2137265,2059178,166454,4190665,442623,163175,-93,-1278,-363,415,743,-586,-55,-6,-38,103,61,1258,-240,491,828,-3,4,-4,
2137265,2055010,166454,4190665,442623,163175,-92,-1278,-389,415,743,-586,-52,-7,-38,95,63,1299,-241,504,845,-4,20,-7,
2137265,2055010,166378,4190665,442623,163175,-88,-1274,-407,414,742,-583,-53,-3,-36,124,80,1287,-237,493,836,-7,36,-6,
2137265,2055010,166378,4192702,442623,163175,-87,-1287,-357,415,734,-594,-53,-4,-35,95,61,1326,-237,493,836,-16,28,-8,
2137265,2055010,166378,4192702,446252,163175,-96,-1273,-366,415,734,-594,-55,-4,-35,115,70,1302,-242,491,827,-18,33,-9,
2137265,2055010,166378,4192702,446252,163341,-88,-1265,-374,418,735,-585,-48,1,-34,101,62,1326,-242,491,827,-16,37,-18,
2137265,2055010,166378,4192702,446252,163341,-66,-1278,-376,418,735,-585,-55,0,-29,101,67,1304,-238,495,835,-10,34,-15,
2137265,2055010,166378,4192702,446252,163341,-77,-1282,-373,415,742,-584,-52,1,-32,98,64,1297,-238,495,835,-19,22,-14,
2131082,2055010,166378,4192702,446252,163341,-85,-1260,-352,414,741,-587,-56,-5,-35,107,57,1328,-238,502,814,-6,24,-12,
2131082,2047530,166378,4192702,446252,163341,-82,-1273,-365,414,741,-587,-49,-7,-34,97,69,1294,-238,501,825,-8,19,-13,
2131082,2047530,166359,4192702,446252,163341,-84,-1273,-364,418,735,-592,-48,0,-39,85,63,1315,-237,501,825,-9,17,-10,
2131082,2047530,166359,4202334,446252,163341,-76,-1273,-378,418,735,-592,-48,0,-42,100,61,1314,-232,495,833,1,6,-19,
2131082,2047530,166359,4202334,465806,163341,-96,-1266,-368,414,748,-587,-52,1,-40,116,72,1316,-232,495,833,7,5,-15,
2131082,2047530,166359,4202334,465806,163225,-73,-1271,-354,414,748,-587,-52,2,-31,88,61,1314,-235,493,844,2,2,-14,
2131082,2047530,166359,4202334,465806,163225,-95,-1264,-381,417,738,-587,-48,1,-39,110,71,1280,-235,493,844,7,5,-9,
2131082,2047530,166359,4202334,465806,163225,-84,-1272,-364,416,736,-590,-53,-2,-37,98,67,1306,-236,499,839,0,2,-11,
2114975,2047530,166359,4202334,465806,163225,-98,-1279,-376,416,736,-590,-53,-3,-32,100,59,1284,-236,499,839,0,-3,-10,
2114975,2045721,166359,4202334,465806,163225,-100,-1266,-392,416,736,-580,-49,1,-37,87,67,1286,-235,500,832,6,11,-9,
2114975,2045721,166463,4202334,465806,163225,-93,-1284,-370,416,736,-580,-52,5,-39,104,54,1286,-232,494,837,5,7,-8,
2114975,2045721,166463,4195498,465806,163225,-78,-1269,-377,416,744,-590,-52,3,-35,89,60,1300,-232,494,837,-4,-1,-3,
2114975,2045721,166463,4195498,474961,163225,-90,-1260,-366,420,735,-592,-55,1,-35,100,48,1315,-235,492,836,2,12,-8,
2114975,2045721,166463,4195498,474961,163305,-78,-1287,-370,420,735,-592,-49,1,-38,102,72,1292,-235,492,836,0,12,-8,
2114975,2045721,166463,4195498,474961,163305,-105,-1260,-404,418,740,-594,-42,2,-35,108,68,1299,-236,505,837,-1,15,-17,
2114975,2045721,166463,4195498,474961,163305,-92,-1282,-352,418,740,-594,-44,4,-32,89,71,1300,-236,505,837,6,13,-16,
2078595,2045721,166463,4195498,474961,163305,-103,-1276,-408,416,743,-585,-50,-2,-42,65,59,1307,-237,505,818,4,1,-13,
2078595,2038622,166463,4195498,474961,163305,-77,-1279,-375,416,743,-585,-47,-2,-36,86,57,1315,-235,501,828,-4,7,-7,
2078595,2038622,166447,4195498,474961,163305,-93,-1267,-396,415,741,-598,-42,-2,-33,122,72,1248,-235,501,828,3,6,-6,
2078595,2038622,166447,4195624,474961,163305,-86,-1268,-389,418,739,-588,-47,-4,-37,94,57,1299,-234,492,833,1,6,-4,
2078595,2038622,166447,4195624,462620,163305,-94,-1273,-385,418,739,-588,-54,-4,-31,91,56,1312,-234,492,833,-4,8,-6,
2078595,2038622,166447,4195624,462620,163285,-84,-1265,-350,418,732,-589,-48,-4,-28,106,70,1273,-234,487,832,-4,7,-11,
2078595,2038622,166447,4195624,462620,163285,-86,-1277,-371,418,732,-589,-52,-5,-37,96,69,1306,-234,487,832,-5,13,-19,
2078595,2038622,166447,4195624,462620,163285,-86,-1275,-407,418,741,-596,-50,-1,-36,83,74,1298,-236,498,843,-5,15,-22,
2076202,2038622,166447,4195624,462620,163285,-92,-1285,-382,419,740,-589,-56,-3,-36,103,60,1321,-236,498,822,5,17,-19,
2076202,2036089,166447,4195624,462620,163285,-90,-1259,-365,419,740,-589,-47,1,-33,99,67,1311,-235,494,822,1,18,-17,
2076202,2036089,166472,4195624,462620,163285,-77,-1267,-371,416,736,-589,-47,2,-34,81,61,1293,-234,492,849,3,12,-13,
2076202,2036089,166472,4204093,462620,163285,-84,-1277,-354,416,736,-589,-44,-1,-36,89,64,1295,-234,492,849,2,10,-10,
2076202,2036089,166472,4204093,450872,163285,-101,-1274,-377,416,734,-599,-46,-1,-32,91,59,1315,-234,494,823,-7,13,-5,
2076202,2036089,166472,4204093,450872,163247,-80,-1257,-385,416,734,-599,-49,-2,-36,82,58,1307,-234,494,823,-6,10,-8,
2076202,2036089,166472,4204093,450872,163247,-102,-1282,-406,418,738,-591,-58,2,-33,117,73,1282,-237,498,829,-2,11,-14,
2076202,2036089,166472,4204093,450872,163247,-118,-1273,-377,415,735,-587,-46,2,-28,96,59,1303,-237,498,829,-2,8,-17,
2073071,2036089,166472,4204093,450872,163247,-76,-1273,-354,415,735,-587,-46,-2,-31,97,64,1292,-235,506,831,6,8,-11,
2073071,2021802,166472,4204093,450872,163247,-76,-1269,-366,419,734,-594,-44,2,-33,79,56,1330,-234,493,833,6,11,-13,
2073071,2021802,166449,4204093,450872,163247,-79,-1274,-419,419,734,-594,-41,1,-33,97,69,1297,-234,493,833,4,8,-3,
2073071,2021802,166449,4204446,450872,163247,-79,-1273,-359,418,733,-599,-43,5,-31,92,62,1313,-235,495,825,10,5,-7,
2073071,2021802,166449,4204446,445953,163247,-82,-1277,-367,421,735,-597,-45,-3,-34,89,60,1292,-235,495,825,8,9,-7,
2073071,2021802,166449,4204446,445953,163273,-91,-1285,-415,421,735,-597,-51,-3,-41,103,55,1308,-236,496,833,1,15,-8,
2073071,2021802,166449,4204446,445953,163273,-97,-1273,-397,420,737,-587,-49,2,-37,101,62,1290,-236,496,833,-11,16,-16,
2073071,2021802,166449,4204446,445953,163273,-76,-1270,-345,420,737,-587,-49,4,-36,104,68,1328,-236,503,843,-1,9,-20,
2082148,2021802,166449,4204446,445953,163273,-83,-1274,-406,414,734,-589,-47,-4,-36,87,63,1316,-236,503,820,3,12,-12,
2082148,2032448,166449,4204446,445953,163273,-74,-1273,-373,414,734,-589,-47,0,-24,95,70,1311,-236,503,820,-3,15,-11,
2082148,2032448,166591,4204446,445953,163273,-72,-1265,-352,415,729,-594,-42,-1,-34,99,71,1280,-232,497,846,-4,18,-11,
2082148,2032448,166591,4205307,445953,163273,-78,-1266,-363,417,738,-589,-37,-6,-40,93,65,1302,-232,497,846,0,20,-13,
2082148,2032448,166591,4205307,438502,163273,-76,-1265,-355,417,738,-589,-40,-4,-37,97,62,1280,-234,496,843,-4,10,-7,
2082148,2032448,166591,4205307,438502,163362,-84,-1272,-392,418,730,-583,-43,0,-41,86,54,1333,-234,496,843,-3,18,-2,
2082148,2032448,166591,4205307,438502,163362,-96,-1284,-372,418,730,-583,-45,-3,-42,101,68,1277,-234,493,832,-8,16,-11,
2082148,2032448,166591,4205307,438502,163362,-83,-1255,-379,417,734,-598,-45,0,-37,97,59,1321,-234,493,832,-6,14,-14,
2100997,2032448,166591,4205307,438502,163362,-69,-1283,-369,417,737,-591,-46,-5,-34,98,51,1302,-235,500,822,-2,10,-12,
2100997,2032451,166591,4205307,438502,163362,-93,-1265,-374,417,737,-591,-48,-1,-37,92,56,1274,-231,494,843,-2,8,-8,
2100997,2032451,166609,4205307,438502,163362,-78,-1264,-354,420,734,-595,-52,0,-37,97,71,1288,-231,494,843,-4,13,-12,
2100997,2032451,166609,4207568,438502,163362,-75,-1269,-383,420,734,-595,-48,1,-36,99,59,1283,-232,497,843,-1,10,-6,
2100997,2032451,166609,4207568,455094,163362,-102,-1261,-381,416,735,-592,-52,9,-39,84,58,1313,-232,497,843,-2,14,-9,
2100997,2032451,166609,4207568,455094,163208,-88,-1277,-379,416,735,-594,-54,3,-36,89,59,1271,-231,499,829,9,22,-7,
2100997,2032451,166609,4207568,455094,163208,-88,-1267,-358,416,733,-594,-57,1,-38,82,57,1295,-231,499,829,-6,16,-11,
2100997,2032451,166609,4207568,455094,163208,-80,-1278,-400,417,734,-597,-47,-1,-38,77,58,1291,-233,501,838,-9,25,-12,
2100917,2032451,166609,4207568,455094,163208,-82,-1272,-386,417,734,-597,-44,0,-37,78,69,1276,-231,503,842,-6,19,-7,
2100917,2049402,166609,4207568,455094,163208,-102,-1281,-404,415,734,-586,-49,-5,-37,70,72,1306,-231,503,842,-4,12,-7,
2100917,2049402,166541,4207568,455094,163208,-96,-1274,-367,415,734,-586,-46,-4,-33,69,48,1271,-229,496,845,-3,4,-3,
2100917,2049402,166541,4210442,455094,163208,-73,-1267,-376,418,737,-594,-45,-2,-31,96,57,1291,-229,496,845,0,5,-4,
2100917,2049402,166541,4210442,463968,163208,-63,-1278,-368,418,730,-590,-48,4,-34,89,51,1308,-229,496,838,-1,1,-12,
2100917,2049402,166541,4210442,463968,163240,-98,-1263,-405,418,730,-590,-48,-1,-34,81,56,1302,-229,496,838,7,10,-10,
2100917,2049402,166541,4210442,463968,163240,-89,-1271,-392,418,728,-600,-46,-4,-35,90,61,1267,-234,504,842,12,1,-10,
2100917,2049402,166541,4210442,463968,163240,-86,-1277,-394,418,728,-600,-45,-1,-32,75,55,1329,-234,504,842,10,-7,-8,
2087416,2049402,166541,4210442,463968,163240,-93,-1274,-367,418,737,-590,-51,2,-29,84,62,1306,-231,499,830,1,-1,-6,
2087416,2029300,166541,4210442,463968,163240,-72,-1276,-374,418,736,-588,-51,-3,-31,97,63,1286,-231,495,840,0,-3,-8,
2087416,2029300,166621,4210442,463968,163240,-79,-1269,-399,414,736,-588,-48,0,-31,96,59,1294,-231,495,840,5,9,-12,
2087416,2029300,166621,4210651,463968,163240,-101,-1280,-381,416,737,-592,-46,1,-36,81,66,1302,-229,495,836,3,27,-15,
2087416,2029300,166621,4210651,462104,163240,-74,-1269,-367,416,737,-592,-48,-3,-36,92,64,1302,-229,495,836,-5,19,-13,
2087416,2029300,166621,4210651,462104,163408,-92,-1262,-398,418,732,-589,-47,0,-35,79,57,1305,-230,497,821,-7,30,-13,
2087416,2029300,166621,4210651,462104,163408,-106,-1264,-385,418,732,-589,-49,4,-26,73,61,1303,-230,497,821,1,35,-7,
2087416,2029300,166621,4210651,462104,163408,-79,-1265,-378,415,745,-601,-49,2,-35,75,61,1319,-230,510,819,0,30,-10,
2095202,2029300,166621,4210651,462104,163408,-87,-1269,-362,419,734,-593,-49,-1,-34,85,60,1289,-231,499,840,-3,25,-9,
2095202,2036236,166621,4210651,462104,163408,-85,-1267,-380,419,734,-593,-54,3,-32,81,56,1312,-231,499,840,-5,19,-6,
2095202,2036236,166578,4210651,462104,163408,-88,-1269,-388,419,735,-591,-50,0,-36,72,61,1314,-230,496,843,-3,18,-4,
2095202,2036236,166578,4214065,462104,163408,-92,-1271,-366,419,735,-591,-53,0,-38,80,69,1304,-230,496,843,-2,20,-8,
2095202,2036236,166578,4214065,471723,163408,-86,-1267,-387,418,736,-582,-54,-7,-45,71,54,1336,-230,500,830,2,13,-5,
2095202,2036236,166578,4214065,471723,163348,-81,-1279,-392,416,735,-594,-52,-1,-38,79,62,1298,-230,500,830,1,7,-10,
2095202,2036236,166578,4214065,471723,163348,-96,-1274,-376,416,735,-594,-54,0,-37,62,52,1331,-233,506,825,2,0,-12,
2095202,2036236,166578,4214065,471723,163348,-71,-1281,-360,417,730,-587,-48,2,-33,76,62,1289,-233,506,837,2,1,-7,
2092486,2036236,166578,4214065,471723,163348,-89,-1281,-402,417,730,-587,-52,2,-38,90,68,1286,-228,506,837,1,13,-6,
2092486,2039012,166578,4214065,471723,163348,-82,-1267,-384,421,741,-596,-49,-1,-38,77,63,1304,-224,494,825,-5,10,-6,
2092486,2039012,166630,4214065,471723,163348,-81,-1279,-386,421,741,-596,-49,-7,-41,72,52,1312,-224,494,825,-7,19,-6,
2092486,2039012,166630,4214998,471723,163348,-67,-1275,-390,417,738,-587,-50,3,-42,71,68,1286,-229,496,843,1,15,-9,
2092486,2039012,166630,4214998,487933,163348,-102,-1280,-414,420,729,-597,-52,1,-39,90,54,1300,-229,496,843,-2,8,-8,
2092486,2039012,166630,4214998,487933,163387,-87,-1264,-380,420,729,-597,-56,0,-30,83,50,1315,-227,495,831,5,17,-2,
2092486,2039012,166630,4214998,487933,163387,-88,-1270,-392,419,733,-590,-52,3,-34,80,67,1284,-227,495,831,2,13,-1,
2092486,2039012,166630,4214998,487933,163387,-94,-1272,-381,419,733,-590,-46,-2,-33,72,57,1302,-224,508,829,-2,14,0,
2064688,2039012,166630,4214998,487933,163387,-73,-1273,-389,417,739,-600,-44,-2,-35,75,59,1290,-226,496,831,-4,24,-4,
2064688,2050975,166630,4214998,487933,163387,-93,-1271,-333,419,735,-584,-49,-5,-38,73,55,1325,-226,496,831,-4,22,-6,
2064688,2050975,166522,4214998,487933,163387,-84,-1274,-387,419,735,-584,-43,2,-37,79,54,1314,-226,499,836,5,12,-3,
2064688,2050975,166522,4220682,487933,163387,-87,-1266,-395,419,732,-590,-54,3,-36,81,65,1307,-226,499,836,1,12,-7,
2064688,2050975,166522,4220682,497620,163387,-84,-1272,-364,419,732,-590,-54,3,-34,85,61,1290,-228,499,828,5,20,-5,
2064688,2050975,166522,4220682,497620,163405,-81,-1274,-365,417,738,-593,-48,4,-33,75,67,1305,-228,499,828,3,10,-4,
2064688,2050975,166522,4220682,497620,163405,-82,-1266,-385,417,738,-593,-45,1,-37,72,51,1331,-225,507,817,2,14,-6,
2064688,2050975,166522,4220682,497620,163405,-87,-1268,-361,420,736,-596,-46,-3,-40,78,55,1274,-226,505,820,4,12,-6,
2075145,2050975,166522,4220682,497620,163405,-74,-1274,-400,419,728,-588,-40,3,-36,87,52,1317,-226,505,820,1,15,-7,
2075145,2053593,166522,4220682,497620,163405,-87,-1274,-396,419,728,-588,-39,-2,-32,80,61,1297,-222,497,816,1,14,-15,
2075145,2053593,166593,4220682,497620,163405,-91,-1265,-405,418,728,-588,-44,-1,-35,85,54,1337,-222,497,816,-2,12,-6,
2075145,2053593,166593,4224773,497620,163405,-97,-1278,-381,418,728,-588,-48,-7,-36,91,66,1301,-221,497,831,4,9,-8,
2075145,2053593,166593,4224773,502965,163405,-78,-1274,-378,421,741,-587,-53,0,-36,82,60,1303,-221,497,831,-1,10,-11,
2075145,2053593,166593,4224773,502965,163400,-76,-1274,-371,418,737,-589,-48,0,-37,86,57,1278,-224,506,844,-4,15,-8,
2075145,2053593,166593,4224773,502965,163400,-74,-1266,-385,418,737,-589,-47,2,-30,83,60,1307,-224,506,844,9,27,-4,
2075145,2053593,166593,4224773,502965,163400,-96,-1267,-392,420,732,-584,-51,0,-33,82,57,1302,-223,506,846,1,38,-7,
2092884,2053593,166593,4224773,502965,163400,-90,-1271,-382,420,732,-584,-47,-1,-36,92,58,1281,-225,501,825,-14,32,-15,
2092884,2058170,166593,4224773,502965,163400,-83,-1272,-391,418,733,-589,-48,1,-36,65,49,1326,-225,501,825,-12,30,-8,
2092884,2058170,166427,4224773,502965,163400,-90,-1258,-356,418,733,-589,-53,-6,-32,77,55,1324,-222,499,825,1,21,-14,
2092884,2058170,166427,4228454,502965,163400,-79,-1267,-389,420,738,-586,-49,-2,-32,76,56,1311,-222,499,825,6,6,-13,
2092884,2058170,166427,4228454,529585,163400,-75,-1272,-357,420,731,-590,-44,6,-38,81,57,1287,-222,510,833,7,6,-7,
2092884,2058170,166427,4228454,529585,163301,-101,-1271,-355,420,731,-590,-46,-1,-36,60,46,1316,-222,510,833,7,5,-8,
2092884,2058170,166427,4228454,529585,163301,-91,-1273,-388,418,732,-599,-46,0,-31,67,64,1304,-225,507,832,-3,5,-12,
2092884,2058170,166427,4228454,529585,163301,-107,-1282,-411,418,732,-599,-44,4,-38,77,56,1326,-224,508,821,4,3,-9,
2082633,2058170,166427,4228454,529585,163301,-86,-1281,-381,419,740,-592,-52,8,-37,81,63,1313,-224,508,821,-5,11,-14,
2082633,2058314,166427,4228454,529585,163301,-73,-1280,-410,419,733,-593,-46,5,-34,70,48,1309,-221,499,831,3,11,-16,
2082633,2058314,166511,4228454,529585,163301,-95,-1272,-380,419,733,-593,-54,2,-38,79,50,1302,-221,499,831,4,20,-18,
2082633,2058314,166511,4226987,529585,163301,-78,-1263,-372,417,728,-593,-50,3,-38,76,54,1325,-223,499,826,4,17,-16,
2082633,2058314,166511,4226987,528125,163301,-83,-1262,-401,417,728,-593,-52,1,-34,73,67,1314,-223,499,826,1,17,-17,
2082633,2058314,166511,4226987,528125,163396,-99,-1276,-417,421,733,-598,-51,2,-30,72,45,1305,-226,506,838,0,15,-16,
2082633,2058314,166511,4226987,528125,163396,-98,-1260,-388,421,733,-598,-45,8,-32,73,61,1305,-226,506,838,0,20,-17,
2082633,2058314,166511,4226987,528125,163396,-81,-1268,-371,420,735,-599,-48,3,-34,74,58,1306,-222,506,841,3,10,-11,
2085960,2058314,166511,4226987,528125,163396,-84,-1279,-377,423,735,-586,-41,3,-32,65,51,1302,-217,498,829,-1,10,-10,
2085960,2057607,166511,4226987,528125,163396,-94,-1279,-393,423,735,-586,-41,2,-33,87,67,1302,-217,498,829,0,2,-4,
2085960,2057607,166559,4226987,528125,163396,-90,-1261,-365,420,734,-600,-49,2,-33,80,57,1306,-224,501,831,7,16,-4,
2085960,2057607,166559,4228187,528125,163396,-101,-1271,-379,420,734,-600,-51,0,-35,79,57,1313,-224,501,831,-1,13,-2,
2085960,2057607,166559,4228187,539129,163396,-82,-1279,-408,419,739,-596,-48,-1,-33,68,67,1271,-219,499,821,1,12,-8,
2085960,2057607,166559,4228187,539129,163191,-109,-1253,-384,418,735,-595,-49,-6,-36,64,57,1293,-219,499,821,4,14,-9,
2085960,2057607,166559,4228187,539129,163191,-97,-1278,-401,418,735,-595,-41,3,-37,89,53,1326,-221,513,807,4,17,-17,
2085960,2057607,166559,4228187,539129,163191,-89,-1275,-403,421,734,-596,-45,2,-35,57,59,1308,-219,502,821,-5,10,-12,
2081205,2057607,166559,4228187,539129,163191,-105,-1270,-371,421,734,-596,-52,2,-30,84,58,1316,-219,502,821,-7,16,-5,
2081205,2054419,166559,4228187,539129,163191,-86,-1278,-410,421,737,-586,-50,5,-37,74,56,1308,-220,498,847,-12,18,-7,
2081205,2054419,166504,4228187,539129,163191,-84,-1273,-414,421,737,-586,-46,4,-36,75,54,1307,-220,498,847,-12,27,-3,
2081205,2054419,166504,4229409,539129,163191,-89,-1269,-392,419,733,-589,-51,1,-31,66,59,1321,-217,497,835,-10,28,-5,
2081205,2054419,166504,4229409,544060,163191,-75,-1274,-359,423,735,-594,-47,3,-25,84,61,1316,-217,497,835,-1,19,-4,
2081205,2054419,166504,4229409,544060,163301,-87,-1281,-386,423,735,-594,-44,0,-34,79,57,1304,-222,508,841,-5,19,-6,
2081205,2054419,166504,4229409,544060,163301,-88,-1277,-372,419,732,-589,-45,5,-30,70,50,1307,-222,508,814,4,17,-17,
2081205,2054419,166504,4229409,544060,163301,-78,-1265,-361,419,732,-589,-48,4,-30,63,57,1319,-220,502,814,2,19,-15,
2082679,2054419,166504,4229409,544060,163301,-100,-1271,-407,419,738,-591,-50,5,-32,67,59,1300,-217,502,830,1,10,-10,
2082679,2071430,166504,4229409,544060,163301,-88,-1278,-411,422,734,-598,-46,2,-33,74,58,1305,-217,502,830,-3,11,-6,
2082679,2071430,166523,4229409,544060,163301,-90,-1271,-375,422,734,-598,-47,-2,-30,53,61,1306,-217,499,843,-4,11,-4,
2082679,2071430,166523,4231000,544060,163301,-87,-1270,-368,419,733,-592,-45,0,-35,57,58,1313,-217,499,843,-2,5,-5,
2082679,2071430,166523,4231000,550822,163301,-90,-1262,-403,419,733,-592,-53,1,-33,75,54,1290,-222,499,827,12,12,2,
2082679,2071430,166523,4231000,550822,163265,-92,-1264,-387,420,737,-592,-54,3,-41,79,52,1311,-222,499,827,1,15,-1,
2082679,2071430,166523,4231000,550822,163265,-74,-1271,-350,420,737,-593,-48,4,-39,74,41,1311,-219,512,834,7,16,-4,
2082679,2071430,166523,4231000,550822,163265,-83,-1270,-421,417,728,-593,-44,5,-32,82,57,1329,-219,501,833,7,18,-2,
2075767,2071430,166523,4231000,550822,163265,-73,-1261,-389,418,733,-598,-45,2,-37,70,52,1289,-219,501,833,4,20,-10,
2075767,2075190,166523,4231000,550822,163265,-85,-1277,-400,418,733,-598,-51,1,-37,69,54,1344,-219,500,819,-5,11,-10,
2075767,2075190,166606,4231000,550822,163265,-86,-1284,-370,417,733,-590,-47,4,-36,63,50,1328,-219,500,819,-7,20,-9,
2075767,2075190,166606,4232026,550822,163265,-94,-1271,-369,417,733,-590,-41,-1,-34,58,57,1309,-220,505,833,2,16,-6,
2075767,2075190,166606,4232026,555804,163265,-88,-1275,-384,419,739,-588,-43,-5,-40,62,50,1322,-220,505,833,0,19,-2,
2075767,2075190,166606,4232026,555804,163193,-105,-1279,-409,419,733,-599,-41,0,-43,56,60,1322,-221,514,836,1,12,-4,
2075767,2075190,166606,4232026,555804,163193,-75,-1272,-380,419,733,-599,-46,2,-33,68,58,1290,-221,510,814,6,11,-10,
2075767,2075190,166606,4232026,555804,163193,-99,-1273,-378,417,731,-597,-44,2,-39,77,37,1313,-219,510,814,7,17,-7,
2088766,2075190,166606,4232026,555804,163193,-78,-1259,-411,417,731,-597,-48,-1,-33,82,59,1326,-217,500,827,-1,9,-8,
2088766,2079668,166606,4232026,555804,163193,-82,-1276,-384,417,736,-596,-42,5,-37,60,60,1315,-217,500,827,-4,9,-10,
2088766,2079668,166477,4232026,555804,163193,-88,-1265,-379,417,736,-606,-53,5,-36,74,51,1283,-218,500,826,-4,7,-3,
2088766,2079668,166477,4228297,555804,163193,-87,-1270,-395,420,736,-606,-45,3,-35,55,58,1308,-218,500,826,0,8,-6,
2088766,2079668,166477,4228297,547696,163193,-77,-1265,-373,421,735,-592,-50,2,-39,77,45,1303,-217,504,830,3,12,-4,
2088766,2079668,166477,4228297,547696,163290,-94,-1275,-376,421,735,-592,-49,2,-35,58,62,1310,-217,504,830,0,13,-6,
2088766,2079668,166477,4228297,547696,163290,-90,-1272,-395,419,734,-591,-39,5,-39,66,64,1315,-219,505,837,4,15,-10,
2088766,2079668,166477,4228297,547696,163290,-74,-1282,-372,419,734,-591,-39,5,-33,64,58,1299,-216,501,828,-9,10,-11,
2090572,2079668,166477,4228297,547696,163290,-85,-1263,-381,420,738,-600,-44,5,-29,53,54,1304,-216,501,828,-3,21,-4,
2090572,2079312,166477,4228297,547696,163290,-90,-1259,-383,421,736,-588,-43,6,-32,87,53,1305,-213,502,836,2,15,-6,
2090572,2079312,166588,4228297,547696,163290,-93,-1269,-397,421,736,-588,-39,6,-41,63,57,1315,-213,502,836,2,25,-15,
2090572,2079312,166588,4228905,547696,163290,-86,-1275,-395,420,731,-594,-40,-1,-39,53,58,1309,-217,509,833,0,23,-16,
2090572,2079312,166588,4228905,544749,163290,-58,-1276,-386,420,731,-594,-39,-2,-36,56,52,1283,-217,509,833,-10,17,-10,
2090572,2079312,166588,4228905,544749,163415,-88,-1267,-415,418,733,-598,-45,0,-39,75,46,1320,-218,510,834,-4,15,-17,
2090572,2079312,166588,4228905,544749,163415,-79,-1260,-342,418,734,-585,-47,6,-29,69,56,1299,-215,508,845,-1,14,-14,
2090572,2079312,166588,4228905,544749,163415,-89,-1274,-383,417,734,-585,-44,11,-33,75,52,1314,-215,508,845,-9,16,-18,
2095253,2079312,166588,4228905,544749,163415,-95,-1267,-364,421,733,-591,-42,8,-37,66,62,1306,-214,502,821,7,11,-14,
2095253,2077289,166588,4228905,544749,163415,-87,-1276,-377,421,733,-591,-52,2,-31,68,53,1319,-214,502,821,6,2,-14,
2095253,2077289,166621,4228905,544749,163415,-79,-1258,-375,417,742,-582,-58,4,-34,59,60,1295,-212,503,841,4,0,-11,
2095253,2077289,166621,4230867,544749,163415,-82,-1275,-393,417,742,-582,-49,5,-38,66,59,1305,-212,503,841,-2,4,-7,
2095253,2077289,166621,4230867,540301,163415,-100,-1263,-359,418,739,-609,-44,2,-35,70,52,1298,-218,509,828,2,-2,0,
2095253,2077289,166621,4230867,540301,163403,-78,-1266,-376,421,730,-595,-42,3,-35,48,57,1323,-218,509,828,5,3,-8,
2095253,2077289,166621,4230867,540301,163403,-94,-1258,-378,421,730,-595,-46,5,-36,55,46,1306,-217,505,823,6,12,-6,
2095253,2077289,166621,4230867,540301,163403,-88,-1270,-387,419,730,-587,-48,-1,-40,59,64,1313,-212,501,852,3,-2,-8,
2090857,2077289,166621,4230867,540301,163403,-91,-1268,-400,419,730,-587,-46,-2,-37,60,59,1291,-212,501,852,5,2,-7,
2090857,2078454,166621,4230867,540301,163403,-85,-1276,-373,417,742,-598,-52,2,-31,47,58,1303,-216,502,819,13,5,-2,
2090857,2078454,166511,4230867,540301,163403,-104,-1276,-377,420,737,-594,-53,4,-36,65,52,1320,-216,502,819,8,3,1,
2090857,2078454,166511,4230866,540301,163403,-76,-1272,-385,420,737,-594,-45,2,-33,70,59,1289,-213,511,829,6,9,-5,
2090857,2078454,166511,4230866,545790,163403,-94,-1266,-370,421,734,-595,-47,5,-34,63,49,1318,-213,511,829,3,4,-7,
2090857,2078454,166511,4230866,545790,163210,-94,-1280,-385,421,734,-595,-46,1,-35,70,52,1309,-215,513,820,10,10,-3,
2090857,2078454,166511,4230866,545790,163210,-85,-1267,-392,422,741,-583,-42,4,-32,60,56,1322,-217,508,846,-5,1,-8,
2090857,2078454,166511,4230866,545790,163210,-67,-1270,-367,422,741,-583,-48,-3,-35,67,52,1304,-217,508,846,1,-2,-2,
2080836,2078454,166511,4230866,545790,163210,-85,-1283,-374,418,739,-592,-49,3,-35,56,54,1307,-215,502,852,4,-6,-5,
2080836,2053460,166511,4230866,545790,163210,-86,-1281,-390,419,733,-591,-42,3,-37,71,59,1297,-215,502,852,7,4,-7,
2080836,2053460,166647,4230866,545790,163210,-67,-1273,-383,419,733,-591,-49,2,-34,65,47,1308,-213,501,830,4,5,-2,
2080836,2053460,166647,4232883,545790,163210,-75,-1269,-377,421,731,-597,-51,-1,-32,61,51,1297,-213,501,830,6,13,-3,
2080836,2053460,166647,4232883,554871,163210,-101,-1278,-393,421,731,-597,-41,8,-34,66,45,1300,-217,507,838,2,22,-11,
2080836,2053460,166647,4232883,554871,163407,-68,-1267,-399,420,741,-589,-45,2,-29,62,53,1309,-217,507,838,3,19,-10,
2080836,2053460,166647,4232883,554871,163407,-67,-1273,-401,422,736,-597,-46,7,-35,64,61,1318,-219,502,825,2,19,-11,
2080836,2053460,166647,4232883,554871,163407,-101,-1270,-365,422,736,-597,-44,3,-33,64,45,1290,-211,501,845,-2,23,-11,
2077814,2053460,166647,4232883,554871,163407,-87,-1263,-412,418,732,-598,-48,6,-33,68,50,1313,-211,501,845,1,21,-12,
2077814,2103226,166647,4232883,554871,163407,-102,-1270,-404,418,732,-598,-57,1,-30,64,44,1319,-215,503,823,-1,14,-12,
2077814,2103226,166679,4232883,554871,163407,-80,-1279,-377,421,740,-585,-54,-2,-36,66,51,1322,-215,503,823,-4,20,-6,
2077814,2103226,166679,4235642,554871,163407,-89,-1270,-364,421,740,-585,-54,-3,-35,60,54,1289,-211,508,843,4,5,1,
2077814,2103226,166679,4235642,543152,163407,-84,-1275,-382,423,736,-590,-53,-1,-31,54,47,1331,-211,508,843,0,10,-13,
2077814,2103226,166679,4235642,543152,163408,-79,-1275,-374,422,731,-594,-48,-1,-31,64,59,1306,-209,512,856,5,8,-7,
2077814,2103226,166679,4235642,543152,163408,-93,-1257,-365,422,731,-594,-49,-6,-41,61,50,1320,-213,502,836,3,6,-4,
2077814,2103226,166679,4235642,543152,163408,-82,-1262,-379,419,733,-590,-50,-1,-42,53,52,1277,-213,502,836,1,1,-1,
2086725,2103226,166679,4235642,543152,163408,-78,-1279,-391,419,733,-590,-43,3,-39,69,66,1315,-214,496,829,2,0,-2,
2086725,2109901,166679,4235642,543152,163408,-95,-1270,-403,419,737,-596,-43,-4,-33,45,51,1308,-214,496,829,2,-1,-5,
2086725,2109901,166557,4235642,543152,163408,-64,-1264,-377,419,737,-596,-40,1,-36,64,52,1322,-212,499,834,6,1,-1,
2086725,2109901,166557,4237427,543152,163408,-72,-1271,-378,419,737,-596,-43,2,-38,65,53,1318,-212,499,834,6,7,-13,
2086725,2109901,166557,4237427,549762,163408,-84,-1272,-424,421,736,-594,-48,4,-35,65,49,1307,-216,513,831,1,8,-15,
2086725,2109901,166557,4237427,549762,163078,-87,-1271,-395,421,736,-594,-44,8,-34,65,44,1314,-216,508,833,4,11,-9,
2086725,2109901,166557,4237427,549762,163078,-95,-1264,-406,418,735,-599,-40,11,-29,71,57,1318,-213,508,833,2,14,-7,
2086725,2109901,166557,4237427,549762,163078,-59,-1276,-372,418,735,-599,-33,2,-39,51,56,1300,-211,502,833,-1,9,-7,
2068477,2109901,166557,4237427,549762,163078,-85,-1255,-371,420,738,-598,-38,8,-37,54,54,1303,-211,502,833,-2,9,-10,
2068477,2111054,166557,4237427,549762,163078,-88,-1277,-377,420,732,-591,-46,9,-33,61,51,1292,-213,503,840,5,11,-9,
2068477,2111054,166610,4237427,549762,163078,-99,-1281,-377,420,732,-591,-45,2,-41,73,50,1284,-213,503,840,3,8,-17,
2068477,2111054,166610,4237983,549762,163078,-81,-1284,-382,423,733,-580,-58,2,-30,55,43,1322,-215,508,842,4,9,-14,
2068477,2111054,166610,4237983,553801,163078,-99,-1268,-416,423,733,-580,-49,4,-30,67,51,1297,-215,508,842,6,9,-9,
2068477,2111054,166610,4237983,553801,163461,-68,-1263,-390,419,739,-596,-47,-1,-34,53,50,1314,-212,507,834,2,12,-6,
2068477,2111054,166610,4237983,553801,163461,-99,-1270,-405,419,733,-594,-47,-1,-37,58,50,1294,-212,504,830,-6,11,-9,
2068477,2111054,166610,4237983,553801,163461,-90,-1273,-390,419,733,-594,-42,-2,-34,46,47,1302,-212,504,830,-3,13,-10,
2089290,2111054,166610,4237983,553801,163461,-73,-1267,-396,420,734,-595,-40,1,-35,67,61,1318,-212,503,837,0,11,-8,
2089290,2107719,166610,4237983,553801,163461,-103,-1272,-404,420,734,-595,-36,2,-42,50,40,1299,-212,503,837,-7,12,-4,
2089290,2107719,166326,4237983,553801,163461,-75,-1264,-367,420,735,-590,-40,1,-34,71,45,1312,-211,504,831,-6,14,-8,
2089290,2107719,166326,4239705,553801,163461,-110,-1266,-391,420,735,-590,-42,-3,-29,65,58,1305,-211,504,831,3,8,-5,
2089290,2107719,166326,4239705,558316,163461,-84,-1271,-400,420,732,-601,-47,4,-32,70,58,1304,-216,515,839,5,19,-7,
2089290,2107719,166326,4239705,558316,163227,-90,-1263,-386,419,731,-597,-47,5,-29,65,55,1298,-214,513,834,-3,14,-5,
2089290,2107719,166326,4239705,558316,163227,-69,-1275,-355,419,731,-597,-41,1,-31,63,56,1307,-214,513,834,-1,4,-12,
2089290,2107719,166326,4239705,558316,163227,-78,-1258,-367,420,731,-587,-50,-1,-29,63,49,1309,-210,502,847,6,12,-14,
2103909,2107719,166326,4239705,558316,163227,-103,-1263,-401,420,731,-587,-53,3,-33,72,54,1303,-210,502,847,7,10,-12,
2103909,2110179,166326,4239705,558316,163227,-81,-1276,-402,419,732,-600,-42,8,-33,54,52,1315,-210,505,839,0,6,-8,
2103909,2110179,166542,4239705,558316,163227,-86,-1269,-392,424,732,-594,-55,3,-38,57,51,1319,-210,505,839,3,2,-2,
2103909,2110179,166542,4240602,558316,163227,-91,-1276,-383,424,732,-594,-51,2,-33,51,58,1311,-215,509,830,6,6,-7,
2103909,2110179,166542,4240602,561526,163227,-95,-1269,-410,422,731,-593,-52,4,-30,61,43,1309,-215,509,830,8,-4,-6,
2103909,2110179,166542,4240602,561526,163329,-71,-1269,-368,422,731,-593,-51,5,-33,47,67,1302,-210,504,834,8,-8,-13,
2103909,2110179,166542,4240602,561526,163329,-90,-1261,-379,419,734,-590,-54,3,-34,52,55,1324,-208,505,846,5,-13,-7,
2103909,2110179,166542,4240602,561526,163329,-67,-1263,-357,419,734,-588,-53,5,-26,45,59,1304,-208,505,846,3,-8,-7,
2087012,2110179,166542,4240602,561526,163329,-95,-1261,-383,422,736,-588,-47,3,-36,33,51,1333,-210,501,843,4,-5,-11,
2087012,2123073,166542,4240602,561526,163329,-84,-1277,-405,420,731,-595,-48,8,-35,53,47,1305,-210,501,843,4,-5,-9,
2087012,2123073,166547,4240602,561526,163329,-78,-1274,-383,420,731,-595,-44,-1,-35,52,55,1310,-211,508,827,15,-4,-12,
2087012,2123073,166547,4240726,561526,163329,-98,-1269,-385,417,731,-596,-47,-1,-37,59,44,1304,-211,508,827,9,-8,-5,
2087012,2123073,166547,4240726,562327,163329,-79,-1272,-398,417,731,-596,-46,3,-44,68,56,1314,-211,512,841,2,-11,-1,
2087012,2123073,166547,4240726,562327,163297,-92,-1264,-416,420,735,-600,-48,4,-39,49,44,1310,-207,512,829,10,4,1,
2087012,2123073,166547,4240726,562327,163297,-103,-1256,-378,424,731,-589,-48,2,-36,67,49,1301,-207,512,829,10,0,-5,
