0,0,0,0,0,0,-5,-166,1343,342,657,866,-47,-5,-37,-89,-4,1324,-424,582,949,5,-1,-27,
4826533,0,0,0,0,0,-3,-173,1250,344,659,866,-46,0,-39,-84,-15,1279,-425,586,940,13,-1,-15,
4826533,3946210,0,0,0,0,-15,-162,1370,343,656,870,-48,6,-39,-71,-5,1318,-424,585,966,7,1,-17,
4826533,3946210,879204,0,0,0,-17,-183,1288,343,656,870,-52,-1,-45,-90,3,1296,-424,585,966,3,7,-16,
4826533,3946210,879204,4117725,0,0,-6,-170,1343,341,657,864,-47,-3,-46,-74,249,1292,-421,583,952,6,-3,-19,
4826533,3946210,879204,4117725,3747210,0,-26,-167,1309,341,657,864,-50,-2,-33,-79,-2,1324,-421,583,952,9,0,-15,
4826533,3946210,879204,4117725,3747210,2680540,-15,-163,1345,340,660,864,-47,-4,-37,-64,1,1324,-425,594,947,10,2,-12,
4826533,3946210,879204,4117725,3747210,2680540,-17,-175,1328,340,656,861,-50,-3,-40,-61,12,1289,-425,594,947,12,0,-12,
4826533,3946210,879204,4117725,3747210,2680540,5,-182,1349,340,656,861,-52,0,-45,-83,2,1322,-419,593,960,8,3,-21,
4830372,3946210,879204,4117725,3747210,2680540,-12,-176,1308,338,657,862,-50,-7,-36,-67,-3,1306,-423,584,932,5,1,-22,
4830372,3954496,879204,4117725,3747210,2680540,-20,-162,1325,338,657,862,-59,-6,-40,-58,1,1307,-423,584,932,7,1,-21,
4830372,3954496,884603,4117725,3747210,2680540,-24,-168,1298,341,660,868,-65,-7,-49,-68,-3,1339,-427,580,944,2,7,-22,
4830372,3954496,884603,4139331,3747210,2680540,-28,-167,1331,341,663,863,-70,-12,-47,-73,5,1303,-427,580,944,6,-1,-17,
4830372,3954496,884603,4139331,3526323,2680540,-29,-170,1301,340,663,863,-67,-8,-52,-78,-9,1322,-422,582,953,9,2,-23,
4830372,3954496,884603,4139331,3526323,1808173,-17,-160,1319,338,659,857,-67,-6,-51,-77,1,1302,-422,582,953,9,-12,-17,
4830372,3954496,884603,4139331,3526323,1808173,-10,-185,1306,338,659,857,-70,-17,-43,-89,-2,1359,-424,590,952,14,-15,-12,
4830372,3954496,884603,4139331,3526323,1808173,2,-169,1365,339,662,863,-69,-15,-47,-58,9,1307,-424,590,952,17,-16,-18,
4865298,3954496,884603,4139331,3526323,1808173,-10,-181,1332,339,662,863,-71,-17,-44,-88,-10,1341,-425,586,941,10,-12,-14,
4865298,3810212,884603,4139331,3526323,1808173,-8,-176,1295,338,667,866,-89,-22,-51,-62,7,1303,-424,585,957,13,-14,-17,
4865298,3810212,982316,4139331,3526323,1808173,-40,-170,1330,341,660,867,-90,-28,-50,-66,8,1302,-424,585,957,5,-6,-23,
4865298,3810212,982316,4185131,3526323,1808173,-21,-161,1293,341,660,867,-87,-23,-54,-67,2,1310,-423,582,950,11,1,-21,
4865298,3810212,982316,4185131,3187315,1808173,-18,-179,1330,339,659,850,-88,-21,-45,-89,-5,1355,-423,582,950,9,1,-19,
4865298,3810212,982316,4185131,3187315,609795,9,-184,1311,339,659,850,-85,-16,-44,-57,0,1331,-426,588,957,2,-2,-20,
4865298,3810212,982316,4185131,3187315,609795,-27,-176,1347,337,670,855,-86,-16,-52,-67,-4,1312,-426,588,957,-2,-4,-23,
4865298,3810212,982316,4185131,3187315,609795,4,-181,1307,335,670,854,-89,-26,-45,-83,7,1358,-429,589,953,-4,-12,-26,
4937313,3810212,982316,4185131,3187315,609795,-9,-178,1360,335,670,854,-87,-26,-48,-72,2,1316,-424,580,940,-11,0,-25,
4937313,3252197,982316,4185131,3187315,609795,-8,-182,1285,337,662,859,-83,-15,-47,-54,11,1288,-424,580,940,-4,10,-29,
4937313,3252197,1225750,4185131,3187315,609795,5,-190,1334,337,662,859,-73,-20,-41,-84,-5,1337,-422,585,943,-4,12,-25,
4937313,3252197,1225750,4176654,3187315,609795,10,-172,1324,337,665,866,-73,-18,-52,-66,-2,1314,-422,585,943,-3,17,-12,
4937313,3252197,1225750,4176654,2746114,609795,-9,-181,1322,337,665,866,-66,-12,-42,-90,-14,1366,-426,579,946,-1,0,-13,
4937313,3252197,1225750,4176654,2746114,164818,2,-169,1334,335,668,869,-68,-16,-48,-43,26,1275,-426,579,946,3,7,-22,
4937313,3252197,1225750,4176654,2746114,164818,14,-188,1287,333,665,860,-71,-25,-48,-88,-5,1358,-427,589,940,-2,9,-18,
4937313,3252197,1225750,4176654,2746114,164818,3,-189,1315,333,665,860,-78,-30,-46,-65,5,1310,-427,585,960,2,11,-13,
4972394,3252197,1225750,4176654,2746114,164818,1,-184,1322,335,667,865,-82,-35,-54,-97,-19,1344,-424,585,960,6,6,-20,
4972394,2031950,1225750,4176654,2746114,164818,-4,-177,1325,335,667,865,-80,-25,-49,-120,-35,1435,-423,581,940,6,-6,-12,
4972394,2031950,754066,4176654,2746114,164818,-5,-179,1366,332,672,854,-83,-35,-56,-107,-15,1412,-423,581,940,16,-15,-10,
4972394,2031950,754066,4249739,2746114,164818,-12,-172,1306,332,670,856,-87,-31,-49,-59,7,1313,-427,584,957,12,-18,-12,
4972394,2031950,754066,4249739,2536746,164818,5,-177,1364,332,670,856,-83,-28,-50,-89,-11,1347,-427,584,957,15,-18,-21,
4972394,2031950,754066,4249739,2536746,164790,24,-187,1334,332,664,863,-71,-31,-48,-75,2,1326,-425,585,948,28,-43,-15,
4972394,2031950,754066,4249739,2536746,164790,11,-177,1311,332,664,863,-67,-36,-43,-23,23,1245,-425,585,948,29,-50,-8,
4972394,2031950,754066,4249739,2536746,164790,-11,-190,1303,332,671,864,-55,-30,-44,-75,-2,1328,-428,591,963,23,-55,-15,
5005035,2031950,754066,4249739,2536746,164790,0,-179,1322,332,671,864,-44,-24,-40,-72,-12,1351,-427,582,945,33,-63,-12,
5005035,1461122,754066,4249739,2536746,164790,6,-187,1283,330,678,852,-35,-23,-36,-80,-17,1382,-427,582,945,31,-52,-9,
5005035,1461122,216766,4249739,2536746,164790,5,-183,1362,332,669,858,-36,-24,-28,-90,-4,1336,-428,578,944,27,-35,-12,
5005035,1461122,216766,4481145,2536746,164790,3,-186,1319,332,669,858,-24,-22,-27,-64,4,1319,-428,578,944,22,-30,-14,
5005035,1461122,216766,4481145,2885821,164790,1,-179,1351,328,662,867,-23,-23,-25,-54,-1,1285,-430,586,947,24,-34,-13,
5005035,1461122,216766,4481145,2885821,164953,17,-184,1322,328,662,867,-6,-27,-23,-5,32,1230,-430,586,947,21,-32,-13,
5005035,1461122,216766,4481145,2885821,164953,10,-184,1330,330,667,863,24,-26,-27,-51,19,1303,-433,596,929,23,-32,-23,
5005035,1461122,216766,4481145,2885821,164953,8,-197,1308,327,668,865,52,-25,-18,-12,23,1227,-432,582,935,26,-30,-26,
4955506,1461122,216766,4481145,2885821,164953,10,-181,1317,327,668,865,75,-22,-23,-36,12,1276,-432,582,935,23,-27,-20,
4955506,1806413,216766,4481145,2885821,164953,-9,-189,1327,327,660,865,101,-27,-35,-55,2,1318,-431,584,944,16,-30,-21,
4955506,1806413,167695,4481145,2885821,164953,-1,-183,1326,327,660,865,139,-41,-47,-85,4,1294,-431,584,944,5,-39,-17,
4955506,1806413,167695,4723040,2885821,164953,-9,-188,1271,322,660,864,152,-55,-83,-16,34,1215,-433,577,942,-2,-24,-21,
4955506,1806413,167695,4723040,3584982,164953,-38,-217,1327,322,660,864,153,-78,-121,-54,13,1280,-433,577,942,6,-15,-12,
4955506,1806413,167695,4723040,3584982,850899,-175,-388,1447,320,658,871,167,-93,-168,-83,0,1336,-435,586,953,10,-16,-8,
4955506,1806413,167695,4723040,3584982,850899,-148,-570,2373,312,606,904,919,-261,-162,-121,-9,1396,-435,586,956,11,-9,-9,
4955506,1806413,167695,4723040,3584982,850899,-154,-726,1861,312,606,904,3716,-41,-121,-39,10,1268,-432,581,956,6,-14,-8,
2875955,1806413,167695,4723040,3584982,850899,127,-1042,1597,304,514,963,4376,-195,-353,-39,6,1290,-432,581,933,11,0,-11,
2875955,822311,167695,4723040,3584982,850899,305,-1630,1376,304,514,963,4697,-432,-591,-80,-5,1344,-432,581,933,16,-1,-5,
2875955,822311,167414,4723040,3584982,850899,376,-1996,1735,280,409,1013,4132,-533,-623,-65,-2,1337,-431,582,946,12,-2,-14,
2875955,822311,167414,4793871,3584982,850899,92,-1993,2169,274,353,1027,2545,-154,-542,-27,30,1239,-431,582,946,10,19,-18,
2875955,822311,167414,4793871,3880090,850899,-16,-2018,1913,274,353,1027,749,484,-497,-73,-14,1301,-434,584,937,17,25,-12,
2875955,822311,167414,4793871,3880090,2021021,945,-1318,1041,293,370,1003,-477,953,-396,-45,8,1288,-434,584,937,4,25,-7,
2875955,822311,167414,4793871,3880090,2021021,927,-926,1043,293,370,1003,-979,1089,-291,-73,3,1325,-434,587,947,5,29,-4,
2875955,822311,167414,4793871,3880090,2021021,1049,-640,999,320,403,978,-1079,1079,-258,-29,13,1254,-429,583,938,5,38,0,
2093391,822311,167414,4793871,3880090,2021021,1167,-584,959,320,403,947,-1001,1063,-277,-81,-2,1345,-429,583,938,-5,31,4,
2093391,854307,167414,4793871,3880090,2021021,1129,-696,1004,341,437,947,-889,1059,-245,-36,16,1512,-432,580,938,0,30,1,
2093391,854307,167837,4793871,3880090,2021021,1227,-845,927,361,469,923,-1190,855,-196,-100,-12,1405,-432,580,938,-4,35,0,
2093391,854307,167837,4460848,3880090,2021021,1370,-626,981,361,469,923,-1532,503,-175,-53,10,1298,-433,586,947,-15,22,2,
2093391,854307,167837,4460848,4226197,2021021,1273,-404,1024,366,508,873,-1701,86,-192,-38,14,1277,-433,586,947,-14,30,1,
2093391,854307,167837,4460848,4226197,3241581,1091,-261,1204,366,508,873,-1682,-234,-266,-46,2,1303,-430,587,945,-7,48,-1,
2093391,854307,167837,4460848,4226197,3241581,930,-269,1210,357,549,844,-1603,-425,-379,-43,24,1271,-430,593,940,-8,54,1,
2093391,854307,167837,4460848,4226197,3241581,802,-335,1290,341,575,837,-1581,-510,-475,-82,-9,1367,-427,593,940,-8,44,2,
1797612,854307,167837,4460848,4226197,3241581,745,-353,1324,341,575,837,-1629,-549,-539,-97,5,1357,-424,583,957,-7,56,-1,
1797612,583569,167837,4460848,4226197,3241581,618,-190,1410,315,616,806,-1712,-610,-591,-95,-10,1364,-424,583,957,-10,43,-7,
1797612,583569,167773,4460848,4226197,3241581,507,-84,1538,315,616,806,-1754,-659,-647,-75,-2,1311,-425,584,953,-3,36,-19,
1797612,583569,167773,4046128,4226197,3241581,453,-69,1554,292,660,786,-1697,-649,-711,-74,-2,1322,-425,584,953,-7,33,-25,
1797612,583569,167773,4046128,4542160,3241581,429,-65,1650,292,699,744,-1588,-533,-839,-46,11,1254,-427,588,946,-11,24,-31,
1797612,583569,167773,4046128,4542160,3577501,415,-170,1648,263,699,744,-1683,-550,-914,-72,2,1315,-427,588,946,-6,23,-35,
1797612,583569,167773,4046128,4542160,3577501,461,-210,1661,233,752,712,-1893,-755,-1002,-67,6,1323,-424,589,951,-7,16,-25,
1797612,583569,167773,4046128,4542160,3577501,389,160,1669,233,752,712,-1974,-1085,-1131,-66,-10,1320,-423,583,954,-4,13,-27,
1436541,583569,167773,4046128,4542160,3577501,200,264,1700,192,798,662,-1821,-1342,-1261,-88,-12,1354,-423,583,954,2,20,-28,
1436541,616043,167773,4046128,4542160,3577501,64,215,1715,192,798,662,-1563,-1478,-1358,-52,18,1247,-422,584,951,-15,38,-33,
1436541,616043,167719,4046128,4542160,3577501,-76,64,1609,150,838,619,-1335,-1490,-1402,-93,-11,1351,-422,584,951,-21,60,-35,
1436541,616043,167719,3813102,4542160,3577501,-205,-33,1660,115,842,576,-1235,-1435,-1377,-40,19,1257,-425,590,944,-22,73,-45,
1436541,616043,167719,3813102,4710565,3577501,-255,-20,1738,115,842,576,-1253,-1355,-1316,-99,-24,1361,-425,590,944,-25,89,-45,
1436541,616043,167719,3813102,4710565,3942267,-498,99,1648,89,846,551,-1238,-1254,-1235,-117,-20,1370,-422,594,941,-16,99,-48,
1436541,616043,167719,3813102,4710565,3942267,-652,83,1610,89,846,551,-1115,-1121,-1102,-94,-7,1349,-415,592,940,-33,135,-48,
1436541,616043,167719,3813102,4710565,3942267,-746,5,1668,68,853,531,-815,-816,-1034,-101,-3,1331,-415,592,940,-47,202,-51,
1244148,616043,167719,3813102,4710565,3942267,-732,-187,1481,47,837,523,-962,-786,-977,-92,8,1350,-407,591,952,-85,357,-65,
1244148,600452,167719,3813102,4710565,3942267,-757,-130,1336,47,837,523,-1297,-989,-969,-115,7,1367,-407,591,952,-119,520,-76,
1244148,600452,167793,3813102,4710565,3942267,-761,172,1364,25,847,495,-1499,-1265,-1010,-147,23,1426,-394,594,962,-141,688,-79,
1244148,600452,167793,913219,4710565,3942267,-1237,684,1380,25,847,495,-1345,-1378,-1049,-199,3,1614,-394,594,962,-115,818,-87,
1244148,600452,167793,913219,4924326,3942267,-1497,611,1395,-5,846,480,-951,-1244,-1043,-185,5,1635,-377,601,960,-139,809,-72,
1244148,600452,167793,913219,4924326,4406900,-1733,355,1284,-5,846,480,-530,-956,-914,-217,-5,1858,-377,601,961,-268,889,-71,
1244148,600452,167793,913219,4924326,4406900,-1851,118,1282,-23,852,475,-335,-584,-660,-234,8,1812,-355,601,961,-260,924,-95,
1244148,600452,167793,913219,4924326,4406900,-1896,-6,1237,-21,840,478,-403,-215,-311,-170,12,1594,-323,603,968,-228,1098,-117,
1457176,600452,167793,913219,4924326,4406900,-1947,35,3377,-21,840,478,-555,131,70,-239,-18,1672,-323,603,968,-252,1251,-125,
1457176,484764,167793,913219,4924326,4406900,-1628,2395,1935,3,839,485,-388,1889,348,-264,-16,1758,-293,611,972,-295,1390,-134,
1457176,484764,167987,913219,4924326,4406900,569,-255,-239,3,839,485,3072,2179,140,-287,-3,1738,-293,611,972,-352,1519,-141,
1457176,484764,167987,269632,4924326,4406900,3,-11,1192,34,806,561,4552,2067,285,-328,6,1818,-250,624,961,-414,1893,-182,
1457176,484764,167987,269632,5037558,4406900,293,-359,2001,78,730,632,4749,2105,185,-316,45,1809,-250,624,961,-648,2112,-229,
1457176,484764,167987,269632,5037558,3162089,264,-621,2722,78,730,632,2956,2461,-200,-361,75,1890,-196,644,969,-793,2333,-282,
1457176,484764,167987,269632,5037558,3162089,270,-363,1851,119,704,651,975,3238,-556,-365,78,1931,-139,650,947,-957,2567,-358,
1457176,484764,167987,269632,5037558,3162089,-4,64,1776,119,704,651,682,3372,-371,-400,18,2079,-139,650,947,-1227,2769,-428,
5021982,484764,167987,269632,5037558,3162089,6,37,1516,164,713,658,475,2802,-90,-384,41,2052,-71,681,920,-1514,2979,-484,
5021982,903053,167987,269632,5037558,3162089,21,-124,1493,164,713,658,238,1858,190,-453,64,2079,-71,681,920,-1788,3185,-537,
5021982,903053,168361,269632,5037558,3162089,-13,-188,1314,195,706,646,110,1315,340,-548,132,2191,0,721,895,-2039,3382,-598,
5021982,903053,168361,257180,5037558,3162089,-24,-226,1398,222,698,649,14,1116,285,-785,248,2509,0,721,895,-2224,3573,-687,
5021982,903053,168361,257180,4405224,3162089,-75,-254,1350,222,698,649,-3,579,-49,-1007,422,2697,69,766,860,-2292,3718,-799,
5021982,903053,168361,257180,4405224,253665,-45,-178,1348,228,691,647,13,378,-106,-1025,573,2514,137,805,790,-2136,3907,-945,
5021982,903053,168361,257180,4405224,253665,-31,-180,1343,228,691,647,32,278,-98,-958,574,2641,137,805,790,-1815,4139,-1141,
5021982,903053,168361,257180,4405224,253665,-34,-171,1327,230,699,650,56,212,-79,-694,345,2475,193,814,733,-1580,4236,-1317,
5022418,903053,168361,257180,4405224,253665,-33,-182,1289,236,695,651,60,150,-62,-567,75,2565,193,814,733,-1444,4239,-1434,
5022418,745314,168361,257180,4405224,253665,-41,-180,1289,236,695,651,43,96,-55,-68,132,2297,238,839,698,-1397,4084,-1573,
5022418,745314,1123882,257180,4405224,253665,2,-162,1324,232,691,651,36,64,-50,248,311,2113,238,839,698,-1481,3752,-1643,
5022418,745314,1123882,362590,4405224,253665,-37,-158,1331,232,691,651,40,44,-40,573,562,1891,258,870,644,-1690,3260,-1691,
5022418,745314,1123882,362590,1674482,253665,-1,-160,1331,235,693,653,26,27,-38,2148,298,-771,258,870,644,-2059,2886,-1725,
5022418,745314,1123882,362590,1674482,164444,-41,-156,1333,235,693,653,10,26,-47,1946,770,-631,264,894,574,-2127,2426,-1280,
5022418,745314,1123882,362590,1674482,164444,-15,-159,1345,236,697,655,-15,19,-49,806,1153,1266,255,891,577,-1447,1367,-414,
5022418,745314,1123882,362590,1674482,164444,-35,-155,1320,235,691,649,-39,24,-43,922,877,799,255,891,577,-265,-866,-266,
5034212,745314,1123882,362590,1674482,164444,-12,-170,1289,235,691,649,-50,30,-40,788,126,772,224,871,588,628,-1754,58,
5034212,1039387,1123882,362590,1674482,164444,-32,-175,1281,237,694,652,-38,35,-42,726,134,790,224,871,588,513,-2168,381,
5034212,1039387,2430813,362590,1674482,164444,-3,-169,1360,237,694,652,-34,30,-39,592,224,881,185,865,601,435,-2319,671,
5034212,1039387,2430813,685367,1674482,164444,-16,-163,1324,237,694,653,-26,33,-39,513,366,848,185,865,601,520,-2408,882,
5034212,1039387,2430813,685367,1048254,164444,-47,-164,1288,239,692,655,-24,31,-32,426,448,872,152,842,620,739,-2462,1008,
5034212,1039387,2430813,685367,1048254,164666,-27,-167,1295,239,692,655,-29,31,-32,413,490,908,115,811,646,1046,-2483,1053,
5034212,1039387,2430813,685367,1048254,164666,-37,-159,1352,237,692,654,-39,21,-40,393,423,957,115,811,646,1374,-2521,1060,
5034212,1039387,2430813,685367,1048254,164666,-21,-170,1278,237,692,654,-38,25,-41,404,332,1000,68,783,693,1636,-2589,1053,
4985221,1039387,2430813,685367,1048254,164666,-45,-153,1385,241,694,663,-43,23,-48,385,181,1225,68,783,693,1799,-2699,1041,
4985221,2032027,2430813,685367,1048254,164666,-49,-166,1299,241,694,663,-48,16,-48,412,112,1214,9,754,701,1905,-2861,1034,
4985221,2032027,3028566,685367,1048254,164666,-42,-161,1341,237,691,655,-44,25,-49,397,17,1315,9,754,701,1956,-3045,1024,
4985221,2032027,3028566,568484,1048254,164666,-46,-164,1282,239,688,656,-38,19,-37,307,-66,1508,-46,749,725,1974,-3230,1032,
4985221,2032027,3028566,568484,297684,164666,-37,-162,1315,239,688,656,-34,14,-36,251,-89,1608,-46,749,705,1984,-3381,1042,
4985221,2032027,3028566,568484,297684,165054,-52,-163,1317,240,690,654,-36,10,-44,251,-71,1615,-87,726,705,1975,-3477,1039,
4985221,2032027,3028566,568484,297684,165054,-33,-156,1326,240,690,654,-38,-2,-40,162,-84,1835,-104,706,713,1967,-3531,998,
4985221,2032027,3028566,568484,297684,165054,-52,-154,1300,239,696,659,-38,-2,-47,120,-122,1984,-104,706,713,1977,-3568,954,
4968905,2032027,3028566,568484,297684,165054,-30,-165,1302,241,693,656,-34,-3,-48,35,-191,2236,-111,689,731,1961,-3567,896,
4968905,3006068,3028566,568484,297684,165054,-48,-155,1354,241,693,656,-28,4,-45,16,-148,2271,-111,689,731,1879,-3577,825,
4968905,3006068,3083155,568484,297684,165054,-33,-159,1349,239,685,650,-26,0,-46,-75,-117,2386,-136,659,750,1755,-3587,734,
4968905,3006068,3083155,434374,297684,165054,-31,-171,1291,239,685,650,-33,1,-39,-246,-61,2588,-136,659,750,1623,-3335,559,
4968905,3006068,3083155,434374,168982,165054,-15,-162,1310,241,696,655,-10,10,-27,-326,18,2627,-174,638,783,1469,-3380,470,
4968905,3006068,3083155,434374,168982,164453,-43,-153,1321,241,696,663,-3,24,-27,-473,43,2818,-212,607,818,1428,-3205,388,
4968905,3006068,3083155,434374,168982,164453,-32,-163,1345,240,691,663,7,32,-24,-495,130,2845,-212,607,818,1447,-3114,308,
4968905,3006068,3083155,434374,168982,164453,-59,-157,1331,245,688,654,2,39,-25,-542,222,2912,-252,587,834,1584,-3177,238,
4899590,3006068,3083155,434374,168982,164453,-43,-152,1351,245,688,654,-11,50,-20,-850,206,2754,-252,587,834,1826,-3335,185,
4899590,4079704,3083155,434374,168982,164453,-27,-170,1334,242,688,650,-8,77,-19,-1138,40,2716,-301,553,873,2060,-3457,158,
4899590,4079704,3824204,434374,168982,164453,-62,-154,1329,242,688,650,9,94,-15,-1388,-147,2596,-301,553,873,2234,-3427,156,
4899590,4079704,3824204,229141,168982,164453,-49,-144,1358,245,694,653,16,97,-17,-1661,-429,2589,-370,501,914,2347,-3219,175,
4899590,4079704,3824204,229141,165357,164453,-25,-151,1333,248,686,654,12,107,-14,-1714,-664,2315,-450,418,951,2393,-2934,200,
4899590,4079704,3824204,229141,165357,164590,-51,-153,1316,248,686,654,5,110,-11,-1819,-898,2095,-450,418,951,2351,-2615,221,
4899590,4079704,3824204,229141,165357,164590,-90,-154,1287,250,684,648,-2,108,1,-2068,-1145,2070,-517,349,960,2144,-2278,231,
4899590,4079704,3824204,229141,165357,164590,-82,-147,1360,250,684,648,-38,83,3,-2277,-1069,1396,-517,349,960,1661,-1940,186,
3265928,4079704,3824204,229141,165357,164590,-72,-160,1346,252,687,652,-106,68,2,-2921,-867,1258,-566,312,920,1024,-1647,40,
3265928,4804401,3824204,229141,165357,164590,-155,-283,1433,252,690,654,-196,40,36,-3221,-910,1321,-566,312,920,649,-1339,-231,
3265928,4804401,4158869,229141,165357,164590,-24,-192,1831,255,690,654,231,105,46,-3047,-1136,1266,-601,289,916,720,-861,-496,
3265928,4804401,4158869,224393,165357,164590,-101,-141,1768,260,667,662,924,489,33,-2704,-1384,1311,-601,289,916,713,-252,-636,
3265928,4804401,4158869,224393,165421,164590,-37,-201,1844,260,667,662,474,915,136,-2282,-1307,1419,-605,262,917,214,322,-674,
3265928,4804401,4158869,224393,165421,164894,-129,-158,1548,280,665,655,430,1315,196,-1915,-926,1455,-583,282,914,-569,728,-654,
3265928,4804401,4158869,224393,165421,164894,-148,-162,1698,280,665,655,365,1460,240,-3342,-624,4307,-583,282,914,-1747,1708,-674,
3265928,4804401,4158869,224393,165421,164894,-155,-110,1568,306,658,657,362,1633,275,-485,-286,1636,-514,361,930,-3107,2843,-1275,
1463675,4804401,4158869,224393,165421,164894,-172,-115,1390,343,642,641,362,1752,288,-141,420,2041,-514,361,930,-5886,3141,-1125,
1463675,5013640,4158869,224393,165421,164894,-193,-140,1637,343,642,641,674,1951,301,1,399,4086,-442,485,900,-4631,3977,-381,
1463675,5013640,1949491,224393,165421,164894,-202,-388,2866,380,625,641,710,2464,377,-209,-249,2370,-442,485,900,-1771,4458,526,
1463675,5013640,1949491,4847955,165421,164894,-241,-400,2772,380,625,641,910,3164,517,-260,-214,1968,-336,523,922,-614,3037,402,
1463675,5013640,1949491,4847955,166408,164894,-185,-448,2468,435,612,614,1226,3720,650,-174,-26,1548,-296,527,935,-125,1486,252,
1463675,5013640,1949491,4847955,166408,167661,-255,-539,2421,510,564,582,1520,4110,793,-110,-73,1335,-296,527,935,-20,629,149,
1463675,5013640,1949491,4847955,166408,167661,-294,-631,2598,510,564,582,1834,4470,966,-89,-39,1292,-289,521,923,11,195,-48,
1463675,5013640,1949491,4847955,166408,167661,-459,-823,3184,590,514,546,2092,4809,1161,-6,50,1214,-289,521,923,51,69,-77,
1380612,5013640,1949491,4847955,166408,167661,-728,-872,3321,590,514,546,2236,5085,1388,-63,28,1272,-292,523,929,51,59,-37,
1380612,4258052,1949491,4847955,166408,167661,-615,-748,3196,671,459,495,2237,5222,1598,-43,48,1215,-292,523,929,38,57,31,
1380612,4258052,185274,4847955,166408,167661,-510,-1125,2960,671,459,495,2234,5303,1697,-71,28,1241,-287,532,939,21,27,63,
1380612,4258052,185274,4862214,166408,167661,-263,-1208,2822,749,402,420,1977,5336,2080,-108,26,1326,-287,533,919,11,-5,40,
1380612,4258052,185274,4862214,165884,167661,27,-901,2971,809,327,353,1898,4767,2162,-103,18,1350,-288,533,919,7,-14,12,
1380612,4258052,185274,4862214,165884,1387256,236,-1102,2731,809,327,353,1859,4584,2245,-83,2,1342,-287,526,923,-1,-20,-10,
1380612,4258052,185274,4862214,165884,1387256,1255,-1679,2349,859,260,285,1470,4612,2435,-71,20,1306,-287,526,923,-3,-8,-22,
1380612,4258052,185274,4862214,165884,1387256,1881,-1681,409,859,260,285,1147,4919,2738,-33,39,1232,-288,527,927,-13,-5,-22,
2121790,4258052,185274,4862214,165884,1387256,2308,-1452,-3586,899,200,185,1254,4774,2926,-92,22,1300,-288,527,927,-17,-5,-21,
2121790,2247246,185274,4862214,165884,1387256,2518,-2203,117,918,121,142,337,2757,2919,-68,23,1307,-287,525,939,-22,3,-26,
2121790,2247246,167743,4862214,165884,1387256,1762,-1318,853,918,121,142,-1601,1047,2815,-74,20,1297,-287,525,939,-13,13,-22,
2121790,2247246,167743,4837789,165884,1387256,1612,491,748,923,73,172,-2804,-770,2243,-84,2,1318,-285,532,924,-17,20,-12,
2121790,2247246,167743,4837789,3305547,1387256,1265,803,758,923,73,172,-2566,-2320,1373,-29,31,1239,-288,526,940,5,34,-15,
2121790,2247246,167743,4837789,3305547,2856217,1094,738,995,914,61,210,-1646,-3081,484,-58,22,1306,-288,526,940,7,36,-4,
2121790,2247246,167743,4837789,3305547,2856217,778,391,1072,914,61,210,-679,-3326,-1153,-97,3,1234,-285,530,938,3,43,-1,
2121790,2247246,167743,4837789,3305547,2856217,601,-139,860,899,74,296,-266,-3699,-1669,-10,43,1209,-285,530,938,-8,29,-12,
1345374,2247246,167743,4837789,3305547,2856217,622,-552,828,872,92,365,-525,-3934,-1922,-38,37,1261,-284,531,934,-7,23,-17,
1345374,1261156,167743,4837789,3305547,2856217,497,-720,1119,872,92,365,-893,-4014,-1993,-27,30,1262,-284,531,934,-10,24,-20,
1345374,1261156,167933,4837789,3305547,2856217,133,-725,1202,834,122,436,-1316,-3904,-1954,-49,19,1291,-289,529,936,-17,27,-28,
1345374,1261156,167933,4430272,3305547,2856217,24,-762,1283,834,122,436,-1750,-3671,-1810,-113,-13,1438,-284,528,942,-16,15,-32,
1345374,1261156,167933,4430272,4009804,2856217,-107,-739,1357,795,166,518,-2121,-3420,-1558,-55,15,1331,-284,528,942,-15,15,-36,
1345374,1261156,167933,4430272,4009804,3828969,-117,-608,1472,755,195,583,-2376,-3229,-1215,-11,32,1256,-285,529,938,-18,35,-36,
1345374,1261156,167933,4430272,4009804,3828969,-73,-401,1583,755,195,583,-2538,-3109,-904,-59,15,1337,-285,529,938,-15,42,-35,
1345374,1261156,167933,4430272,4009804,3828969,-42,-91,1738,709,229,636,-2633,-3071,-704,-52,15,1314,-282,525,933,-19,47,-39,
942965,1261156,167933,4430272,4009804,3828969,19,-46,1863,709,229,636,-2638,-3098,-612,-72,6,1350,-282,525,933,-20,50,-38,
942965,853931,167933,4430272,4009804,3828969,-26,9,1940,655,266,691,-2625,-3293,-729,-71,4,1323,-282,532,928,-28,53,-45,
942965,853931,167802,4430272,4009804,3828969,-70,27,2024,655,266,691,-2517,-3380,-891,-123,-14,1437,-282,532,928,-29,55,-43,
942965,853931,167802,3945485,4009804,3828969,-187,33,2107,593,315,718,-2331,-3400,-1080,-50,20,1282,-279,530,914,-33,64,-47,
942965,853931,167802,3945485,4179480,3828969,-252,-50,2197,537,348,769,-2098,-3329,-1253,-23,23,1234,-279,529,929,-34,72,-53,
942965,853931,167802,3945485,4179480,4212617,-326,-488,2297,537,348,769,-1925,-3175,-1339,-34,18,1273,-279,529,929,-45,79,-57,
942965,853931,167802,3945485,4179480,4212617,-444,-693,2347,482,380,812,-1928,-2978,-1345,-93,8,1371,-276,531,927,-54,99,-58,
942965,853931,167802,3945485,4179480,4212617,-443,-783,2562,482,380,812,-2147,-2811,-1287,-125,-10,1470,-276,531,927,-59,143,-85,
741570,853931,167802,3945485,4179480,4212617,-440,-623,2603,429,441,864,-2480,-2756,-1187,-133,-5,1444,-273,538,938,-127,299,-90,
741570,680937,167802,3945485,4179480,4212617,-541,-306,2743,348,512,919,-2690,-2793,-1098,-152,-3,1453,-273,538,938,-122,400,-86,
741570,680937,167159,3945485,4179480,4212617,-617,-101,2863,348,512,919,-2663,-2837,-1069,-126,10,1362,-260,547,934,-134,494,-88,
741570,680937,167159,2283159,4179480,4212617,-881,68,2944,233,606,945,-2562,-2855,-1090,-78,51,1271,-246,540,945,-167,605,-91,
741570,680937,167159,2283159,4525150,4212617,-972,286,2876,233,606,945,-2796,-3134,-1143,-117,40,1324,-246,540,945,-219,698,-96,
741570,680937,167159,2283159,4525150,4587668,-1283,651,2829,95,697,884,-2841,-3327,-1144,-197,95,1430,-228,544,935,-274,716,-101,
741570,680937,167159,2283159,4525150,4587668,-1785,1160,3005,95,697,822,-2559,-3357,-1117,-142,-35,1408,-228,544,935,-269,764,-102,
741570,680937,167159,2283159,4525150,4587668,-2441,1512,2814,-12,757,822,-1923,-3240,-1033,-197,-39,1615,-211,550,933,-127,852,-87,
619193,680937,167159,2283159,4525150,4587668,-2940,1288,2516,-83,771,776,-983,-3027,-798,-144,-38,1472,-211,550,933,128,914,-105,
619193,509529,167159,2283159,4525150,4587668,-3912,287,1437,-83,771,776,-152,-2848,-252,-195,-98,1818,-188,557,939,21,875,-80,
619193,509529,167704,2283159,4525150,4587668,-4463,319,1346,-123,768,762,-74,-2614,592,-162,-31,1499,-161,553,950,-120,980,-31,
619193,509529,167704,336007,4525150,4587668,-4774,1008,1711,-123,768,762,-845,-2025,1471,-234,-56,1718,-161,553,950,-128,1119,-9,
619193,509529,167704,336007,4895048,4587668,-4392,1901,1950,-99,811,716,-1656,-1010,2027,-290,-66,1839,-129,549,945,-164,1295,8,
619193,509529,167704,336007,4895048,4640402,-3799,2972,3919,-34,821,707,-1547,155,2116,-282,223,1759,-129,549,945,-260,1485,12,
619193,509529,167704,336007,4895048,4640402,-2324,4133,3000,-34,821,707,865,2395,839,-322,36,1765,-85,561,935,-385,1713,-4,
619193,509529,167704,336007,4895048,4640402,1096,-182,1873,13,709,820,7209,1927,383,-334,-6,1889,-85,561,935,-514,1917,-36,
4865360,509529,167704,336007,4895048,4640402,841,-895,3526,13,709,820,7223,1985,141,-333,20,2143,-30,579,923,-632,2143,-60,
4865360,921651,167704,336007,4895048,4640402,272,-1430,2937,61,605,916,2679,2892,-573,-390,15,2734,-30,579,923,-764,2514,-83,
4865360,921651,168113,336007,4895048,4640402,459,-398,1920,61,598,917,640,3514,-1174,-380,92,2681,44,595,900,-918,3134,-122,
4865360,921651,168113,257926,4895048,4640402,31,552,1896,123,598,917,764,3440,-1100,-359,196,2605,137,614,873,-1104,3801,-287,
4865360,921651,168113,257926,4474684,4640402,-75,518,2033,163,591,907,246,2552,-835,-417,76,3001,137,614,873,-1606,4741,-369,
4865360,921651,168113,257926,4474684,2494578,-61,23,1500,163,591,907,82,1482,-325,-474,-37,3445,245,649,821,-2037,5036,-396,
4865360,921651,168113,257926,4474684,2494578,29,-159,1394,189,594,907,-24,847,95,-670,-46,3449,245,649,821,-2341,5159,-403,
4865360,921651,168113,257926,4474684,2494578,34,-195,1340,189,594,907,-134,557,140,-702,446,3158,346,699,721,-2552,5274,-411,
5107441,921651,168113,257926,4474684,2494578,15,-208,1352,203,597,891,-118,448,105,-572,599,2820,346,699,721,-2395,5387,-510,
5107441,930412,168113,257926,4474684,2494578,-41,-190,1358,211,591,899,-81,175,16,-408,316,2794,427,733,632,-2242,5307,-645,
5107441,930412,492722,257926,4474684,2494578,-28,-180,1316,211,591,899,-41,91,-14,-420,453,3191,493,757,541,-2261,5186,-775,
5107441,930412,492722,169065,4474684,2494578,12,-177,1342,205,593,899,-15,54,-31,-167,659,3319,493,757,541,-2360,4943,-933,
5107441,930412,492722,169065,1753306,2494578,22,-173,1290,205,593,899,12,49,-35,491,884,2723,536,783,476,-2096,4445,-976,
5107441,930412,492722,169065,1753306,220271,41,-170,1334,210,600,896,34,64,-28,4306,1450,-1457,536,783,476,-1761,3407,-1044,
5107441,930412,492722,169065,1753306,220271,32,-174,1340,212,590,902,31,84,-16,2035,1190,521,542,805,394,-2193,2524,-1125,
5107441,930412,492722,169065,1753306,220271,5,-171,1344,212,590,902,7,98,-8,598,670,854,542,805,394,-1875,1524,-1229,
5065797,930412,492722,169065,1753306,220271,-6,-172,1308,214,592,899,-15,100,-13,1157,408,845,528,831,369,-377,113,-1172,
5065797,885614,492722,169065,1753306,220271,-10,-163,1301,214,592,899,-39,113,-30,1784,-52,489,528,831,413,83,-1408,-980,
5065797,885614,2854020,169065,1753306,220271,-6,-173,1315,217,594,901,-52,114,-43,1494,-71,521,498,829,413,-185,-2602,-656,
5065797,885614,2854020,831311,1753306,220271,-12,-168,1359,217,594,901,-62,98,-33,890,46,818,469,845,443,-534,-3239,-270,
5065797,885614,2854020,831311,848910,220271,11,-185,1330,219,600,900,-26,101,-15,654,233,887,469,845,443,-760,-3577,119,
5065797,885614,2854020,831311,848910,164733,-7,-177,1321,222,591,904,-3,106,-4,461,643,966,445,855,463,-798,-3771,354,
5065797,885614,2854020,831311,848910,164733,-13,-180,1322,222,591,904,11,102,-5,300,809,1114,445,855,463,-618,-3954,463,
5065797,885614,2854020,831311,848910,164733,3,-182,1321,225,588,903,27,106,1,239,909,1130,413,860,507,-242,-4111,484,
4816849,885614,2854020,831311,848910,164733,0,-168,1350,225,588,903,35,119,6,149,846,1287,413,860,507,300,-4319,422,
4816849,3796708,2854020,831311,848910,164733,-22,-161,1341,224,594,896,34,137,1,78,723,1379,372,865,562,1281,-4424,389,
4816849,3796708,4187273,831311,848910,164733,-20,-161,1340,232,585,904,40,158,4,-41,541,1471,311,840,666,1556,-4477,383,
4816849,3796708,4187273,673970,848910,164733,-52,-163,1291,232,585,904,47,184,9,-183,355,1672,311,840,666,1667,-4496,406,
4816849,3796708,4187273,673970,181678,164733,-17,-163,1334,239,578,899,47,183,19,-277,258,1912,220,811,719,1681,-4478,482,
4816849,3796708,4187273,673970,181678,164904,-53,-151,1303,239,578,899,51,184,19,-453,206,1952,220,811,719,1707,-4437,584,
4816849,3796708,4187273,673970,181678,164904,-47,-145,1312,241,586,903,54,180,19,-548,197,1979,123,781,788,1747,-4345,684,
4816849,3796708,4187273,673970,181678,164904,-45,-147,1319,241,586,903,55,171,21,-770,141,2212,123,781,788,1813,-4163,781,
3987987,3796708,4187273,673970,181678,164904,-30,-155,1355,244,583,910,48,170,14,-818,124,2206,28,746,828,1875,-3872,867,
3987987,4291165,4187273,673970,181678,164904,-65,-146,1321,250,572,901,46,170,15,-749,42,2280,-40,705,837,1914,-3585,996,
3987987,4291165,4511615,673970,181678,164904,-21,-148,1298,250,572,901,44,170,10,-673,-31,2378,-40,705,837,1911,-3433,1194,
3987987,4291165,4511615,701877,181678,164904,-76,-138,1315,255,573,900,40,186,7,-636,-70,2503,-88,681,850,1838,-3432,1443,
3987987,4291165,4511615,701877,165055,164904,-74,-133,1334,255,573,900,38,188,12,-651,7,2574,-88,681,850,1738,-3500,1705,
3987987,4291165,4511615,701877,165055,164478,-54,-154,1301,258,575,893,23,186,0,-838,63,2646,-117,670,876,1666,-3576,1914,
3987987,4291165,4511615,701877,165055,164478,-67,-137,1342,259,569,902,19,204,-4,-920,69,2748,-117,670,876,1680,-3574,2038,
3987987,4291165,4511615,701877,165055,164478,-123,-137,1260,259,569,902,4,207,-6,-966,20,2660,-163,657,931,1719,-3522,2097,
2424695,4291165,4511615,701877,165055,164478,-64,-159,1354,268,568,896,-6,188,-10,-1151,-43,2764,-163,657,931,1690,-3440,2122,
2424695,4354085,4511615,701877,165055,164478,-82,-155,1293,268,568,896,-7,133,-6,-1201,19,2596,-239,624,955,1541,-3328,2098,
2424695,4354085,4612466,701877,165055,164478,-108,-155,1316,270,568,896,-2,104,6,-1284,138,2563,-324,599,963,1353,-3177,1985,
2424695,4354085,4612466,421267,165055,164478,-89,-188,1288,270,568,896,-4,80,15,-1340,249,2424,-324,599,963,1271,-3025,1519,
2424695,4354085,4612466,421267,165266,164478,-117,-186,1313,273,569,902,11,69,40,-1344,248,2161,-387,560,955,1318,-2686,1200,
2424695,4354085,4612466,421267,165266,164649,-105,-185,1287,272,559,901,27,50,57,-1479,156,1995,-387,560,955,1598,-2407,898,
2424695,4354085,4612466,421267,165266,164649,-72,-152,1288,272,559,901,27,24,74,-1536,89,1858,-440,522,936,1667,-2072,630,
2424695,4354085,4612466,421267,165266,164649,-125,-113,1297,276,555,908,25,18,87,-1561,78,1708,-440,522,936,1696,-1753,390,
2339686,4354085,4612466,421267,165266,164649,-77,-104,1345,276,555,908,19,17,88,-1686,-8,1672,-476,481,924,1762,-1478,169,
2339686,4551703,4612466,421267,165266,164649,-81,-103,1376,277,563,895,16,38,78,-1738,-189,1516,-494,417,943,1883,-1258,-13,
2339686,4551703,4599735,421267,165266,164649,-107,-132,1337,283,551,901,7,60,68,-1785,-493,1362,-494,417,943,1914,-1009,-105,
2339686,4551703,4599735,338154,165266,164649,-105,-105,1347,283,551,901,0,84,58,-1826,-794,1223,-507,372,947,1692,-731,-86,
2339686,4551703,4599735,338154,165572,164649,-91,-160,1313,288,552,911,2,124,55,-1900,-1001,1195,-507,372,947,1210,-483,0,
2339686,4551703,4599735,338154,165572,164800,-118,-196,1339,288,552,911,28,151,78,-1849,-846,1210,-512,352,942,642,-273,85,
2339686,4551703,4599735,338154,165572,164800,-118,-218,1316,288,552,901,39,178,110,-1771,-610,1170,-512,352,942,150,-97,151,
2339686,4551703,4599735,338154,165572,164800,-141,-229,1328,288,552,901,57,186,155,-1716,-396,1271,-506,358,936,-174,119,178,
1633354,4551703,4599735,338154,165572,164800,-168,-232,1418,298,550,899,33,174,213,-1551,-248,1171,-506,358,948,-304,338,196,
1633354,4623070,4599735,338154,165572,164800,-146,-316,1458,307,546,897,-46,198,295,-1425,-295,1193,-488,362,948,-292,494,255,
1633354,4623070,4571646,338154,165572,164800,-127,-569,1331,307,546,897,-54,228,405,-1305,-413,1131,-470,373,960,-260,552,387,
1633354,4623070,4571646,3384111,165572,164800,-219,-685,1370,323,541,899,-43,259,577,-1137,-343,1200,-470,373,960,-478,877,565,
1633354,4623070,4571646,3384111,166068,164800,-207,-802,1508,323,541,899,-57,307,835,1124,326,733,-395,414,973,-1339,2519,706,
1633354,4623070,4571646,3384111,166068,165597,-239,-837,1762,348,538,884,-68,391,1146,313,183,1493,-395,414,973,-2296,3417,478,
1633354,4623070,4571646,3384111,166068,165597,-257,-982,2054,394,522,871,-79,969,1860,137,318,3269,-272,479,977,-2570,4466,334,
1633354,4623070,4571646,3384111,166068,165597,-296,-1177,2259,394,522,871,-149,1454,2295,63,-446,2931,-272,479,977,-1688,5516,834,
1180291,4623070,4571646,3384111,166068,165597,-249,-1397,2018,469,500,847,-210,1910,2784,-467,-381,2331,-124,521,992,-1371,3243,153,
1180291,4556956,4571646,3384111,166068,165597,-222,-1325,2121,469,500,847,-253,2276,3284,-303,-39,1712,-67,528,973,-365,1513,52,
1180291,4556956,3137315,3384111,166068,165597,-155,-1192,2531,567,464,791,-278,2620,3709,-160,-51,1450,-67,528,973,-85,589,48,
1180291,4556956,3137315,5019663,166068,165597,-60,-906,3111,567,464,729,-175,3104,4030,-132,234,1363,-58,529,979,2,177,-11,
1180291,4556956,3137315,5019663,166842,165597,12,-796,3688,677,407,729,-35,3810,4143,-43,26,1308,-58,529,979,22,78,4,
1180291,4556956,3137315,5019663,166842,179274,198,-492,3975,788,333,645,-8,4393,4029,-98,5,1405,-59,539,979,30,39,36,
1180291,4556956,3137315,5019663,166842,179274,904,-71,2420,788,333,645,87,4468,3754,-64,36,1288,-59,539,979,20,26,42,
1180291,4556956,3137315,5019663,166842,179274,908,-975,1705,867,253,558,610,4028,3382,-73,53,1244,-61,540,976,11,11,6,
658465,4556956,3137315,5019663,166842,179274,920,-1491,1253,867,253,558,540,3592,3167,-88,20,1330,-55,533,969,15,21,-8,
658465,2190985,3137315,5019663,166842,179274,1681,-1247,861,918,190,491,-814,2596,3503,-33,39,1301,-55,533,969,7,34,-4,
658465,2190985,474787,5019663,166842,179274,2286,-463,70,953,115,445,-843,2054,3421,-41,32,1303,-52,528,967,-15,41,-13,
658465,2190985,474787,4825150,166842,179274,2480,911,-1998,953,115,445,-558,1161,2693,-2,13,1321,-52,528,967,-41,29,-27,
658465,2190985,474787,4825150,166122,179274,2136,333,766,957,67,461,91,-276,1677,-59,-7,1358,-54,530,985,-35,28,-16,
658465,2190985,474787,4825150,166122,3258392,1304,443,521,957,67,461,305,-1437,887,-43,9,1370,-54,530,985,-26,32,-9,
658465,2190985,474787,4825150,166122,3258392,1000,287,389,932,56,503,118,-2111,185,41,47,1223,-51,538,992,-28,39,-19,
658465,2190985,474787,4825150,166122,3258392,990,-112,489,932,57,558,178,-2354,-458,30,39,1270,-51,538,992,-23,54,-26,
1410828,2190985,474787,4825150,166122,3258392,700,-264,590,905,57,558,1,-2336,-754,-4,4,1342,-53,534,978,-22,76,-27,
1410828,905492,474787,4825150,166122,3258392,515,-391,672,871,74,617,-422,-2218,-811,-36,21,1378,-49,530,990,-41,110,-28,
1410828,905492,167959,4825150,166122,3258392,526,-240,851,871,74,617,-891,-2135,-779,-63,21,1365,-49,530,990,-56,169,-52,
1410828,905492,167959,4161504,166122,3258392,456,-41,1003,837,98,672,-1295,-2145,-574,-45,7,1302,-44,532,988,-70,212,-84,
1410828,905492,167959,4161504,4229756,3258392,365,148,1177,837,98,672,-1518,-2346,-494,-31,-15,1302,-44,532,988,-87,297,-78,
1410828,905492,167959,4161504,4229756,4235024,245,269,1274,790,135,726,-1364,-2460,-433,-52,2,1329,-38,537,975,-66,273,-47,
1410828,905492,167959,4161504,4229756,4235024,156,233,1376,737,152,805,-1176,-2553,-378,-24,28,1247,-38,537,975,-43,271,-46,
1410828,905492,167959,4161504,4229756,4235024,72,105,1468,737,152,805,-1122,-2627,-318,-59,23,1279,-28,545,966,-35,235,-45,
1164522,905492,167959,4161504,4229756,4235024,-76,19,1829,669,179,863,-1255,-2650,-288,-45,39,1213,-22,536,989,-40,226,-58,
1164522,691601,167959,4161504,4229756,4235024,-224,82,1956,669,179,863,-1487,-2648,-283,-85,1,1335,-22,536,989,-41,216,-57,
1164522,691601,168077,4161504,4229756,4235024,-378,153,2090,588,231,916,-1673,-2613,-290,-106,6,1112,-18,542,985,-48,223,-56,
1164522,691601,168077,2868053,4229756,4235024,-561,281,2173,507,273,944,-1771,-2490,-301,-60,24,1204,-18,542,985,-56,201,-62,
1164522,691601,168077,2868053,4550943,4235024,-714,311,2143,507,273,944,-1758,-2307,-297,-87,8,1285,-15,545,976,-42,146,-61,
1164522,691601,168077,2868053,4550943,4326303,-930,337,2184,430,314,947,-1632,-2079,-301,-134,-33,1425,-15,545,976,-24,84,-36,
1164522,691601,168077,2868053,4550943,4326303,-1229,220,2145,430,314,947,-1159,-1604,-174,-100,0,1316,-16,546,975,-8,28,-12,
1164522,691601,168077,2868053,4550943,4326303,-1280,104,2170,366,344,937,-986,-1336,-69,-110,3,1342,-16,553,969,9,-17,-8,
732273,691601,168077,2868053,4550943,4326303,-1305,-25,2072,366,344,937,-974,-1165,-7,-92,14,1320,-14,553,969,6,-29,-10,
732273,520397,168077,2868053,4550943,4326303,-1227,-91,1893,322,362,913,-1176,-1212,-44,-116,-7,1337,-13,544,963,7,-12,-17,
732273,520397,167396,2868053,4550943,4326303,-1187,172,1686,274,377,895,-1406,-1468,-222,-109,-13,1336,-13,544,963,-1,-2,-17,
732273,520397,167396,3111334,4550943,4326303,-1105,479,1497,274,377,895,-1367,-1774,-498,-80,-10,1300,-12,543,979,9,-22,-22,
732273,520397,167396,3111334,4636163,4326303,-1640,823,1504,215,388,876,-1044,-1893,-765,-63,25,1261,-12,543,979,18,-51,-17,
732273,520397,167396,3111334,4636163,4144173,-2517,1494,2831,215,388,876,-312,-1674,-1005,-103,4,1353,-18,550,983,30,-61,-7,
732273,520397,167396,3111334,4636163,4144173,-2012,1403,951,169,379,885,931,-1000,-1179,-140,-20,1411,-18,550,983,17,-73,-14,
732273,520397,167396,3111334,4636163,4144173,-2145,834,1300,143,331,881,1628,-571,-1378,-100,1,1334,-20,547,969,18,-91,-12,
4010853,520397,167396,3111334,4636163,4144173,-3194,-184,3139,143,331,881,2251,-96,-1478,-81,-5,1347,-21,540,959,32,-113,-1,
4010853,500398,167396,3111334,4636163,4144173,-2579,323,1489,171,321,872,132,2126,-1127,-94,-13,1390,-21,540,959,2,-1,-5,
4010853,500398,168218,3111334,4636163,4144173,114,-5,1660,171,321,872,341,1993,-469,-88,39,1252,-16,539,980,-42,164,-41,
4010853,500398,168218,3076333,4636163,4144173,80,-146,1427,196,323,868,184,1116,-29,-34,32,1199,-16,539,980,-68,244,-47,
4010853,500398,168218,3076333,4611015,4144173,89,-157,1424,196,323,868,28,573,51,-100,-4,1292,-15,547,974,-49,205,-47,
4010853,500398,168218,3076333,4611015,4040804,-5,-153,1332,212,327,859,-34,312,133,-141,-28,1357,-15,547,974,-7,66,-25,
4010853,500398,168218,3076333,4611015,4040804,13,-161,1331,221,318,868,-38,208,183,-150,-32,1334,-15,551,978,61,-163,6,
4010853,500398,168218,3076333,4611015,4040804,-3,-190,1271,221,318,868,-11,215,208,-67,11,1243,-22,541,960,122,-345,29,
4633575,500398,168218,3076333,4611015,4040804,26,-191,1308,229,313,867,5,258,119,-77,6,1310,-22,541,960,135,-406,31,
4633575,576108,168218,3076333,4611015,4040804,-15,-157,1323,229,313,867,7,319,30,-45,13,1283,-33,538,971,103,-356,16,
4633575,576108,169225,3076333,4611015,4040804,-32,-155,1331,238,315,865,12,357,42,-50,5,1353,-33,538,971,75,-270,5,
4633575,576108,169225,3997844,4611015,4040804,-63,-162,1317,243,312,867,19,334,163,-39,10,1372,-37,536,964,31,-104,-6,
4633575,576108,169225,3997844,4336225,4040804,-40,-157,1372,243,312,867,-22,112,85,-65,-5,1369,-37,536,964,-29,120,-27,
4633575,576108,169225,3997844,4336225,3657095,-11,-171,1293,249,306,866,-5,71,69,-43,20,1273,-32,542,984,-54,220,-24,
4633575,576108,169225,3997844,4336225,3657095,-58,-153,1354,249,306,866,20,85,86,-53,24,1254,-32,542,980,-47,202,-16,
4633575,576108,169225,3997844,4336225,3657095,10,-177,1348,251,308,864,24,90,66,-59,12,1293,-29,541,980,-33,148,-18,
4347276,576108,169225,3997844,4336225,3657095,-43,-180,1286,251,308,864,27,109,49,-22,40,1212,-22,540,980,-38,153,-27,
4347276,3195546,169225,3997844,4336225,3657095,-50,-169,1316,252,308,857,24,114,40,-29,37,1233,-22,540,980,-46,157,-36,
4347276,3195546,1211998,3997844,4336225,3657095,-39,-173,1332,256,300,860,9,114,32,-83,1,1296,-20,542,963,-56,153,-39,
4347276,3195546,1211998,3428814,4336225,3657095,-40,-164,1342,256,300,860,-1,102,21,-40,28,1202,-20,542,963,-41,119,-31,
4347276,3195546,1211998,3428814,4495240,3657095,-72,-163,1284,257,301,858,-5,108,14,-95,6,1278,-20,546,976,-7,63,-1,
4347276,3195546,1211998,3428814,4495240,3344284,-34,-165,1378,257,301,858,-4,117,10,-70,11,1295,-20,546,976,52,-153,-1,
4347276,3195546,1211998,3428814,4495240,3344284,-64,-163,1294,259,303,856,-7,101,1,-18,23,1285,-23,550,965,27,-77,-15,
4347276,3195546,1211998,3428814,4495240,3344284,-48,-162,1330,261,300,861,-25,68,1,-45,11,1305,-20,539,958,-21,60,-30,
3859071,3195546,1211998,3428814,4495240,3344284,-44,-163,1294,261,300,861,-38,22,-4,-83,4,1327,-20,539,958,-40,106,-32,
3859071,3809981,1211998,3428814,4495240,3344284,-75,-148,1316,261,301,869,-48,-19,-31,-81,1,1330,-18,541,966,-24,75,-28,
3859071,3809981,1597534,3428814,4495240,3344284,-50,-163,1318,261,301,869,-56,-57,-29,-131,-21,1368,-18,541,966,-4,30,-17,
3859071,3809981,1597534,3534987,4495240,3344284,-45,-170,1298,257,307,863,-52,-46,-28,-75,3,1326,-19,550,977,13,7,-2,
3859071,3809981,1597534,3534987,4468645,3344284,-57,-180,1334,257,307,858,-36,-1,-18,-68,20,1301,-19,550,977,1,37,-7,
3859071,3809981,1597534,3534987,4468645,3488814,-54,-179,1298,259,303,858,-28,56,-8,-77,10,1323,-18,556,955,-20,77,-17,
3859071,3809981,1597534,3534987,4468645,3488814,-38,-170,1351,264,299,860,-26,81,12,-76,18,1288,-15,548,976,-28,108,-25,
3859071,3809981,1597534,3534987,4468645,3488814,-55,-143,1296,264,299,860,-37,71,13,-116,-5,1333,-15,548,976,-17,110,-30,
3626045,3809981,1597534,3534987,4468645,3488814,-99,-142,1357,266,300,867,-38,52,-249,-154,-25,1415,-15,543,987,-9,60,-29,
3626045,4114286,1597534,3534987,4468645,3488814,-47,-142,1345,266,300,867,-51,42,-20,-114,-5,1355,-15,543,987,16,-29,-19,
3626045,4114286,2519607,3534987,4468645,3488814,-96,-165,1255,264,300,866,-53,46,-23,-101,8,1350,-17,545,968,30,-70,-3,
3626045,4114286,2519607,3537290,4468645,3488814,-33,-152,1360,269,297,859,-53,37,-33,-135,12,1382,-17,545,968,7,-24,-15,
3626045,4114286,2519607,3537290,4374737,3488814,-77,-146,1322,269,297,859,-53,28,-37,-59,33,1246,-19,552,967,-12,34,-29,
3626045,4114286,2519607,3537290,4374737,3522158,-46,-155,1329,267,299,859,-56,20,-38,-89,5,1299,-19,552,967,-10,63,-30,
3626045,4114286,2519607,3537290,4374737,3522158,-64,-152,1409,267,299,859,-49,17,-30,-104,-2,1338,-15,548,974,2,61,-26,
3626045,4114286,2519607,3537290,4374737,3522158,-88,-159,1246,267,304,864,-46,28,-25,-63,-3,1250,-16,543,983,16,34,-22,
3120482,4114286,2519607,3537290,4374737,3522158,-69,-155,1309,267,303,864,-45,34,-25,-119,-15,1368,-16,543,983,17,-5,4,
3120482,4115902,2519607,3537290,4374737,3522158,-40,-175,1304,269,303,864,-34,36,-27,-102,-5,1345,-16,545,976,33,-36,-4,
3120482,4115902,2943036,3537290,4374737,3522158,-65,-141,1383,268,300,863,-29,32,-23,-57,17,1250,-16,545,976,22,-29,-8,
3120482,4115902,2943036,3637061,4374737,3522158,-100,-151,1326,268,300,863,-40,34,-18,-97,0,1328,-22,549,976,8,3,-10,
3120482,4115902,2943036,3637061,4209243,3522158,-85,-185,1263,273,304,850,-23,113,-13,-62,16,1277,-22,549,976,-10,64,-13,
3120482,4115902,2943036,3637061,4209243,3598487,-44,-196,1285,273,304,850,-8,141,-5,-92,5,1318,-21,553,964,-29,115,-22,
3120482,4115902,2943036,3637061,4209243,3598487,-107,-175,1346,271,307,852,-5,141,8,-117,-7,1397,-14,542,982,-37,136,-14,
3120482,4115902,2943036,3637061,4209243,3598487,-105,-157,1315,274,294,852,-1,126,17,-110,-5,1318,-14,542,982,-31,117,-15,
2278099,4115902,2943036,3637061,4209243,3598487,-73,-148,1355,274,294,852,-1,112,11,-78,-5,1269,-8,545,966,-2,62,-4,
2278099,4280294,2943036,3637061,4209243,3598487,-78,-127,1377,279,295,855,-13,82,0,-66,21,1220,-8,545,966,9,29,1,
2278099,4280294,3125243,3637061,4209243,3598487,-89,-137,1303,279,295,855,-19,59,-4,-90,10,1299,-11,541,972,2,35,3,
2278099,4280294,3125243,2979513,4209243,3598487,-89,-147,1375,280,301,861,-25,66,-8,-147,-8,1408,-11,541,972,-20,79,2,
2278099,4280294,3125243,2979513,4200782,3598487,-76,-159,1381,278,293,852,-24,71,-11,-137,6,1388,-7,559,981,-48,130,-3,
2278099,4280294,3125243,2979513,4200782,3605427,-107,-160,1259,278,293,852,-24,70,-15,-165,-22,1404,-7,550,958,-45,133,-7,
2278099,4280294,3125243,2979513,4200782,3605427,-57,-149,1388,287,292,858,-18,86,-20,-130,-6,1356,-6,550,958,-43,91,-5,
2278099,4280294,3125243,2979513,4200782,3605427,-88,-146,1368,287,292,858,-13,75,-15,-171,-40,1397,-5,549,976,-17,43,-4,
1809507,4280294,3125243,2979513,4200782,3605427,-139,-139,1293,286,293,854,-18,76,-19,-120,-9,1241,-5,549,976,5,16,5,
1809507,4352777,3125243,2979513,4200782,3605427,-101,-147,1224,286,293,854,-23,50,-24,-112,-7,1321,-4,545,961,1,12,1,
1809507,4352777,3264555,2979513,4200782,3605427,-88,-136,1302,282,298,859,-26,22,-26,-88,8,1268,-4,545,961,-8,24,6,
1809507,4352777,3264555,2662028,4200782,3605427,-107,-152,1275,284,288,856,-38,-2,-34,-86,8,1287,-4,553,977,-19,54,5,
1809507,4352777,3264555,2662028,4199353,3605427,-73,-146,1344,284,288,856,-53,-12,-32,-161,-3,1364,-4,553,977,-28,77,-255,
1809507,4352777,3264555,2662028,4199353,3505259,-99,-148,1311,286,290,857,-68,-19,-26,-94,12,1266,-1,552,962,-32,83,-10,
1809507,4352777,3264555,2662028,4199353,3505259,-94,-124,1322,286,290,857,-69,-19,-28,-101,8,1249,0,550,951,-20,83,2,
1809507,4352777,3264555,2662028,4199353,3505259,-114,-142,1358,283,295,844,-80,-30,-40,-132,-23,1365,0,550,951,-19,86,3,
1960441,4352777,3264555,2662028,4199353,3505259,-98,-152,1337,288,294,850,-89,-19,-49,-149,247,1297,5,551,972,-47,127,-4,
1960441,4353523,3264555,2662028,4199353,3505259,-61,-165,1295,288,294,850,-65,16,-35,-159,1,1384,5,551,972,-70,167,-3,
1960441,4353523,3474541,2662028,4199353,3505259,-96,-159,1338,287,286,861,-40,17,-24,-121,13,1290,8,553,965,-91,180,-10,
1960441,4353523,3474541,1786789,4199353,3505259,-115,-150,1300,287,286,861,-24,24,-14,-111,-11,1283,8,553,965,-90,172,-13,
1960441,4353523,3474541,1786789,4229421,3505259,-87,-137,1343,285,292,857,-27,13,-21,-113,-32,1282,8,562,974,-83,131,-4,
1960441,4353523,3474541,1786789,4229421,3473829,-85,-145,1312,285,292,857,-42,-11,-23,-178,-53,1359,13,557,962,-47,83,7,
1960441,4353523,3474541,1786789,4229421,3473829,-94,-137,1296,283,293,857,-61,-38,-31,-129,-11,1279,13,557,962,-16,48,14,
1960441,4353523,3474541,1786789,4229421,3473829,-113,-134,1294,283,290,857,-75,-63,-37,-138,-10,1301,15,556,976,9,5,8,
2091938,4353523,3474541,1786789,4229421,3473829,-109,-145,1364,283,290,857,-78,-69,-40,-137,-14,1358,15,556,976,3,-16,3,
2091938,4361577,3474541,1786789,4229421,3473829,-83,-141,1362,282,297,851,-84,-69,-43,-124,-23,1300,12,554,972,1,-4,5,
2091938,4361577,3565344,1786789,4229421,3473829,-102,-159,1323,282,297,851,-88,-73,-49,-139,-20,1319,12,554,972,-3,23,5,
2091938,4361577,3565344,1327525,4229421,3473829,-39,-157,1351,279,294,856,-83,-67,-42,-150,-11,1339,15,569,959,-12,29,5,
2091938,4361577,3565344,1327525,4296451,3473829,-82,-147,1360,278,291,858,-63,-31,-44,-154,-15,1321,15,569,959,-12,23,3,
2091938,4361577,3565344,1327525,4296451,3434839,-52,-164,1308,278,291,858,-59,-14,-47,-138,-11,1297,12,561,969,-10,7,0,
2091938,4361577,3565344,1327525,4296451,3434839,-116,-148,1401,280,293,860,-56,-3,-48,-127,-13,1274,13,557,953,5,-32,-4,
2091938,4361577,3565344,1327525,4296451,3434839,-104,-143,1271,280,293,860,-56,-5,-33,-172,-28,1375,13,557,953,28,-79,2,
2448802,4361577,3565344,1327525,4296451,3434839,-62,-153,1311,277,292,854,-60,-1,-39,-118,-5,1309,8,554,974,60,-111,6,
2448802,4438604,3565344,1327525,4296451,3434839,-79,-148,1316,277,292,854,-62,-4,-42,-159,-28,1424,8,554,974,63,-51,13,
2448802,4438604,3678819,1327525,4296451,3434839,-89,-133,1377,277,299,858,-56,-3,-38,-142,2,1344,8,555,963,-6,20,16,
2448802,4438604,3678819,1806937,4296451,3434839,-61,-155,1310,279,295,864,-50,7,-34,-185,-21,1414,8,555,963,-51,65,14,
2448802,4438604,3678819,1806937,4394634,3434839,-90,-148,1325,279,295,864,-44,24,-34,-111,-6,1267,8,562,967,-56,78,10,
2448802,4438604,3678819,1806937,4394634,3257200,-102,-158,1280,281,292,853,-37,41,-26,-152,-26,1323,10,556,966,-35,46,12,
2448802,4438604,3678819,1806937,4394634,3257200,-83,-139,1317,281,292,853,-34,30,-40,-117,-14,1266,10,556,966,1,-6,7,
2448802,4438604,3678819,1806937,4394634,3257200,-62,-160,1356,283,300,852,-45,15,-41,-155,-17,1333,13,554,980,31,-50,7,
2104281,4438604,3678819,1806937,4394634,3257200,-85,-154,1298,283,295,856,-50,14,-40,-98,4,1233,13,554,980,52,-64,7,
2104281,4496877,3678819,1806937,4394634,3257200,-80,-158,1295,283,295,856,-52,13,-40,-133,-25,1339,8,555,972,54,-61,12,
2104281,4496877,3669676,1806937,4394634,3257200,-44,-147,1363,279,289,867,-46,25,-38,-76,15,1210,8,555,972,46,-51,13,
2104281,4496877,3669676,2132290,4394634,3257200,-94,-153,1318,279,289,867,-46,22,-35,-109,1,1276,6,561,961,42,-33,12,
2104281,4496877,3669676,2132290,4383194,3257200,-124,-139,1367,279,300,861,-39,20,-40,-101,14,1252,6,560,976,47,-36,9,
2104281,4496877,3669676,2132290,4383194,2992450,-88,-154,1312,279,300,861,-45,6,-51,-157,-31,1367,7,560,976,51,-40,19,
2104281,4496877,3669676,2132290,4383194,2992450,-97,-133,1392,280,294,861,-47,-1,-46,-180,-24,1417,4,551,963,57,-60,19,
2104281,4496877,3669676,2132290,4383194,2992450,-98,-160,1271,282,293,857,-48,-9,-46,-112,-3,1280,4,551,963,60,-73,18,
1980140,4496877,3669676,2132290,4383194,2992450,-121,-154,1250,282,293,857,-49,-5,-45,-159,-17,1370,1,548,964,57,-72,15,
1980140,4462734,3669676,2132290,4383194,2992450,-87,-150,1390,281,289,854,-48,5,-47,-173,-28,1395,1,548,964,56,-88,20,
1980140,4462734,3343061,2132290,4383194,2992450,-82,-155,1292,281,289,854,-41,6,-45,-126,-11,1347,-2,554,963,71,-99,28,
1980140,4462734,3343061,2717118,4383194,2992450,-107,-141,1350,281,301,862,-57,-18,-49,-130,-12,1329,-2,554,963,70,-112,23,
1980140,4462734,3343061,2717118,4256754,2992450,-82,-152,1255,280,297,850,-61,-34,-48,-108,6,1319,-5,549,955,79,-124,19,
1980140,4462734,3343061,2717118,4256754,2852334,-81,-134,1391,280,297,850,-70,-44,-52,-156,-20,1392,-9,545,964,84,-124,21,
1980140,4462734,3343061,2717118,4256754,2852334,-125,-151,1276,282,294,861,-84,-60,-47,-145,-11,1359,-9,545,964,86,-157,25,
1980140,4462734,3343061,2717118,4256754,2852334,-53,-150,1351,282,294,861,-80,-63,-48,-130,-2,1331,-13,545,962,98,-176,31,
2494965,4462734,3343061,2717118,4256754,2852334,-103,-152,1308,273,304,846,-82,-66,-45,-118,-6,1356,-13,545,962,89,-193,36,
2494965,4316917,3343061,2717118,4256754,2852334,-63,-157,1344,273,302,856,-87,-88,-49,-84,5,1284,-15,543,976,85,-207,32,
2494965,4316917,2895898,2717118,4256754,2852334,-80,-157,1322,275,302,856,-102,-107,-50,-54,5,1257,-15,543,976,88,-233,23,
2494965,4316917,2895898,3736673,4256754,2852334,-83,-145,1248,272,297,858,-113,-169,-63,-71,16,1303,-25,547,981,76,-243,17,
2494965,4316917,2895898,3736673,3799617,2852334,-61,-177,1290,272,297,858,-121,-188,-66,-127,-12,1416,-24,541,996,68,-238,19,
2494965,4316917,2895898,3736673,3799617,2369814,-65,-156,1375,267,303,865,-120,-179,-67,-96,-1,1385,-24,541,996,65,-198,15,
2494965,4316917,2895898,3736673,3799617,2369814,-37,-165,1314,267,303,865,-99,-128,-61,-70,8,1321,-33,537,985,54,-170,12,
2494965,4316917,2895898,3736673,3799617,2369814,-58,-166,1308,266,307,866,-84,-88,-52,-21,24,1246,-33,537,985,45,-154,14,
3746723,4316917,2895898,3736673,3799617,2369814,-52,-157,1376,259,301,866,-83,-70,-48,-66,14,1337,-35,535,985,53,-143,4,
3746723,3922181,2895898,3736673,3799617,2369814,-53,-157,1348,259,301,866,-87,-81,-49,-50,13,1261,-35,535,985,48,-147,2,
3746723,3922181,1928442,3736673,3799617,2369814,-31,-177,1338,262,301,864,-89,-106,-56,-49,24,1325,-40,542,965,52,-136,-7,
3746723,3922181,1928442,4218692,3799617,2369814,-47,-172,1322,257,306,864,-101,-105,-60,-44,20,1329,-41,531,981,42,-114,-7,
3746723,3922181,1928442,4218692,2902869,2369814,-36,-160,1324,257,306,864,-97,-95,-58,-43,13,1311,-41,531,981,39,-94,-12,
3746723,3922181,1928442,4218692,2902869,2180220,-31,-171,1339,256,304,867,-91,-67,-51,-34,10,1338,-45,528,973,23,-67,-21,
3746723,3922181,1928442,4218692,2902869,2180220,-41,-168,1291,256,304,867,-84,-34,-49,-60,-6,1369,-45,528,973,21,-35,-14,
3746723,3922181,1928442,4218692,2902869,2180220,-48,-168,1328,252,304,870,-75,-21,-44,-44,20,1325,-46,534,965,17,2,-23,
4122123,3922181,1928442,4218692,2902869,2180220,-8,-177,1316,252,304,870,-64,-19,-40,-56,4,1355,-46,534,957,12,25,-18,
4122123,3876295,1928442,4218692,2902869,2180220,-28,-167,1330,253,311,870,-60,-17,-39,-45,14,1292,-44,536,957,-1,43,-22,
4122123,3876295,1468348,4218692,2902869,2180220,-30,-177,1331,256,306,864,-56,-17,-36,-44,10,1328,-40,531,966,-1,31,-26,
4122123,3876295,1468348,4233039,2902869,2180220,-9,-172,1336,256,306,864,-55,-8,-39,-60,2,1341,-40,531,966,3,15,-24,
4122123,3876295,1468348,4233039,3047972,2180220,-31,-174,1258,252,303,868,-57,-9,-45,-47,6,1324,-42,532,978,9,7,-25,
4122123,3876295,1468348,4233039,3047972,2418340,-50,-164,1362,252,303,868,-60,-4,-40,-58,2,1370,-42,532,978,8,31,-18,
4122123,3876295,1468348,4233039,3047972,2418340,-50,-157,1334,255,310,875,-57,-6,-40,-16,24,1265,-42,535,982,-11,47,-24,
4122123,3876295,1468348,4233039,3047972,2418340,-10,-180,1307,250,307,859,-50,-8,-40,-44,21,1325,-42,535,982,-14,50,-29,
4187230,3876295,1468348,4233039,3047972,2418340,-31,-169,1348,250,307,859,-59,-19,-43,-22,24,1276,-39,542,973,2,43,-25,
4187230,3966739,1468348,4233039,3047972,2418340,-38,-157,1356,250,306,863,-61,-19,-37,-104,-9,1401,-38,532,960,2,31,-19,
4187230,3966739,1988956,4233039,3047972,2418340,-33,-175,1298,250,306,863,-54,8,-40,-61,16,1357,-38,532,960,-4,23,-24,
4187230,3966739,1988956,4027703,3047972,2418340,-12,-168,1404,252,306,857,-45,29,-23,-96,1,1270,-41,531,963,-6,28,-20,
4187230,3966739,1988956,4027703,3185090,2418340,-38,-154,1301,252,306,857,-44,41,-25,-59,6,1339,-41,531,963,-4,58,-34,
4187230,3966739,1988956,4027703,3185090,2692035,-63,-163,1319,253,306,856,-46,46,-24,-68,-2,1380,-37,538,976,-4,71,-27,
4187230,3966739,1988956,4027703,3185090,2692035,-34,-154,1337,254,309,864,-39,35,-21,-96,-15,1387,-37,538,976,-11,91,-28,
4187230,3966739,1988956,4027703,3185090,2692035,-44,-170,1341,254,309,864,-42,27,-21,-92,6,1377,-36,541,971,-15,77,-26,
3929456,3966739,1988956,4027703,3185090,2692035,-34,-168,1315,255,307,858,-35,35,-16,-57,14,1298,-36,540,976,-11,60,-26,
3929456,4195095,1988956,4027703,3185090,2692035,-55,-159,1335,255,307,858,-38,36,-13,-52,8,1303,-36,540,976,-4,50,-31,
3929456,4195095,2473940,4027703,3185090,2692035,-55,-160,1305,253,311,856,-35,24,-18,-74,6,1331,-35,535,976,-5,43,-28,
3929456,4195095,2473940,3730313,3185090,2692035,-62,-176,1284,259,305,860,-41,3,-30,-87,19,1328,-35,535,976,-1,30,-22,
3929456,4195095,2473940,3730313,3419631,2692035,-82,-167,1277,259,305,860,-50,-15,-30,-54,17,1312,-30,532,978,-1,40,-21,
3929456,4195095,2473940,3730313,3419631,2967360,-41,-171,1311,257,305,856,-61,-18,-44,-122,-19,1427,-30,532,978,-11,46,-17,
3929456,4195095,2473940,3730313,3419631,2967360,-22,-166,1343,257,305,856,-63,-2,-42,-46,23,1314,-27,541,990,-9,53,-27,
3929456,4195095,2473940,3730313,3419631,2967360,-37,-159,1352,254,309,852,-53,20,-31,-60,14,1301,-27,541,990,1,69,-24,
3838877,4195095,2473940,3730313,3419631,2967360,-34,-172,1331,254,309,860,-55,29,-23,-51,21,1264,-30,538,972,-4,72,-20,
3838877,4309260,2473940,3730313,3419631,2967360,-71,-160,1269,255,308,860,-45,15,-26,-113,-12,1401,-28,539,975,6,57,-14,
3838877,4309260,2909122,3730313,3419631,2967360,-44,-170,1345,257,306,861,-55,-11,-36,-55,16,1296,-28,539,975,5,32,-19,
3838877,4309260,2909122,3454261,3419631,2967360,-36,-181,1296,257,306,861,-52,6,-27,-81,21,1269,-25,536,976,2,20,-20,
3838877,4309260,2909122,3454261,3661288,2967360,-18,-169,1343,255,305,865,-43,41,-20,-33,24,1242,-25,536,976,2,32,-18,
3838877,4309260,2909122,3454261,3661288,3184574,-35,-172,1310,255,305,865,-28,68,-14,-61,24,1270,-27,539,968,-5,46,-18,
3838877,4309260,2909122,3454261,3661288,3184574,-34,-153,1288,255,308,863,-22,89,-6,-112,-11,1397,-27,539,968,3,56,-13,
3838877,4309260,2909122,3454261,3661288,3184574,-74,-165,1299,260,309,866,-18,94,-5,-67,15,1302,-27,544,976,8,49,-7,
3391469,4309260,2909122,3454261,3661288,3184574,-67,-162,1290,260,309,866,-31,55,-12,-27,37,1221,-23,537,988,6,37,-17,
3391469,4307456,2909122,3454261,3661288,3184574,-52,-172,1292,258,303,862,-41,11,-22,-74,12,1301,-23,537,988,2,23,-23,
3391469,4307456,3004890,3454261,3661288,3184574,-49,-168,1331,258,303,862,-45,-18,-27,-37,18,1274,-25,540,996,6,8,-13,
3391469,4307456,3004890,3156924,3661288,3184574,-68,-148,1364,260,308,864,-53,-14,-26,-115,-7,1408,-25,540,996,16,43,-27,
3391469,4307456,3004890,3156924,3749687,3184574,-56,-160,1314,260,307,849,-39,25,-13,-61,13,1296,-23,536,980,-17,83,-24,
3391469,4307456,3004890,3156924,3749687,3470772,-33,-165,1360,261,307,849,-17,107,3,-47,15,1239,-23,536,980,-21,101,-27,
3391469,4307456,3004890,3156924,3749687,3470772,-53,-179,1321,267,301,862,-12,138,2,-70,16,1269,-22,542,972,-18,73,-22,
3391469,4307456,3004890,3156924,3749687,3470772,-76,-162,1291,267,301,862,-13,154,-4,-81,12,1300,-22,542,971,7,35,-15,
2450782,4307456,3004890,3156924,3749687,3470772,-61,-152,1273,267,305,860,-34,139,-14,-63,13,1287,-20,543,971,14,3,-12,
2450782,4263692,3004890,3156924,3749687,3470772,-81,-155,1309,267,305,860,-28,118,-30,-67,14,1298,-20,537,969,18,-4,-9,
2450782,4263692,3268230,3156924,3749687,3470772,-75,-153,1309,272,307,867,-30,89,-35,-104,-2,1360,-20,537,969,10,1,-11,
2450782,4263692,3268230,2935205,3749687,3470772,-88,-173,1316,271,299,855,-26,67,-36,-96,20,1352,-19,536,968,11,8,-6,
2450782,4263692,3268230,2935205,3909806,3470772,-66,-183,1344,271,299,855,-30,45,-34,-65,25,1302,-19,536,968,12,15,-11,
2450782,4263692,3268230,2935205,3909806,3726045,-71,-189,1254,271,301,854,-23,30,-16,-116,1,1350,-22,539,986,2,13,-13,
2450782,4263692,3268230,2935205,3909806,3726045,-81,-155,1319,271,301,854,-26,13,-21,-44,17,1255,-22,539,986,8,-10,-17,
2450782,4263692,3268230,2935205,3909806,3726045,-38,-159,1363,270,308,860,-21,-6,-31,-106,4,1356,-23,541,979,12,-22,-18,
2652495,4263692,3268230,2935205,3909806,3726045,-76,-158,1358,270,301,862,-46,-83,-35,-82,7,1309,-25,533,968,17,-35,-25,
2652495,4305937,3268230,2935205,3909806,3726045,-67,-165,1296,270,301,862,-62,-114,-38,-64,20,1286,-25,533,968,22,-41,-23,
2652495,4305937,2847395,2935205,3909806,3726045,-81,-145,1055,266,297,864,-79,-130,-41,-58,12,1364,-22,540,968,21,-29,-19,
2652495,4305937,2847395,3190171,3909806,3726045,-46,-161,1327,266,297,864,-74,-102,-51,-62,17,1312,-22,540,968,19,-31,-17,
2652495,4305937,2847395,3190171,3908444,3726045,-25,-176,1373,265,302,864,-76,-52,-54,-67,10,1322,-21,534,975,10,-9,-19,
2652495,4305937,2847395,3190171,3908444,3831969,-44,-165,1343,265,302,864,-68,-23,-54,-70,13,1284,-21,534,975,17,4,-17,
2652495,4305937,2847395,3190171,3908444,3831969,-64,-167,1338,265,308,851,-60,-14,-48,-58,13,1299,-25,548,953,9,11,-14,
2652495,4305937,2847395,3190171,3908444,3831969,-52,-169,1319,265,303,860,-63,-25,-48,-97,-5,1340,-24,534,966,10,-61,-9,
3322312,4305937,2847395,3190171,3908444,3831969,-71,-153,1286,265,303,860,-68,-36,-50,-76,3,1322,-24,534,966,20,-92,-11,
3322312,4188428,2847395,3190171,3908444,3831969,-56,-157,1350,266,303,855,-60,-28,-45,-85,15,1326,-25,535,977,24,-87,-12,
3322312,4188428,2861098,3190171,3908444,3831969,-45,-168,1317,266,303,855,-43,38,-23,-99,-15,1441,-25,535,977,10,-58,-15,
3322312,4188428,2861098,3421296,3908444,3831969,-67,-172,1289,263,314,863,-35,66,-20,-40,24,1257,-27,532,970,5,-15,-19,
3322312,4188428,2861098,3421296,3814773,3831969,-54,-161,1332,266,301,860,-30,76,-19,-66,10,1322,-27,532,970,0,-4,-17,
3322312,4188428,2861098,3421296,3814773,3814773,-91,-153,1332,266,301,860,-38,55,-16,-67,7,1296,-26,541,973,15,-5,-17,
3322312,4188428,2861098,3421296,3814773,3814773,-75,-161,1392,270,303,864,-42,19,-21,-70,13,1317,-26,541,973,18,-20,-17,
3322312,4188428,2861098,3421296,3814773,3814773,-65,-153,1310,270,303,864,-52,-9,-32,-66,8,1300,-28,535,980,21,-39,-15,
2986727,4188428,2861098,3421296,3814773,3814773,-44,-156,1368,264,303,866,-59,-23,-33,-55,17,1296,-29,533,977,23,-45,-19,
2986727,4128842,2861098,3421296,3814773,3814773,-52,-181,1289,264,303,866,-54,-12,-40,-75,7,1308,-29,533,977,23,-49,-25,
2986727,4128842,2945797,3421296,3814773,3814773,-53,-169,1298,265,310,859,-52,10,-35,-84,8,1332,-34,530,972,18,-55,-25,
2986727,4128842,2945797,3581461,3814773,3814773,-76,-149,1369,269,298,859,-46,44,-28,-66,7,1315,-34,530,972,16,-45,-22,
2986727,4128842,2945797,3581461,3582874,3814773,-63,-163,1356,269,298,859,-38,80,-19,-60,14,1317,-32,537,971,28,-71,-25,
2986727,4128842,2945797,3581461,3582874,3713415,-66,-171,1334,271,301,855,-42,57,-19,-60,15,1304,-32,537,971,35,-91,-19,
2986727,4128842,2945797,3581461,3582874,3713415,-74,-164,1304,271,301,855,-42,23,-20,-47,17,1290,-37,539,974,30,-93,-12,
2986727,4128842,2945797,3581461,3582874,3713415,-88,-145,1320,267,306,863,-49,-5,-35,-84,3,1363,-37,536,974,33,-108,-7,
2681860,4128842,2945797,3581461,3582874,3713415,-76,-165,1309,269,303,854,-57,-21,-38,-19,23,1260,-37,536,974,30,-131,-12,
2681860,4133689,2945797,3581461,3582874,3713415,-95,-150,1320,269,303,854,-55,-12,-35,-62,7,1363,-41,528,967,38,-133,-20,
2681860,4133689,3077189,3581461,3582874,3713415,-64,-176,1387,267,297,857,-43,-1,-36,22,31,1215,-41,528,967,37,-121,-19,
2681860,4133689,3077189,4047290,3582874,3713415,-59,-153,1341,267,297,857,-37,5,-31,-49,7,1315,-45,528,981,28,-106,-20,
2681860,4133689,3077189,4047290,3128605,3713415,-52,-164,1313,265,304,855,-41,9,-31,-34,6,1325,-45,528,981,34,-99,-24,
2681860,4133689,3077189,4047290,3128605,2703533,-88,-169,1275,265,304,855,-49,-3,-35,-5,26,1248,-51,533,972,27,-84,-34,
2681860,4133689,3077189,4047290,3128605,2703533,-69,-163,1348,269,306,864,-50,2,-37,18,30,1245,-51,533,977,18,-61,-37,
2681860,4133689,3077189,4047290,3128605,2703533,-67,-163,1312,268,299,860,-51,4,-35,-7,25,1275,-51,533,977,13,-58,-33,
2658981,4133689,3077189,4047290,3128605,2703533,-73,-161,1301,268,299,860,-44,10,-36,-14,21,1285,-51,527,976,13,-50,-33,
2658981,4163880,3077189,4047290,3128605,2703533,-75,-166,1341,267,296,855,-50,16,-30,-41,10,1324,-51,527,976,11,-48,-30,
2658981,4163880,3071522,4047290,3128605,2703533,-67,-165,1323,267,296,855,-46,27,-22,-26,17,1307,-47,526,970,14,-52,-26,
2658981,4163880,3071522,4307606,3128605,2703533,-45,-178,1330,271,308,855,-46,46,-19,-39,18,1327,-47,526,970,21,-50,-31,
2658981,4163880,3071522,4307606,3051838,2703533,-99,-166,1260,273,304,853,-29,71,-17,-35,3,1371,-55,530,978,17,-59,-28,
2658981,4163880,3071522,4307606,3051838,1579342,-77,-173,1309,273,304,853,-30,79,-16,-12,22,1294,-55,530,978,11,-47,-31,
2658981,4163880,3071522,4307606,3051838,1579342,-54,-160,1324,275,301,857,-23,84,-14,10,22,1254,-56,535,971,10,-31,-36,
2658981,4163880,3071522,4307606,3051838,1579342,-65,-153,1332,275,301,857,-24,90,-13,-62,9,1389,-55,527,975,0,-22,-41,
1891581,4163880,3071522,4307606,3051838,1579342,-106,-136,1332,275,301,846,-19,130,-14,1,25,1275,-55,527,975,1,-11,-34,
1891581,4360226,3071522,4307606,3051838,1579342,-81,-174,1332,275,301,857,4,168,-3,-31,10,1250,-54,529,986,0,-15,-31,
1891581,4360226,2247316,4307606,3051838,1579342,-92,-181,1432,278,296,857,33,168,5,-52,12,1379,-54,529,986,11,-6,-28,
1891581,4360226,2247316,4414188,3051838,1579342,-121,-193,1635,284,296,849,131,192,9,13,20,1284,-61,528,978,10,-11,-24,
1891581,4360226,2247316,4414188,3674848,1579342,-82,-196,1472,284,296,849,215,263,19,-26,11,1327,-61,528,978,0,2,-23,
1891581,4360226,2247316,4414188,3674848,1863476,-104,-215,1565,289,288,862,292,319,31,-48,4,1323,-54,538,975,0,5,-25,
1891581,4360226,2247316,4414188,3674848,1863476,-189,-367,1558,289,288,862,359,407,68,-25,14,1303,-53,533,982,-4,12,-26,
1891581,4360226,2247316,4414188,3674848,1863476,-200,-492,1588,301,286,850,413,527,168,-30,23,1321,-53,533,982,-7,-251,-32,
1167186,4360226,2247316,4414188,3674848,1863476,-230,-617,1622,325,263,851,445,662,337,8,30,1265,-53,533,977,9,-3,-39,
1167186,4545622,2247316,4414188,3674848,1863476,-273,-667,1609,325,263,851,452,813,555,-10,12,1303,-53,533,977,7,-19,-36,
1167186,4545622,167386,4414188,3674848,1863476,-356,-698,1757,360,249,842,461,973,805,1,21,1249,-52,527,973,7,-40,-34,
1167186,4545622,167386,4492515,3674848,1863476,-367,-832,1834,360,249,842,570,1136,1043,-38,9,1341,-52,527,973,1,-24,-35,
1167186,4545622,167386,4492515,4406136,1863476,-370,-887,1919,397,228,835,644,1330,1599,-13,13,1322,-61,533,992,-5,-13,-36,
1167186,4545622,167386,4492515,4406136,2551913,-399,-888,1940,397,190,823,826,1672,1864,-16,17,1293,-61,533,992,-9,2,-42,
1167186,4545622,167386,4492515,4406136,2551913,-348,-919,1847,451,190,823,876,1725,2087,-12,10,1303,-55,529,967,-15,12,-32,
1167186,4545622,167386,4492515,4406136,2551913,-233,-803,1805,503,138,796,1013,1669,2257,41,40,1196,-54,529,984,-11,24,-33,
1240316,4545622,167386,4492515,4406136,2551913,2,-20,1580,503,138,796,1396,1546,2252,-19,14,1327,-54,529,984,-12,41,-26,
1240316,2267500,167386,4492515,4406136,2551913,389,-99,1279,546,79,779,1921,1302,2092,-18,22,1316,-50,531,982,-21,58,-21,
1240316,2267500,167301,4492515,4406136,2551913,922,-247,1037,546,79,779,2380,797,1920,-25,4,1336,-50,531,982,-36,85,-22,
1240316,2267500,167301,4055253,4406136,2551913,1467,-493,1019,563,2,774,2829,270,1700,-57,3,1389,-50,534,979,-38,120,-23,
1240316,2267500,167301,4055253,4859039,2551913,1711,-743,981,566,-78,767,3008,-2,1258,-9,22,1299,-50,534,979,-47,164,-30,
1240316,2267500,167301,4055253,4859039,3197089,1737,-1346,845,566,-78,767,2746,-133,539,-59,7,1352,-47,540,979,-59,250,-46,
1240316,2267500,167301,4055253,4859039,3197089,2245,-2309,282,550,-100,764,1482,-535,44,1,29,1259,-35,538,959,-71,293,-55,
1240316,2267500,167301,4055253,4859039,3197089,2031,-1806,646,550,-100,764,83,-1498,-374,-60,2,1325,-35,538,959,-61,323,-50,
1296417,2267500,167301,4055253,4859039,3197089,1794,-1395,664,521,-74,779,-1717,-1431,-535,-19,31,1220,-29,539,973,-69,328,-41,
1296417,1005918,167301,4055253,4859039,3197089,1658,-1133,772,484,-30,764,-2100,-1470,-679,-47,25,1244,-29,539,973,-77,362,-56,
1296417,1005918,167938,4055253,4859039,3197089,1483,-917,926,484,-30,764,-2318,-1520,-805,-73,21,1280,-16,539,972,-93,366,-67,
1296417,1005918,167938,2644050,4859039,3197089,1374,-763,1096,447,21,770,-2485,-1605,-904,-106,7,1305,-16,539,972,-92,327,-51,
1296417,1005918,167938,2644050,5031025,3197089,923,-419,1438,447,21,770,-2596,-1712,-996,-109,3,1333,-14,547,974,-117,272,-53,
1296417,1005918,167938,2644050,5031025,3262245,655,-322,1608,405,77,754,-2584,-1807,-1058,-118,18,1308,-14,549,975,-138,262,-59,
1296417,1005918,167938,2644050,5031025,3262245,392,-263,1734,405,77,754,-2516,-1867,-1066,-143,11,1368,-8,549,975,-168,284,-75,
1296417,1005918,167938,2644050,5031025,3262245,129,-174,1917,375,137,731,-2523,-1896,-1072,-118,30,1304,0,549,981,-228,312,-70,
520070,1005918,167938,2644050,5031025,3262245,-22,-89,1998,359,184,715,-2623,-1889,-1109,-131,16,1336,0,549,981,-266,307,-73,
520070,747801,167938,2644050,5031025,3262245,-194,55,2119,359,184,715,-2774,-1852,-1149,-153,6,1418,7,557,971,-297,303,-81,
520070,747801,167790,2644050,5031025,3262245,-581,594,2325,353,252,694,-2949,-1687,-1295,-161,-4,1343,7,557,971,-322,269,-102,
520070,747801,167790,966866,5031025,3262245,-886,840,2418,353,252,694,-2729,-1547,-1406,-115,-13,1327,9,570,972,-333,241,-106,
520070,747801,167790,966866,5154845,3262245,-1137,954,2389,350,330,684,-2247,-1405,-1524,-107,-5,1303,9,570,972,-350,251,-113,
520070,747801,167790,966866,5154845,3039889,-1264,962,2337,340,383,703,-1712,-1242,-1638,-207,-7,1500,15,582,954,-367,294,-118,
520070,747801,167790,966866,5154845,3039889,-1329,805,2290,340,383,703,-1372,-1068,-1743,-198,28,1494,26,582,960,-395,386,-147,
520070,747801,167790,966866,5154845,3039889,-1295,531,1787,319,430,701,-1370,-1022,-1797,-186,-100,1695,26,582,960,-293,481,-185,
458289,747801,167790,966866,5154845,3039889,-1402,755,1649,319,430,701,-1651,-1179,-1799,-128,-46,1527,41,589,957,-250,584,-170,
458289,801519,167790,966866,5154845,3039889,-1552,977,1570,283,486,698,-1791,-1395,-1761,-183,-123,1609,41,589,957,-261,685,-168,
458289,801519,167742,966866,5154845,3039889,-1869,1037,1362,283,486,698,-1414,-1530,-1632,-218,-120,1679,53,601,938,-276,812,-146,
458289,801519,167742,186264,5154845,3039889,-2194,530,951,245,516,708,-525,-1554,-1352,-202,-86,1612,53,601,938,-301,954,-118,
458289,801519,167742,186264,5214102,3039889,-3025,-84,2980,227,495,736,726,-1419,34,-190,-140,1650,83,609,915,-333,1107,-102,
458289,801519,167742,186264,5214102,714977,-3168,1288,1567,227,495,736,1726,634,591,-192,-140,1716,114,616,918,-381,1256,-74,
458289,801519,167742,186264,5214102,714977,-488,109,657,261,450,761,2298,1617,642,-241,-131,1721,114,616,918,-454,1435,-43,
458289,801519,167742,186264,5214102,714977,146,-129,1133,261,450,761,2957,2006,643,-231,-105,1570,156,621,908,-559,1596,-13,
4705298,801519,167742,186264,5214102,714977,197,-328,2425,309,393,777,2627,2343,711,-297,-170,1794,156,621,908,-873,1831,-23,
4705298,807834,167742,186264,5214102,714977,361,-753,2465,370,380,757,798,2719,523,-317,-96,1744,196,644,889,-1111,1957,-28,
4705298,807834,168091,186264,5214102,714977,145,-245,1746,370,380,757,530,2994,140,-331,-76,1751,196,644,889,-1391,2074,-62,
4705298,807834,168091,165371,5214102,714977,62,-172,1581,422,370,747,540,2660,179,-352,-39,1751,250,679,843,-1686,2175,-109,
4705298,807834,168091,165371,5138760,714977,-42,-123,1517,422,370,747,525,1989,242,-480,-8,1951,250,679,843,-1961,2266,-163,
4705298,807834,168091,165371,5138760,163799,-59,-152,1452,448,362,724,239,1202,179,-484,101,1905,299,710,789,-2253,2390,-262,
4705298,807834,168091,165371,5138760,163799,-23,-194,1390,448,362,724,13,672,160,-542,189,1928,350,756,728,-2487,2532,-381,
4705298,807834,168091,165371,5138760,163799,-37,-178,1399,459,367,725,-88,212,18,-624,148,2057,350,756,728,-2607,2687,-505,
4970894,807834,168091,165371,5138760,163799,-58,-193,1300,464,358,727,-93,113,-48,-918,315,2161,389,801,663,-2652,2838,-619,
4970894,826187,168091,165371,5138760,163799,-31,-170,1331,464,358,727,-81,52,-69,-925,329,2167,389,801,663,-2572,2946,-786,
4970894,826187,627536,165371,5138760,163799,-7,-175,1291,463,361,732,-67,19,-67,-860,250,2122,421,842,584,-2480,2998,-1016,
4970894,826187,627536,165406,5138760,163799,22,-177,1336,463,361,732,-58,8,-45,-808,312,2033,421,842,584,-2408,3028,-1206,
4970894,826187,627536,165406,4268314,163799,17,-177,1333,460,370,728,-59,7,-32,-848,320,2318,436,881,532,-2249,3034,-1347,
4970894,826187,627536,165406,4268314,164107,13,-180,1306,465,364,729,-60,10,-21,-729,321,2513,440,911,433,-2188,3030,-1504,
4970894,826187,627536,165406,4268314,164107,6,-180,1322,465,364,729,-51,14,-27,-281,465,2034,440,911,433,-2315,2999,-1666,
4970894,826187,627536,165406,4268314,164107,-233,-183,1321,464,362,729,-48,1,-27,241,156,891,430,934,374,-2418,2699,-1772,
5002755,826187,627536,165406,4268314,164107,17,-183,1315,464,362,729,-47,-5,-30,586,159,1218,430,934,374,-2736,2154,-1740,
5002755,1162869,627536,165406,4268314,164107,19,-179,1355,465,366,725,-19,1,-31,1652,1085,437,409,971,274,-3406,1912,-1541,
5002755,1162869,1532899,165406,4268314,164107,10,-185,1300,465,366,725,1,11,-31,456,928,605,409,971,274,-3230,1758,-716,
5002755,1162869,1532899,794779,4268314,164107,-14,-166,1344,463,358,723,6,21,-32,261,629,905,419,974,248,-1563,1084,658,
5002755,1162869,1532899,794779,980477,164107,22,-184,1333,468,359,737,7,30,-25,1145,636,835,419,953,251,475,-1305,1237,
5002755,1162869,1532899,794779,980477,164669,3,-186,1282,468,359,737,-13,30,-22,998,283,832,444,953,251,442,-2139,1822,
5002755,1162869,1532899,794779,980477,164669,10,-177,1337,465,359,731,-19,30,-23,597,280,987,483,918,285,384,-2592,2217,
5002755,1162869,1532899,794779,980477,164669,-4,-178,1334,465,359,731,-27,22,-32,476,573,996,483,918,285,571,-2896,2393,
4991670,1162869,1532899,794779,980477,164669,-13,-165,1324,463,365,735,-31,23,-33,254,752,1175,513,876,331,992,-3107,2416,
4991670,3738271,1532899,794779,980477,164669,18,-159,1368,469,362,728,-44,26,-33,176,672,1144,513,876,331,1396,-3186,2339,
4991670,3738271,2456223,794779,980477,164669,-11,-179,1310,469,362,728,-42,21,-38,49,571,1217,526,830,401,1651,-3161,2204,
4991670,3738271,2456223,553596,980477,164669,23,-179,1327,467,360,726,-49,22,-39,13,540,1157,526,830,401,1774,-3014,2021,
4991670,3738271,2456223,553596,823321,164669,-22,-174,1296,467,360,726,-55,17,-40,-44,544,1216,526,778,477,1917,-2814,1792,
4991670,3738271,2456223,553596,823321,164910,4,-187,1309,464,367,733,-47,19,-33,39,482,1211,508,714,522,2113,-2658,1518,
4991670,3738271,2456223,553596,823321,164910,-35,-177,1305,464,367,727,-42,22,-32,92,322,1267,508,714,522,2264,-2621,1252,
4991670,3738271,2456223,553596,823321,164910,-8,-167,1348,465,367,727,-31,18,-30,177,42,1423,469,657,583,2288,-2674,1045,
4919343,3738271,2456223,553596,823321,164910,-8,-177,1297,467,361,733,-23,26,-22,70,-5,1558,469,657,583,2227,-2763,909,
4919343,3972220,2456223,553596,823321,164910,2,-169,1336,467,361,733,-28,25,-19,127,32,1547,417,616,606,2157,-2805,822,
4919343,3972220,2506442,553596,823321,164910,-10,-176,1288,465,359,732,-27,18,-24,118,22,1688,417,616,606,2178,-2810,774,
4919343,3972220,2506442,458119,823321,164910,-17,-168,1328,465,359,732,-23,18,-24,185,-34,1724,362,588,622,2306,-2796,766,
4919343,3972220,2506442,458119,288202,164910,15,-177,1310,468,365,734,-36,-1,-32,143,-158,1904,332,566,659,2440,-2790,808,
4919343,3972220,2506442,458119,288202,165336,-12,-166,1316,464,359,734,-37,-3,-27,80,-252,2074,332,566,659,2466,-2824,906,
4919343,3972220,2506442,458119,288202,165336,15,-171,1352,464,359,734,-34,1,-29,49,-268,2144,308,552,703,2397,-2861,1004,
4919343,3972220,2506442,458119,288202,165336,-2,-166,1331,468,362,731,-32,14,-25,-100,-272,2374,308,552,703,2257,-2837,1096,
4883499,3972220,2506442,458119,288202,165336,-5,-168,1331,468,362,731,-27,16,-23,-221,-252,2487,290,539,766,1864,-2769,1209,
4883499,4277088,2506442,458119,288202,165336,-4,-166,1323,467,361,730,-30,22,-19,-248,-201,2412,290,539,766,1776,-2732,1193,
4883499,4277088,3011078,458119,288202,165336,-3,-172,1336,467,364,731,-16,38,-13,-434,-233,2589,265,524,827,1566,-2701,1137,
4883499,4277088,3011078,165891,288202,165336,-2,-176,1349,469,364,731,-2,44,-5,-603,-169,2672,265,524,889,1382,-2647,1037,
4883499,4277088,3011078,165891,164354,165336,-13,-160,1312,468,358,730,10,51,-3,-989,-317,3110,210,472,889,1030,-2597,911,
4883499,4277088,3011078,165891,164354,163252,-17,-167,1298,468,358,730,19,50,-1,-1413,-790,2678,150,442,933,377,-2473,770,
4883499,4277088,3011078,165891,164354,163252,-6,-166,1329,470,357,728,30,62,0,-976,58,2023,150,442,933,736,-2473,637,
4883499,4277088,3011078,165891,164354,163252,-39,-157,1336,470,357,728,37,80,6,-1749,299,2451,71,393,938,1541,-2519,390,
4507070,4277088,3011078,165891,164354,163252,-15,-167,1357,470,362,725,45,94,17,-1930,-68,2208,71,393,938,2391,-2579,206,
4507070,4809435,3011078,165891,164354,163252,-52,-158,1296,474,348,721,55,109,20,-1990,-663,2048,-10,328,953,2949,-2584,70,
4507070,4809435,3629006,165891,164354,163252,-51,-149,1334,474,348,721,99,197,47,-2205,-1305,1627,-10,328,953,3006,-2473,6,
4507070,4809435,3629006,165738,164354,163252,-48,-160,1322,483,344,719,178,338,84,-2513,-1480,1406,-76,277,955,2388,-2272,5,
4507070,4809435,3629006,165738,165485,163252,-36,-174,1400,483,344,719,214,543,122,-2995,-1418,1203,-134,232,980,1775,-2053,-97,
4507070,4809435,3629006,165738,165485,163895,-84,-207,1394,488,349,718,229,687,117,-3330,-1629,1161,-134,232,980,1449,-1693,-286,
4507070,4809435,3629006,165738,165485,163895,-127,-95,2055,501,326,711,575,628,57,-4173,-2333,930,-148,227,975,635,-663,-436,
4507070,4809435,3629006,165738,165485,163895,-153,-468,2265,501,326,711,608,776,68,-3417,-1599,1011,-148,227,975,-679,569,-594,
1637711,4809435,3629006,165738,165485,163895,-99,-144,1558,525,317,703,378,1181,166,-2172,-6,876,-113,295,957,-2799,1640,-1025,
1637711,5067000,3629006,165738,165485,163895,-163,-258,1753,525,317,703,359,1389,222,-509,255,1523,-113,295,957,-4631,2398,-1852,
1637711,5067000,1979316,165738,165485,163895,-164,-221,1814,553,309,675,388,1588,285,-245,484,3171,-55,422,909,-5323,2598,-2341,
1637711,5067000,1979316,4549260,165485,163895,-177,-246,1661,553,309,675,448,1816,348,-1015,195,3373,201,485,887,-5363,3195,-527,
1637711,5067000,1979316,4549260,166743,163895,-255,-337,1661,584,293,671,571,2254,492,-397,58,1909,24,485,887,-2057,1947,314,
1637711,5067000,1979316,4549260,166743,167351,-240,-324,2037,620,261,640,831,2386,587,-105,-10,1444,56,484,868,-193,699,379,
1637711,5067000,1979316,4549260,166743,167351,-197,-357,3233,620,261,640,1140,2928,703,-140,-48,1224,56,484,868,40,177,299,
1637711,5067000,1979316,4549260,166743,167351,-186,-621,2949,671,226,600,1446,3716,855,-67,30,1289,61,482,877,82,51,78,
765702,5067000,1979316,4549260,166743,167351,-264,-648,2748,671,226,600,1652,4379,1046,-91,23,1398,61,482,877,62,28,-41,
765702,4630826,1979316,4549260,166743,167351,-387,-910,2861,736,190,549,1741,4812,1232,-72,40,1323,63,488,882,51,39,-31,
765702,4630826,212204,4549260,166743,167351,-419,-523,3326,805,134,460,1647,5084,1414,-15,67,1206,63,488,882,43,28,-3,
765702,4630826,212204,4725011,166743,167351,-366,-260,3372,805,134,460,1663,5124,1447,-57,58,1281,63,482,895,41,7,3,
765702,4630826,212204,4725011,166361,167351,-305,-636,2652,862,80,372,1824,5100,1412,-104,47,1381,68,480,896,33,-2,0,
765702,4630826,212204,4725011,166361,2476697,-104,-968,2681,862,80,372,1825,5009,1422,-23,71,1244,68,480,896,11,13,-10,
765702,4630826,212204,4725011,166361,2476697,105,-993,2646,903,35,287,1626,4739,1501,-14,51,1332,66,479,888,-5,8,-26,
765702,4630826,212204,4725011,166361,2476697,521,-891,2470,903,35,287,1445,4186,1743,-62,48,1310,66,479,888,-17,7,-34,
1210270,4630826,212204,4725011,166361,2476697,1012,-996,2022,935,-16,222,1302,4325,1882,-93,32,1398,65,480,885,-30,8,-38,
1210270,2760973,212204,4725011,166361,2476697,1652,-1197,313,957,-76,119,1508,4433,2151,-65,36,1340,65,480,885,-34,11,-32,
1210270,2760973,167440,4725011,166361,2476697,1828,-1719,-251,957,-76,119,1676,3626,2360,-59,35,1318,65,487,903,-22,11,-26,
1210270,2760973,167440,4727846,166361,2476697,1233,-1612,1238,958,-136,64,312,2084,2442,-64,33,1312,70,483,876,-16,5,-18,
1210270,2760973,167440,4727846,3731049,2476697,1112,-542,520,958,-136,64,-1436,920,2476,-49,40,1318,70,483,876,-5,6,-18,
1210270,2760973,167440,4727846,3731049,3418451,1389,213,572,953,-181,73,-2103,-485,2152,-84,33,1393,66,479,871,9,12,-18,
1210270,2760973,167440,4727846,3731049,3418451,1226,621,693,941,-213,123,-1678,-1610,1556,-6,77,1205,66,479,871,11,18,-13,
1210270,2760973,167440,4727846,3731049,3418451,1034,835,879,941,-213,123,-808,-2102,873,-52,49,1302,67,482,876,4,26,-18,
1249103,2760973,167440,4727846,3731049,3418451,899,306,926,937,-214,176,-20,-2235,76,-109,23,1430,67,482,876,-14,15,-28,
1249103,1828774,167440,4727846,3731049,3418451,683,-141,747,937,-214,176,362,-2396,-1161,-63,49,1317,69,490,885,-7,2,-31,
1249103,1828774,167710,4727846,3731049,3418451,675,-470,836,936,-192,225,476,-2807,-1479,5,65,1228,69,490,890,-8,15,-41,
1249103,1828774,167710,4528769,3731049,3418451,521,-721,800,936,-192,481,117,-2913,-1622,-36,31,1298,67,484,890,-6,15,-38,
1249103,1828774,167710,4528769,4137137,3418451,381,-885,851,927,-152,295,-440,-2925,-1651,-31,43,1297,68,480,876,-6,5,-39,
1249103,1828774,167710,4528769,4137137,3435683,323,-1035,941,917,-108,354,-1093,-2928,-1595,-37,51,1291,68,480,876,-14,-1,-33,
1249103,1828774,167710,4528769,4137137,3435683,290,-806,1179,917,-108,354,-1741,-3012,-1480,-23,52,1288,69,482,871,-9,-5,-43,
1249103,1828774,167710,4528769,4137137,3435683,234,-507,1433,896,-60,422,-2162,-3122,-1375,-7,60,1216,69,482,871,-14,-1,-57,
686725,1828774,167710,4528769,4137137,3435683,176,-353,1505,896,-60,422,-2270,-3183,-1311,-27,40,1282,66,482,887,-22,13,-50,
686725,1207960,167710,4528769,4137137,3435683,99,-272,1619,868,6,491,-2138,-3211,-1240,-77,24,1379,66,482,887,-26,11,-47,
686725,1207960,168046,4528769,4137137,3435683,1,-212,1641,837,54,550,-1928,-3211,-1165,-69,36,1362,64,491,885,-31,11,-45,
686725,1207960,168046,4444237,4137137,3435683,-33,-244,1712,837,54,550,-1801,-3210,-1115,-37,38,1297,67,483,869,-23,19,-38,
686725,1207960,168046,4444237,4412125,3435683,16,-361,1802,799,109,612,-1776,-3210,-1109,-36,41,1310,67,483,869,-25,32,-38,
686725,1207960,168046,4444237,4412125,3456894,-54,-364,1875,799,109,612,-1803,-3174,-1136,7,67,1357,72,482,880,-38,36,-43,
686725,1207960,168046,4444237,4412125,3456894,-149,-415,1957,762,171,674,-1841,-3094,-1158,-8,47,1278,72,482,880,-40,35,-39,
686725,1207960,168046,4444237,4412125,3456894,-185,-514,2061,762,171,718,-1951,-2966,-1165,-49,47,1322,74,486,880,-44,46,-43,
541175,1207960,168046,4444237,4412125,3456894,-233,-600,2271,730,235,718,-2152,-2825,-1172,-93,12,1422,74,486,880,-51,55,-42,
541175,1010426,168046,4444237,4412125,3456894,-260,-622,2375,699,308,770,-2411,-2719,-1186,-47,46,1337,71,490,873,-74,86,-37,
541175,1010426,167957,4444237,4412125,3456894,-442,-460,2692,699,308,770,-2625,-2669,-1240,8,60,1229,76,501,854,-109,125,-42,
541175,1010426,167957,3447606,4412125,3456894,-517,-320,2785,657,391,829,-2698,-2724,-1341,-76,53,1356,76,501,854,-168,190,-51,
541175,1010426,167957,3447606,4822855,3456894,-693,-209,2865,657,391,829,-2695,-2952,-1494,-59,57,1323,89,497,871,-239,287,-78,
541175,1010426,167957,3447606,4822855,3648995,-991,-84,2909,565,471,887,-2595,-3297,-1678,-63,74,1289,89,497,871,-358,719,-76,
541175,1010426,167957,3447606,4822855,3648995,-1283,64,3024,425,514,953,-2392,-3594,-1848,-150,60,1385,102,504,873,-317,906,-73,
541175,1010426,167957,3447606,4822855,3648995,-1562,182,3092,425,514,953,-2106,-3613,-2072,-146,31,1494,102,504,873,-352,1054,-61,
479850,1010426,167957,3447606,4822855,3648995,-2041,449,2884,271,540,986,-2141,-3366,-2125,-251,-32,1743,127,524,859,-574,977,-47,
479850,904569,167957,3447606,4822855,3648995,-2338,700,2628,271,540,986,-2175,-3093,-2164,-160,9,1825,127,524,859,-595,782,-57,
479850,904569,167812,3447606,4822855,3648995,-2704,903,2313,111,576,994,-1922,-2862,-2200,-187,-33,1656,143,530,845,-376,886,-77,
479850,904569,167812,448701,4822855,3648995,-3013,785,2002,-145,574,971,-1193,-2645,-2117,-217,-54,1603,163,537,843,-369,980,-68,
479850,904569,167812,448701,5046850,3648995,-3210,280,1434,-19,574,971,-321,-2422,-1748,-130,-81,1483,163,537,843,-351,1085,-33,
479850,904569,167812,448701,5046850,3538771,-3619,-135,1048,-108,556,953,-169,-2197,-1107,-233,-60,1608,188,544,830,-370,1189,2,
479850,904569,167812,448701,5046850,3538771,-4980,395,2689,-108,556,953,-1126,-1772,-369,-195,-10,1451,188,544,830,-396,1303,8,
479850,904569,167812,448701,5046850,3538771,-4572,1957,4783,-125,589,924,-2050,-591,292,-253,-17,1512,219,557,822,-435,1413,1,
4145091,904569,167812,448701,5046850,3538771,-4155,3381,94,-125,589,924,-1541,1642,674,-283,-28,1550,219,557,822,-471,1526,-6,
4145091,1012711,167812,448701,5046850,3538771,240,328,-85,-58,581,929,841,2960,1187,-322,-22,1729,255,575,811,-536,1660,-24,
4145091,1012711,168355,448701,5046850,3538771,-349,364,1404,29,432,1027,6121,3590,1502,-365,-12,2029,298,584,774,-630,1853,-48,
4145091,1012711,168355,175771,5046850,3538771,180,-968,3426,29,432,1027,3836,3699,941,-370,25,2148,298,584,774,-789,2167,-94,
4145091,1012711,168355,175771,4984872,3538771,105,-172,2281,124,381,1038,1335,4204,65,-422,41,2218,346,606,769,-1029,2509,-144,
4145091,1012711,168355,175771,4984872,1550374,-118,-42,2107,124,381,1038,1306,3799,-15,-390,13,2249,346,606,769,-1217,2866,-203,
4145091,1012711,168355,175771,4984872,1550374,-124,-79,1757,194,355,1041,1035,2358,-11,-407,-10,2392,407,633,715,-1412,3228,-258,
4145091,1012711,168355,175771,4984872,1550374,4,-68,1557,228,351,1031,374,1145,-17,-536,-20,2646,407,633,715,-1645,3574,-300,
5056787,1012711,168355,175771,4984872,1550374,-13,-167,1389,228,351,1031,-3,531,87,-670,42,2957,468,679,654,-1893,3900,-393,
5056787,946583,168355,175771,4984872,1550374,-26,-195,1358,236,345,1041,-89,341,37,-868,99,3147,468,714,585,-2334,4304,-458,
5056787,946583,578091,175771,4984872,1550374,-9,-168,1329,236,345,1041,-78,244,-40,-815,399,2786,537,714,585,-2281,4534,-538,
5056787,946583,578091,176435,4984872,1550374,5,-180,1314,244,351,1037,-70,154,-87,-866,524,2912,596,753,497,-2047,4720,-695,
5056787,946583,578091,176435,3753230,1550374,-2,-179,1356,244,351,1037,-54,84,-42,-680,447,2684,596,753,497,-1845,4879,-856,
5056787,946583,578091,176435,3753230,193247,-6,-163,1337,238,349,1039,-39,-16,-26,-380,250,2854,629,782,389,-1852,4779,-1065,
5056787,946583,578091,176435,3753230,193247,22,-170,1319,238,344,1038,-11,-19,-22,-152,516,3013,629,782,389,-2010,4559,-1196,
5056787,946583,578091,176435,3753230,193247,16,-183,1298,238,344,1038,29,-4,-24,155,896,3091,644,821,285,-2225,4480,-1315,
5067497,946583,578091,176435,3753230,193247,38,-167,1356,238,343,1045,31,0,-29,1149,1075,1090,644,821,285,-2120,4338,-1438,
5067497,1015963,578091,176435,3753230,193247,15,-178,1315,238,343,1045,20,-1,-20,2586,1059,-1279,645,862,185,-1841,3645,-1503,
5067497,1015963,1434188,176435,3753230,193247,29,-173,1340,238,347,1039,7,2,-22,2909,1749,-260,628,873,138,-1846,2917,-1342,
5067497,1015963,1434188,861713,3753230,193247,25,-169,1350,239,344,1033,-1,18,-31,755,1250,990,628,873,138,-547,1720,-1390,
5067497,1015963,1434188,861713,1139411,193247,19,-180,1282,239,344,1033,-3,31,-32,555,244,638,598,890,149,945,416,-1336,
5067497,1015963,1434188,861713,1139411,164671,19,-177,1322,237,339,1043,-17,41,-30,1557,-161,708,598,890,149,1335,-1073,-1011,
5067497,1015963,1434188,861713,1139411,164671,9,-182,1327,237,339,1043,-21,42,-32,957,-243,838,575,900,202,1085,-2198,-470,
5067497,1015963,1434188,861713,1139411,164671,23,-185,1280,240,343,1038,-27,51,-28,687,25,945,575,900,202,646,-2708,95,
5034816,1015963,1434188,861713,1139411,164671,21,-176,1365,240,343,1038,-20,55,-26,638,392,821,565,907,256,393,-2945,570,
5034816,3989917,1434188,861713,1139411,164671,18,-170,1316,242,349,1029,-10,50,-24,594,610,827,568,896,309,572,-3153,832,
5034816,3989917,2503436,861713,1139411,164671,13,-180,1289,245,342,1040,-4,48,-22,552,720,957,568,896,309,1044,-3348,961,
5034816,3989917,2503436,652316,1139411,164671,0,-163,1330,245,342,1040,-5,47,-15,505,683,1063,562,877,390,1651,-3513,973,
5034816,3989917,2503436,652316,527701,164671,10,-161,1315,244,338,1040,-10,45,-15,466,387,1345,562,877,390,2211,-3661,848,
5034816,3989917,2503436,652316,527701,165020,0,-156,1328,244,338,1040,-16,46,-13,319,184,1454,541,854,503,2585,-3872,745,
5034816,3989917,2503436,652316,527701,165020,13,-167,1325,244,346,1039,-34,44,-13,191,4,1681,541,854,503,2841,-3907,617,
5034816,3989917,2503436,652316,527701,165020,13,-164,1319,253,341,1034,-37,49,-8,97,-106,1696,509,839,610,2826,-3884,456,
4912294,3989917,2503436,652316,527701,165020,18,-156,1321,253,341,1034,-38,43,-7,-30,-265,1888,509,839,610,2767,-3791,262,
4912294,4546200,2503436,652316,527701,165020,-4,-161,1299,251,337,1033,-34,36,-8,54,-336,1835,467,799,754,2639,-3686,77,
4912294,4546200,2968430,652316,527701,165020,-11,-158,1346,251,337,1033,-15,27,-4,80,-413,1957,406,756,869,2518,-3617,-48,
4912294,4546200,2968430,542255,527701,165020,33,-154,1328,253,336,1043,-14,27,-6,77,-401,2044,406,756,869,2466,-3565,-125,
4912294,4546200,2968430,542255,166488,165020,-4,-149,1334,253,336,1043,-9,32,-3,-131,-407,2350,327,689,991,2465,-3524,-203,
4912294,4546200,2968430,542255,166488,165559,9,-165,1299,254,339,1043,-12,33,-5,-146,-402,2330,327,689,991,2489,-3487,-290,
4912294,4546200,2968430,542255,166488,165559,7,-149,1334,249,332,1044,-11,35,-10,-265,-466,2532,217,596,1109,2516,-3450,-350,
4912294,4546200,2968430,542255,166488,165559,-15,-156,1351,249,332,1044,-6,39,-1,-372,-537,2714,217,596,1109,2478,-3473,-381,
4754908,4546200,2968430,542255,166488,165559,10,-162,1337,253,333,1041,-3,43,-1,-469,-558,2813,92,482,1148,2376,-3555,-405,
4754908,4763918,2968430,542255,166488,165559,-19,-148,1328,253,333,1041,4,50,3,-680,-593,2975,-26,353,1136,2288,-3659,-436,
4754908,4763918,3345439,542255,166488,165559,1,-170,1313,253,339,1039,19,69,8,-930,-656,3015,-26,353,1136,2242,-3741,-455,
4754908,4763918,3345439,211715,166488,165559,-24,-166,1298,258,328,1033,48,117,19,-1215,-786,3112,-156,242,1087,2269,-3710,-425,
4754908,4763918,3345439,211715,164869,165559,-19,-164,1353,258,328,1033,68,191,43,-1904,-1435,3505,-156,242,1087,2288,-3556,-335,
4754908,4763918,3345439,211715,164869,164129,-42,-157,1305,264,322,1033,85,220,47,-1770,-1328,1944,-255,193,1052,1966,-3218,-197,
4754908,4763918,3345439,211715,164869,164129,-24,-151,1340,264,322,1033,93,256,47,-1862,-878,2336,-255,193,1052,1453,-2839,-51,
4754908,4763918,3345439,211715,164869,164129,-21,-168,1317,271,321,1038,105,310,51,-2420,-937,2264,-333,167,1003,1517,-2640,28,
3426685,4763918,3345439,211715,164869,164129,-47,-170,1304,271,321,1038,137,370,54,-2361,-1060,1926,-333,140,964,1743,-2302,-1,
3426685,4980451,3345439,211715,164869,164129,-66,-173,1352,282,313,1031,255,438,51,-2369,-1272,1627,-394,140,964,1295,-1559,-9,
3426685,4980451,3144822,211715,164869,164129,-55,-177,1449,293,301,1030,415,463,51,-2363,-1238,1161,-447,120,953,1085,-1368,-133,
3426685,4980451,3144822,538919,164869,164129,-91,-139,1511,293,301,1030,641,378,37,-2808,-1259,2390,-447,120,953,677,-833,-364,
3426685,4980451,3144822,538919,165853,164129,-92,-167,1829,303,282,1036,709,396,46,-3625,-2735,1211,-465,122,929,-177,278,-465,
3426685,4980451,3144822,538919,165853,165166,-116,-125,1867,303,282,1036,528,579,79,-3161,-2219,969,-465,122,929,-2030,1434,-473,
3426685,4980451,3144822,538919,165853,165166,-113,-165,1644,326,278,1033,324,878,123,-2545,-555,1102,-428,187,922,-4004,2395,-835,
3426685,4980451,3144822,538919,165853,165166,-115,-129,1736,363,266,1012,193,1288,187,-709,-58,1647,-428,187,922,-4817,3066,-1444,
1385690,4980451,3144822,538919,165853,165166,-126,-108,1784,363,266,1012,182,1502,211,-154,486,3126,-362,279,915,-5000,3419,-1515,
1385690,5100326,3144822,538919,165853,165166,-185,-128,1601,412,263,984,168,1695,228,-422,211,3184,-267,324,928,-2727,4356,-683,
1385690,5100326,1073969,538919,165853,165166,-173,-112,1601,412,263,984,206,1855,258,-189,-76,1923,-267,324,928,-774,3129,65,
1385690,5100326,1073969,4869583,165853,165166,-177,-159,1697,461,261,957,282,1980,275,-284,5,1488,-226,325,931,-164,1462,123,
1385690,5100326,1073969,4869583,165859,165166,-291,-306,2260,461,5,926,463,2166,321,-184,-68,1479,-226,325,931,-64,619,178,
1385690,5100326,1073969,4869583,165859,167912,-306,-485,3052,525,245,926,700,2662,434,-132,-27,1376,-216,338,926,-13,172,197,
1385690,5100326,1073969,4869583,165859,167912,-246,-520,3230,613,215,866,1040,3437,611,-137,-6,1421,-216,338,926,41,43,33,
1385690,5100326,1073969,4869583,165859,167912,-285,-570,2651,613,215,866,1433,4039,781,-116,13,1364,-220,338,923,48,16,-10,
863156,5100326,1073969,4869583,165859,167912,-387,-567,2906,705,178,786,1707,4405,912,-88,38,1303,-215,331,924,39,26,12,
863156,4519497,1073969,4869583,165859,167912,-331,-266,3125,705,178,786,1872,4644,1119,-72,37,1286,-215,331,924,24,23,29,
863156,4519497,174965,4869583,165859,167912,-356,-52,3029,798,132,683,2623,4738,1087,-90,40,1303,-213,331,939,19,1,27,
863156,4519497,174965,4849418,165859,167912,-434,-508,2972,873,72,588,2758,4743,1035,-114,21,1362,-213,331,939,9,-6,10,
863156,4519497,174965,4849418,167652,167912,-436,-1078,2715,873,72,588,2516,4620,1171,-79,38,1298,-217,331,930,6,-3,-254,
863156,4519497,174965,4849418,167652,2653505,18,-975,2748,925,29,470,2399,4281,1292,-71,28,1291,-217,331,930,3,-8,-12,
863156,4519497,174965,4849418,167652,2653505,477,-1031,2556,925,29,470,2274,4080,1345,-77,26,1309,-214,331,930,-5,-5,-15,
863156,4519497,174965,4849418,167652,2653505,874,-1233,2031,961,-10,374,2038,4121,1395,-89,26,1330,-214,331,944,-7,-1,-17,
2112386,4519497,174965,4849418,167652,2653505,1943,-1403,-699,961,-62,269,1921,4210,1556,-78,29,1306,-216,332,944,-6,10,-17,
2112386,2771051,174965,4849418,167652,2653505,2514,-1278,-2766,982,-62,269,2220,3655,1828,-139,-4,1443,-210,331,921,-2,20,-14,
2112386,2771051,167741,4849418,167652,2653505,1921,-1943,552,983,-109,226,1575,2312,1879,-78,33,1316,-210,331,921,3,23,0,
2112386,2771051,167741,4813255,167652,2653505,1098,-513,527,983,-109,226,-372,1113,1907,-56,36,1286,-213,327,939,3,23,9,
2112386,2771051,167741,4813255,3796196,2653505,1540,126,564,971,-132,238,-1668,-1428,1268,-137,3,1438,-213,327,939,3,17,13,
2112386,2771051,167741,4813255,3796196,3587150,1348,437,573,971,-132,238,-906,-2312,614,-118,9,1370,-215,330,927,-3,19,22,
2112386,2771051,167741,4813255,3796196,3587150,1054,509,896,947,-131,295,-143,-2734,-81,-112,10,1396,-215,330,927,1,20,18,
2112386,2771051,167741,4813255,3796196,3587150,739,332,1002,915,-131,354,486,-2915,-741,-49,42,1263,-213,337,936,-9,20,7,
1367289,2771051,167741,4813255,3796196,3587150,623,-89,917,915,-131,354,814,-3070,-1239,-33,42,1260,-211,338,937,-20,27,3,
1367289,2014196,167741,4813255,3796196,3587150,571,-875,729,888,-105,423,774,-3270,-1530,-28,41,1260,-211,338,937,-18,31,-1,
1367289,2014196,167909,4813255,3796196,3587150,460,-1060,751,888,-105,423,409,-3494,-1693,-35,41,1392,-213,331,946,-23,33,-2,
1367289,2014196,167909,4205853,3796196,3587150,331,-1092,891,843,-61,498,-183,-3698,-1763,-27,41,1255,-213,331,946,-23,41,-5,
1367289,2014196,167909,4205853,4370000,3587150,130,-1005,1056,797,-14,568,-806,-3811,-1781,-64,29,1292,-211,334,939,-19,58,-5,
1367289,2014196,167909,4205853,4370000,4214266,-17,-891,1134,797,-14,568,-1305,-3780,-1777,-17,41,1234,-211,334,939,-27,67,-9,
1367289,2014196,167909,4205853,4370000,4214266,-128,-787,1385,741,52,633,-1648,-3641,-1768,-108,12,1366,-210,339,929,-39,79,-20,
1367289,2014196,167909,4205853,4370000,4214266,-273,-736,1543,741,52,633,-2005,-3284,-1768,-100,24,1324,-203,343,920,-38,89,-18,
629822,2014196,167909,4205853,4370000,4214266,-338,-686,1601,681,138,687,-2159,-3202,-1801,-77,33,1284,-203,343,920,-46,110,-27,
629822,1326715,167909,4205853,4370000,4214266,-370,-692,1654,681,138,687,-2292,-3181,-1855,-88,21,1327,-200,337,934,-56,118,-23,
629822,1326715,168444,4205853,4370000,4214266,-439,-654,1730,615,231,722,-2408,-3181,-1924,-103,15,1409,-200,337,934,-45,113,-14,
629822,1326715,168444,2894752,4370000,4214266,-500,-612,1763,549,316,752,-2470,-3162,-2001,-79,27,1331,-198,337,933,-44,153,-14,
629822,1326715,168444,2894752,4545935,4214266,-583,-515,2114,549,316,752,-2436,-3091,-2114,-144,7,1395,-198,337,933,-58,199,-22,
629822,1326715,168444,2894752,4545935,4521928,-878,-490,2102,475,399,751,-2323,-2988,-2245,-139,15,1340,-195,345,922,-76,240,-31,
629822,1326715,168444,2894752,4545935,4521928,-1040,-546,2275,475,399,751,-2165,-2861,-2365,-159,-3,1417,-195,345,922,-75,266,-31,
629822,1326715,168444,2894752,4545935,4521928,-1111,-591,2476,401,482,735,-2022,-2738,-2497,-143,20,1392,-186,344,928,-68,275,-27,
527363,1326715,168444,2894752,4545935,4521928,-1339,-555,2432,330,554,732,-1903,-2607,-2662,-189,0,1421,-177,345,936,-75,296,-36,
527363,961785,168444,2894752,4545935,4521928,-1513,-503,2422,330,554,732,-1798,-2509,-3111,-156,7,1385,-177,345,936,-97,333,-38,
527363,961785,166850,2894752,4545935,4521928,-1702,-524,2559,251,613,717,-1475,-2410,-3344,-127,14,1342,-166,348,936,-94,348,-37,
527363,961785,166850,724172,4545935,4521928,-2018,-761,2498,251,613,717,-1399,-2454,-3588,-160,6,1389,-166,348,936,-69,363,-43,
527363,961785,166850,724172,4678163,4521928,-2612,-47,3871,156,651,694,-637,-2345,-3848,-155,21,1354,-160,354,929,-32,379,-44,
527363,961785,166850,724172,4678163,4685180,-2219,194,1357,156,651,694,-170,-2251,-4055,-215,10,1457,-160,354,929,-49,403,-36,
527363,961785,166850,724172,4678163,4685180,-2814,-618,2418,48,676,712,-105,-2167,-4255,-204,54,1463,-153,356,948,-56,445,-29,
527363,961785,166850,724172,4678163,4685180,-3194,-459,1924,-53,675,667,-1085,-1667,-4317,-235,31,1513,-140,353,928,-28,525,-47,
2211224,961785,166850,724172,4678163,4685180,-3273,649,1690,-53,675,667,-991,-944,-4358,-178,23,1484,-140,353,928,-12,583,-69,
2211224,1014990,166850,724172,4678163,4685180,-3535,633,1536,-126,671,628,-1105,-220,-4411,-188,34,1524,-122,358,942,-89,576,-75,
2211224,1014990,167988,724172,4678163,4685180,-3848,177,1388,-126,671,628,-945,308,-4402,-175,72,1308,-122,358,942,-152,647,-85,
2211224,1014990,167988,321630,4678163,4685180,-4966,-237,1352,-181,669,610,-559,836,-4021,-222,29,1431,-112,361,946,-171,683,-108,
2211224,1014990,167988,321630,4739912,4685180,-5138,591,1818,-178,661,616,-175,3422,-2562,-257,43,1543,-112,361,946,-201,734,-137,
2211224,1014990,167988,321630,4739912,4748255,-3001,1493,2268,-178,661,616,348,4564,-1695,-275,53,1562,-91,375,932,-227,801,-174,
2211224,1014990,167988,321630,4739912,4748255,-546,-72,1696,-135,649,629,357,2991,-412,-281,153,1524,-91,375,939,-304,1008,-223,
