0,0,0,0,0,0,11,-197,1327,-561,196,765,-43,4,-46,-59,8,1315,-399,-514,823,11,3,-14,
4784968,0,0,0,0,0,18,-186,1284,-562,197,769,-34,-4,-42,-56,15,1261,-395,-515,816,10,1,-14,
4784968,3900553,0,0,0,0,9,-194,1298,-562,197,769,-40,-5,-40,-81,-2,1340,-395,-515,816,8,2,-14,
4784968,3900553,1194362,0,0,0,5,-191,1298,-561,205,764,-44,-1,-39,-65,13,1303,-397,-509,820,-3,9,-12,
4784968,3900553,1194362,4652410,0,0,-6,-184,1327,-560,193,769,-42,2,-41,-63,3,1324,-397,-509,820,-4,0,-7,
4784968,3900553,1194362,4652410,3726321,0,-11,-189,1335,-560,193,769,-41,1,-48,-55,11,1326,-396,-511,818,10,-1,-15,
4784968,3900553,1194362,4652410,3726321,513285,-3,-193,1276,-562,193,767,-44,1,-42,-56,3,1321,-396,-514,803,8,2,-9,
4784968,3900553,1194362,4652410,3726321,513285,4,-193,1325,-562,193,767,-45,2,-39,-43,21,1298,-396,-514,803,10,5,-5,
4784968,3900553,1194362,4652410,3726321,513285,-3,-194,1292,-561,195,761,-47,-4,-43,-75,-5,1314,-396,-514,821,4,-1,-16,
4778373,3900553,1194362,4652410,3726321,513285,12,-190,1319,-562,201,757,-46,-2,-45,-54,13,1312,-396,-514,821,3,3,-16,
4778373,3915304,1194362,4652410,3726321,513285,10,-189,1306,-562,201,757,-46,1,-40,-65,4,1313,-397,-508,810,8,6,-11,
4778373,3915304,1270264,4652410,3726321,513285,3,-185,1344,-561,194,767,-45,-4,-44,-50,16,1295,-397,-508,810,7,10,-11,
4778373,3915304,1270264,4643295,3726321,513285,-6,-181,1328,-561,194,767,-42,-2,-42,-57,0,1334,-399,-508,827,4,10,-12,
4778373,3915304,1270264,4643295,3748974,513285,-11,-190,1294,-561,195,769,-41,4,-43,-65,6,1329,-395,-513,825,3,8,-15,
4778373,3915304,1270264,4643295,3748974,584411,-11,-186,1327,-561,195,769,-43,-1,-42,-71,1,1324,-395,-513,825,2,-1,-16,
4778373,3915304,1270264,4643295,3748974,584411,12,-187,1299,-559,196,759,-43,0,-44,-79,3,1338,-396,-518,797,4,4,-14,
4778373,3915304,1270264,4643295,3748974,584411,13,-191,1317,-559,189,769,-45,-2,-43,-57,4,1332,-396,-518,797,0,-3,-11,
4770154,3915304,1270264,4643295,3748974,584411,12,-177,1344,-559,189,769,-40,-6,-36,-48,21,1291,-394,-515,820,3,3,-14,
4770154,3937757,1270264,4643295,3748974,584411,4,-192,1273,-558,193,766,-36,2,-41,-58,-2,1321,-394,-515,820,1,2,-15,
4770154,3937757,1338001,4643295,3748974,584411,-10,-176,1340,-558,193,766,-40,4,-43,-43,26,1283,-398,-509,808,1,2,-14,
4770154,3937757,1338001,4627507,3748974,584411,0,-192,1306,-561,203,765,-39,5,-42,-75,4,1351,-398,-509,809,3,2,-16,
4770154,3937757,1338001,4627507,3800759,584411,-1,-184,1312,-558,193,768,-38,5,-38,-56,12,1338,-396,-507,809,-7,6,-18,
4770154,3937757,1338001,4627507,3800759,602088,7,-189,1304,-558,193,768,-37,9,-36,-55,7,1306,-396,-512,808,2,1,-13,
4770154,3937757,1338001,4627507,3800759,602088,-13,-178,1346,-561,196,761,-48,-2,-39,-47,17,1309,-396,-512,808,3,7,-13,
4770154,3937757,1338001,4627507,3800759,602088,-9,-200,1284,-561,196,761,-43,-2,-40,-73,6,1343,-394,-512,826,6,8,-16,
4755429,3937757,1338001,4627507,3800759,602088,4,-186,1298,-560,200,767,-48,0,-38,-69,3,1337,-394,-512,826,-2,15,-14,
4755429,3961914,1338001,4627507,3800759,602088,-3,-183,1331,-560,200,767,-39,16,-38,-59,11,1295,-399,-513,817,-6,5,-9,
4755429,3961914,1484580,4627507,3800759,602088,1,-186,1312,-558,196,762,-45,13,-33,-68,13,1312,-399,-513,817,-2,6,-15,
4755429,3961914,1484580,4597448,3800759,602088,-19,-186,1315,-560,194,769,-48,9,-39,-75,4,1341,-397,-509,822,-1,7,-8,
4755429,3961914,1484580,4597448,3799389,602088,3,-184,1331,-560,194,769,-32,9,-36,-67,16,1303,-396,-516,816,0,4,-9,
4755429,3961914,1484580,4597448,3799389,711495,-11,-185,1328,-559,193,756,-30,11,-38,-54,1,1313,-396,-516,816,0,7,-14,
4755429,3961914,1484580,4597448,3799389,711495,7,-183,1315,-559,193,756,-35,12,-38,-78,2,1320,-393,-514,816,4,18,-12,
4755429,3961914,1484580,4597448,3799389,711495,5,-189,1327,-559,197,775,-26,12,-38,-42,23,1296,-393,-514,816,7,19,-11,
4699280,3961914,1484580,4597448,3799389,711495,-3,-196,1314,-559,192,765,-27,14,-36,-44,9,1316,-391,-510,812,3,23,-16,
4699280,4063039,1484580,4597448,3799389,711495,-15,-176,1313,-559,192,765,-37,12,-33,-72,2,1318,-391,-510,812,1,19,-13,
4699280,4063039,1721205,4597448,3799389,711495,-2,-185,1346,-559,191,769,-38,10,-32,-76,1,1322,-398,-500,805,1,16,-18,
4699280,4063039,1721205,4534371,3799389,711495,-1,-199,1292,-559,191,769,-38,7,-32,-72,-3,1308,-392,-512,827,0,8,-8,
4699280,4063039,1721205,4534371,3854084,711495,-18,-182,1355,-558,192,759,-37,4,-43,-57,9,1322,-392,-512,827,8,7,-15,
4699280,4063039,1721205,4534371,3854084,833312,-1,-187,1296,-558,192,759,-43,1,-40,-73,11,1315,-396,-514,815,5,5,-16,
4699280,4063039,1721205,4534371,3854084,833312,9,-177,1326,-557,199,760,-38,-3,-42,-74,8,1323,-396,-514,815,9,4,-11,
4699280,4063039,1721205,4534371,3854084,833312,-18,-183,1297,-556,192,767,-47,-1,-43,-66,10,1324,-396,-515,810,5,5,-8,
4684343,4063039,1721205,4534371,3854084,833312,-18,-190,1342,-556,192,767,-43,-5,-45,-68,2,1326,-396,-515,810,5,-1,-12,
4684343,4069296,1721205,4534371,3854084,833312,-11,-192,1326,-559,192,761,-43,-7,-44,-55,-4,1333,-394,-510,819,3,-13,-9,
4684343,4069296,1759746,4534371,3854084,833312,17,-178,1329,-559,192,761,-43,-13,-47,-65,8,1296,-394,-510,819,-2,-2,-6,
4684343,4069296,1759746,4536757,3854084,833312,4,-199,1318,-561,200,765,-44,-12,-44,-85,0,1338,-396,-509,821,5,10,-6,
4684343,4069296,1759746,4536757,3852514,833312,5,-191,1332,-558,191,772,-41,-5,-45,-50,11,1312,-392,-510,797,11,5,-15,
4684343,4069296,1759746,4536757,3852514,807152,-5,-200,1302,-558,191,772,-39,-10,-40,-76,19,1319,-392,-510,797,3,-4,-14,
4684343,4069296,1759746,4536757,3852514,807152,2,-185,1342,-557,195,771,-44,-4,-39,-74,-2,1311,-396,-513,820,3,14,-10,
4684343,4069296,1759746,4536757,3852514,807152,-17,-191,1323,-557,195,771,-44,2,-34,-57,11,1321,-396,-513,820,4,11,-14,
4681288,4069296,1759746,4536757,3852514,807152,-7,-192,1303,-559,199,766,-37,7,-39,-77,-1,1344,-395,-504,813,11,7,-13,
4681288,4093363,1759746,4536757,3852514,807152,-3,-187,1331,-559,199,761,-44,12,-30,-58,12,1293,-395,-504,813,7,16,-15,
4681288,4093363,2008267,4536757,3852514,807152,9,-192,1358,-559,191,761,-30,26,-24,-71,7,1329,-394,-505,818,2,23,-14,
4681288,4093363,2008267,4434795,3852514,807152,-4,-188,1330,-556,192,766,-32,33,-15,-78,8,1327,-394,-510,808,-5,35,-14,
4681288,4093363,2008267,4434795,3948719,807152,1,-199,1327,-556,192,766,-16,48,-11,-36,10,1287,-394,-510,808,-8,55,-9,
4681288,4093363,2008267,4434795,3948719,1107578,1,-186,1336,-553,184,756,-6,50,-8,-59,18,1341,-388,-512,809,-5,59,-7,
4681288,4093363,2008267,4434795,3948719,1107578,-24,-190,1301,-553,184,756,-10,61,-5,-71,-1,1330,-388,-512,809,-16,63,-21,
4681288,4093363,2008267,4434795,3948719,1107578,-5,-167,1323,-552,196,758,-16,61,-4,-79,7,1314,-389,-515,815,-20,71,-15,
4166824,4093363,2008267,4434795,3948719,1107578,-24,-176,1296,-552,192,773,-14,59,-4,-82,14,1306,-389,-515,815,-15,88,-12,
4166824,4390603,2008267,4434795,3948719,1107578,-31,-157,1334,-552,192,773,-7,63,-6,-75,8,1303,-388,-512,819,-16,88,-13,
4166824,4390603,2588243,4434795,3948719,1107578,-24,-179,1343,-550,190,767,2,65,-5,-90,10,1326,-388,-512,799,-11,89,-11,
4166824,4390603,2588243,3991230,3948719,1107578,-29,-178,1315,-550,190,767,-6,60,-8,-95,-7,1323,-386,-512,799,-10,89,-17,
4166824,4390603,2588243,3991230,4100980,1107578,-20,-178,1321,-550,194,766,-23,43,-9,-87,13,1293,-386,-513,814,-3,78,-13,
4166824,4390603,2588243,3991230,4100980,1534161,-32,-161,1297,-550,194,767,-15,41,-10,-87,14,1302,-386,-513,814,0,72,-16,
4166824,4390603,2588243,3991230,4100980,1534161,-23,-177,1314,-551,189,767,-21,35,-4,-108,5,1337,-382,-509,824,1,57,-15,
4166824,4390603,2588243,3991230,4100980,1534161,-28,-174,1332,-550,192,768,-24,29,-13,-95,8,1301,-382,-509,824,-6,40,-11,
3845128,4390603,2588243,3991230,4100980,1534161,-3,-173,1301,-550,192,768,-29,31,-14,-80,6,1340,-383,-510,812,-1,35,-5,
3845128,4558871,2588243,3991230,4100980,1534161,-39,-170,1325,-552,191,775,-30,30,-13,-100,-9,1315,-383,-510,812,1,31,-4,
3845128,4558871,2890220,3991230,4100980,1534161,-38,-177,1267,-552,191,775,-27,29,-8,-88,5,1275,-384,-508,824,-2,17,-13,
3845128,4558871,2890220,3901914,4100980,1534161,-16,-178,1313,-550,192,765,-27,27,-17,-99,5,1329,-386,-510,826,2,7,-11,
3845128,4558871,2890220,3901914,4138700,1534161,-36,-168,1300,-548,189,772,-30,21,-19,-93,0,1303,-386,-510,826,6,1,-8,
3845128,4558871,2890220,3901914,4138700,1452128,-19,-162,1348,-548,189,772,-32,21,-18,-86,8,1305,-384,-511,831,3,-6,-10,
3845128,4558871,2890220,3901914,4138700,1452128,-27,-186,1330,-545,188,766,-31,16,-24,-102,5,1308,-384,-511,831,3,-12,-12,
3845128,4558871,2890220,3901914,4138700,1452128,-22,-190,1320,-545,188,766,-34,22,-19,-90,8,1306,-383,-511,820,3,-11,-9,
3565878,4558871,2890220,3901914,4138700,1452128,-44,-174,1326,-547,196,778,-26,37,-14,-102,3,1346,-383,-511,820,7,-15,-12,
3565878,4633212,2890220,3901914,4138700,1452128,-9,-179,1334,-547,191,765,-19,52,-11,-89,21,1289,-385,-509,830,4,-13,-12,
3565878,4633212,2461210,3901914,4138700,1452128,-34,-157,1359,-548,191,765,-4,61,-9,-78,5,1277,-385,-501,843,3,-8,-2,
3565878,4633212,2461210,3988353,4138700,1452128,-37,-183,1317,-544,187,773,-9,75,-9,-89,5,1320,-381,-501,843,-1,-19,-8,
3565878,4633212,2461210,3988353,4139786,1452128,-47,-176,1327,-544,187,773,-12,71,-15,-103,-11,1356,-382,-511,833,11,-14,-7,
3565878,4633212,2461210,3988353,4139786,1101871,-38,-169,1340,-543,191,774,-5,77,-10,-76,14,1319,-382,-511,833,2,-9,-5,
3565878,4633212,2461210,3988353,4139786,1101871,-49,-176,1329,-543,191,774,-7,79,-6,-82,19,1303,-382,-512,814,-10,-9,-8,
3565878,4633212,2461210,3988353,4139786,1101871,-38,-170,1307,-543,196,782,-4,81,-6,-92,5,1312,-382,-512,814,3,-13,-9,
2844829,4633212,2461210,3988353,4139786,1101871,-44,-170,1327,-541,188,781,-8,81,-12,-109,-4,1341,-383,-508,822,4,-19,-9,
2844829,4679985,2461210,3988353,4139786,1101871,-40,-180,1299,-541,188,781,-18,89,-16,-83,4,1307,-383,-508,822,-2,-30,-15,
2844829,4679985,1437252,3988353,4139786,1101871,-51,-176,1292,-538,183,780,-7,95,-12,-93,6,1328,-383,-507,824,-1,-13,-6,
2844829,4679985,1437252,4103013,4139786,1101871,-34,-171,1338,-538,183,780,11,129,-6,-86,14,1299,-382,-511,814,4,-20,-7,
2844829,4679985,1437252,4103013,4183231,1101871,-59,-177,1359,-535,195,777,51,172,2,-118,-7,1363,-382,-511,814,10,-43,-2,
2844829,4679985,1437252,4103013,4183231,677628,-58,-172,1363,-529,185,788,109,209,8,-99,11,1307,-386,-514,822,9,-58,3,
2844829,4679985,1437252,4103013,4183231,677628,-71,-139,1405,-529,185,788,192,237,5,-78,1,1317,-386,-514,822,17,-60,2,
2844829,4679985,1437252,4103013,4183231,677628,-100,-129,1517,-524,176,786,283,222,-17,-55,11,1311,-381,-508,814,13,-49,-1,
1501394,4679985,1437252,4103013,4183231,677628,-71,-111,1338,-524,176,786,127,282,-16,-106,-14,1360,-381,-508,814,8,-33,-4,
1501394,4715724,1437252,4103013,4183231,677628,-84,-142,1307,-518,180,785,43,315,-5,-89,1,1338,-388,-503,830,5,-22,-4,
1501394,4715724,486389,4103013,4183231,677628,-125,-127,1270,-518,180,785,18,310,-2,-85,3,1321,-386,-509,827,7,-15,-7,
1501394,4715724,486389,4299716,4183231,677628,-118,-139,1224,-514,186,800,15,292,-13,-66,22,1284,-386,-509,827,-2,-26,-6,
1501394,4715724,486389,4299716,4214128,677628,-107,-146,1287,-511,176,798,-22,240,-20,-77,9,1311,-390,-513,819,8,-36,-14,
1501394,4715724,486389,4299716,4214128,165299,-113,-132,1350,-511,176,798,-26,239,-18,-68,25,1227,-390,-513,819,16,-48,-10,
1501394,4715724,486389,4299716,4214128,165299,-103,-113,1382,-505,172,802,-17,274,-29,-51,29,1282,-388,-513,820,26,-38,-10,
1501394,4715724,486389,4299716,4214128,165299,-106,-95,1352,-505,172,802,-28,300,-37,-42,27,1263,-388,-513,820,19,-39,-12,
1155812,4715724,486389,4299716,4214128,165299,-105,-70,1414,-501,174,807,-38,318,-52,-78,-2,1308,-393,-512,822,19,-33,-24,
1155812,4703199,486389,4299716,4214128,165299,-89,-55,1375,-493,171,802,-47,342,-75,-103,-12,1379,-393,-512,813,20,-34,-17,
1155812,4703199,170690,4299716,4214128,165299,-81,-2,1343,-493,171,802,-36,364,-123,-69,10,1274,-392,-512,813,19,-29,-10,
1155812,4703199,170690,4517834,4214128,165299,-80,-15,1321,-480,169,814,-28,397,-176,-69,4,1340,-391,-513,829,17,-31,-11,
1155812,4703199,170690,4517834,3957708,165299,-118,17,1402,-480,169,814,-11,427,-227,-61,3,1300,-391,-513,829,13,-27,-14,
1155812,4703199,170690,4517834,3957708,163968,-106,-11,1355,-475,165,814,-7,450,-288,-96,-1,1376,-393,-511,825,14,-31,-19,
1155812,4703199,170690,4517834,3957708,163968,-60,118,1296,-475,165,814,-7,475,-416,-58,22,1317,-393,-511,825,9,-37,-24,
1155812,4703199,170690,4517834,3957708,163968,-66,94,1210,-460,164,823,41,424,-518,-50,21,1311,-393,-508,823,17,-27,-23,
1047626,4703199,170690,4517834,3957708,163968,-121,11,1134,-457,150,832,11,349,-596,-81,3,1350,-393,-508,823,4,-17,-27,
1047626,4538859,170690,4517834,3957708,163968,-171,-2,1056,-457,150,832,-29,253,-645,-74,7,1356,-394,-506,800,0,-5,-31,
1047626,4538859,187404,4517834,3957708,163968,4,226,922,-456,141,819,-48,122,-724,-47,15,1280,-391,-513,812,9,-19,-44,
1047626,4538859,187404,4667212,3957708,163968,-30,68,862,-456,141,819,1,-64,-865,-65,7,1303,-391,-513,812,16,-49,-82,
1047626,4538859,187404,4667212,3247308,163968,-52,-52,745,-467,134,827,-7,-292,-984,-59,22,1321,-393,-516,820,31,-68,-114,
1047626,4538859,187404,4667212,3247308,163593,-77,-86,678,-488,115,819,-12,-568,-1051,-49,1,1318,-393,-516,820,34,-86,-161,
1047626,4538859,187404,4667212,3247308,163593,-92,-161,755,-488,115,819,-27,-885,-1109,-42,22,1315,-392,-515,815,28,-73,-209,
1047626,4538859,187404,4667212,3247308,163593,-202,-543,1165,-521,107,810,-59,-1191,-1138,-23,29,1301,-392,-515,815,5,-50,-276,
2792668,4538859,187404,4667212,3247308,163593,-829,-1890,4012,-521,107,810,-148,-1454,-1086,-55,24,1349,-391,-513,797,8,-14,-360,
2792668,4082626,187404,4667212,3247308,163593,-72,-518,1467,-552,115,792,-451,-960,-305,-45,11,1322,-391,-512,817,11,4,-458,
2792668,4082626,168657,4667212,3247308,163593,73,-272,1378,-552,115,792,-29,-180,-53,-32,39,1309,-383,-512,817,14,13,-547,
2792668,4082626,168657,4760676,3247308,163593,28,-208,1305,-556,117,788,105,200,55,-46,28,1349,-375,-525,817,16,9,-572,
2792668,4082626,168657,4760676,2930154,163593,-53,-185,1301,-551,108,798,198,422,83,-33,28,1339,-375,-525,817,12,9,-520,
2792668,4082626,168657,4760676,2930154,163870,-57,-122,1288,-551,108,798,267,464,64,-69,8,1299,-371,-532,809,9,-9,-430,
2792668,4082626,168657,4760676,2930154,163870,-102,-101,1302,-545,103,792,254,355,35,-82,12,1343,-371,-532,809,5,-4,-338,
2792668,4082626,168657,4760676,2930154,163870,-82,-111,1245,-545,103,792,98,126,-6,-48,22,1296,-366,-528,814,3,-1,-281,
3120567,4082626,168657,4760676,2930154,163870,-94,-117,1309,-546,111,800,-76,-82,-49,-48,2,1296,-366,-528,814,13,-6,-259,
3120567,4079371,168657,4760676,2930154,163870,-67,-147,1330,-550,111,795,-192,-215,-83,-33,16,1310,-362,-530,812,32,-6,-255,
3120567,4079371,166757,4760676,2930154,163870,-43,-175,1344,-550,111,795,-242,-230,-105,-34,6,1320,-360,-533,811,33,-12,-265,
3120567,4079371,166757,4780481,2930154,163870,-31,-175,1334,-555,109,799,-164,-153,-93,-46,-9,1326,-360,-533,811,28,-13,-248,
3120567,4079371,166757,4780481,3461633,163870,-43,-164,1310,-555,109,799,-3,10,-34,-56,3,1291,-358,-535,813,18,-9,-201,
3120567,4079371,166757,4780481,3461633,237521,-57,-150,1283,-554,109,795,-2,-13,-37,-55,8,1308,-358,-535,813,30,-2,-180,
3120567,4079371,166757,4780481,3461633,237521,-53,-136,1309,-554,109,795,-79,-117,-55,-59,8,1315,-355,-535,805,35,-24,-184,
3120567,4079371,166757,4780481,3461633,237521,-47,-138,1344,-556,107,796,-147,-219,-77,-60,20,1343,-355,-535,805,27,-26,-203,
4269384,4079371,166757,4780481,3461633,237521,-27,-151,1351,-561,108,794,-155,-226,-79,-34,38,1300,-355,-531,807,17,-22,-239,
4269384,3650737,166757,4780481,3461633,237521,-11,-180,1277,-561,108,794,-130,-160,-77,-41,35,1332,-354,-543,800,20,-33,-312,
4269384,3650737,166663,4780481,3461633,237521,0,-177,1332,-561,112,794,-97,-89,-71,-7,51,1331,-354,-543,800,25,-39,-398,
4269384,3650737,166663,4909309,3461633,237521,-12,-177,1293,-561,112,794,-60,-45,-64,10,69,1340,-345,-547,808,30,-34,-522,
4269384,3650737,166663,4909309,905488,237521,-15,-172,1313,-563,110,795,-30,-34,-73,-223,12,1313,-345,-547,808,44,-40,-682,
4269384,3650737,166663,4909309,905488,163476,-27,-161,1326,-562,104,794,-11,-54,-91,-25,12,1365,-338,-554,818,70,-47,-820,
4269384,3650737,166663,4909309,905488,163476,-11,-142,1326,-562,104,794,-15,-117,-115,-5,13,1294,-338,-554,818,74,-42,-868,
4269384,3650737,166663,4909309,905488,163476,13,-183,1307,-570,107,786,-117,-157,-130,-71,-12,1344,-328,-556,810,70,-33,-896,
4768758,3650737,166663,4909309,905488,163476,30,-184,1332,-570,107,786,-106,-152,-140,-50,18,1313,-328,-556,810,69,-44,-781,
4768758,2167778,166663,4909309,905488,163476,33,-167,1335,-575,109,777,-92,-171,-159,6,81,1350,-317,-562,818,65,-42,-714,
4768758,2167778,166375,4909309,905488,163476,26,-170,1346,-575,109,782,-87,-217,-151,75,159,1330,-308,-568,814,90,-45,-642,
4768758,2167778,166375,5028727,905488,163476,50,-204,1327,-581,107,782,-77,-260,-185,245,327,1289,-308,-568,814,122,-84,-608,
4768758,2167778,166375,5028727,164578,163476,76,-209,1314,-584,105,786,-75,-298,-264,559,639,1360,-301,-579,809,148,-138,-614,
4768758,2167778,166375,5028727,164578,163261,49,-187,1294,-584,105,786,-99,-317,-345,724,826,1316,-301,-579,809,206,-193,-622,
4768758,2167778,166375,5028727,164578,163261,49,-203,1311,-594,101,771,-131,-336,-394,1029,1131,1364,-299,-578,788,229,-346,-656,
4768758,2167778,166375,5028727,164578,163261,66,-195,1363,-594,101,771,-162,-391,-429,1195,1368,1337,-299,-578,788,189,-415,-699,
5007884,2167778,166375,5028727,164578,163261,112,-235,1306,-602,103,773,-207,-425,-447,1483,1760,1334,-298,-573,766,47,-543,-783,
5007884,1392393,166375,5028727,164578,163261,148,-254,1322,-610,101,768,-232,-539,-569,2129,2069,1269,-293,-588,738,22,-701,-1051,
5007884,1392393,167206,5028727,164578,163261,132,-279,1369,-610,101,768,-228,-577,-628,2627,2256,1468,-293,-588,738,121,-1192,-1638,
5007884,1392393,167206,4723669,164578,163261,245,-194,1117,-622,94,759,-195,-442,-559,3214,2170,1538,-297,-599,713,580,-2412,-2453,
5007884,1392393,167206,4723669,163784,163261,405,-219,1134,-622,94,759,-49,119,-270,2282,2827,2436,-297,-599,713,1553,-3372,-3184,
5007884,1392393,167206,4723669,163784,163323,569,-384,1182,-617,95,765,183,881,157,906,1292,2430,-285,-634,626,3520,-2668,-3415,
5007884,1392393,167206,4723669,163784,163323,753,-572,1233,-617,95,779,348,1439,477,115,537,2212,-285,-634,626,5613,-1819,-3434,
5007884,1392393,167206,4723669,163784,163323,1713,-910,1314,-589,95,779,63,1401,158,-1018,-68,1723,-246,-691,500,7324,-1378,-3305,
4931466,1392393,167206,4723669,163784,163323,508,138,1438,-572,82,785,-289,831,-1320,-2469,-2199,2173,-246,-777,392,8776,-973,-3245,
4931466,1286594,167206,4723669,163784,163323,-1404,7,1332,-572,82,785,-279,515,-2261,-2534,-4066,2156,-188,-777,392,8264,-447,-3352,
4931466,1286594,166685,4723669,163784,163323,-1387,3,1427,-567,62,787,-117,429,-1984,-2718,-5762,1432,-117,-819,337,6105,-168,-3519,
4931466,1286594,166685,4054559,163784,163323,-788,62,1348,-567,62,787,-45,300,-1012,-2503,-5723,1501,-117,-819,337,3012,25,-3916,
4931466,1286594,166685,4054559,164700,163323,-181,16,1376,-573,58,780,-22,-139,-302,173,1004,3935,-25,-774,415,-2434,-382,-4924,
4931466,1286594,166685,4054559,164700,164177,143,-128,1297,-572,47,788,26,-63,232,908,1495,3881,-25,-774,415,-1045,-318,-5458,
4931466,1286594,166685,4054559,164700,164177,529,-201,1292,-572,47,788,54,92,850,-284,91,3504,84,-757,417,2339,-216,-4822,
4931466,1286594,166685,4054559,164700,164177,1231,-504,1251,-561,64,778,120,139,1495,-1707,-29,3073,84,-757,417,5057,166,-3144,
2714773,1286594,166685,4054559,164700,164177,1728,-658,1291,-561,64,778,100,41,1921,-1387,-672,2751,131,-796,293,7398,663,-528,
2714773,1522446,166685,4054559,164700,164177,2258,-580,1677,-556,97,780,-3,-505,2094,-277,-13,1926,133,-861,113,9014,956,105,
2714773,1522446,166277,4054559,164700,164177,2052,-129,2007,-556,108,748,-79,-1402,1886,-460,-101,1716,133,-861,113,9865,1162,-15,
2714773,1522446,166277,2766996,164700,164177,1694,205,2005,-570,108,748,-23,-2385,1249,-182,-840,1627,129,-875,-95,9269,1219,292,
2714773,1522446,166277,2766996,593571,164177,1107,37,2160,-609,96,723,509,-3105,580,622,833,539,129,-875,-95,6274,865,508,
2714773,1522446,166277,2766996,593571,164272,567,-1342,2177,-609,96,723,1051,-3126,187,902,1171,-155,125,-852,-203,3512,153,89,
2714773,1522446,166277,2766996,593571,164272,832,-1842,2139,-638,82,706,1290,-2109,401,397,2290,-38,125,-852,-203,1053,-664,-505,
2714773,1522446,166277,2766996,593571,164272,970,-1772,2204,-638,82,706,836,-1803,677,469,1037,-111,144,-849,-214,-661,-860,-577,
1479609,1522446,166277,2766996,593571,164272,1118,-1228,2220,-657,79,687,468,-1883,787,20,2438,-97,183,-865,-140,-2625,-1010,-912,
1479609,1737021,166277,2766996,593571,164272,1220,-646,2192,-688,63,680,301,-2243,671,-51,2254,66,183,-865,-140,-3491,-1292,-1759,
1479609,1737021,166646,2766996,593571,164272,1271,-278,2245,-688,63,680,238,-2740,325,-422,1784,129,256,-876,-63,-3850,-1671,-2598,
1479609,1737021,166646,1895315,593571,164272,1496,-245,1598,-745,56,647,43,-3458,-262,-1127,3436,366,256,-876,-63,-3688,-1626,-2966,
1479609,1737021,166646,1895315,164609,164272,1340,-330,1657,-745,56,647,-255,-4502,-1033,-1340,3089,251,311,-872,-55,-1748,-820,-2447,
1479609,1737021,166646,1895315,164609,163515,870,-476,2120,-844,35,580,-513,-5507,-1760,-669,1301,409,311,-872,-55,1041,273,-1000,
1479609,1737021,166646,1895315,164609,163515,105,-508,2452,-948,-8,467,-707,-6031,-2238,-172,210,679,290,-878,-123,2981,1162,809,
1479609,1737021,166646,1895315,164609,163515,-581,-395,2479,-948,-8,467,-819,-5924,-2484,-21,164,587,290,-878,-123,3398,1594,2398,
771654,1737021,166646,1895315,164609,163515,-1210,-223,2064,-1017,-71,371,-672,-5297,-2558,229,518,387,207,-902,-187,2862,1707,4015,
771654,1590849,166646,1895315,164609,163515,-1709,-845,1652,-1017,-71,371,226,-2948,-2135,825,641,110,104,-924,-232,2228,1410,3795,
771654,1590849,167043,1895315,164609,163515,-1312,-1431,1109,-1046,-115,314,339,-1830,-1590,1167,252,12,104,-924,-232,2301,955,3194,
771654,1590849,167043,1525605,164609,163515,-824,-1738,557,-1046,-115,314,9,-1149,-905,1063,-1445,-193,30,-924,-289,2062,617,2572,
771654,1590849,167043,1525605,164720,163515,-495,-1686,293,-1059,-129,287,-604,-968,-266,1150,-2135,-207,30,-924,-289,1349,477,2145,
771654,1590849,167043,1525605,164720,164075,-317,-1285,299,-1063,-120,257,-1300,-1135,195,1251,-2348,51,-26,-923,-325,219,313,1853,
771654,1590849,167043,1525605,164720,164075,-316,-726,722,-1063,-120,257,-1791,-1446,370,1383,-2008,252,-26,-923,-325,-1105,-112,1416,
771654,1590849,167043,1525605,164720,164075,-497,174,576,-1074,-102,222,-2137,-1780,218,1350,-1470,477,-50,-937,-300,-2173,-813,647,
944776,1590849,167043,1525605,164720,164075,-637,532,751,-1074,-102,222,-2547,-2051,-203,1138,-1290,567,-13,-964,-282,-2656,-1314,-307,
944776,985280,167043,1525605,164720,164075,-728,819,845,-1087,-103,163,-2843,-2188,-757,-3206,6584,1169,-13,-964,-282,4309,455,-4873,
944776,985280,166930,1525605,164720,164075,-827,943,964,-1087,-132,117,-2839,-2234,-1328,-1496,3210,1898,127,-855,-492,10344,1739,-6298,
944776,985280,166930,387749,164720,164075,-1209,1034,973,-1087,-132,117,-2545,-2159,-1970,2006,-1089,-1402,127,-855,-492,6576,783,-948,
944776,985280,166930,387749,164891,164075,-1610,1059,647,-1086,-178,90,-1512,-789,-1904,-2426,2000,-923,112,-842,-521,1447,-29,394,
944776,985280,166930,387749,164891,163573,-1498,500,451,-1086,-178,90,-1194,433,-1538,-513,1721,362,112,-842,-521,-1545,607,1002,
944776,985280,166930,387749,164891,163573,-813,261,163,-1079,-198,121,-1212,1507,-903,349,1209,-479,48,-849,-525,43,1674,2051,
944776,985280,166930,387749,164891,163573,-8,243,-174,-1079,-198,121,-1346,2046,-220,624,892,-579,48,-847,-557,1237,1196,1392,
971929,985280,166930,387749,164891,163573,659,431,-342,-1061,-192,160,-1433,2021,332,628,908,-686,31,-847,-557,911,72,-89,
971929,1384488,166930,387749,164891,163573,1028,693,-218,-1044,-166,210,-1393,1746,674,164,1246,-808,86,-836,-545,422,-803,-1488,
971929,1384488,166908,387749,164891,163573,1166,1157,540,-1044,-166,210,-1284,1601,809,-879,2363,-713,86,-836,-545,467,-876,-2310,
971929,1384488,166908,164975,164891,163573,1425,968,836,-1025,-139,241,-1129,1642,752,-763,1169,-104,100,-837,-540,548,-81,-968,
971929,1384488,166908,164975,164694,163573,1504,708,990,-1025,-139,241,-932,1727,563,-654,1433,-302,100,-837,-540,-7,506,213,
971929,1384488,166908,164975,164694,164046,1540,452,1154,-1002,-114,294,-738,1704,304,-156,1314,-270,89,-835,-552,-2,510,-32,
971929,1384488,166908,164975,164694,164046,1488,245,1200,-975,-108,311,-539,1311,-288,-336,1365,-174,89,-835,-552,85,237,-247,
971929,1384488,166908,164975,164694,164046,1271,122,1294,-975,-108,311,-303,1186,-530,-247,1216,-432,88,-828,-551,-63,61,-41,
4109842,1384488,166908,164975,164694,164046,1170,-198,3914,-945,-120,355,-313,1813,-659,-243,1213,-351,87,-842,-535,-443,43,51,
4109842,637213,166908,164975,164694,164046,-1922,-299,3551,-945,-120,355,-72,2599,-811,-57,1373,-142,87,-842,-535,-635,-1,37,
4109842,637213,166759,164975,164694,164046,1111,-365,1906,-919,-131,400,996,2963,-529,-70,1381,55,86,-852,-545,-555,-11,-19,
4109842,637213,166759,707170,164694,164046,1321,-425,1616,-919,-131,400,1254,2550,-530,-137,1345,53,86,-852,-545,-416,20,-36,
4109842,637213,166759,707170,164462,164046,3661,-1425,650,-895,-152,439,54,1408,-727,-179,1321,50,83,-851,-528,-310,65,-27,
4109842,637213,166759,707170,164462,163850,3346,-796,74,-903,-157,439,-1178,-476,-852,-143,1339,-61,83,-851,-528,-273,131,-11,
4109842,637213,166759,707170,164462,163850,753,467,1300,-903,-157,439,-1619,-1638,-699,-155,1346,-140,81,-857,-524,-337,269,-9,
4109842,637213,166759,707170,164462,163850,690,104,1090,-935,-159,404,-1151,-1966,-606,-154,1348,-122,73,-856,-524,-364,554,27,
1816079,637213,166759,707170,164462,163850,645,-237,891,-935,-159,404,-447,-2023,-548,-123,1323,-58,73,-856,-524,-299,899,70,
1816079,396325,166759,707170,164462,163850,312,-366,1048,-956,-158,377,-502,-1629,-128,-156,1329,18,51,-866,-523,-227,1194,69,
1816079,396325,166864,707170,164462,163850,-46,-126,1151,-969,-159,358,-718,-1172,14,-116,1344,0,51,-866,-523,-105,1509,49,
1816079,396325,166864,726255,164462,163850,2,379,982,-969,-159,358,-652,-527,59,-184,1339,15,24,-865,-526,4,1798,38,
1816079,396325,166864,726255,722083,163850,1000,156,879,-976,-157,360,-272,144,69,-252,1343,8,24,-865,-526,59,2074,45,
1816079,396325,166864,726255,722083,163883,932,-128,1001,-976,-157,360,0,602,147,-252,1336,-74,-14,-862,-533,168,2447,106,
1816079,396325,166864,726255,722083,163883,1192,-252,1031,-973,-154,377,54,735,194,-241,1313,-81,-14,-862,-533,174,2773,127,
1816079,396325,166864,726255,722083,163883,1307,-231,961,-973,-154,377,-10,529,155,-147,1315,-184,-55,-858,-534,98,2947,93,
4381171,396325,166864,726255,722083,163883,1343,-170,888,-971,-148,383,-57,138,97,-144,1306,-136,-96,-864,-542,-46,2925,55,
4381171,411750,166864,726255,722083,163883,1159,-140,946,-978,-145,385,-34,-220,48,-152,1339,-24,-96,-864,-542,-16,2767,-12,
4381171,411750,166743,726255,722083,163883,1110,-171,866,-978,-145,385,5,-421,0,-110,1331,-1,-133,-862,-535,-30,2617,-99,
4381171,411750,166743,164923,722083,163883,1069,-237,910,-987,-157,374,51,-516,-102,-73,1323,96,-133,-862,-535,-26,2437,-114,
4381171,411750,166743,164923,175080,163883,1008,-297,988,-987,-157,374,277,-761,-159,2,1333,-1,-164,-859,-535,-4,2155,-102,
4381171,411750,166743,164923,175080,163841,1020,-347,964,-1000,-153,355,303,-898,-238,108,1342,-62,-164,-859,-535,-74,1642,-47,
4381171,411750,166743,164923,175080,163841,881,-328,990,-1009,-175,341,240,-966,-333,131,1352,-77,-187,-853,-514,-17,1121,-6,
4381171,411750,166743,164923,175080,163841,827,-287,1010,-1009,-175,341,130,-1009,-418,126,1417,-239,-198,-857,-520,155,647,52,
4554092,411750,166743,164923,175080,163841,681,-136,1079,-1025,-187,324,53,-995,-459,17,1322,-133,-198,-857,-520,343,265,100,
4554092,473695,166743,164923,175080,163841,735,-101,1093,-1025,-187,324,16,-899,-436,-3,1329,-93,-196,-854,-532,329,-6,46,
4554092,473695,166852,164923,175080,163841,742,-38,1083,-1030,-193,311,-33,-771,-407,-182,1348,32,-196,-854,-532,277,-181,0,
4554092,473695,166852,164865,175080,163841,520,39,1202,-1030,-193,304,-62,-648,-367,-157,1356,12,-199,-851,-537,242,-297,-9,
4554092,473695,166852,164865,164426,163841,657,42,1160,-1037,-202,304,-112,-439,-337,-132,1311,-71,-199,-851,-537,265,-427,21,
4554092,473695,166852,164865,164426,163822,838,23,1047,-1038,-208,294,-114,-259,-274,-134,1327,-55,-188,-837,-554,259,-577,47,
4554092,473695,166852,164865,164426,163822,846,-31,969,-1038,-208,294,-67,-16,-156,-157,1356,-1,-188,-837,-537,270,-662,48,
4554092,473695,166852,164865,164426,163822,941,-74,983,-1038,-214,290,-59,39,-121,-187,1305,3,-180,-840,-537,286,-685,34,
4545785,473695,166852,164865,164426,163822,970,-88,917,-1038,-214,290,-127,42,-114,-162,1304,-1,-172,-836,-563,236,-656,25,
4545785,390297,166852,164865,164426,163822,977,-94,939,-1039,-208,292,-205,17,-119,-162,1307,-72,-172,-836,-563,153,-602,19,
4545785,390297,166801,164865,164426,163822,985,-95,924,-1038,-212,294,-247,-13,-112,-158,1306,-125,-161,-837,-568,40,-534,11,
4545785,390297,166801,164905,164426,163822,1046,-90,900,-1038,-212,294,-225,-64,-84,-166,1304,-78,-161,-837,-568,-33,-458,-4,
4545785,390297,166801,164905,164770,163822,1031,-75,850,-1038,-212,288,-134,-143,-48,-128,1346,-59,-156,-838,-570,-101,-381,-14,
4545785,390297,166801,164905,164770,163569,1044,-113,862,-1038,-212,288,-10,-201,-10,-138,1385,12,-156,-838,-570,-72,-238,-34,
4545785,390297,166801,164905,164770,163569,1041,-168,772,-1043,-208,290,88,-244,8,-112,1382,-25,-151,-827,-558,60,-177,-48,
4545785,390297,166801,164905,164770,163569,1051,-161,817,-1043,-211,280,148,-272,-17,-118,1336,28,-146,-834,-549,159,-151,-48,
4514784,390297,166801,164905,164770,163569,1046,-147,790,-1045,-211,280,152,-292,-54,-136,1334,4,-146,-834,-549,176,-144,-33,
4514784,394148,166801,164905,164770,163569,1068,-133,763,-1045,-217,270,136,-276,-112,-125,1338,-21,-144,-829,-562,173,-142,-22,
4514784,394148,166795,164905,164770,163569,1064,-105,737,-1045,-217,270,123,-251,-122,-112,1360,5,-144,-829,-562,190,-155,-20,
4514784,394148,166795,164867,164770,163569,1088,-113,717,-1047,-220,264,107,-223,-129,-108,1367,-43,-141,-825,-563,209,-152,-40,
4514784,394148,166795,164867,164714,163569,1077,-99,752,-1047,-220,264,61,-193,-138,-118,1376,10,-141,-825,-563,264,-129,-64,
4514784,394148,166795,164867,164714,163899,1082,-99,765,-1048,-217,258,0,-174,-150,-115,1399,-32,-137,-813,-583,327,-100,-79,
4514784,394148,166795,164867,164714,163899,1096,-96,718,-1048,-232,264,-36,-162,-160,-116,1388,-30,-137,-812,-558,396,-66,-99,
4514784,394148,166795,164867,164714,163899,1104,-83,770,-1048,-232,264,-47,-152,-157,-141,1366,-7,-137,-812,-558,455,-28,-129,
4525692,394148,166795,164867,164714,163899,1079,-86,750,-1051,-231,260,-62,-132,-146,-148,1336,-51,-134,-808,-593,482,7,-143,
4525692,397207,166795,164867,164714,163899,1076,-84,749,-1051,-231,260,-96,-89,-146,-144,1326,-121,-134,-808,-593,495,47,-145,
4525692,397207,166869,164867,164714,163899,1105,-89,714,-1049,-231,252,-129,-62,-149,-179,1317,-109,-131,-807,-604,490,101,-137,
4525692,397207,166869,164874,164714,163899,1113,-90,757,-1051,-234,248,-154,-70,-154,-156,1309,-149,-131,-807,-604,475,167,-127,
4525692,397207,166869,164874,164796,163899,1149,-96,779,-1051,-234,248,-139,-171,-167,-152,1293,-179,-131,-794,-616,464,223,-128,
4525692,397207,166869,164874,164796,163860,1083,-100,760,-1049,-237,250,-103,-217,-179,-148,1313,-169,-131,-794,-616,433,211,-110,
4525692,397207,166869,164874,164796,163860,1088,-110,748,-1049,-237,250,-66,-249,-198,-102,1322,-183,-133,-792,-629,427,161,-78,
4525692,397207,166869,164874,164796,163860,1089,-88,743,-1051,-242,240,-66,-279,-223,-89,1325,-211,-129,-789,-632,418,91,-65,
4541139,397207,166869,164874,164796,163860,1107,-70,762,-1051,-242,240,-70,-286,-239,-131,1334,-221,-129,-789,-632,383,39,-76,
4541139,387977,166869,164874,164796,163860,1099,-77,761,-1054,-242,241,-54,-298,-244,-140,1330,-207,-129,-782,-628,365,23,-82,
4541139,387977,166849,164874,164796,163860,1094,-48,753,-1056,-252,228,-40,-309,-230,-137,1310,-211,-129,-782,-628,314,26,-94,
4541139,387977,166849,164775,164796,163860,1083,-37,538,-1056,-252,228,-17,-301,-201,-133,1311,-237,-129,-767,-630,302,25,-97,
4541139,387977,166849,164775,164599,163860,1099,-55,734,-1057,-257,227,-14,-262,-177,-138,1289,-262,-129,-767,-630,273,7,-82,
4541139,387977,166849,164775,164599,163791,1117,-73,739,-1057,-257,227,-17,-228,-165,-155,1279,-206,-128,-764,-643,226,-14,-66,
4541139,387977,166849,164775,164599,163791,1119,-62,725,-1057,-257,222,-22,-253,-184,-130,1287,-293,-125,-766,-640,179,-24,-51,
4541139,387977,166849,164775,164599,163791,1106,-57,735,-1059,-260,212,-8,-264,-190,-154,1291,-227,-125,-766,-640,144,-29,-36,
4536767,387977,166849,164775,164599,163791,1111,-51,707,-1059,-260,212,19,-249,-184,-140,1310,-259,-127,-765,-633,109,-29,-26,
4536767,166107,166849,164775,164599,163791,1107,-61,729,-1062,-264,204,49,-223,-184,-143,1313,-212,-127,-765,-633,84,-32,-22,
4536767,166107,166822,164775,164599,163791,1105,-58,694,-1062,-264,204,60,-188,-187,-141,1315,-218,-122,-769,-643,63,-22,-16,
4536767,166107,166822,164931,164599,163791,1117,-51,651,-1060,-267,191,34,-139,-194,-152,1295,-226,-122,-769,-643,32,-10,-23,
4536767,166107,166822,164931,164809,163791,1131,-32,719,-1060,-267,191,37,-99,-209,-132,1323,-252,-123,-762,-650,16,0,-27,
4536767,166107,166822,164931,164809,163952,1120,-15,654,-1058,-271,202,46,-71,-203,-130,1311,-244,-123,-762,-642,6,1,-21,
4536767,166107,166822,164931,164809,163952,1134,-22,653,-1059,-276,199,67,-42,-185,-113,1318,-245,-124,-767,-642,6,-18,-4,
4536767,166107,166822,164931,164809,163952,1121,-10,637,-1059,-276,199,97,-16,-173,-145,1323,-231,-122,-768,-633,5,-43,-6,
4527384,166107,166822,164931,164809,163952,1144,-29,695,-1061,-283,201,108,14,-164,-169,1314,-211,-122,-768,-633,0,-52,-9,
4527384,173513,166822,164931,164809,163952,1147,-19,674,-1061,-283,201,76,44,-169,-158,1311,-198,-117,-766,-652,-2,-42,-19,
4527384,173513,166907,164931,164809,163952,1135,-32,656,-1060,-283,202,76,53,-178,-137,1322,-238,-117,-766,-652,-7,-38,-12,
4527384,173513,166907,164883,164809,163952,1125,-25,670,-1059,-288,200,65,76,-184,-148,1308,-225,-123,-765,-646,-11,-34,-16,
4527384,173513,166907,164883,164820,163952,1145,-14,713,-1059,-288,200,59,94,-181,-129,1322,-241,-123,-765,-646,-4,-40,-9,
4527384,173513,166907,164883,164820,164040,1098,-3,681,-1056,-291,201,58,115,-184,-136,1323,-227,-123,-766,-629,-7,-52,-17,
4527384,173513,166907,164883,164820,164040,1115,-3,685,-1056,-291,201,65,133,-178,-150,1318,-241,-119,-768,-641,-15,-35,-22,
4527384,173513,166907,164883,164820,164040,1135,-3,727,-1058,-296,213,62,134,-183,-166,1313,-231,-119,-768,-641,-23,-21,-21,
4534848,173513,166907,164883,164820,164040,1148,-5,701,-1058,-296,213,24,130,-196,-168,1305,-194,-122,-764,-636,-35,-7,-18,
4534848,171768,166907,164883,164820,164040,1138,-7,741,-1055,-305,207,-18,111,-206,-142,1327,-175,-122,-764,-636,-27,-5,-15,
4534848,171768,166916,164883,164820,164040,1123,25,721,-1055,-312,212,-38,90,-217,-148,1323,-186,-119,-766,-645,-3,-14,-8,
4534848,171768,166916,164774,164820,164040,1109,25,738,-1055,-312,212,-52,60,-206,-128,1324,-247,-119,-766,-645,17,-21,-9,
4534848,171768,166916,164774,164769,164040,1132,25,762,-1054,-310,217,-88,18,-208,-137,1336,-229,-117,-762,-643,33,-32,-16,
4534848,171768,166916,164774,164769,163938,1096,26,749,-1054,-310,217,-104,6,-205,-175,1315,-191,-117,-762,-652,32,-28,-9,
4534848,171768,166916,164774,164769,163938,1112,38,745,-1055,-310,210,-105,2,-196,-154,1316,-215,-117,-762,-652,17,-13,-14,
4534848,171768,166916,164774,164769,163938,1112,65,760,-1051,-316,205,-111,-15,-175,-141,1323,-241,-116,-764,-639,7,-16,-19,
4536404,171768,166916,164774,164769,163938,1128,73,784,-1051,-316,205,-102,-44,-136,-151,1334,-221,-116,-764,-639,24,-14,-16,
4536404,169521,166916,164774,164769,163938,1154,51,713,-1054,-321,206,-83,-88,-92,-143,1332,-229,-117,-766,-638,39,-12,-6,
4536404,169521,166776,164774,164769,163938,1137,63,736,-1054,-321,206,-60,-129,-47,-148,1337,-215,-117,-766,-638,47,-4,-14,
4536404,169521,166776,164870,164769,163938,1095,43,733,-1055,-315,205,-48,-159,-11,-137,1322,-225,-124,-763,-632,44,8,-20,
4536404,169521,166776,164870,164541,163938,1099,49,733,-1055,-315,205,-46,-171,8,-128,1322,-249,-124,-763,-632,45,15,-30,
4536404,169521,166776,164870,164541,164008,1120,43,675,-1054,-318,194,-41,-159,27,-143,1308,-225,-120,-760,-635,37,6,-28,
4536404,169521,166776,164870,164541,164008,1108,20,696,-1055,-315,197,-49,-121,30,-160,1305,-211,-115,-764,-640,39,-4,-14,
4536404,169521,166776,164870,164541,164008,1126,28,723,-1055,-315,197,-85,-118,26,-154,1316,-229,-115,-764,-640,50,-10,0,
4517774,169521,166776,164870,164541,164008,1126,5,670,-1057,-313,204,-106,-121,26,-148,1323,-255,-119,-761,-634,35,-5,11,
4517774,166081,166776,164870,164541,164008,1155,13,699,-1057,-313,204,-128,-105,24,-141,1317,-225,-119,-761,-634,32,8,-7,
4517774,166081,166969,164870,164541,164008,1119,2,649,-1062,-308,192,-133,-89,22,-141,1316,-225,-120,-753,-652,14,6,-11,
4517774,166081,166969,164970,164541,164008,1135,5,678,-1058,-311,192,-138,-75,23,-142,1306,-225,-120,-753,-652,27,6,-13,
4517774,166081,166969,164970,164764,164008,1140,7,660,-1058,-311,192,-152,-57,14,-126,1329,-276,-119,-758,-629,13,1,-7,
4517774,166081,166969,164970,164764,163958,1138,-6,652,-1060,-310,187,-166,-53,11,-152,1315,-252,-119,-761,-635,-2,-2,-4,
4517774,166081,166969,164970,164764,163958,1162,29,716,-1060,-310,187,-179,-63,13,-169,1303,-205,-119,-761,-635,-31,5,-7,
4517774,166081,166969,164970,164764,163958,1134,30,663,-1062,-304,190,-171,-75,12,-154,1314,-260,-118,-765,-645,-52,7,-4,
4516457,166081,166969,164970,164764,163958,1153,15,707,-1062,-304,187,-148,-76,25,-135,1320,-220,-118,-765,-645,-50,4,2,
4516457,166182,166969,164970,164764,163958,1165,10,669,-1062,-306,187,-90,-60,51,-150,1319,-219,-115,-769,-646,-70,-1,6,
4516457,166182,166919,164970,164764,163958,1153,-4,653,-1062,-304,185,-88,-55,46,-146,1317,-219,-115,-769,-646,-76,-8,7,
4516457,166182,166919,165019,164764,163958,1137,2,668,-1062,-304,185,-87,-58,47,-140,1335,-217,-121,-758,-640,-73,0,11,
4516457,166182,166919,165019,164702,163958,1156,-2,673,-1062,-304,182,-96,-53,42,-127,1331,-211,-121,-758,-640,-76,5,0,
4516457,166182,166919,165019,164702,164013,1136,4,702,-1062,-304,182,-95,-44,44,-144,1329,-203,-118,-763,-631,-53,0,2,
4516457,166182,166919,165019,164702,164013,1146,-12,687,-1065,-294,188,-93,-41,39,-132,1327,-192,-119,-766,-639,-37,-6,5,
4516457,166182,166919,165019,164702,164013,1129,-18,691,-1063,-296,184,-91,-31,29,-134,1346,-242,-119,-766,-639,-7,-19,9,
4516770,166182,166919,165019,164702,164013,1147,-19,661,-1063,-296,184,-93,-29,21,-137,1331,-216,-120,-768,-637,28,-28,2,
4516770,166228,166919,165019,164702,164013,1153,-18,668,-1065,-296,182,-92,-32,23,-153,1332,-233,-120,-768,-637,31,-27,-6,
4516770,166228,166856,165019,164702,164013,1150,-28,662,-1065,-296,182,-86,-38,22,-144,1310,-190,-118,-763,-632,28,-17,-12,
4516770,166228,166856,165053,164702,164013,1133,-15,693,-1066,-297,188,-82,-31,3,-147,1308,-226,-118,-763,-632,28,-1,-15,
4516770,166228,166856,165053,164722,164013,1146,-15,687,-1066,-296,182,-87,-16,-6,-126,1325,-249,-118,-757,-639,23,10,-21,
4516770,166228,166856,165053,164722,163841,1142,-17,666,-1065,-296,182,-85,-8,-3,-152,1320,-220,-118,-764,-638,23,19,-20,
4516770,166228,166856,165053,164722,163841,1154,-4,689,-1066,-294,183,-59,-4,-7,-128,1317,-235,-118,-764,-638,-7,11,-17,
4516770,166228,166856,165053,164722,163841,1157,-28,674,-1066,-294,183,-46,0,-6,-154,1316,-225,-119,-768,-638,-13,16,-14,
4505057,166228,166856,165053,164722,163841,1142,-20,677,-1067,-295,177,-33,3,-14,-147,1331,-211,-119,-768,-638,-12,12,-9,
4505057,166171,166856,165053,164722,163841,1154,-30,701,-1067,-295,177,-32,4,-14,-151,1322,-213,-118,-766,-644,-5,0,-3,
4505057,166171,166864,165053,164722,163841,1158,-37,695,-1068,-293,181,-31,2,-28,-142,1312,-223,-118,-766,-644,3,3,2,
4505057,166171,166864,165035,164722,163841,1170,-30,669,-1069,-298,185,-32,-6,-41,-129,1315,-237,-123,-754,-636,3,-5,1,
4505057,166171,166864,165035,165023,163841,1158,-6,712,-1069,-298,185,-27,-13,-34,-139,1317,-230,-123,-762,-625,-13,2,-3,
4505057,166171,166864,165035,165023,163983,1137,0,679,-1064,-294,185,-13,-11,-38,-155,1315,-194,-122,-762,-625,-16,3,-10,
4505057,166171,166864,165035,165023,163983,1154,-6,675,-1064,-294,185,-16,-3,-31,-128,1329,-227,-120,-767,-630,-8,6,-9,
4505057,166171,166864,165035,165023,163983,1140,-25,695,-1066,-292,182,-4,1,-29,-146,1321,-226,-120,-767,-630,3,-2,-10,
4505153,166171,166864,165035,165023,163983,1142,-8,652,-1066,-295,185,-7,1,-29,-135,1328,-212,-118,-765,-651,1,-1,-16,
4505153,166248,166864,165035,165023,163983,1152,-14,700,-1065,-295,185,-6,9,-47,-152,1318,-215,-118,-765,-651,10,11,-14,
4505153,166248,166899,165035,165023,163983,1125,-19,632,-1067,-295,174,-12,7,-57,-129,1341,-216,-120,-764,-654,17,3,-21,
4505153,166248,166899,164958,165023,163983,1153,-25,645,-1067,-295,174,-28,10,-70,-144,1336,-198,-120,-764,-654,16,1,-23,
4505153,166248,166899,164958,164760,163983,1149,-12,654,-1066,-296,176,-34,7,-74,-134,1324,-206,-118,-760,-646,30,8,-22,
4505153,166248,166899,164958,164760,163866,1146,-11,675,-1066,-296,176,-36,15,-75,-160,1321,-208,-119,-766,-646,50,10,-25,
4505153,166248,166899,164958,164760,163866,1160,-15,669,-1063,-289,178,-35,18,-75,-152,1306,-222,-119,-766,-646,52,-2,-23,
4505153,166248,166899,164958,164760,163866,1149,-12,675,-1063,-302,182,-39,20,-74,-136,1317,-205,-118,-764,-643,36,7,-17,
4489906,166248,166899,164958,164760,163866,1149,-16,641,-1063,-302,182,-42,30,-76,-141,1326,-244,-118,-764,-643,27,3,-14,
4489906,166226,166899,164958,164760,163866,1147,20,682,-1066,-302,178,-38,0,-70,-137,1338,-221,-120,-762,-645,12,8,-13,
4489906,166226,166802,164958,164760,163866,1161,8,652,-1066,-302,178,-30,1,-64,-130,1314,-229,-120,-762,-645,5,4,-15,
4489906,166226,166802,165075,164760,163866,1155,8,679,-1065,-296,179,-32,5,-64,-159,1311,-183,-119,-757,-640,-7,-2,-14,
4489906,166226,166802,165075,164808,163866,1158,-9,659,-1064,-298,180,-37,7,-56,-135,1312,-244,-120,-758,-652,3,-1,-9,
4489906,166226,166802,165075,164808,163897,1139,6,682,-1064,-298,180,-43,8,-47,-152,1321,-203,-120,-758,-652,-3,-10,-4,
4489906,166226,166802,165075,164808,163897,1152,-4,691,-1066,-304,185,-40,13,-36,-128,1334,-231,-118,-766,-646,3,-2,-13,
4489906,166226,166802,165075,164808,163897,1152,7,686,-1066,-304,185,-46,4,-35,-142,1323,-225,-118,-766,-646,14,7,-11,
4489575,166226,166802,165075,164808,163897,1136,1,679,-1064,-297,179,-50,-1,-31,-119,1329,-258,-120,-764,-644,13,5,-18,
4489575,166163,166802,165075,164808,163897,1158,4,723,-1064,-297,179,-48,-3,-27,-163,1308,-223,-120,-764,-644,17,9,-15,
4489575,166163,166800,165075,164808,163897,1146,-10,632,-1066,-298,186,-51,-5,-30,-154,1305,-190,-122,-760,-648,5,6,-13,
4489575,166163,166800,164876,164808,163897,1143,12,716,-1063,-298,182,-49,-3,-23,-148,1317,-218,-122,-760,-648,9,0,-10,
4489575,166163,166800,164876,164761,163897,1170,5,708,-1063,-298,182,-53,-28,-13,-127,1320,-249,-122,-763,-638,3,-10,-11,
4489575,166163,166800,164876,164761,163813,1137,0,680,-1065,-302,183,-52,-29,-5,-152,1309,-210,-118,-767,-652,-2,-4,-7,
4489575,166163,166800,164876,164761,163813,1169,-3,652,-1065,-302,183,-54,-26,4,-144,1334,-205,-118,-767,-652,-9,1,-6,
4489575,166163,166800,164876,164761,163813,1151,-17,644,-1068,-297,181,-46,-17,13,-143,1322,-190,-119,-765,-646,-10,-2,-8,
4481108,166163,166800,164876,164761,163813,1142,-15,678,-1066,-295,179,-58,-17,14,-142,1329,-214,-119,-765,-646,-8,-7,-11,
4481108,166154,166800,164876,164761,163813,1140,-16,689,-1066,-295,179,-62,-19,8,-145,1326,-214,-118,-766,-634,9,3,-9,
4481108,166154,166732,164876,164761,163813,1146,-8,669,-1069,-297,182,-65,-9,4,-138,1323,-217,-118,-766,-634,7,4,-14,
4481108,166154,166732,164943,164761,163813,1155,-22,658,-1069,-297,182,-71,-8,3,-127,1325,-249,-120,-759,-645,12,3,-14,
4481108,166154,166732,164943,164874,163813,1142,-36,642,-1068,-297,178,-78,-1,-4,-140,1312,-228,-120,-764,-651,14,-1,-15,
4481108,166154,166732,164943,164874,163911,1142,-13,682,-1068,-297,178,-80,7,-5,-153,1301,-210,-120,-764,-651,11,1,-19,
4481108,166154,166732,164943,164874,163911,1148,-29,661,-1066,-291,189,-68,10,-23,-148,1308,-251,-119,-768,-646,-8,9,-16,
4481108,166154,166732,164943,164874,163911,1159,-26,661,-1067,-299,180,-68,8,-32,-150,1326,-224,-119,-768,-646,-3,4,-8,
4476548,166154,166732,164943,164874,163911,1140,-25,642,-1067,-299,180,-62,5,-38,-143,1327,-196,-121,-765,-646,-2,9,-13,
4476548,166304,166732,164943,164874,163911,1146,-18,637,-1068,-296,191,-54,4,-48,-138,1334,-231,-121,-765,-646,6,14,-13,
4476548,166304,166681,164943,164874,163911,1147,-22,687,-1068,-296,191,-58,1,-54,-146,1320,-221,-125,-760,-652,10,1,-21,
4476548,166304,166681,164826,164874,163911,1133,-6,625,-1067,-291,172,-51,1,-59,-136,1329,-268,-125,-764,-641,16,-7,-9,
4476548,166304,166681,164826,164659,163911,1161,-9,645,-1069,-299,176,-41,8,-61,-132,1315,-231,-120,-764,-641,26,3,-10,
4476548,166304,166681,164826,164659,163717,1138,-14,671,-1069,-299,176,-37,8,-61,-153,1321,-220,-119,-768,-660,31,4,-11,
4476548,166304,166681,164826,164659,163717,1139,2,710,-1065,-299,188,-41,4,-69,-143,1313,-242,-119,-768,-660,15,-2,-9,
4476548,166304,166681,164826,164659,163717,1167,-19,662,-1065,-299,188,-33,5,-64,-134,1319,-262,-118,-763,-647,6,5,-11,
4477228,166304,166681,164826,164659,163717,1137,3,666,-1064,-298,182,-41,-8,-52,-115,1329,-265,-118,-763,-647,0,7,-12,
4477228,166276,166681,164826,164659,163717,1145,3,686,-1064,-298,182,-35,6,-46,-140,1319,-233,-119,-764,-636,-7,2,-9,
4477228,166276,166952,164826,164659,163717,1168,6,681,-1066,-297,174,-32,14,-32,-167,1320,-205,-119,-764,-636,-9,-4,-4,
4477228,166276,166952,164835,164659,163717,1157,-3,689,-1063,-299,184,-32,6,-32,-149,1319,-215,-119,-761,-627,-9,2,-10,
4477228,166276,166952,164835,164666,163717,1145,-2,712,-1063,-299,184,-38,-3,-31,-143,1310,-237,-121,-764,-662,-19,3,-9,
4477228,166276,166952,164835,164666,163911,1155,-12,669,-1066,-301,188,-43,-6,-24,-127,1328,-243,-121,-764,-662,-6,7,-8,
4477228,166276,166952,164835,164666,163911,1147,-3,668,-1066,-301,188,-47,-7,-17,-135,1333,-185,-121,-767,-656,-3,3,-13,
4477228,166276,166952,164835,164666,163911,1143,0,677,-1069,-293,180,-45,-7,-5,-143,1321,-223,-121,-767,-656,7,3,-12,
4476128,166276,166952,164835,164666,163911,1138,-6,682,-1066,-297,177,-52,4,-5,-136,1315,-224,-120,-759,-645,19,8,-21,
4476128,166259,166952,164835,164666,163911,1159,-7,702,-1066,-297,177,-56,-2,-8,-151,1318,-214,-120,-759,-645,19,11,-19,
4476128,166259,167014,164835,164666,163911,1153,0,697,-1066,-300,178,-66,-3,-12,-141,1309,-248,-120,-757,-643,7,0,-16,
4476128,166259,167014,164944,164666,163911,1144,-16,648,-1066,-300,178,-62,4,-17,-143,1319,-223,-119,-763,-653,8,-1,-10,
4476128,166259,167014,164944,164717,163911,1168,-26,658,-1067,-297,185,-83,1,-9,-156,1318,-197,-119,-763,-653,11,2,-14,
4476128,166259,167014,164944,164717,163789,1155,-28,664,-1067,-297,184,-75,-6,-7,-150,1325,-229,-117,-763,-636,10,-5,-14,
4476128,166259,167014,164944,164717,163789,1153,-6,694,-1068,-296,184,-75,0,-6,-125,1301,-199,-117,-763,-636,11,-2,-13,
4476128,166259,167014,164944,164717,163789,1148,-8,670,-1069,-295,175,-69,-6,-6,-144,1315,-222,-120,-764,-650,-8,-2,-14,
4472241,166259,167014,164944,164717,163789,1137,-29,635,-1069,-295,175,-62,-5,-9,-138,1317,-246,-120,-764,-650,-8,9,-15,
4472241,166258,167014,164944,164717,163789,1155,-4,720,-1068,-294,179,-59,-8,-11,-140,1330,-190,-121,-759,-640,-2,6,-7,
4472241,166258,166916,164944,164717,163789,1161,-20,650,-1068,-294,179,-57,-3,-15,-135,1333,-240,-121,-759,-640,-5,4,-6,
4472241,166258,166916,165003,164717,163789,1167,-29,672,-1071,-287,179,-64,0,-28,-111,1323,-233,-120,-762,-653,4,9,-6,
4472241,166258,166916,165003,164811,163789,1129,-9,664,-1066,-296,178,-59,-3,-27,-152,1300,-198,-118,-764,-660,2,0,-8,
4472241,166258,166916,165003,164811,163991,1126,-22,628,-1066,-296,178,-53,-4,-31,-132,1338,-221,-118,-764,-660,-9,-6,-13,
4472241,166258,166916,165003,164811,163991,1152,-19,655,-1070,-296,176,-44,-2,-28,-154,1314,-187,-119,-765,-643,-9,0,-12,
4472241,166258,166916,165003,164811,163991,1147,-17,648,-1070,-296,176,-46,3,-28,-129,1332,-255,-119,-765,-643,2,5,-12,
4474058,166258,166916,165003,164811,163991,1153,-11,694,-1068,-289,185,-44,6,-33,-127,1325,-230,-119,-758,-640,0,2,-14,
4474058,166170,166916,165003,164811,163991,1138,-22,638,-1068,-292,169,-45,-1,-35,-117,1325,-249,-119,-758,-640,0,3,-14,
4474058,166170,166969,165003,164811,163991,1153,-11,691,-1066,-292,169,-45,-2,-32,-158,1303,-179,-120,-759,-656,5,12,-15,
4474058,166170,166969,164988,164811,163991,1157,-20,644,-1064,-293,177,-39,1,-43,-131,1327,-238,-118,-763,-661,8,5,-6,
4474058,166170,166969,164988,164839,163991,1163,-28,656,-1064,-293,177,-35,6,-45,-135,1310,-216,-118,-763,-661,-2,6,-10,
4474058,166170,166969,164988,164839,164025,1133,-14,653,-1066,-297,179,-40,2,-47,-135,1324,-253,-120,-765,-640,-8,4,-11,
4474058,166170,166969,164988,164839,164025,1158,-5,658,-1066,-297,179,-36,-1,-42,-154,1327,-191,-120,-765,-640,248,2,-2,
4474058,166170,166969,164988,164839,164025,1162,-19,707,-1069,-288,174,-41,-1,-47,-118,1337,-249,-120,-762,-642,16,0,-11,
4473705,166170,166969,164988,164839,164025,1164,-12,674,-1066,-298,177,-43,-1,-33,-130,1334,-244,-120,-762,-642,20,4,-21,
4473705,166243,166969,164988,164839,164025,1159,-25,678,-1066,-298,177,-56,10,-35,-154,1317,-222,-120,-761,-656,25,3,-29,
4473705,166243,166952,164988,164839,164025,1147,-8,656,-1069,-296,172,-58,11,-24,-130,1316,-239,-120,-761,-645,23,4,-17,
4473705,166243,166952,165046,164839,164025,1162,-6,684,-1069,-296,172,-53,2,-20,-176,1293,-173,-120,-761,-645,21,-2,-10,
4473705,166243,166952,165046,164853,164025,1154,-20,636,-1070,-290,181,-52,-2,-19,-133,1320,-268,-121,-764,-638,-6,-2,-17,
4473705,166243,166952,165046,164853,164002,1153,-21,668,-1070,-288,181,-44,-1,-17,-147,1320,-234,-121,-764,-638,-17,5,-15,
4473705,166243,166952,165046,164853,164002,1155,-34,667,-1068,-288,181,-42,-2,-19,-135,1326,-246,-116,-766,-646,-21,5,-10,
4473705,166243,166952,165046,164853,164002,1156,-30,644,-1067,-294,178,-44,-1,-22,-148,1320,-228,-116,-766,-646,-18,6,-1,
4475687,166243,166952,165046,164853,164002,1171,-21,684,-1067,-294,178,-49,4,-24,-140,1322,-217,-120,-766,-652,-21,5,-6,
4475687,166210,166952,165046,164853,164002,1171,-18,645,-1070,-286,175,-54,1,-24,-140,1332,-227,-120,-766,-652,-15,3,-11,
4475687,166210,166960,165046,164853,164002,1162,-6,675,-1070,-286,175,-53,2,-30,-137,1331,-230,-119,-760,-654,-22,-1,-7,
4475687,166210,166960,165069,164853,164002,1145,-27,666,-1068,-287,174,-43,6,-35,-141,1329,-212,-120,-766,-646,-12,2,-6,
4475687,166210,166960,165069,164901,164002,1164,-22,693,-1065,-294,175,-57,12,-39,-124,1334,-231,-120,-766,-646,-1,-7,-5,
4475687,166210,166960,165069,164901,163943,1143,-20,641,-1065,-294,175,-62,14,-41,-151,1321,-218,-121,-765,-635,1,5,-17,
4475687,166210,166960,165069,164901,163943,1147,-23,661,-1065,-296,170,-59,25,-35,-129,1328,-229,-121,-765,-635,7,13,-16,
4475687,166210,166960,165069,164901,163943,1141,-8,662,-1065,-296,170,-58,31,-32,-142,1319,-207,-122,-759,-649,10,1,-15,
4477684,166210,166960,165069,164901,163943,1144,-7,673,-1067,-289,182,-55,32,-31,-158,1307,-204,-122,-759,-649,16,-1,-8,
4477684,166119,166960,165069,164901,163943,1140,-18,711,-1067,-290,178,-49,22,-38,-140,1329,-242,-120,-757,-640,10,7,-4,
4477684,166119,166887,165069,164901,163943,1142,-21,649,-1067,-290,178,-40,20,-46,-136,1319,-232,-121,-759,-633,16,8,-14,
4477684,166119,166887,165139,164901,163943,1136,-27,699,-1067,-294,181,-39,31,-50,-128,1327,-220,-121,-759,-633,-16,5,-15,
4477684,166119,166887,165139,164767,163943,1145,-17,703,-1067,-294,181,-46,23,-54,-147,1310,-232,-120,-767,-655,-7,0,-13,
4477684,166119,166887,165139,164767,164077,1140,-19,658,-1066,-286,179,-54,21,-54,-146,1303,-209,-120,-767,-655,1,0,-12,
4477684,166119,166887,165139,164767,164077,1156,-16,686,-1066,-286,179,-49,9,-61,-133,1337,-215,-120,-765,-638,3,2,-7,
4477684,166119,166887,165139,164767,164077,1167,-22,674,-1066,-291,178,-47,-7,-59,-133,1336,-224,-120,-765,-638,5,-1,-11,
4482236,166119,166887,165139,164767,164077,1130,-14,694,-1067,-300,182,-37,-14,-57,-117,1318,-255,-120,-763,-635,8,0,-8,
4482236,165964,166887,165139,164767,164077,1165,-31,674,-1067,-300,182,-28,-15,-61,-142,1314,-210,-120,-763,-635,13,4,-12,
4482236,165964,166853,165139,164767,164077,1144,-16,656,-1066,-298,177,-38,-21,-63,-128,1322,-266,-121,-759,-637,12,7,-10,
4482236,165964,166853,165051,164767,164077,1156,-9,685,-1066,-298,177,-38,-28,-65,-142,1309,-223,-118,-762,-633,1,3,-12,
4482236,165964,166853,165051,164878,164077,1139,-8,674,-1068,-296,179,-37,-18,-63,-124,1336,-229,-118,-762,-633,1,-5,-17,
4482236,165964,166853,165051,164878,163895,1144,-7,639,-1068,-293,182,-27,-17,-68,-145,1321,-216,-119,-765,-649,-6,0,-12,
4482236,165964,166853,165051,164878,163895,1136,-18,643,-1068,-293,182,-24,-17,-60,-136,1320,-216,-119,-765,-649,6,-3,-12,
4482236,165964,166853,165051,164878,163895,1150,-2,679,-1067,-298,176,-22,-16,-61,-151,1318,-215,-125,-761,-649,9,-12,-10,
4482275,165964,166853,165051,164878,163895,1140,-20,621,-1067,-298,176,-28,-17,-56,-141,1325,-237,-125,-761,-649,-1,-9,-9,
4482275,166210,166853,165051,164878,163895,1163,-7,668,-1069,-299,178,-34,-5,-61,-123,1319,-249,-120,-757,-647,-12,4,-5,
4482275,166210,166544,165051,164878,163895,1137,10,635,-1069,-299,178,-35,2,-54,-151,1314,-216,-122,-762,-657,-22,-1,-2,
4482275,166210,166544,164899,164878,163895,1153,0,675,-1065,-298,174,-37,3,-55,-129,1327,-256,-122,-762,-657,-23,-5,-3,
4482275,166210,166544,164899,164555,163895,1173,-15,650,-1070,-303,179,-32,2,-50,-163,1321,-166,-118,-763,-644,-20,0,1,
4482275,166210,166544,164899,164555,163867,1131,-19,674,-1070,-303,179,-25,-1,-48,-130,1329,-237,-118,-763,-644,-25,-14,-1,
4482275,166210,166544,164899,164555,163867,1175,-31,638,-1069,-304,173,-13,6,-50,-146,1338,-172,-121,-765,-644,-16,-5,-5,
4482275,166210,166544,164899,164555,163867,1147,-17,696,-1069,-304,173,-8,13,-56,-139,1351,-204,-121,-765,-644,21,-9,-11,
4483717,166210,166544,164899,164555,163867,1170,-31,610,-1069,-299,179,-19,17,-68,-131,1346,-246,-124,-759,-643,51,2,-17,
4483717,166212,166544,164899,164555,163867,1168,12,707,-1065,-302,180,-33,14,-79,-159,1315,-189,-124,-759,-655,75,8,-30,
4483717,166212,166802,164899,164555,163867,1130,6,661,-1065,-302,180,-26,12,-92,-159,1307,-194,-122,-763,-655,82,4,-35,
4483717,166212,166802,165110,164555,163867,1148,-10,649,-1068,-306,183,-23,10,-89,-129,1324,-245,-123,-763,-647,80,6,-29,
4483717,166212,166802,165110,164792,163867,1152,-4,665,-1068,-306,183,-30,8,-95,-167,1311,-223,-123,-763,-647,74,2,-27,
4483717,166212,166802,165110,164792,163970,1147,-3,670,-1067,-305,170,-30,2,-104,-114,1341,-271,-121,-761,-653,57,-4,-26,
4483717,166212,166802,165110,164792,163970,1160,12,720,-1067,-305,170,-26,-2,-97,-130,1317,-243,-121,-761,-653,42,5,-24,
4483717,166212,166802,165110,164792,163970,1132,7,646,-1067,-304,175,-19,-7,-93,-144,1316,-230,-120,-762,-642,40,7,-30,
4484792,166212,166802,165110,164792,163970,1145,-9,695,-1069,-311,175,-18,-18,-90,-155,1333,-190,-120,-762,-642,44,7,-29,
4484792,166368,166802,165110,164792,163970,1158,14,694,-1069,-311,175,-9,-13,-88,-142,1328,-248,-121,-757,-657,57,6,-24,
4484792,166368,166895,165110,164792,163970,1167,7,707,-1066,-314,177,-6,-6,-82,-136,1322,-193,-116,-760,-665,67,16,-32,
4484792,166368,166895,165057,164792,163970,1139,6,644,-1066,-314,177,-10,-9,-85,-147,1324,-226,-116,-760,-665,86,25,-46,
4484792,166368,166895,165057,164717,163970,1151,12,672,-1067,-311,177,-10,-7,-91,-134,1307,-237,-116,-757,-640,89,16,-43,
4484792,166368,166895,165057,164717,163827,1149,10,628,-1066,-316,170,-16,-12,-88,-136,1309,-254,-116,-757,-640,84,20,-36,
4484792,166368,166895,165057,164717,163827,1171,15,701,-1066,-316,170,-12,-16,-86,-128,1310,-278,-121,-753,-653,78,12,-29,
4484792,166368,166895,165057,164717,163827,1152,5,695,-1068,-318,173,-21,-14,-86,-144,1304,-257,-121,-753,-653,58,-1,-20,
4480138,166368,166895,165057,164717,163827,1152,6,668,-1068,-318,173,-19,-13,-84,-149,1307,-240,-117,-755,-662,36,-3,-20,
4480138,166130,166895,165057,164717,163827,1142,6,671,-1066,-317,165,-7,-4,-93,-154,1293,-246,-117,-753,-667,6,0,-19,
4480138,166130,166798,165057,164717,163827,1156,19,686,-1066,-317,169,-6,-3,-92,-143,1302,-259,-117,-753,-667,-7,251,-7,
4480138,166130,166798,165053,164717,163827,1144,9,640,-1067,-320,169,1,4,-95,-138,1307,-257,-116,-756,-649,-37,6,-2,
4480138,166130,166798,165053,164885,163827,1137,24,644,-1063,-318,178,0,7,-99,-132,1318,-208,-116,-756,-649,-44,13,-5,
4480138,166130,166798,165053,164885,163676,1159,25,657,-1063,-318,178,-13,11,-103,-150,1324,-203,-116,-759,-650,-21,1,-5,
4480138,166130,166798,165053,164885,163676,1154,26,674,-1066,-324,171,-5,11,-101,-129,1331,-248,-116,-759,-650,-3,-1,-3,
4480138,166130,166798,165053,164885,163676,1159,11,621,-1066,-324,171,-10,15,-105,-147,1304,-232,-119,-755,-650,-7,3,-9,
4484016,166130,166798,165053,164885,163676,1166,37,659,-1066,-316,172,-25,16,-103,-158,1311,-234,-119,-755,-650,-10,5,-11,
4484016,166396,166798,165053,164885,163676,1150,33,683,-1067,-326,166,-37,8,-113,-141,1302,-247,-120,-756,-638,-19,-2,-2,
4484016,166396,166638,165053,164885,163676,1161,37,650,-1067,-326,166,-29,10,-104,-125,1329,-277,-117,-759,-653,-19,-12,-2,
4484016,166396,166638,163839,164885,163676,1183,46,698,-1063,-329,166,-38,7,-100,-156,1315,-238,-117,-759,-653,-31,-4,2,
4484016,166396,166638,163839,164659,163676,1146,44,666,-1063,-329,166,-49,0,-104,-141,1341,-242,-118,-760,-644,-42,-10,2,
4484016,166396,166638,163839,164659,163848,1153,43,666,-1061,-327,169,-40,-13,-97,-134,1325,-227,-118,-760,-644,-37,3,1,
4484016,166396,166638,163839,164659,163848,1152,41,641,-1061,-327,167,-39,-12,-84,-146,1319,-239,-118,-757,-652,-33,-2,6,
4484016,166396,166638,163839,164659,163848,1168,38,692,-1065,-325,167,-37,-12,-80,-138,1313,-256,-118,-757,-652,-23,-12,1,
4494853,166396,166638,163839,164659,163848,1145,30,660,-1064,-331,166,-42,-20,-75,-149,1300,-219,-119,-751,-667,-22,-9,3,
4494853,166210,166638,163839,164659,163848,1139,45,665,-1064,-331,166,-45,-20,-72,-123,1312,-265,-120,-757,-639,-29,-12,3,
4494853,166210,166872,163839,164659,163848,1157,41,673,-1062,-330,175,-47,-21,-77,-142,1319,-252,-120,-757,-639,-46,-13,6,
4494853,166210,166872,164906,164659,163848,1171,34,691,-1062,-330,175,-58,-24,-71,-116,1347,-282,-120,-763,-659,-52,-9,4,
4494853,166210,166872,164906,164889,163848,1156,44,652,-1065,-325,170,-57,-34,-63,-128,1345,-255,-120,-763,-659,-35,-12,-2,
4494853,166210,166872,164906,164889,163813,1146,51,678,-1063,-334,165,-55,-32,-51,-157,1327,-196,-120,-763,-643,-18,-11,-9,
4494853,166210,166872,164906,164889,163813,1157,54,671,-1063,-334,165,-58,-34,-45,-141,1331,-241,-120,-763,-643,-4,-9,-18,
4494853,166210,166872,164906,164889,163813,1158,34,679,-1067,-334,163,-52,-30,-41,-120,1338,-246,-117,-758,-640,45,8,-25,
4495640,166210,166872,164906,164889,163813,1150,40,686,-1067,-334,163,-50,-33,-35,-139,1337,-210,-117,-758,-640,77,11,-28,
4495640,166375,166872,164906,164889,163813,1165,42,656,-1065,-328,176,-54,-40,-30,-144,1330,-196,-121,-761,-669,94,20,-39,
4495640,166375,166907,164906,164889,163813,1169,38,661,-1065,-326,169,-56,-39,-31,-145,1332,-244,-119,-760,-659,104,19,-39,
4495640,166375,166907,165079,164889,163813,1155,49,639,-1068,-326,169,-55,-34,-25,-135,1307,-256,-119,-760,-659,104,13,-43,
4495640,166375,166907,165079,164908,163813,1151,46,655,-1066,-335,162,-48,-32,-20,-134,1335,-253,-118,-757,-649,104,9,-41,
4495640,166375,166907,165079,164908,163933,1156,21,642,-1066,-335,162,-48,-34,-8,-150,1304,-212,-118,-757,-649,97,3,-41,
4495640,166375,166907,165079,164908,163933,1159,29,651,-1063,-330,159,-30,-34,-12,-128,1330,-270,-119,-757,-644,101,11,-42,
4495640,166375,166907,165079,164908,163933,1169,19,661,-1063,-330,159,-18,-22,-23,-152,1300,-239,-119,-757,-644,89,13,-42,
4478914,166375,166907,165079,164908,163933,1174,30,664,-1064,-324,162,-9,-16,-36,-160,1294,-209,-121,-751,-647,73,12,-39,
4478914,166200,166907,165079,164908,163933,1160,16,627,-1062,-336,160,-9,-13,-61,-143,1307,-251,-116,-757,-666,51,-1,-37,
4478914,166200,166982,165079,164908,163933,1161,20,665,-1062,-336,160,-5,-8,-78,-159,1304,-240,-116,-757,-666,42,7,-27,
4478914,166200,166982,165055,164908,163933,1170,6,651,-1063,-334,163,-4,-9,-98,-150,1316,-500,-116,-754,-653,36,6,-18,
4478914,166200,166982,165055,164908,163933,1147,39,669,-1063,-334,163,1,-7,-108,-135,1310,-269,-116,-754,-653,35,7,-24,
4478914,166200,166982,165055,164908,164015,1146,44,648,-1068,-329,168,2,3,-114,-164,1303,-245,-119,-754,-652,27,11,-26,
4478914,166200,166982,165055,164908,164015,1163,48,674,-1066,-334,156,12,11,-120,-143,1301,-253,-119,-754,-652,26,18,-18,
4478914,166200,166982,165055,164908,164015,1171,35,649,-1066,-334,156,17,19,-120,-140,1315,-265,-116,-746,-649,5,13,-21,
4477713,166200,166982,165055,164908,164015,1152,51,682,-1065,-339,159,7,23,-136,-140,1316,-264,-116,-750,-645,-12,5,-13,
4477713,165960,166982,165055,164908,164015,1146,50,641,-1065,-339,159,-9,17,-133,-178,1292,-210,-118,-750,-645,-21,8,-7,
4477713,165960,166903,165055,164908,164015,1163,51,627,-1063,-340,167,-13,15,-124,-144,1303,-235,-118,-756,-666,-32,3,-4,
4477713,165960,166903,165024,164908,164015,1161,78,686,-1063,-340,167,-17,10,-111,-142,1304,-229,-118,-756,-666,-32,6,-5,
4477713,165960,166903,165024,164890,164015,1161,53,637,-1062,-340,151,-13,11,-101,-140,1320,-241,-115,-755,-664,-26,11,-1,
4477713,165960,166903,165024,164890,164027,1157,67,657,-1063,-346,159,-10,15,-86,-130,1336,-297,-115,-755,-664,-8,13,1,
4477713,165960,166903,165024,164890,164027,1152,71,648,-1063,-346,159,-17,12,-79,-145,1326,-239,-119,-755,-662,-3,11,-9,
4477713,165960,166903,165024,164890,164027,1147,58,623,-1063,-349,171,-28,3,-76,-153,1317,-209,-119,-755,-662,4,10,-19,
4479422,165960,166903,165024,164890,164027,1187,72,681,-1063,-349,171,-45,-15,-69,-135,1326,-243,-117,-754,-659,16,10,-19,
4479422,166290,166903,165024,164890,164027,1158,83,647,-1064,-344,163,-58,-15,-68,-129,1327,-262,-116,-757,-663,24,3,-20,
4479422,166290,166891,165024,164890,164027,1162,71,705,-1063,-340,160,-70,-15,-55,-160,1318,-241,-116,-757,-663,25,3,-14,
4479422,166290,166891,164849,164890,164027,1155,90,681,-1063,-340,160,-82,-9,-27,-144,1322,-260,-117,-755,-662,11,7,-13,
4479422,166290,166891,164849,164812,164027,1171,63,675,-1061,-350,160,-79,-16,-16,-122,1328,-274,-117,-755,-662,15,16,-19,
4479422,166290,166891,164849,164812,164016,1141,72,630,-1061,-350,160,-94,-24,-1,-147,1315,-252,-116,-748,-648,11,8,-15,
4479422,166290,166891,164849,164812,164016,1173,64,632,-1065,-349,150,-93,-28,10,-169,1299,-223,-116,-748,-648,4,-4,-7,
4479422,166290,166891,164849,164812,164016,1143,82,650,-1065,-349,150,-91,-27,25,-128,1302,-243,-116,-746,-648,0,0,-8,
4476981,166290,166891,164849,164812,164016,1172,56,638,-1062,-339,159,-83,-30,41,-135,1310,-271,-117,-755,-640,-10,7,-7,
4476981,166326,166891,164849,164812,164016,1167,50,639,-1062,-343,157,-72,-40,46,-142,1320,-228,-117,-755,-640,-12,2,-3,
4476981,166326,166862,164849,164812,164016,1159,49,610,-1062,-343,157,-72,-46,50,-142,1325,-231,-117,-758,-666,-19,0,-5,
4476981,166326,166862,164869,164812,164016,1171,49,636,-1065,-341,158,-72,-41,48,-136,1320,-265,-117,-758,-666,-6,-6,2,
4476981,166326,166862,164869,164626,164016,1156,43,626,-1065,-341,158,-73,-31,36,-139,1319,-243,-118,-751,-653,1,-2,-6,
4476981,166326,166862,164869,164626,163920,1182,20,615,-1065,-340,148,-75,-26,18,-150,1321,-252,-118,-751,-653,0,-2,-10,
4476981,166326,166862,164869,164626,163920,1166,40,640,-1067,-335,154,-77,-16,10,-148,1310,-212,-118,-755,-655,-7,-3,-13,
4476981,166326,166862,164869,164626,163920,1161,20,600,-1067,-335,154,-81,-6,2,-150,1320,-230,-118,-755,-655,-13,0,-18,
4471109,166326,166862,164869,164626,163920,1161,44,634,-1066,-338,163,-76,-11,-5,-156,1316,-216,-119,-757,-645,-2,9,-18,
4471109,166228,166862,164869,164626,163920,1162,40,665,-1066,-338,163,-73,-8,-13,-131,1321,-258,-116,-758,-659,-3,7,-14,
4471109,166228,166936,164869,164626,163920,1179,40,641,-1067,-340,153,-69,-9,-16,-147,1302,-208,-116,-758,-659,-9,2,-9,
4471109,166228,166936,164974,164626,163920,1174,41,669,-1067,-340,153,-63,-4,-26,-135,1337,-254,-119,-754,-652,-8,12,-12,
4471109,166228,166936,164974,164769,163920,1178,46,639,-1066,-335,146,-57,0,-40,-152,1330,-232,-119,-754,-652,-9,18,-14,
4471109,166228,166936,164974,164769,163930,1169,31,642,-1067,-337,154,-48,6,-40,-157,1329,-212,-118,-753,-655,4,23,-19,
4471109,166228,166936,164974,164769,163930,1157,37,624,-1067,-337,154,-39,1,-42,-137,1324,-238,-118,-753,-655,9,31,-24,
4471109,166228,166936,164974,164769,163930,1174,35,670,-1068,-337,160,-37,-1,-53,-159,1317,-231,-119,-755,-660,15,38,-21,
4469657,166228,166936,164974,164769,163930,1165,37,631,-1068,-337,160,-35,4,-54,-154,1316,-261,-117,-753,-642,17,37,-29,
4469657,166253,166936,164974,164769,163930,1164,39,635,-1065,-334,162,-37,3,-70,-129,1315,-269,-117,-753,-642,14,23,-20,
4469657,166253,166783,164974,164769,163930,1173,45,632,-1065,-337,155,-42,-4,-67,-148,1294,-237,-115,-756,-641,7,1,-10,
4469657,166253,166783,165173,164769,163930,1178,50,653,-1065,-337,155,-46,-3,-65,-167,1313,-227,-115,-756,-641,-7,1,-4,
4469657,166253,166783,165173,164879,163930,1171,59,680,-1065,-338,156,-40,-7,-59,-142,1325,-234,-121,-761,-653,-9,6,-7,
4469657,166253,166783,165173,164879,163773,1157,49,623,-1065,-338,156,-33,-11,-57,-119,1328,-272,-121,-761,-653,-17,3,-3,
4469657,166253,166783,165173,164879,163773,1174,52,657,-1068,-339,150,-27,-12,-52,-156,1313,-216,-118,-750,-663,-17,6,-8,
4469657,166253,166783,165173,164879,163773,1167,60,666,-1068,-339,150,-31,-16,-35,-144,1335,-267,-118,-753,-642,-14,13,-14,
4470736,166253,166783,165173,164879,163773,1157,41,634,-1064,-336,157,-28,-12,-37,-164,1312,-216,-120,-753,-642,-6,9,-16,
4470736,166281,166783,165173,164879,163773,1172,52,645,-1063,-339,151,-35,-18,-40,-141,1335,-233,-118,-755,-653,2,6,-14,
4470736,166281,166728,165173,164879,163773,1147,49,672,-1063,-339,151,-38,-19,-46,-152,1308,-265,-118,-755,-653,-5,4,-20,
4470736,166281,166728,164928,164879,163773,1166,62,644,-1066,-341,149,-35,-9,-46,-168,1304,-228,-117,-757,-650,-1,12,-17,
4470736,166281,166728,164928,164737,163773,1160,35,630,-1066,-341,149,-40,-15,-48,-153,1310,-238,-117,-757,-650,-13,15,-18,
4470736,166281,166728,164928,164737,163953,1184,45,670,-1066,-338,152,-32,-13,-44,-117,1316,-270,-119,-755,-662,-14,16,-10,
4470736,166281,166728,164928,164737,163953,1173,53,632,-1064,-340,148,-37,-10,-37,-152,1317,-216,-119,-755,-662,-20,6,-13,
4470736,166281,166728,164928,164737,163953,1196,52,652,-1064,-340,148,-39,-7,-45,-106,1332,-299,-119,-756,-642,-10,-3,-11,
4466097,166281,166728,164928,164737,163953,1189,51,652,-1064,-345,151,-31,-13,-41,-125,1319,-275,-119,-759,-640,-4,-6,-10,
4466097,166313,166728,164928,164737,163953,1148,58,639,-1064,-345,151,-36,-17,-39,-146,1312,-225,-119,-759,-640,-3,1,-14,
4466097,166313,166929,164928,164737,163953,1156,46,611,-1067,-341,141,-27,-7,-41,-156,1314,-253,-120,-758,-656,-8,-1,-9,
4466097,166313,166929,165157,164737,163953,1164,55,634,-1067,-341,152,-24,2,-42,-138,1329,-241,-120,-758,-656,-11,-8,-7,
4466097,166313,166929,165157,164825,163953,1181,51,639,-1068,-344,152,-38,-4,-46,-156,1322,-252,-120,-755,-649,-10,9,-14,
4466097,166313,166929,165157,164825,163976,1171,50,605,-1063,-342,144,-49,-3,-46,-150,1321,-241,-120,-755,-649,-7,14,-12,
4466097,166313,166929,165157,164825,163976,1180,41,638,-1063,-342,144,-51,-16,-43,-156,1302,-222,-119,-754,-650,-9,13,-20,
4466097,166313,166929,165157,164825,163976,1176,54,620,-1065,-346,147,-43,-17,-41,-132,1316,-274,-119,-751,-649,-14,8,-19,
4462152,166313,166929,165157,164825,163976,1171,52,637,-1065,-346,147,-44,-17,-48,-166,1299,-224,-119,-751,-649,-18,2,-11,
4462152,166384,166929,165157,164825,163976,1175,49,631,-1066,-335,136,-59,-18,-49,-139,1322,-256,-118,-757,-663,-25,2,-8,
4462152,166384,166960,165157,164825,163976,1175,61,682,-1063,-345,150,-57,-12,-49,-152,1321,-240,-118,-757,-663,-31,-9,-4,
4462152,166384,166960,165160,164825,163976,1182,57,648,-1063,-345,150,-51,-14,-47,-153,1301,-200,-119,-759,-645,-37,-13,-2,
4462152,166384,166960,165160,164876,163976,1180,50,644,-1067,-349,149,-50,-10,-40,-139,1330,-249,-119,-759,-645,-33,-13,1,
4462152,166384,166960,165160,164876,163920,1165,56,592,-1067,-349,149,-42,-16,-35,-119,1332,-261,-119,-757,-653,-32,-10,-8,
4462152,166384,166960,165160,164876,163920,1174,68,659,-1067,-342,145,-38,-12,-32,-139,1308,-230,-119,-757,-653,-37,-20,249,
4462152,166384,166960,165160,164876,163920,1186,54,624,-1067,-342,152,-42,-8,-26,-167,1309,-192,-119,-759,-657,-29,-4,5,
4455689,166384,166960,165160,164876,163920,1175,46,604,-1065,-340,152,-50,-14,-23,-135,1324,-254,-118,-760,-641,-43,-1,-2,
4455689,166302,166960,165160,164876,163920,1178,54,647,-1067,-343,145,-55,-18,-26,-131,1333,-242,-118,-760,-641,-41,15,-7,
4455689,166302,166890,165160,164876,163920,1173,63,647,-1067,-343,145,-64,-12,-14,-139,1325,-246,-119,-759,-657,-31,12,-1,
4455689,166302,166890,165202,164876,163920,1171,63,625,-1067,-343,149,-71,-6,-14,-155,1317,-220,-119,-759,-657,-27,9,-2,
4455689,166302,166890,165202,164835,163920,1170,58,637,-1067,-343,149,-66,2,-4,-134,1332,-248,-119,-757,-642,-19,6,0,
4455689,166302,166890,165202,164835,163935,1172,61,634,-1067,-334,147,-76,-6,5,-152,1334,-225,-119,-757,-642,-17,9,-3,
4455689,166302,166890,165202,164835,163935,1182,54,635,-1066,-343,151,-84,-5,1,-147,1319,-226,-122,-757,-640,-24,6,-6,
4455689,166302,166890,165202,164835,163935,1167,54,642,-1066,-343,151,-83,-11,11,-142,1316,-236,-119,-760,-666,-30,-2,-2,
4454926,166302,166890,165202,164835,163935,1171,49,643,-1069,-339,149,-81,-12,13,-136,1315,-225,-119,-760,-666,-31,4,6,
4454926,166371,166890,165202,164835,163935,1161,48,634,-1069,-339,149,-79,-14,13,-143,1331,-213,-118,-764,-657,-32,-3,2,
4454926,166371,166932,165202,164835,163935,1172,42,626,-1069,-335,157,-85,-17,13,-124,1338,-209,-118,-764,-657,-25,-3,10,
4454926,166371,166932,165076,164835,163935,1161,51,614,-1069,-332,152,-85,-11,6,-128,1329,-229,-120,-763,-645,-14,0,-2,
4454926,166371,166932,165076,164968,163935,1183,50,648,-1067,-332,152,-84,-13,5,-132,1322,-236,-120,-763,-645,-9,7,-10,
4454926,166371,166932,165076,164968,163984,1180,53,654,-1066,-336,146,-76,-10,6,-152,1320,-243,-124,-762,-648,-14,6,-12,
4454926,166371,166932,165076,164968,163984,1176,52,648,-1066,-336,146,-77,-17,10,-131,1311,-223,-124,-762,-639,-10,0,-13,
4454926,166371,166932,165076,164968,163984,1170,37,609,-1067,-329,146,-74,-18,10,-152,1321,-210,-124,-762,-639,-11,-8,-2,
4452550,166371,166932,165076,164968,163984,1166,25,657,-1067,-329,146,-68,-17,5,-124,1332,-247,-123,-764,-636,-10,-1,-8,
4452550,166402,166932,165076,164968,163984,1180,36,631,-1069,-327,142,-82,-7,1,-155,1333,-156,-123,-764,-636,4,8,-8,
4452550,166402,166728,165076,164968,163984,1188,25,632,-1070,-337,144,-72,-11,-9,-152,1317,-211,-121,-763,-635,10,5,-15,
4452550,166402,166728,164925,164968,163984,1159,21,648,-1070,-337,144,-75,-3,-15,-118,1324,-258,-121,-763,-635,12,4,-18,
4452550,166402,166728,164925,164951,163984,1168,36,636,-1071,-335,144,-71,-9,-16,-165,1320,-180,-124,-762,-654,20,3,-19,
4452550,166402,166728,164925,164951,163916,1179,30,628,-1071,-335,144,-60,-3,-25,-129,1328,-233,-124,-762,-654,26,-1,-17,
4452550,166402,166728,164925,164951,163916,1177,27,631,-1071,-328,147,-52,-4,-31,-125,1330,-233,-120,-758,-636,29,6,-19,
4452550,166402,166728,164925,164951,163916,1188,30,644,-1072,-327,141,-47,-12,-37,-134,1322,-222,-121,-764,-639,34,7,-16,
4454923,166402,166728,164925,164951,163916,1171,37,624,-1072,-327,141,-38,-10,-44,-161,1309,-218,-121,-764,-639,40,8,-14,
4454923,166404,166728,164925,164951,163916,1166,26,635,-1072,-334,151,-43,-6,-44,-133,1316,-237,-121,-759,-638,32,3,-14,
4454923,166404,166797,164925,164951,163916,1182,25,648,-1072,-334,151,-37,3,-55,-146,1311,-232,-121,-759,-638,19,-2,-11,
4454923,166404,166797,164861,164951,163916,1165,48,637,-1070,-331,140,-35,2,-58,-132,1318,-236,-120,-762,-645,15,-6,-13,
4454923,166404,166797,164861,164793,163916,1195,31,634,-1070,-331,140,-29,-4,-57,-145,1321,-214,-120,-762,-645,10,-6,-15,
4454923,166404,166797,164861,164793,163993,1176,43,632,-1069,-326,142,-20,2,-62,-143,1333,-240,-124,-753,-637,9,-2,-20,
4454923,166404,166797,164861,164793,163993,1178,35,643,-1066,-339,144,-16,4,-61,-132,1331,-228,-119,-758,-641,17,5,-16,
4454923,166404,166797,164861,164793,163993,1189,34,667,-1066,-339,144,-12,4,-56,-137,1325,-232,-119,-758,-641,29,10,-23,
4454960,166404,166797,164861,164793,163993,1172,35,643,-1068,-336,142,-12,9,-63,-149,1328,-227,-119,-764,-632,42,2,-21,
4454960,166185,166797,164861,164793,163993,1172,40,607,-1068,-336,142,-24,12,-60,-147,1313,-242,-119,-764,-632,41,4,-20,
4454960,166185,166890,164861,164793,163993,1169,47,615,-1069,-328,144,-25,10,-69,-133,1334,-249,-121,-759,-643,36,2,-22,
4454960,166185,166890,164948,164793,163993,1176,37,647,-1068,-333,139,-19,9,-77,-148,1316,-212,-121,-759,-643,29,5,-19,
4454960,166185,166890,164948,164673,163993,1181,47,604,-1068,-333,139,-12,12,-69,-131,1329,-258,-120,-759,-654,29,12,-21,
4454960,166185,166890,164948,164673,163734,1170,44,614,-1067,-341,143,-27,4,-69,-140,1321,-252,-120,-759,-654,27,11,-17,
4454960,166185,166890,164948,164673,163734,1183,42,621,-1067,-341,143,-30,10,-74,-146,1305,-220,-122,-757,-648,23,2,-17,
4454960,166185,166890,164948,164673,163734,1179,50,627,-1071,-337,139,-28,10,-69,-139,1318,-241,-121,-761,-658,23,6,-13,
4456502,166185,166890,164948,164673,163734,1175,44,633,-1071,-337,139,-27,7,-62,-145,1323,-229,-121,-761,-658,24,1,-22,
4456502,166294,166890,164948,164673,163734,1193,37,611,-1066,-336,142,-31,12,-60,-140,1324,-241,-121,-759,-639,28,8,-27,
4456502,166294,167024,164948,164673,163734,1173,55,619,-1065,-339,146,-32,12,-68,-152,1312,-238,-121,-759,-639,27,6,-18,
4456502,166294,167024,165079,164673,163734,1170,42,599,-1065,-339,146,-35,16,-64,-138,1318,-216,-120,-752,-655,15,9,-24,
4456502,166294,167024,165079,164888,163734,1188,55,649,-1069,-342,141,-32,9,-67,-135,1324,-259,-120,-752,-655,10,4,-16,
4456502,166294,167024,165079,164888,163978,1179,49,619,-1069,-342,141,-34,-3,-59,-136,1318,-281,-121,-755,-671,6,13,-16,
4456502,166294,167024,165079,164888,163978,1176,52,636,-1069,-345,131,-36,-4,-66,-152,1315,-231,-120,-757,-656,0,6,-21,
4456502,166294,167024,165079,164888,163978,1190,40,623,-1068,-343,139,-33,-2,-69,-131,1336,-265,-120,-757,-656,-16,3,-4,
4456627,166294,167024,165079,164888,163978,1176,58,624,-1068,-343,139,-40,5,-55,-139,1318,-229,-122,-758,-654,0,6,-11,
4456627,166226,167024,165079,164888,163978,1161,56,640,-1069,-343,146,-41,2,-56,-141,1325,-231,-122,-758,-654,-1,-5,-14,
4456627,166226,166796,165079,164888,163978,1179,63,649,-1069,-343,146,-43,-6,-62,-145,1324,-223,-119,-757,-661,-4,-7,-4,
4456627,166226,166796,165013,164888,163978,1178,63,646,-1069,-346,143,-46,-14,-57,-143,1318,-246,-119,-757,-661,-1,-9,2,
4456627,166226,166796,165013,164682,163978,1171,59,660,-1069,-346,143,-48,-20,-50,-142,1322,-248,-122,-752,-648,-2,-9,-5,
4456627,166226,166796,165013,164682,163827,1171,76,635,-1068,-340,133,-51,-28,-33,-152,1311,-217,-122,-752,-648,-4,-7,-3,
4456627,166226,166796,165013,164682,163827,1185,59,687,-1070,-345,144,-45,-26,-26,-150,1314,-241,-121,-760,-659,-3,-10,-5,
4456627,166226,166796,165013,164682,163827,1152,44,642,-1070,-345,144,-55,-30,-19,-146,1326,-251,-121,-762,-632,-7,-12,-4,
4455814,166226,166796,165013,164682,163827,1175,44,605,-1065,-346,138,-58,-29,-18,-155,1319,-242,-121,-762,-632,-7,-5,-6,
4455814,166207,166796,165013,164682,163827,1180,54,626,-1065,-346,138,-60,-25,-11,-136,1297,-217,-121,-760,-647,-10,2,-15,
4455814,166207,166917,165013,164682,163827,1179,57,642,-1071,-340,135,-63,-25,-16,-142,1328,-237,-121,-760,-647,-12,-3,-7,
4455814,166207,166917,165106,164682,163827,1181,57,620,-1069,-340,145,-67,-28,-7,-134,1328,-234,-122,-759,-647,-6,-254,-5,
4455814,166207,166917,165106,164838,163827,1166,49,627,-1069,-340,145,-72,-30,-2,-142,1322,-222,-122,-759,-647,8,1,-16,
4455814,166207,166917,165106,164838,164071,1200,43,663,-1068,-343,148,-61,-24,-7,-143,1316,-246,-122,-755,-640,18,1,-11,
4455814,166207,166917,165106,164838,164071,1202,41,627,-1068,-343,148,-62,-18,-11,-153,1309,-238,-119,-762,-655,4,-4,-16,
4455814,166207,166917,165106,164838,164071,1195,39,614,-1069,-339,142,-63,-8,-11,-142,1329,-263,-119,-762,-655,-11,2,-11,
4450484,166207,166917,165106,164838,164071,1156,50,658,-1069,-339,142,-63,-8,-10,-144,1324,-230,-119,-764,-655,-12,3,-11,
4450484,166381,166917,165106,164838,164071,1194,39,610,-1070,-337,142,-61,-11,-9,-150,1323,-212,-119,-764,-655,-3,-3,-14,
4450484,166381,167023,165106,164838,164071,1175,58,639,-1073,-342,138,-62,-10,-12,-138,1320,-195,-120,-760,-647,1,8,-6,
4450484,166381,167023,165039,164838,164071,1169,47,611,-1073,-342,138,-50,-4,-24,-136,1312,-243,-120,-760,-647,7,2,-14,
4450484,166381,167023,165039,164928,164071,1183,41,601,-1071,-341,131,-46,-2,-26,-135,1330,-243,-122,-751,-651,3,-4,-18,
4450484,166381,167023,165039,164928,164002,1175,41,646,-1071,-341,131,-45,0,-28,-147,1312,-226,-122,-761,-636,10,-2,-18,
4450484,166381,167023,165039,164928,164002,1176,38,573,-1073,-331,143,-43,-1,-41,-132,1317,-269,-122,-761,-636,16,3,-15,
4450484,166381,167023,165039,164928,164002,1179,45,632,-1068,-340,133,-32,-2,-45,-150,1322,-208,-121,-761,-641,13,-4,-15,
4450779,166381,167023,165039,164928,164002,1171,31,584,-1068,-340,133,-28,5,-50,-141,1317,-238,-121,-761,-641,5,-1,-11,
4450779,166257,167023,165039,164928,164002,1183,35,660,-1067,-344,139,-24,4,-53,-120,1330,-250,-120,-761,-642,1,3,-17,
4450779,166257,166988,165039,164928,164002,1180,38,600,-1067,-344,139,-35,-8,-59,-134,1318,-228,-120,-761,-642,9,8,-14,
4450779,166257,166988,165122,164928,164002,1179,44,607,-1070,-338,134,-23,1,-65,-134,1325,-193,-120,-758,-655,18,4,-14,
4450779,166257,166988,165122,164622,164002,1197,56,649,-1070,-338,131,-19,0,-62,-142,1318,-227,-120,-758,-655,21,4,-15,
4450779,166257,166988,165122,164622,163880,1182,51,641,-1070,-343,131,-18,0,-63,-144,1328,-257,-121,-756,-661,20,6,-7,
4450779,166257,166988,165122,164622,163880,1162,44,626,-1069,-344,132,-16,-1,-61,-119,1330,-247,-119,-759,-644,27,10,-6,
4450779,166257,166988,165122,164622,163880,1190,55,630,-1069,-344,132,-23,-2,-75,-164,1302,-175,-119,-759,-644,37,10,-13,
4443487,166257,166988,165122,164622,163880,1170,55,631,-1071,-349,130,-24,3,-77,-158,1310,-255,-119,-760,-649,32,-2,-14,
4443487,166186,166988,165122,164622,163880,1190,58,602,-1071,-349,130,-25,3,-68,-155,1310,-236,-119,-760,-649,10,1,-16,
4443487,166186,166734,165122,164622,163880,1161,76,625,-1071,-342,140,-28,-2,-68,-128,1311,-240,-119,-753,-651,-4,8,-11,
4443487,166186,166734,165042,164622,163880,1204,55,671,-1070,-345,139,-26,3,-66,-146,1323,-211,-119,-753,-651,-9,8,-9,
4443487,166186,166734,165042,164895,163880,1178,65,600,-1070,-345,139,-31,-2,-69,-121,1341,-271,-120,-758,-660,-4,9,-7,
4443487,166186,166734,165042,164895,164018,1182,54,649,-1071,-352,137,-32,-256,-65,-154,1320,-225,-120,-755,-634,-1,3,-12,
4443487,166186,166734,165042,164895,164018,1172,68,628,-1071,-352,137,-30,3,-54,-135,1332,-268,-120,-755,-634,13,1,-11,
4443487,166186,166734,165042,164895,164018,1194,66,613,-1072,-343,136,-38,1,-43,-157,1313,-227,-119,-762,-648,15,4,-15,
4442820,166186,166734,165042,164895,164018,1175,63,628,-1072,-346,133,-37,-1,-41,-144,1321,-236,-119,-762,-648,-1,0,-9,
4442820,166328,166734,165042,164895,164018,1173,65,590,-1071,-346,133,-35,0,-37,-129,1314,-255,-121,-759,-637,-9,8,-10,
4442820,166328,167118,165042,164895,164018,1179,57,636,-1071,-349,133,-40,5,-33,-110,1335,-268,-121,-759,-637,-17,14,-13,
4442820,166328,167118,165192,164895,164018,1175,62,617,-1071,-349,133,-48,-4,-39,-133,1314,-267,-122,-756,-657,-11,14,-16,
4442820,166328,167118,165192,164894,164018,1177,79,646,-1066,-345,136,-55,-8,-34,-129,1319,-211,-122,-756,-657,-2,13,-14,
4442820,166328,167118,165192,164894,164013,1158,71,638,-1066,-345,136,-61,-2,-29,-161,1304,-191,-120,-756,-650,3,7,-9,
4442820,166328,167118,165192,164894,164013,1179,75,632,-1069,-338,131,-56,2,-25,-149,1324,-218,-119,-759,-647,2,5,-6,
4442820,166328,167118,165192,164894,164013,1174,72,609,-1070,-350,131,-58,-1,-22,-127,1321,-243,-119,-759,-647,0,0,-8,
4443390,166328,167118,165192,164894,164013,1182,55,645,-1070,-350,131,-72,-7,-15,-132,1331,-263,-122,-758,-649,1,1,-11,
4443390,166403,167118,165192,164894,164013,1169,54,593,-1071,-345,135,-65,-9,-22,-137,1311,-232,-122,-758,-649,7,0,-13,
4443390,166403,166886,165192,164894,164013,1210,77,689,-1071,-345,135,-62,-6,-22,-160,1310,-227,-120,-759,-641,2,-1,-15,
4443390,166403,166886,165212,164894,164013,1190,66,597,-1069,-346,132,-58,-5,-26,-152,1314,-236,-120,-759,-641,-4,5,-17,
4443390,166403,166886,165212,164929,164013,1192,51,593,-1069,-342,131,-66,-8,-15,-114,1325,-242,-121,-753,-672,-5,-5,-11,
4443390,166403,166886,165212,164929,163975,1167,55,622,-1073,-342,131,-64,-10,-16,-145,1329,-221,-122,-758,-656,0,8,-7,
4443390,166403,166886,165212,164929,163975,1172,58,610,-1070,-346,132,-57,-5,-19,-138,1308,-232,-122,-758,-656,4,8,-13,
4443390,166403,166886,165212,164929,163975,1175,58,622,-1070,-346,132,-58,-2,-15,-127,1323,-255,-123,-758,-652,-2,3,-13,
4443802,166403,166886,165212,164929,163975,1175,47,607,-1068,-343,143,-54,-2,-16,-133,1322,-244,-123,-758,-652,0,5,-11,
4443802,166425,166886,165212,164929,163975,1178,59,628,-1068,-343,143,-55,1,-20,-139,1323,-243,-121,-758,-647,-8,5,-11,
4443802,166425,166957,165212,164929,163975,1197,41,634,-1073,-335,133,-55,6,-26,-130,1323,-217,-121,-758,-647,-13,12,-14,
4443802,166425,166957,165161,164929,163975,1185,53,629,-1069,-348,128,-51,0,-31,-129,1330,-228,-123,-753,-658,-11,5,-9,
4443802,166425,166957,165161,164553,163975,1173,63,603,-1069,-348,128,-51,2,-25,-128,1326,-253,-123,-753,-638,-5,-5,-11,
4443802,166425,166957,165161,164553,163900,1183,53,605,-1070,-347,134,-46,5,-25,-134,1323,-220,-122,-755,-638,9,1,-16,
4443802,166425,166957,165161,164553,163900,1189,54,628,-1070,-347,134,-40,5,-38,-139,1335,-238,-122,-758,-653,12,3,-18,
4443802,166425,166957,165161,164553,163900,1188,55,650,-1071,-340,128,-43,2,-44,-151,1314,-237,-122,-758,-653,23,5,-10,
4444103,166425,166957,165161,164553,163900,1199,49,585,-1073,-336,137,-41,4,-47,-131,1315,-255,-119,-761,-660,11,-3,-17,
4444103,166426,166957,165161,164553,163900,1181,56,629,-1073,-336,137,-37,0,-50,-141,1310,-233,-119,-761,-660,4,3,-17,
4444103,166426,166953,165161,164553,163900,1186,57,644,-1072,-348,136,-35,-2,-55,-163,1315,-225,-121,-759,-645,-3,4,-10,
4444103,166426,166953,165131,164553,163900,1177,51,608,-1072,-348,136,-36,0,-43,-146,1314,-197,-121,-759,-645,3,5,-9,
4444103,166426,166953,165131,164835,163900,1193,38,564,-1072,-342,130,-32,-8,-47,-140,1316,-234,-120,-753,-661,4,5,-8,
4444103,166426,166953,165131,164835,163766,1187,55,634,-1072,-342,130,-34,-11,-48,-131,1322,-244,-122,-758,-658,3,5,-9,
4444103,166426,166953,165131,164835,163766,1188,53,595,-1071,-344,138,-28,-12,-49,-133,1325,-267,-122,-758,-658,2,7,-17,
4444103,166426,166953,165131,164835,163766,1183,56,609,-1069,-345,132,-32,-4,-52,-140,1310,-246,-121,-761,-636,10,11,-13,
4444973,166426,166953,165131,164835,163766,1201,53,631,-1069,-345,132,-37,-2,-54,-153,1316,-231,-121,-761,-636,10,2,-12,
4444973,166465,166953,165131,164835,163766,1165,78,616,-1070,-349,127,-35,2,-49,-135,1313,-229,-121,-755,-649,-1,0,-14,
4444973,166465,166884,165131,164835,163766,1188,52,600,-1070,-349,127,-33,4,-49,-150,1327,-213,-121,-755,-649,-4,4,-8,
4444973,166465,166884,165182,164835,163766,1188,66,621,-1072,-338,135,-40,6,-44,-114,1336,-252,-126,-756,-641,4,6,-16,
4444973,166465,166884,165182,164912,163766,1166,63,616,-1072,-343,125,-40,5,-44,-147,1325,-221,-125,-755,-662,10,1,-17,
4444973,166465,166884,165182,164912,163817,1177,67,617,-1072,-343,125,-41,3,-39,-130,1316,-239,-125,-755,-662,10,-6,-15,
4444973,166465,166884,165182,164912,163817,1188,51,596,-1070,-351,136,-37,4,-41,-135,1315,-253,-123,-761,-649,4,0,-9,
4444973,166465,166884,165182,164912,163817,1178,67,621,-1070,-351,136,-39,6,-38,-155,1308,-252,-123,-761,-649,-4,-1,-1,
4447517,166465,166884,165182,164912,163817,1178,63,606,-1069,-342,132,-36,18,-42,-133,1333,-260,-120,-759,-645,-13,3,-14,
4447517,166369,166884,165182,164912,163817,1200,56,614,-1069,-342,132,-38,16,-38,-147,1327,-217,-120,-759,-645,-2,2,-11,
4447517,166369,166948,165182,164912,163817,1180,63,640,-1071,-343,133,-36,16,-37,-156,1327,-224,-121,-755,-651,-1,2,-12,
4447517,166369,166948,165112,164912,163817,1173,63,618,-1068,-347,134,-35,13,-39,-138,1326,-235,-121,-755,-651,0,-5,-7,
4447517,166369,166948,165112,164970,163817,1196,59,623,-1068,-347,134,-40,11,-37,-141,1319,-211,-122,-757,-663,4,-2,-6,
4447517,166369,166948,165112,164970,163944,1182,57,587,-1071,-348,135,-41,4,-43,-128,1327,-251,-123,-761,-645,3,2,-4,
4447517,166369,166948,165112,164970,163944,1169,59,607,-1071,-348,135,-41,1,-42,-133,1316,-242,-123,-761,-645,2,4,-13,
4447517,166369,166948,165112,164970,163944,1197,61,658,-1070,-344,145,-43,-2,-46,-149,1312,-188,-120,-760,-639,5,4,-17,
4452239,166369,166948,165112,164970,163944,1178,54,623,-1068,-346,132,-41,-4,-46,-122,1315,-237,-120,-760,-639,16,0,-13,
4452239,166458,166948,165112,164970,163944,1174,69,616,-1068,-346,132,-44,-5,-50,-158,1308,-222,-120,-749,-644,13,-2,-15,
4452239,166458,166865,165112,164970,163944,1197,67,577,-1070,-348,133,-44,-9,-44,-148,1320,-236,-120,-749,-644,12,0,-9,
4452239,166458,166865,165005,164970,163944,1179,67,633,-1070,-348,133,-45,-5,-48,-119,1324,-264,-124,-751,-635,4,6,-17,
4452239,166458,166865,165005,164909,163944,1190,54,609,-1072,-350,137,-42,-7,-40,-125,1323,-254,-118,-758,-669,-255,-1,-16,
4452239,166458,166865,165005,164909,163880,1181,57,615,-1072,-350,137,-41,-8,-39,-136,1327,-226,-118,-758,-669,-4,-6,-9,
4452239,166458,166865,165005,164909,163880,1203,45,632,-1070,-348,131,-40,-6,-43,-129,1310,-250,-123,-758,-631,-4,-8,-10,
4452239,166458,166865,165005,164909,163880,1169,55,583,-1068,-354,128,-39,-3,-46,-141,1338,-243,-123,-758,-631,-9,-2,-12,
4447575,166458,166865,165005,164909,163880,1185,64,622,-1068,-354,128,-41,-3,-36,-146,1337,-280,-118,-758,-647,12,0,-10,
4447575,166215,166865,165005,164909,163880,1184,55,579,-1071,-350,126,-38,4,-32,-132,1326,-229,-118,-758,-647,11,-5,-10,
4447575,166215,166826,165005,164909,163880,1198,64,601,-1071,-350,126,-36,1,-38,-131,1320,-235,-124,-754,-651,9,8,-18,
4447575,166215,166826,165089,164909,163880,1165,62,630,-1075,-344,127,-40,-5,-43,-127,1319,-257,-124,-754,-639,14,8,-17,
4447575,166215,166826,165089,164986,163880,1183,63,602,-1068,-353,126,-40,7,-38,-126,1319,-265,-121,-757,-639,15,-3,-6,
4447575,166215,166826,165089,164986,163940,1194,54,614,-1068,-353,126,-39,7,-39,-149,1319,-225,-121,-753,-653,5,2,-8,
4447575,166215,166826,165089,164986,163940,1183,57,646,-1068,-351,136,-38,5,-30,-148,1318,-198,-121,-753,-653,-1,9,-11,
4447575,166215,166826,165089,164986,163940,1182,47,612,-1068,-351,136,-33,9,-34,-151,1295,-227,-123,-760,-660,4,1,-12,
4447654,166215,166826,165089,164986,163940,1180,55,590,-1069,-348,130,-40,10,-31,-141,1315,-227,-123,-760,-660,7,2,-6,
4447654,166276,166826,165089,164986,163940,1196,61,640,-1069,-348,130,-44,3,-33,-135,1300,-248,-120,-753,-650,8,-3,-8,
4447654,166276,167008,165089,164986,163940,1192,64,646,-1075,-347,134,-47,5,-35,-142,1315,-261,-120,-753,-650,1,8,-14,
4447654,166276,167008,165095,164986,163940,1180,62,614,-1071,-352,137,-45,2,-33,-134,1324,-274,-123,-755,-652,-4,6,-16,
4447654,166276,167008,165095,164886,163940,1189,68,625,-1071,-352,137,-49,7,-32,-143,1318,-214,-121,-759,-635,-4,4,-8,
4447654,166276,167008,165095,164886,164067,1179,54,610,-1074,-355,132,-47,9,-38,-139,1322,-210,-121,-759,-635,-2,8,-10,
4447654,166276,167008,165095,164886,164067,1160,55,631,-1074,-355,132,-43,3,-36,-130,1316,-223,-121,-760,-649,-6,5,-9,
4447654,166276,167008,165095,164886,164067,1184,64,647,-1073,-343,135,-43,-1,-32,-138,1321,-238,-121,-760,-649,-1,-4,-8,
4447290,166276,167008,165095,164886,164067,1178,67,589,-1068,-350,132,-47,5,-33,-144,1327,-233,-123,-757,-648,10,2,-11,
4447290,165997,167008,165095,164886,164067,1175,58,616,-1068,-350,132,-46,-1,-38,-142,1312,-238,-123,-757,-648,12,7,-12,
4447290,165997,166907,165095,164886,164067,1178,54,619,-1069,-351,133,-40,4,-37,-122,1316,-245,-123,-749,-662,7,11,-17,
4447290,165997,166907,165037,164886,164067,1201,66,594,-1069,-351,133,-51,1,-32,-146,1326,-243,-123,-752,-657,1,9,-18,
4447290,165997,166907,165037,164936,164067,1177,66,639,-1071,-349,129,-53,8,-31,-143,1318,-238,-121,-752,-657,-3,1,-10,
4447290,165997,166907,165037,164936,164000,1187,79,644,-1071,-349,139,-47,8,-28,-148,1311,-247,-121,-760,-663,-6,-6,-7,
4447290,165997,166907,165037,164936,164000,1181,62,595,-1070,-350,139,-47,-1,-32,-129,1320,-204,-121,-760,-663,-6,-5,-6,
4447290,165997,166907,165037,164936,164000,1175,62,596,-1070,-351,128,-47,-2,-34,-138,1325,-226,-120,-762,-659,5,-2,-12,
4447981,165997,166907,165037,164936,164000,1189,60,603,-1070,-351,128,-49,2,-29,-136,1319,-245,-120,-762,-659,7,4,-14,
4447981,166400,166907,165037,164936,164000,1183,65,646,-1068,-348,127,-54,0,-23,-157,1318,-235,-123,-759,-651,11,3,-15,
4447981,166400,166698,165037,164936,164000,1183,47,579,-1068,-348,127,-46,4,-33,-149,1324,-240,-123,-759,-651,10,-4,-18,
4447981,166400,166698,165004,164936,164000,1178,61,598,-1069,-341,139,-48,8,-31,-149,1318,-243,-123,-754,-649,6,2,-21,
4447981,166400,166698,165004,164759,164000,1186,74,657,-1071,-350,134,-41,13,-34,-142,1319,-236,-119,-757,-650,-4,-2,-18,
4447981,166400,166698,165004,164759,163745,1187,60,629,-1071,-350,134,-41,3,-33,-146,1315,-246,-119,-757,-650,-2,-2,-16,
4447981,166400,166698,165004,164759,163745,1174,57,606,-1069,-353,135,-40,-5,-40,-138,1311,-254,-118,-758,-642,-7,-6,-9,
4447981,166400,166698,165004,164759,163745,1172,67,618,-1069,-353,135,-41,-8,-45,-146,1321,-260,-118,-758,-642,2,1,-6,
4447410,166400,166698,165004,164759,163745,1189,63,621,-1068,-350,121,-37,-21,-33,-130,1339,-253,-122,-752,-647,-8,0,-12,
4447410,166267,166698,165004,164759,163745,1187,61,600,-1068,-347,139,-37,-25,-35,-144,1315,-223,-122,-752,-647,8,6,-11,
4447410,166267,167050,165004,164759,163745,1164,75,615,-1073,-347,139,-37,-24,-40,-132,1332,-236,-120,-751,-668,16,6,-14,
4447410,166267,167050,165011,164759,163745,1188,63,605,-1068,-353,130,-37,-17,-33,-127,1312,-268,-118,-755,-654,21,2,-14,
4447410,166267,167050,165011,164641,163745,1181,63,628,-1068,-353,130,-42,-12,-34,-135,1323,-264,-118,-755,-654,14,2,-15,
4447410,166267,167050,165011,164641,163894,1185,55,604,-1070,-351,118,-38,2,-34,-146,1310,-228,-119,-761,-654,-3,6,-12,
4447410,166267,167050,165011,164641,163894,1176,63,637,-1070,-351,118,-40,6,-36,-145,1315,-208,-119,-761,-654,-8,-3,-9,
4447410,166267,167050,165011,164641,163894,1168,58,608,-1072,-344,123,-45,12,-30,-129,1334,-242,-120,-757,-652,1,0,-8,
4449025,166267,167050,165011,164641,163894,1199,55,603,-1071,-351,131,-48,19,-32,-143,1326,-227,-120,-757,-652,5,2,-11,
4449025,166392,167050,165011,164641,163894,1161,55,589,-1071,-351,131,-43,28,-33,-136,1327,-238,-124,-752,-640,4,-3,-9,
4449025,166392,166988,165011,164641,163894,1160,58,602,-1070,-356,128,-34,25,-43,-129,1315,-228,-124,-752,-645,4,-4,-12,
4449025,166392,166988,165177,164641,163894,1180,60,613,-1070,-356,128,-36,26,-45,-157,1321,-228,-122,-761,-645,6,-3,-19,
4449025,166392,166988,165177,164844,163894,1177,66,612,-1072,-352,124,-37,30,-46,-132,1323,-242,-121,-760,-652,15,12,-15,
4449025,166392,166988,165177,164844,164712,1190,64,631,-1067,-345,130,-41,33,-49,-138,1311,-239,-121,-760,-652,13,10,-9,
4449025,166392,166988,165177,164844,164712,1161,62,577,-1067,-345,130,-39,32,-53,-138,1315,-234,-120,-759,-656,11,13,-8,
4449025,166392,166988,165177,164844,164712,1198,74,637,-1068,-356,130,-40,26,-60,-136,1324,-217,-120,-759,-656,-7,8,-12,
4457315,166392,166988,165177,164844,164712,1197,61,647,-1068,-356,130,-39,17,-62,-144,1319,-231,-121,-755,-641,1,12,-10,
4457315,166357,166988,165177,164844,164712,1167,84,609,-1068,-347,134,-30,15,-51,-134,1321,-237,-121,-755,-641,1,5,-8,
4457315,166357,166969,165177,164844,164712,1182,59,605,-1068,-347,134,-36,3,-52,-140,1322,-244,-118,-752,-633,-1,2,-15,
4457315,166357,166969,165180,164844,164712,1187,80,668,-1069,-352,132,-28,3,-50,-130,1322,-207,-122,-756,-648,-1,-2,-12,
4457315,166357,166969,165180,164922,164712,1195,62,586,-1072,-353,135,-34,0,-47,-129,1327,-254,-122,-756,-648,6,-1,-4,
4457315,166357,166969,165180,164922,163678,1180,74,621,-1072,-353,135,-43,-4,-47,-137,1318,-228,-123,-759,-649,12,4,-3,
4457315,166357,166969,165180,164922,163678,1201,69,632,-1068,-355,132,-38,-9,-46,-133,1310,-239,-123,-759,-649,-2,5,-16,
4457315,166357,166969,165180,164922,163678,1172,75,653,-1068,-355,132,-42,-7,-40,-148,1321,-224,-120,-759,-650,-5,13,-12,
4456237,166357,166969,165180,164922,163678,1189,78,594,-1068,-353,132,-44,-11,-35,-123,1307,-241,-120,-759,-650,1,8,-12,
4456237,166360,166969,165180,164922,163678,1175,88,665,-1070,-358,133,-50,-12,-26,-144,1328,-214,-121,-754,-639,0,0,-5,
4456237,166360,166925,165180,164922,163678,1170,71,618,-1070,-358,133,-63,-15,-16,-139,1323,-265,-121,-754,-655,7,-7,-10,
4456237,166360,166925,165248,164922,163678,1170,66,585,-1066,-352,131,-63,-14,-15,-133,1324,-259,-123,-754,-655,4,4,-14,
4456237,166360,166925,165248,164854,163678,1167,72,615,-1066,-352,131,-64,-13,-5,-138,1309,-229,-121,-758,-641,8,7,-12,
4456237,166360,166925,165248,164854,164066,1195,58,606,-1070,-353,123,-59,-6,-8,-153,1322,-226,-121,-758,-641,15,-1,-7,
4456237,166360,166925,165248,164854,164066,1174,55,599,-1070,-353,123,-65,-10,-3,-138,1312,-233,-124,-757,-658,5,-3,-7,
4456237,166360,166925,165248,164854,164066,1187,57,610,-1070,-351,128,-58,-5,-13,-128,1316,-232,-124,-757,-658,-2,-3,-3,
4450214,166360,166925,165248,164854,164066,1198,63,657,-1069,-355,125,-57,-2,-17,-132,1334,-254,-119,-754,-658,-9,1,-7,
4450214,166379,166925,165248,164854,164066,1189,58,652,-1069,-355,125,-54,-9,-21,-144,1319,-252,-119,-754,-658,-9,2,-5,
4450214,166379,166851,165248,164854,164066,1167,61,626,-1071,-352,126,-53,-5,-26,-136,1337,-224,-121,-755,-640,-8,-8,-6,
4450214,166379,166851,165153,164854,164066,1202,55,607,-1071,-352,126,-51,-12,-34,-123,1324,-228,-123,-756,-631,2,-4,-14,
4450214,166379,166851,165153,164942,164066,1206,59,652,-1073,-348,127,-50,-16,-41,-138,1328,-249,-123,-756,-631,9,-1,-16,
4450214,166379,166851,165153,164942,163956,1184,60,594,-1069,-354,128,-46,-13,-46,-142,1326,-269,-121,-760,-658,8,-2,-21,
4450214,166379,166851,165153,164942,163956,1167,74,634,-1069,-354,128,-40,-14,-49,-145,1313,-227,-121,-760,-658,17,10,-18,
4450214,166379,166851,165153,164942,163956,1185,62,624,-1069,-354,124,-45,-17,-44,-141,1309,-230,-123,-753,-650,26,9,-17,
4446599,166379,166851,165153,164942,163956,1187,71,602,-1069,-354,124,-36,-21,-41,-138,1311,-238,-123,-753,-650,13,6,-17,
4446599,166422,166851,165153,164942,163956,1168,56,586,-1068,-350,128,-34,-17,-33,-140,1315,-235,-121,-748,-651,13,6,-12,
4446599,166422,166893,165153,164942,163956,1190,71,580,-1068,-350,128,-39,-20,-33,-136,1305,-271,-121,-756,-638,5,2,-8,
4446599,166422,166893,165212,164942,163956,1186,76,652,-1073,-352,135,-42,-20,-38,-124,1319,-265,-121,-756,-638,-2,2,-11,
4446599,166422,166893,165212,164914,163956,1194,61,602,-1071,-350,127,-41,-18,-41,-109,1329,-258,-120,-759,-645,-5,11,-5,
4446599,166422,166893,165212,164914,163945,1180,59,575,-1071,-350,127,-46,-11,-35,-141,1328,-236,-120,-759,-645,-3,12,-5,
4446599,166422,166893,165212,164914,163945,1173,77,617,-1069,-353,130,-47,0,-39,-142,1320,-224,-120,-760,-648,11,3,-6,
4446599,166422,166893,165212,164914,163945,1181,74,594,-1069,-353,130,-48,5,-33,-131,1337,-230,-120,-760,-648,5,6,-18,
4446778,166422,166893,165212,164914,163945,1188,61,612,-1071,-344,132,-46,10,-22,-140,1335,-256,-123,-754,-651,13,1,-16,
4446778,166448,166893,165212,164914,163945,1199,63,583,-1071,-353,127,-45,6,-27,-139,1318,-222,-123,-754,-651,26,-3,-13,
4446778,166448,166845,165212,164914,163945,1198,60,629,-1071,-353,127,-47,11,-33,-118,1318,-259,-119,-757,-643,25,4,-15,
4446778,166448,166845,165072,164914,163945,1188,63,632,-1071,-354,126,-50,16,-30,-131,1308,-222,-123,-758,-637,12,1,-12,
4446778,166448,166845,165072,164837,163945,1192,61,610,-1071,-354,126,-57,7,-30,-134,1317,-239,-123,-758,-637,4,6,-10,
4446778,166448,166845,165072,164837,163847,1188,61,614,-1069,-352,126,-52,1,-33,-147,1314,-240,-115,-759,-647,-7,9,-10,
4446778,166448,166845,165072,164837,163847,1179,73,625,-1069,-352,122,-44,-6,-32,-129,1325,-239,-115,-759,-647,-14,-2,-8,
4446778,166448,166845,165072,164837,163847,1195,64,614,-1068,-350,122,-38,-11,-26,-144,1318,-241,-118,-755,-658,-4,6,-6,
4443764,166448,166845,165072,164837,163847,1176,66,621,-1071,-352,130,-41,-17,-32,-132,1316,-265,-118,-755,-658,2,11,-6,
4443764,165760,166845,165072,164837,163847,1172,62,604,-1071,-352,130,-40,-23,-37,-153,1325,-214,-121,-752,-664,-1,4,-14,
4443764,165760,166675,165072,164837,163847,1192,67,606,-1073,-353,128,-42,-7,-31,-131,1311,-208,-121,-756,-647,7,7,-19,
4443764,165760,166675,165030,164837,163847,1182,68,596,-1073,-353,128,-49,-13,-31,-136,1320,-244,-121,-756,-647,12,8,-17,
4443764,165760,166675,165030,164944,163847,1185,63,550,-1075,-345,134,-46,-6,-31,-154,1321,-255,-119,-758,-660,15,0,-16,
4443764,165760,166675,165030,164944,163956,1179,65,635,-1068,-355,127,-42,-9,-32,-143,1314,-235,-119,-758,-660,10,4,-12,
4443764,165760,166675,165030,164944,163956,1194,52,618,-1068,-355,127,-51,-6,-30,-143,1325,-233,-120,-757,-657,6,-1,-10,
