0,0,0,0,0,0,-139,55,1342,416,-186,687,0,8,-18,-121,-95,1316,315,35,738,-9,46,-46,
4919868,0,0,0,0,0,-148,41,1348,416,-187,683,2,5,-13,-133,-85,1314,315,35,738,-11,41,-46,
4919868,4874276,0,0,0,0,-134,52,1335,414,-192,678,-6,2,-16,-126,-90,1310,317,35,736,2,39,-51,
4919868,4874276,4872978,0,0,0,-138,58,1339,414,-192,678,-4,-3,-10,-121,-87,1304,317,35,736,-1,43,-49,
4919868,4874276,4872978,4958528,0,0,-148,34,1358,412,-193,689,-7,2,-19,-123,-88,1329,314,40,749,2,37,-48,
4919868,4874276,4872978,4958528,4809359,0,-132,46,1339,412,-193,689,-1,-1,-15,-125,-78,1314,317,36,750,5,31,-51,
4919868,4874276,4872978,4958528,4809359,5035012,-136,49,1340,413,-192,685,0,7,-19,-119,-90,1317,317,36,750,3,35,-50,
4919868,4874276,4872978,4958528,4809359,5035012,-138,51,1338,413,-192,685,-2,1,-19,-119,-81,1303,318,30,739,0,38,-51,
4919868,4874276,4872978,4958528,4809359,5035012,-146,59,1337,415,-182,688,2,3,-15,-129,-81,1326,318,30,739,6,40,-51,
4856088,4874276,4872978,4958528,4809359,5035012,-154,49,1357,415,-182,686,-1,-3,-13,-131,-89,1309,313,34,747,4,43,-55,
4856088,4851338,4872978,4958528,4809359,5035012,-136,46,1344,416,-188,686,-4,-6,-16,-125,-94,1318,313,34,747,4,39,-46,
4856088,4851338,4853862,4958528,4809359,5035012,-153,50,1336,415,-188,687,1,-1,-17,-122,-91,1302,315,37,751,21,43,-44,
4856088,4851338,4853862,4962567,4809359,5035012,-143,52,1353,415,-188,687,-3,-5,-16,-133,-93,1315,315,34,753,27,34,-46,
4856088,4851338,4853862,4962567,4605534,5035012,-145,51,1337,414,-193,680,-6,-10,-16,-123,-76,1311,315,34,753,20,42,-46,
4856088,4851338,4853862,4962567,4605534,5094115,-144,48,1335,414,-193,680,1,-14,-13,-112,-70,1309,320,34,741,33,34,-47,
4856088,4851338,4853862,4962567,4605534,5094115,-159,62,1329,412,-189,685,7,-10,-10,-127,-77,1311,320,34,741,33,30,-44,
4856088,4851338,4853862,4962567,4605534,5094115,-139,49,1345,412,-189,685,5,-17,-7,-127,-84,1302,314,37,745,35,31,-45,
4805918,4851338,4853862,4962567,4605534,5094115,-139,43,1354,415,-184,683,4,-11,-13,-131,-77,1322,314,37,745,44,36,-43,
4805918,4755153,4853862,4962567,4605534,5094115,-134,59,1329,411,-196,679,-3,-12,-12,-133,-83,1319,317,36,756,55,37,-39,
4805918,4755153,4660851,4962567,4605534,5094115,-137,60,1331,411,-196,679,-1,-8,-14,-116,-75,1320,318,25,752,72,34,-39,
4805918,4755153,4660851,4969008,4605534,5094115,-133,58,1328,413,-190,685,4,-5,-16,-141,-84,1317,318,25,752,71,39,-41,
4805918,4755153,4660851,4969008,3900923,5094115,-138,52,1341,413,-190,685,2,-5,-15,-118,-68,1291,317,28,749,72,40,-40,
4805918,4755153,4660851,4969008,3900923,5143743,-136,54,1352,409,-190,679,-5,-9,-11,-131,-64,1324,317,28,749,49,26,-36,
4805918,4755153,4660851,4969008,3900923,5143743,-130,59,1334,409,-190,679,-16,-6,-15,-140,-69,1323,314,32,746,44,29,-39,
4805918,4755153,4660851,4969008,3900923,5143743,-125,48,1335,410,-184,696,-15,-3,-19,-119,-71,1299,314,32,738,32,30,-40,
4729740,4755153,4660851,4969008,3900923,5143743,-143,54,1336,415,-190,695,-17,-12,-14,-128,-74,1316,317,25,738,35,31,-29,
4729740,4564778,4660851,4969008,3900923,5143743,-123,48,1338,415,-190,695,-16,-19,-12,-141,-79,1318,317,23,757,30,38,-32,
4729740,4564778,4572746,4969008,3900923,5143743,-137,40,1342,412,-191,680,-28,-12,-9,-128,-58,1299,317,23,757,28,44,-32,
4729740,4564778,4572746,4917560,3900923,5143743,-137,45,1351,412,-191,680,-22,-10,-6,-142,-65,1294,314,20,741,16,43,-31,
4729740,4564778,4572746,4917560,2619442,5143743,-132,44,1346,415,-191,689,-22,-17,-11,-123,-57,1308,314,20,741,23,32,-36,
4729740,4564778,4572746,4917560,2619442,5161953,-128,41,1343,415,-191,689,-30,-16,-10,-128,-48,1322,318,33,739,20,42,-29,
4729740,4564778,4572746,4917560,2619442,5161953,-136,44,1348,413,-189,693,-25,-20,-7,-117,-68,1318,318,24,749,3,41,-34,
4729740,4564778,4572746,4917560,2619442,5161953,-118,44,1345,413,-183,691,-23,-20,-4,-125,-60,1315,318,24,749,1,41,-28,
4266054,4564778,4572746,4917560,2619442,5161953,-126,34,1359,410,-183,691,-22,-32,0,-136,-71,1306,315,24,736,4,37,-27,
4266054,4290410,4572746,4917560,2619442,5161953,-126,36,1353,407,-187,697,-20,-48,6,-139,-64,1310,315,24,736,-9,49,-26,
4266054,4290410,4370218,4917560,2619442,5161953,-121,42,1378,407,-187,697,-13,-62,13,-143,-67,1317,319,21,746,-8,42,-20,
4266054,4290410,4370218,4970757,2619442,5161953,-115,62,1354,410,-187,702,-1,-74,9,-126,-72,1329,319,21,746,-3,45,-18,
4266054,4290410,4370218,4970757,3105485,5161953,-109,131,1404,410,-187,702,26,-76,-9,-131,-62,1321,317,26,748,0,46,-16,
4266054,4290410,4370218,4970757,3105485,5173270,-119,35,1771,407,-185,695,48,76,-63,-134,-58,1314,317,18,743,3,46,-16,
4266054,4290410,4370218,4970757,3105485,5173270,-64,153,1477,407,-185,695,-13,347,-91,-139,-56,1315,317,18,743,3,51,-15,
4266054,4290410,4370218,4970757,3105485,5173270,-76,148,1488,412,-184,694,30,442,-142,-129,-51,1297,316,22,749,-4,53,-17,
1932701,4290410,4370218,4970757,3105485,5173270,-37,256,1473,427,-188,685,78,512,-212,-122,-54,1321,316,22,749,-23,39,-32,
1932701,4501090,4370218,4970757,3105485,5173270,30,491,1501,427,-188,685,160,556,-364,-137,-62,1316,316,23,754,-32,43,-51,
1932701,4501090,3848369,4970757,3105485,5173270,144,704,1417,444,-186,683,234,605,-622,-143,-67,1314,316,23,754,-31,25,-48,
1932701,4501090,3848369,4788687,3105485,5173270,130,658,1423,444,-186,683,291,634,-925,-121,-71,1315,319,22,736,-26,24,-41,
1932701,4501090,3848369,4788687,4179561,5173270,72,588,1368,461,-176,673,321,635,-1221,-140,-76,1330,319,18,742,1,30,-46,
1932701,4501090,3848369,4788687,4179561,5184068,119,681,1298,461,-176,673,322,644,-1464,-131,-70,1329,319,18,742,5,40,-44,
1932701,4501090,3848369,4788687,4179561,5184068,188,785,1304,482,-153,668,337,614,-1718,-126,-77,1325,320,20,742,-1,39,-35,
1932701,4501090,3848369,4788687,4179561,5184068,144,675,1271,497,-137,659,394,565,-2017,-117,-70,1326,320,20,742,-11,43,-38,
2879094,4501090,3848369,4788687,4179561,5184068,154,660,1217,497,-137,659,447,511,-2528,-114,-70,1299,319,28,749,-4,44,-33,
2879094,4768596,3848369,4788687,4179561,5184068,186,622,1171,511,-105,650,488,354,-2731,-134,-42,1300,319,27,737,-19,36,-46,
2879094,4768596,4050591,4788687,4179561,5184068,84,368,1069,511,-105,650,475,258,-2864,-127,-65,1300,318,27,737,-24,10,-49,
2879094,4768596,4050591,3353728,4179561,5184068,21,281,1107,521,-69,658,346,171,-2962,-121,-49,1305,320,20,747,-31,-1,-62,
2879094,4768596,4050591,3353728,4432600,5184068,-144,164,1117,521,-69,658,290,81,-3054,-127,-58,1286,320,20,747,-64,-32,-85,
2879094,4768596,4050591,3353728,4432600,5152503,-223,-197,968,529,-25,653,223,-22,-3081,-119,-66,1324,312,24,747,-98,-62,-97,
2879094,4768596,4050591,3353728,4432600,5152503,-403,-583,964,525,0,669,51,-141,-2980,-122,-68,1348,312,24,747,-139,-79,-104,
2879094,4768596,4050591,3353728,4432600,5152503,-544,-974,891,525,0,669,-277,-244,-2708,-119,-72,1345,316,31,746,-132,-102,-107,
2047093,4768596,4050591,3353728,4432600,5152503,-637,-735,1015,512,24,681,-506,-369,-2373,-115,-67,1362,308,28,759,-71,-117,-105,
2047093,1850928,4050591,3353728,4432600,5152503,-710,-1087,1103,512,24,681,-480,-468,-2131,-102,-45,1370,308,28,759,11,-129,-115,
2047093,1850928,5287757,3353728,4432600,5152503,-239,-1542,1079,495,45,680,-412,-558,-1870,-84,15,1565,309,29,760,105,-127,-303,
2047093,1850928,5287757,811532,4432600,5152503,-72,-1724,1183,495,45,680,-423,-704,-1361,-119,-69,1690,309,29,760,179,192,-600,
2047093,1850928,5287757,811532,167252,5152503,-54,-1070,1347,476,64,693,-426,-861,-617,-283,-317,1484,313,41,746,-1,417,-956,
2047093,1850928,5287757,811532,167252,4367365,-120,-151,1581,476,64,693,-156,-934,36,-606,-638,1606,313,41,746,-255,545,-1642,
2047093,1850928,5287757,811532,167252,4367365,-135,-47,2231,463,40,711,514,-901,210,-911,-836,1557,322,59,736,-653,703,-2745,
2047093,1850928,5287757,811532,167252,4367365,-114,86,1624,451,10,725,1281,-592,218,-1047,-966,1538,326,123,746,-1353,696,-3983,
4463714,1850928,5287757,811532,167252,4367365,-125,264,1836,451,10,725,496,45,110,-55,-3431,1203,326,123,746,-3670,-334,-4395,
4463714,168454,5287757,811532,167252,4367365,-157,110,1394,458,4,718,-31,45,7,-2258,33,2964,283,279,730,-6806,-1309,-3885,
4463714,168454,5344674,811532,167252,4367365,-146,3,1332,458,4,718,-216,34,-34,-2539,706,2681,283,279,730,-7155,-1068,-3976,
4463714,168454,5344674,1009973,167252,4367365,-169,-60,1283,459,12,721,-142,42,-12,-2559,-206,2460,237,438,688,-6052,-503,-4265,
4463714,168454,5344674,1009973,166725,4367365,-161,-32,1318,459,12,721,80,33,30,-2640,-468,2533,237,438,634,-5569,52,-3874,
4463714,168454,5344674,1009973,166725,466594,-165,-6,1334,455,10,718,171,32,72,-2756,-10,2739,207,568,634,-5348,632,-2994,
4463714,168454,5344674,1009973,166725,466594,-169,20,1342,461,1,721,164,24,85,-2859,218,2898,211,667,584,-4709,1340,-2067,
4463714,168454,5344674,1009973,166725,466594,-157,58,1352,461,1,721,142,23,87,-2901,198,3145,211,667,584,-3862,2178,-1066,
4847273,168454,5344674,1009973,166725,466594,-161,-12,1373,457,-7,714,90,29,95,-2726,318,3195,270,737,507,-3102,3104,-66,
4847273,168250,5344674,1009973,166725,466594,-151,-67,1366,457,-7,714,11,45,132,-2593,469,3163,270,737,507,-2469,4024,797,
4847273,168250,5346930,1009973,166725,466594,-148,-21,1330,463,1,711,-31,52,185,-2362,472,3148,367,780,416,-1890,4957,1595,
4847273,168250,5346930,1165086,166725,466594,-157,46,1325,463,1,711,-37,59,220,-2093,410,3174,474,789,300,-1121,6606,1745,
4847273,168250,5346930,1165086,166792,466594,-169,111,1343,464,-6,734,-24,64,221,-1721,444,3163,474,789,300,-802,7292,1726,
4847273,168250,5346930,1165086,166792,165487,-167,92,1356,469,-4,724,-29,72,194,-1392,539,3084,570,779,165,-545,7896,1602,
4847273,168250,5346930,1165086,166792,165487,-165,106,1360,469,-4,724,-56,81,108,-736,815,2996,570,779,165,-141,8457,1470,
4847273,168250,5346930,1165086,166792,165487,-165,121,1329,471,-8,730,-121,91,59,-375,833,2982,628,771,26,432,9027,1366,
4382303,168250,5346930,1165086,166792,165487,-181,0,1349,471,-8,730,-138,107,62,19,670,2941,628,771,26,1116,9569,1400,
4382303,168280,5346930,1165086,166792,165487,-174,55,1340,469,-5,732,-189,127,72,411,460,2888,658,750,-126,1867,9977,1733,
4382303,168280,5383265,1165086,166792,165487,-175,81,1438,469,-5,732,-278,164,56,844,-110,2936,670,707,-252,2472,10088,2305,
4382303,168280,5383265,981198,166792,165487,-183,73,1421,475,12,733,-404,267,19,1253,-811,2764,670,707,-252,2575,9780,3204,
4382303,168280,5383265,981198,166615,165487,-182,81,1402,475,24,719,-556,357,-25,1724,-722,2142,682,642,-374,2221,9066,4252,
4382303,168280,5383265,981198,166615,165599,-212,67,1348,480,24,719,-648,399,-65,3590,-61,1240,682,642,-374,1983,7530,5092,
4382303,168280,5383265,981198,166615,165599,-200,15,1332,490,29,715,-627,376,-98,3591,743,1207,715,563,-436,2303,4845,5453,
4382303,168280,5383265,981198,166615,165599,-212,17,1300,490,29,715,-616,358,-108,3217,634,1641,715,563,-436,3201,2446,5203,
167434,168280,5383265,981198,166615,165599,-247,37,1340,494,44,692,-637,319,-163,2989,-34,1418,764,506,-425,4265,1355,4684,
167434,167999,5383265,981198,166615,165599,-222,11,1360,494,44,692,-628,264,-230,3127,-621,1150,812,444,-368,4737,780,4350,
167434,167999,5417096,981198,166615,165599,-245,107,1399,494,67,691,-691,233,-283,3385,-1205,1040,812,444,-368,4628,-44,4148,
167434,167999,5417096,1278293,166615,165599,-226,5,1417,494,67,691,-884,239,-348,-4325,-1279,2286,857,380,-297,3826,-1012,2231,
167434,167999,5417096,1278293,3262183,165599,-257,14,1349,495,85,680,-1102,247,-408,-12048,162,2828,857,380,-297,1057,2741,-2968,
167434,167999,5417096,1278293,3262183,227924,-239,-71,1339,499,118,673,-1234,248,-547,-8784,-4968,-4656,811,447,-356,-971,3370,-4340,
167434,167999,5417096,1278293,3262183,227924,-242,83,1439,499,118,673,-1568,289,-668,-979,-4471,-536,811,703,-303,1474,-2036,-3534,
167434,167999,5417096,1278293,3262183,227924,-210,-290,1173,499,158,646,-1785,344,-809,-1424,-2590,2053,785,524,-303,-760,-2480,-2434,
166813,167999,5417096,1278293,3262183,227924,-200,-425,1132,499,158,646,-1698,311,-779,1973,752,3401,762,561,-299,-703,-492,-2110,
166813,350506,5417096,1278293,3262183,227924,-166,-473,1232,494,201,639,-1459,248,-642,-2469,-3079,-125,762,561,-299,67,247,-1618,
166813,350506,5429953,1278293,3262183,227924,-209,-365,1334,494,201,639,-1338,237,-505,-3483,-1872,-416,747,571,-326,-1303,834,-988,
166813,350506,5429953,1116378,3262183,227924,-294,-186,1437,496,228,618,-1380,269,-442,-1922,-687,503,747,571,-326,-1657,-36,-823,
166813,350506,5429953,1116378,4713453,227924,-359,-47,1359,499,256,597,-1603,254,-557,-911,149,472,744,578,-335,-1093,-531,-770,
166813,350506,5429953,1116378,4713453,170656,-330,-142,1319,499,256,597,-1773,237,-759,-782,735,-323,731,598,-330,-953,-180,-906,
166813,350506,5429953,1116378,4713453,170656,-222,-447,1281,493,296,575,-1844,233,-867,-1425,-188,-513,731,598,-330,-637,-1,-1146,
166813,350506,5429953,1116378,4713453,170656,-90,-937,1347,493,296,575,-1884,214,-776,-1402,-587,-731,719,602,-333,-326,22,-1029,
166846,350506,5429953,1116378,4713453,170656,-133,-958,1264,490,337,555,-1817,219,-492,-1182,-1406,-859,719,602,-333,40,-279,-896,
166846,265057,5429953,1116378,4713453,170656,-143,-1258,1359,490,337,555,-1678,260,-119,-1475,-513,-316,720,618,-318,456,-895,-557,
166846,265057,5419253,1116378,4713453,170656,-154,-1230,1378,495,373,544,-1739,289,210,-1721,98,444,720,618,-318,1001,-1404,-156,
166846,265057,5419253,1709236,4713453,170656,-187,-1123,1390,509,384,503,-1997,312,516,-1554,-341,503,738,631,-264,1761,-1528,-22,
166846,265057,5419253,1709236,4429594,170656,-287,-1108,1535,509,384,503,-2180,398,761,-1377,-684,327,747,628,-190,2352,-1552,52,
166846,265057,5419253,1709236,4429594,2000199,-240,-1278,1604,532,418,471,-2867,730,794,-1470,-588,531,747,628,-190,2314,-1762,252,
166846,265057,5419253,1709236,4429594,2000199,-231,-428,1656,532,418,471,-3147,860,912,-1461,608,162,756,631,-123,2228,-1902,44,
166846,265057,5419253,1709236,4429594,2000199,-206,-372,1654,556,442,421,-3231,926,1091,-1364,895,-135,756,631,-123,1782,-2203,-425,
166682,265057,5419253,1709236,4429594,2000199,-277,-427,1820,556,442,421,-3397,1022,1202,-1232,1548,-633,752,646,-63,1080,-2554,-1060,
166682,167992,5419253,1709236,4429594,2000199,-350,-192,1866,587,476,368,-3762,1171,1180,-1094,2149,-658,752,646,-63,635,-2687,-1943,
166682,167992,5336697,1709236,4429594,2000199,-412,-6,1867,587,476,368,-4162,1336,1021,-761,2084,-379,717,688,11,592,-2768,-2892,
166682,167992,5336697,1285024,4429594,2000199,-463,58,1755,622,498,289,-4564,1477,784,-746,1504,-419,652,745,74,495,-3027,-3715,
166682,167992,5336697,1285024,166860,2000199,-435,-54,1556,649,530,187,-5035,1593,567,-628,1388,58,652,745,74,297,-3266,-4505,
166682,167992,5336697,1285024,166860,1883823,-391,-100,1336,649,530,187,-5652,1695,399,66,905,661,544,818,132,268,-3555,-5336,
166682,167992,5336697,1285024,166860,1883823,-389,-315,752,664,553,50,-6365,1818,233,396,1192,1781,544,818,132,242,-3876,-6231,
166682,167992,5336697,1285024,166860,1883823,-572,413,-1049,664,553,50,-7165,1839,55,1525,1910,2050,389,902,199,458,-3841,-7530,
166921,167992,5336697,1285024,166860,1883823,-1162,1724,-2096,668,576,-64,-7607,1337,-249,3423,538,2477,133,931,320,2128,-3548,-9541,
166921,168253,5336697,1285024,166860,1883823,-1311,-234,-93,668,576,-64,-5420,203,-1087,3311,-6064,3280,137,931,320,4202,-3301,-11012,
166921,168253,3564343,1285024,166860,1883823,-1129,-2747,-287,643,597,-113,-2362,-341,-1522,2879,-11042,1019,-63,911,383,3772,-4113,-8721,
166921,168253,3564343,1003585,166860,1883823,-1288,-3460,436,648,590,-77,1,-559,713,601,-2033,3427,-63,911,383,-1303,-4837,-4260,
166921,168253,3564343,1003585,166627,1883823,-1235,-3483,162,648,590,-77,1959,-70,1747,720,-518,2810,-111,940,315,-3090,-4036,-1103,
166921,168253,3564343,1003585,166627,1046568,-1248,-4779,-42,679,558,-65,706,591,1840,739,-2192,2216,-111,940,315,-1096,-3331,1058,
166921,168253,3564343,1003585,166627,1046568,-1018,-3505,172,679,558,-65,-1806,1380,1205,557,-3059,1989,-110,950,326,-92,-3118,1516,
166921,168253,3564343,1003585,166627,1046568,-1006,-2339,253,697,559,-127,-3389,2198,88,391,-2087,2106,-103,956,297,-734,-3251,1331,
166866,168253,3564343,1003585,166627,1046568,-660,-1907,388,697,559,-127,-3830,2976,-715,341,-1649,2035,-103,956,297,-876,-3556,414,
166866,168122,3564343,1003585,166627,1046568,-106,-1625,315,678,578,-243,-3761,3397,-890,343,-1933,1713,-143,968,256,-1129,-3943,-875,
166866,168122,2324864,1003585,166627,1046568,303,-1332,193,658,573,-356,-3495,3393,-656,242,-2204,1618,-143,968,256,-1651,-4309,-2214,
166866,168122,2324864,1015203,166627,1046568,497,-1082,-32,658,573,-356,-3028,3143,-293,43,-2246,1622,-233,966,192,-2254,-4539,-3346,
166866,168122,2324864,1015203,166691,1046568,552,-920,-331,646,556,-436,-2476,2744,53,-169,-2153,1650,-233,966,192,-2639,-4483,-4184,
166866,168122,2324864,1015203,166691,352951,368,-617,-808,646,556,-436,-1907,2335,212,-116,-2181,1465,-354,958,90,-2757,-4131,-4672,
166866,168122,2324864,1015203,166691,352951,310,-533,-908,626,547,-486,-1341,2055,86,19,-2192,1140,-471,909,-17,-2899,-3722,-4758,
166866,168122,2324864,1015203,166691,352951,241,-611,-815,626,547,-486,-728,1833,-280,54,-2037,1007,-471,909,-17,-3166,-3368,-4511,
166867,168122,2324864,1015203,166691,352951,169,-1033,-704,602,564,-503,-50,1616,-747,104,-1481,901,-555,856,-127,-3327,-2975,-4047,
166867,168128,2324864,1015203,166691,352951,192,-1510,-668,602,588,-516,383,1397,-1141,174,-1220,805,-555,856,-127,-3376,-2597,-3481,
166867,168128,288582,1015203,166691,352951,176,-1787,-514,567,588,-516,422,1092,-1557,180,-932,811,-610,813,-220,-3429,-2271,-2959,
166867,168128,288582,818877,166691,352951,62,-1901,-376,546,612,-518,22,397,-1715,231,-637,838,-610,813,-318,-3399,-1981,-2577,
166867,168128,288582,818877,166744,352951,-51,-2040,-237,546,612,-518,-172,73,-1826,272,-423,836,-644,757,-318,-3170,-1750,-2375,
166867,168128,288582,818877,166744,165574,-267,-2417,-119,516,633,-524,-532,-179,-1782,317,-286,770,-669,704,-390,-2687,-1596,-2288,
166867,168128,288582,818877,166744,165574,-372,-2345,100,516,633,-524,-1070,-330,-1586,348,-401,692,-669,704,-390,-1988,-1524,-2136,
166867,168128,288582,818877,166744,165574,-512,-2049,264,497,645,-553,-1498,-400,-1354,336,-674,638,-690,667,-415,-148,-1523,-1854,
166841,168128,288582,818877,166744,165574,-628,-1801,323,497,645,-553,-1675,-465,-1207,345,-987,610,-690,667,-415,512,-1570,-1420,
166841,168176,288582,818877,166744,165574,-762,-1668,404,492,640,-569,-1696,-540,-1122,273,-1211,561,-698,666,-422,796,-1649,-886,
166841,168176,168080,818877,166744,165574,-803,-1719,451,481,629,-590,-1620,-594,-1004,187,-1313,532,-679,659,-443,820,-1750,-329,
166841,168176,168080,820818,166744,165574,-802,-1792,360,481,629,-590,-1611,-615,-781,88,-1377,455,-679,659,-443,679,-1816,177,
166841,168176,168080,820818,166744,165574,-542,-1973,192,484,607,-610,-1774,-622,-447,24,-1436,346,-646,676,-467,384,-1848,587,
166841,168176,168080,820818,166744,165605,-709,-1799,174,484,607,-610,-2185,-588,27,-41,-1142,152,-646,676,-467,-33,-1839,866,
166841,168176,168080,820818,166744,165605,-618,-1380,235,503,566,-650,-2856,-533,561,-75,-817,46,-608,686,-500,-412,-1765,910,
166841,168176,168080,820818,166744,165605,-531,-846,293,503,566,-650,-3493,-482,1047,-100,-610,-37,-608,686,-500,-589,-1611,711,
166841,168176,168080,820818,166744,165605,-503,-385,327,525,488,-689,-3792,-486,1385,-99,-533,-125,-581,688,-528,-596,-1407,377,
166841,168180,168080,820818,166744,165605,-489,-58,215,560,410,-733,-3727,-549,1529,-44,-577,-278,-560,675,-540,-576,-1229,19,
166841,168180,321918,820818,166744,165605,-568,99,220,560,410,-733,-3469,-724,1457,20,-654,-407,-560,675,-540,-646,-1102,-289,
166841,168180,321918,835234,166744,165605,-723,201,201,585,325,-754,-3587,-718,1400,87,-730,-475,-557,664,-586,-787,-998,-477,
166841,168180,321918,835234,166829,165605,-820,486,0,585,325,-754,-3838,-621,1349,117,-708,-510,-557,664,-586,-961,-893,-518,
166841,168180,321918,835234,166829,165693,-819,720,-34,606,239,-761,-4152,-383,1264,124,-621,-531,-552,644,-602,-1156,-763,-458,
166841,168180,321918,835234,166829,165693,-790,1053,15,606,239,-761,-4357,-16,1144,163,-524,-482,-552,644,-602,-1344,-635,-336,
166841,168180,321918,835234,166829,165693,-699,1394,52,611,144,-778,-4311,410,1004,247,-458,-476,-544,626,-628,-1476,-493,-42,
166916,168180,321918,835234,166829,165693,-514,1783,20,600,68,-827,-3912,747,838,368,-425,-528,-543,602,-650,-1702,-233,102,
166916,168328,321918,835234,166829,165693,-200,2225,-131,600,68,-827,-3038,875,615,476,-378,-497,-543,602,-650,-1897,-185,238,
166916,168328,1933520,835234,166829,165693,174,2507,-452,588,30,-832,-1744,751,291,834,-9,-578,-528,577,-702,-2045,-253,325,
166916,168328,1933520,303576,166829,165693,421,2003,-719,588,30,-832,-223,414,-153,954,346,-676,-528,577,-702,-2033,-409,313,
166916,168328,1933520,303576,166644,165693,267,1365,-627,586,65,-828,1188,34,-544,951,617,-664,-519,559,-725,-1738,-572,154,
166916,168328,1933520,303576,166644,165438,21,673,-600,586,65,-828,2262,-221,-748,902,680,-691,-263,534,-759,-1205,-642,-94,
166916,168328,1933520,303576,166644,165438,-273,40,-629,585,135,-825,2881,-292,-714,828,530,-698,-509,534,-759,-704,-637,-328,
166916,168328,1933520,303576,166644,165438,-500,-402,-657,585,135,-825,3078,-208,-438,751,322,-747,-498,521,-778,-414,-592,-453,
166921,168328,1933520,303576,166644,165438,-617,-727,-705,592,184,-797,3083,-34,265,648,89,-729,-498,521,-778,-312,-507,-461,
166921,168307,1933520,303576,166644,165438,-646,-986,-754,585,220,-784,2788,373,771,596,0,-682,-498,511,-772,-241,-371,-359,
166921,168307,1582354,303576,166644,165438,-599,-1179,-830,585,220,-784,2459,463,948,606,-84,-637,-498,511,-772,-178,-201,-183,
166921,168307,1582354,638813,166644,165438,-431,-1329,-886,586,249,-770,2065,384,1004,609,-65,-637,-495,517,-783,-174,-34,30,
166921,168307,1582354,638813,166631,165438,-345,-1253,-968,586,249,-770,1809,159,953,654,-7,-580,-490,514,-770,-175,112,218,
166921,168307,1582354,638813,166631,165416,-309,-1196,-996,592,264,-760,1666,-82,797,662,31,-522,-490,514,-770,-96,240,355,
166921,168307,1582354,638813,166631,165416,-342,-1152,-1002,592,264,-760,1582,-218,575,671,60,-406,-490,523,-773,83,336,386,
166921,168307,1582354,638813,166631,165416,-416,-1149,-970,594,287,-752,1559,-247,359,627,53,-313,-490,523,-773,338,424,325,
166910,168307,1582354,638813,166631,165416,-405,-1172,-1022,605,301,-738,1607,-245,223,623,7,-199,-495,544,-763,603,515,16,
166910,168265,1582354,638813,166631,165416,-400,-1224,-980,605,301,-738,1684,-272,178,636,-83,-100,-495,544,-763,1094,696,-179,
166910,168265,1096489,638813,166631,165416,-389,-1531,-885,611,328,-698,1790,-340,219,647,-202,-10,-508,569,-753,1275,768,-350,
166910,168265,1096489,798824,166631,165416,-497,-1514,-867,611,328,-698,1853,-387,305,668,-332,36,-532,573,-713,1399,799,-493,
166910,168265,1096489,798824,166853,165416,-511,-1556,-923,623,353,-683,1764,-373,377,696,-449,98,-532,573,-713,1508,804,-574,
166910,168265,1096489,798824,166853,165379,-535,-1560,-929,623,353,-683,1504,-350,394,702,-708,185,-552,598,-675,1607,804,-565,
166910,168265,1096489,798824,166853,165379,-586,-1504,-836,629,366,-676,1128,-363,338,718,-865,197,-552,598,-675,1693,803,-479,
166910,168265,1096489,798824,166853,165379,-650,-1315,-781,642,370,-659,786,-405,222,731,-965,165,-571,623,-650,1731,787,-316,
166782,168265,1096489,798824,166853,165379,-704,-1195,-728,642,370,-659,938,-469,-88,704,-1062,196,-571,623,-650,1756,771,-90,
166782,168303,1096489,798824,166853,165379,-800,-1167,-675,645,385,-639,974,-481,-233,694,-1146,175,-580,651,-626,1764,756,166,
166782,168303,705817,798824,166853,165379,-974,-1337,-562,645,385,-639,1149,-471,-329,692,-1235,132,-577,680,-579,1743,725,420,
166782,168303,705817,896327,166853,165379,-1021,-1449,-521,646,405,-605,1232,-456,-376,666,-1300,179,-577,680,-579,1698,695,633,
166782,168303,705817,896327,166811,165379,-1086,-1504,-478,646,405,-605,1200,-427,-377,701,-1330,201,-575,718,-541,1603,704,794,
166782,168303,705817,896327,166811,165585,-1110,-1495,-483,642,433,-601,1120,-375,-366,706,-1274,230,-575,718,-541,1486,710,855,
166782,168303,705817,896327,166811,165585,-1151,-1500,-453,642,433,-578,1087,-312,-360,751,-1200,242,-572,755,-507,1422,703,787,
166782,168303,705817,896327,166811,165585,-1140,-1535,-439,640,445,-578,1091,-227,-369,777,-1199,279,-567,780,-474,1444,662,614,
166661,168303,705817,896327,166811,165585,-1099,-1537,-406,635,466,-558,1032,-140,-381,795,-1240,263,-567,780,-474,1507,626,392,
166661,168133,705817,896327,166811,165585,-1034,-1527,-381,635,466,-558,940,-53,-387,806,-1340,326,-572,798,-440,1579,603,31,
166661,168133,168529,896327,166811,165585,-933,-1462,-308,630,478,-548,852,20,-388,842,-1615,376,-572,798,-440,1584,631,20,
166661,168133,168529,913941,166811,165585,-887,-1444,-305,630,478,-548,756,78,-399,794,-1709,453,-577,822,-393,1490,653,128,
166661,168133,168529,913941,166774,165585,-805,-1426,-313,618,494,-532,664,109,-404,806,-1817,567,-577,822,-393,1372,675,359,
166661,168133,168529,913941,166774,165530,-741,-1418,-320,618,494,-532,576,109,-395,828,-1888,534,-578,844,-365,1198,666,685,
166661,168133,168529,913941,166774,165530,-695,-1357,-298,613,510,-514,483,93,-365,849,-1875,496,-558,868,-335,963,597,1037,
166661,168133,168529,913941,166774,165530,-665,-1303,-271,603,518,-518,417,55,-226,867,-1736,417,-558,868,-335,725,474,1343,
166550,168133,168529,913941,166774,165530,-639,-1269,-224,603,518,-518,399,49,-135,579,-1368,439,-525,896,-317,601,335,1520,
166550,168204,168529,913941,166774,165530,-608,-1180,-171,601,522,-517,405,63,-53,671,-1258,508,-525,896,-317,640,229,1561,
166550,168204,170057,913941,166774,165530,-544,-1142,-155,601,522,-517,412,69,13,637,-1318,532,-492,928,-299,799,188,1495,
166550,168204,170057,847393,166774,165530,-517,-1121,-137,597,535,-508,458,64,51,621,-1476,552,-492,928,-299,920,203,1383,
166550,168204,170057,847393,166826,165530,-494,-1167,-113,597,535,-508,491,48,66,622,-1591,515,-461,960,-262,892,244,1254,
166550,168204,170057,847393,166826,165649,-454,-1190,-84,595,539,-497,458,15,49,619,-1632,507,-437,975,-259,752,257,1133,
166550,168204,170057,847393,166826,165649,-461,-1179,-25,597,540,-483,393,-10,2,610,-1622,542,-437,975,-259,596,254,1026,
166550,168204,170057,847393,166826,165649,-454,-1171,15,597,540,-483,356,-27,-95,560,-1558,552,-417,984,-243,463,233,936,
166696,168204,170057,847393,166826,165649,-473,-1126,19,589,547,-479,360,-43,-222,537,-1453,523,-417,984,-243,343,178,880,
166696,168108,170057,847393,166826,165649,-558,-1201,51,589,547,-479,463,-53,-347,500,-1330,510,-396,1004,-242,226,123,834,
166696,168108,168635,847393,166826,165649,-575,-1303,41,579,561,-461,649,-53,-439,427,-1219,567,-396,1004,-244,164,62,628,
166696,168108,168635,900268,166826,165649,-588,-1450,55,579,561,-461,820,-26,-477,390,-1156,565,-379,1016,-244,251,20,519,
166696,168108,168635,900268,166781,165649,-589,-1626,35,572,584,-439,944,29,-464,355,-1171,520,-366,1021,-217,314,8,438,
166696,168108,168635,900268,166781,165635,-564,-1743,-15,572,595,-431,986,100,-378,348,-1264,545,-366,1021,-217,363,26,404,
166696,168108,168635,900268,166781,165635,-514,-1865,-58,562,595,-431,994,155,-36,349,-1341,568,-351,1034,-218,376,75,411,
166696,168108,168635,900268,166781,165635,-476,-1951,-100,560,603,-418,853,184,-100,374,-1381,568,-351,1034,-218,330,123,455,
166977,168108,168635,900268,166781,165635,-309,-2063,-90,560,603,-418,495,196,-742,408,-1341,481,-343,1048,-219,258,150,506,
166977,168198,168635,900268,166781,165635,-392,-1874,-200,546,614,-409,433,127,-598,435,-1216,478,-324,1057,-219,203,131,525,
166977,168198,219141,900268,166781,165635,-318,-2196,-255,546,614,-409,560,92,-423,435,-1114,548,-324,1057,-219,273,131,478,
166977,168198,219141,836641,166781,165635,-378,-2087,-181,536,624,-398,258,71,-22,451,-1077,549,-317,1057,-191,427,179,363,
166977,168198,219141,836641,166797,165635,-361,-1902,-161,536,624,-398,-78,64,354,445,-1214,590,-317,1057,-191,603,238,220,
166977,168198,219141,836641,166797,165774,-309,-1623,-193,547,620,-415,-294,31,588,487,-1328,631,-316,1076,-166,717,300,87,
166977,168198,219141,836641,166797,165774,-327,-1359,-139,560,603,-416,-343,-15,676,535,-1410,683,-316,1076,-166,771,360,6,
166977,168198,219141,836641,166797,165774,-317,-1193,-116,560,603,-416,-252,-61,646,546,-1452,727,-318,1076,-146,808,394,-34,
166960,168198,219141,836641,166797,165774,-314,-1026,-107,569,595,-413,-86,-104,545,582,-1508,736,-316,1073,-122,828,425,-29,
166960,168124,219141,836641,166797,165774,-337,-1046,-120,569,595,-413,123,-148,416,621,-1520,726,-316,1073,-122,806,462,9,
166960,168124,168255,836641,166797,165774,-380,-1116,-167,580,594,-389,337,-206,313,632,-1519,714,-314,1082,-104,724,475,67,
166960,168124,168255,835201,166797,165774,-406,-1220,-175,580,594,-389,542,-264,266,618,-1511,681,-314,1082,-104,606,492,154,
166960,168124,168255,835201,166709,165774,-433,-1319,-183,583,595,-403,671,-309,277,635,-1444,691,-310,1083,-83,312,507,156,
166960,168124,168255,835201,166709,165628,-450,-1357,-173,597,590,-378,661,-346,467,638,-1354,675,-310,1083,-83,208,476,122,
166960,168124,168255,835201,166709,165628,-463,-1358,-148,597,590,-378,365,-353,581,622,-1301,699,-304,1084,-92,168,426,60,
166960,168124,168255,835201,166709,165628,-494,-1275,-108,612,578,-373,175,-314,654,620,-1282,710,-299,1081,-62,147,369,-2,
166955,168124,168255,835201,166709,165628,-532,-1260,-185,612,578,-373,-276,-59,506,617,-1276,657,-299,1081,-62,110,312,-47,
166955,168228,168255,835201,166709,165628,-507,-792,-188,617,567,-377,-481,46,441,589,-1234,637,-307,1079,-63,24,228,-66,
166955,168228,168472,835201,166709,165628,-558,-797,55,617,567,-377,-235,2,281,537,-1173,625,-307,1079,-63,-65,149,-68,
166955,168228,168472,875858,166709,165628,-594,-854,-39,620,565,-400,-69,3,130,493,-1096,637,-302,1083,-56,-130,59,-61,
166955,168228,168472,875858,166682,165628,-605,-877,-65,620,561,-383,-12,28,-38,454,-1032,614,-302,1074,-50,-141,-17,-27,
166955,168228,168472,875858,166682,165684,-627,-832,-18,622,561,-383,72,39,-188,428,-980,595,-299,1074,-50,-136,-63,11,
166955,168228,168472,875858,166682,165684,-663,-839,15,616,562,-378,192,76,-333,376,-911,596,-291,1069,-66,-123,-80,50,
166955,168228,168472,875858,166682,165684,-723,-862,-1,616,562,-378,305,126,-467,320,-831,573,-291,1069,-66,-99,-86,90,
166986,168228,168472,875858,166682,165684,-793,-1048,-46,605,575,-378,404,196,-592,314,-798,537,-287,1073,-62,-55,-76,121,
166986,168189,168472,875858,166682,165684,-831,-1223,-94,605,575,-378,475,275,-665,315,-755,547,-287,1073,-62,-34,-53,149,
166986,168189,168549,875858,166682,165684,-786,-1316,-141,588,594,-369,441,365,-669,310,-732,503,-282,1073,-69,7,-32,171,
166986,168189,168549,875844,166682,165684,-672,-1324,-181,588,594,-369,313,430,-613,299,-693,497,-266,1069,-47,79,-25,181,
166986,168189,168549,875844,166629,165684,-548,-1267,-231,580,599,-384,184,439,-543,308,-690,475,-266,1069,-47,180,-4,196,
166986,168189,168549,875844,166629,165509,-529,-1297,-208,568,609,-382,119,315,-530,283,-980,464,-268,1065,-44,393,64,193,
166986,168189,168549,875844,166629,165509,-529,-1326,-246,568,609,-382,115,232,-500,302,-811,443,-268,1065,-44,454,105,185,
166986,168189,168549,875844,166629,165509,-472,-1470,-315,558,614,-375,43,154,-441,300,-816,449,-262,1066,-29,523,130,162,
166920,168189,168549,875844,166629,165509,-447,-1418,-282,558,614,-375,-88,87,-371,301,-811,481,-262,1066,-29,627,148,125,
166920,168256,168549,875844,166629,165509,-433,-1362,-264,551,616,-383,-201,52,-313,285,-831,494,-254,1068,3,769,171,68,
166920,168256,288968,875844,166629,165509,-464,-1293,-221,551,616,-383,-250,19,-288,205,-1888,471,-241,1059,-6,481,168,295,
166920,168256,288968,902701,166629,165509,-486,-1255,-204,547,626,-384,-245,-2,-278,661,-3908,382,-241,1059,-6,-1540,-107,1491,
166920,168256,288968,902701,166779,165509,-506,-1225,-201,542,621,-391,-191,-29,-291,163,-653,612,-199,1067,-36,-1369,-194,1538,
166920,168256,288968,902701,166779,165293,-488,-1236,-193,542,621,-391,-140,-51,-313,210,-1387,503,-199,1067,-36,-909,-184,1695,
166920,168256,288968,902701,166779,165293,-473,-1274,-182,536,623,-388,-86,-79,-323,106,-1331,501,-153,1073,-46,-770,-186,1670,
166920,168256,288968,902701,166779,165293,-458,-1277,-132,536,623,-388,-68,-93,-321,-118,-3531,661,-153,1073,-73,-676,-127,1509,
167013,168256,288968,902701,166779,165293,-459,-1270,-128,532,627,-390,-45,-100,-319,-157,400,705,-123,1071,-73,-1386,-48,376,
167013,168308,288968,902701,166779,165293,-463,-1301,-116,532,627,-390,-13,-103,-322,55,-1116,-288,-130,1068,-97,-1102,99,-463,
167013,168308,595676,902701,166779,165293,-447,-1306,-125,524,632,-384,26,-88,-322,146,-1449,580,-130,1068,-97,-786,-135,-345,
167013,168308,595676,841087,166779,165293,-447,-1356,-72,524,636,-379,58,-70,-277,-24,-1074,336,-133,1063,-110,-508,-368,-313,
167013,168308,595676,841087,166899,165293,-437,-1362,-92,524,636,-379,54,-36,-256,41,-1215,353,-133,1063,-110,-164,-449,-21,
167013,168308,595676,841087,166899,237071,-429,-1373,-87,519,640,-374,58,-21,-223,68,-1304,340,-127,1069,-121,-6,-550,369,
167013,168308,595676,841087,166899,237071,-422,-1420,-112,519,640,-374,45,-11,-176,-75,-1121,513,-119,1064,-132,-426,-627,64,
167013,168308,595676,841087,166899,237071,-406,-1410,-113,517,639,-370,8,-13,-135,14,-1633,117,-119,1064,-132,-661,-647,13,
166824,168308,595676,841087,166899,237071,-417,-1381,-145,517,639,-370,-31,-27,-81,65,-1328,237,-113,1057,-143,-673,-750,77,
166824,168319,595676,841087,166899,237071,-413,-1359,-146,514,644,-380,-69,-32,-44,97,-1303,268,-113,1057,-143,-696,-802,117,
166824,168319,579076,841087,166899,237071,-418,-1327,-132,514,644,-380,-71,-41,-24,151,-1293,220,-110,1063,-154,-764,-780,87,
166824,168319,579076,727094,166899,237071,-420,-1312,-143,515,637,-380,-59,-33,-13,170,-1277,229,-110,1063,-154,-802,-727,56,
166824,168319,579076,727094,166926,237071,-440,-1304,-123,519,637,-378,-30,-26,2,228,-1309,200,-108,1063,-174,-765,-682,44,
166824,168319,579076,727094,166926,257279,-431,-1305,-123,519,637,-378,-14,-23,8,205,-1284,194,-98,1056,-198,-691,-612,37,
166824,168319,579076,727094,166926,257279,-423,-1335,-128,520,639,-376,-5,-22,19,206,-1295,164,-98,1056,-198,-561,-499,10,
166824,168319,579076,727094,166926,257279,-436,-1341,-99,520,639,-376,-14,-23,38,230,-1310,175,-95,1050,-208,-438,-394,-16,
166821,168319,579076,727094,166926,257279,-426,-1316,-84,518,632,-378,-39,-16,53,220,-1300,192,-95,1050,-208,-341,-286,-39,
166821,168280,579076,727094,166926,257279,-427,-1295,-87,518,632,-378,-52,2,72,240,-1291,185,-94,1056,-212,-296,-179,-57,
166821,168280,342619,727094,166926,257279,-427,-1299,-78,522,642,-380,-61,21,70,225,-1311,192,-94,1056,-212,-283,-78,-81,
166821,168280,342619,778782,166926,257279,-447,-1298,-94,524,636,-379,-60,52,84,224,-1290,199,-92,1056,-226,-225,7,-95,
166821,168280,342619,778782,166924,257279,-443,-1322,-114,524,636,-379,-59,57,93,210,-1299,218,-94,1053,-207,-156,59,-99,
166821,168280,342619,778782,166924,253513,-434,-1328,-127,527,629,-383,-68,65,109,208,-1280,229,-94,1053,-207,-85,73,-92,
166821,168280,342619,778782,166924,253513,-432,-1337,-135,527,629,-383,-84,60,128,204,-1299,262,-94,1051,-222,-31,70,-88,
166821,168280,342619,778782,166924,253513,-445,-1327,-162,526,635,-392,-104,55,151,195,-1284,246,-94,1051,-222,-16,75,-95,
166589,168280,342619,778782,166924,253513,-453,-1300,-154,526,635,-392,-119,47,164,184,-1276,281,-95,1052,-212,-39,82,-95,
166589,168127,342619,778782,166924,253513,-450,-1275,-187,529,629,-392,-117,44,166,189,-1284,288,-95,1055,-224,-104,86,-108,
166589,168127,190246,778782,166924,253513,-455,-1281,-174,533,622,-384,-95,37,166,200,-1273,296,-94,1055,-224,-161,75,-111,
166589,168127,190246,786864,166924,253513,-466,-1288,-182,533,622,-384,-83,25,175,199,-1285,300,-96,1052,-232,-206,48,-103,
166589,168127,190246,786864,166873,253513,-475,-1300,-175,537,616,-398,-85,9,175,183,-1278,299,-96,1052,-232,-227,25,-94,
166589,168127,190246,786864,166873,222148,-467,-1262,-178,537,616,-398,-108,-1,172,180,-1275,300,-95,1048,-234,-246,6,-94,
166589,168127,190246,786864,166873,222148,-489,-1256,-160,542,612,-402,-109,-8,176,177,-1264,320,-95,1048,-234,-248,25,-98,
166589,168127,190246,786864,166873,222148,-488,-1239,-144,542,612,-402,-109,-8,170,196,-1285,306,-101,1055,-252,-228,73,-101,
166961,168127,190246,786864,166873,222148,-484,-1253,-141,544,617,-386,-106,-10,160,165,-1283,305,-94,1050,-241,-191,117,-119,
166961,167973,190246,786864,166873,222148,-480,-1232,-153,544,617,-393,-109,-9,150,158,-1285,314,-94,1050,-241,-140,178,-128,
166961,167973,168933,786864,166873,222148,-494,-1249,-129,549,610,-393,-99,-5,123,164,-1283,282,-101,1046,-237,-91,228,-133,
166961,167973,168933,890136,166873,222148,-502,-1260,-137,553,606,-404,-91,6,113,178,-1267,269,-101,1046,-237,-72,261,-136,
166961,167973,168933,890136,166931,222148,-483,-1282,-128,553,606,-404,-98,15,110,173,-1274,275,-100,1049,-248,-88,281,-137,
166961,167973,168933,890136,166931,165658,-501,-1284,-132,551,603,-406,-113,31,113,179,-1299,285,-100,1049,-248,-108,285,-147,
166961,167973,168933,890136,166931,165658,-500,-1301,-154,551,603,-406,-112,35,117,175,-1288,280,-105,1051,-236,-163,262,-136,
166961,167973,168933,890136,166931,165658,-490,-1312,-177,554,602,-410,-124,42,129,175,-1268,261,-107,1045,-254,-189,246,-125,
166928,167973,168933,890136,166931,165658,-493,-1312,-179,554,602,-410,-138,44,150,133,-1244,319,-107,1045,-254,-141,270,-143,
166928,168354,168933,890136,166931,165658,-490,-1299,-204,556,607,-399,-152,38,166,162,-1280,303,-108,1042,-249,-126,263,-135,
166928,168354,253407,890136,166931,165658,-502,-1271,-196,562,592,-419,-163,33,183,175,-1314,238,-108,1042,-249,-83,273,-123,
166928,168354,253407,970702,166931,165658,-512,-1262,-195,562,592,-419,-162,37,190,167,-1290,260,-112,1041,-246,-21,283,-119,
166928,168354,253407,970702,166846,165658,-528,-1235,-204,567,587,-418,-134,31,192,159,-1283,291,-112,1041,-246,50,303,-115,
166928,168354,253407,970702,166846,165658,-528,-1254,-185,567,587,-418,-116,27,188,153,-1272,280,-115,1045,-265,137,354,-131,
166928,168354,253407,970702,166846,165658,-530,-1252,-186,570,589,-417,-101,20,186,169,-1296,273,-119,1042,-238,192,382,-128,
166928,168354,253407,970702,166846,165658,-514,-1251,-220,570,589,-417,-100,17,181,144,-1275,242,-119,1042,-238,254,416,-128,
166961,168354,253407,970702,166846,165658,-538,-1240,-187,572,584,-418,-105,18,179,181,-1285,261,-122,1046,-246,300,436,-138,
166961,168279,253407,970702,166846,165658,-549,-1232,-199,576,577,-421,-106,14,164,169,-1287,320,-122,1046,-246,327,443,-136,
166961,168279,168713,970702,166846,165658,-549,-1215,-193,576,577,-421,-103,20,150,153,-1266,254,-127,1050,-235,380,466,-132,
166961,168279,168713,807215,166846,165658,-540,-1224,-182,581,572,-418,-94,20,144,169,-1262,250,-127,1053,-219,447,496,-146,
166961,168279,168713,807215,166802,165658,-561,-1245,-179,581,572,-418,-93,14,147,178,-1294,248,-127,1053,-219,477,522,-180,
166961,168279,168713,807215,166802,165698,-538,-1245,-201,578,569,-436,-90,17,137,180,-1268,285,-134,1052,-204,495,556,-182,
166961,168279,168713,807215,166802,165698,-555,-1258,-189,578,569,-436,-91,18,144,217,-1291,253,-134,1052,-204,536,596,-187,
166961,168279,168713,807215,166802,165698,-550,-1262,-194,584,570,-434,-94,15,144,201,-1279,276,-138,1056,-183,549,619,-197,
166911,168279,168713,807215,166802,165698,-555,-1264,-215,584,560,-430,-99,14,152,222,-1254,252,-138,1056,-183,583,627,-217,
166911,168277,168713,807215,166802,165698,-566,-1262,-210,583,560,-430,-101,7,170,232,-1292,272,-141,1059,-171,649,657,-224,
166911,168277,168639,807215,166802,165698,-567,-1267,-199,589,556,-427,-111,12,175,198,-1248,354,-143,1056,-150,676,672,-230,
166911,168277,168639,793596,166802,165698,-569,-1247,-218,589,556,-427,-118,16,180,210,-1252,315,-143,1056,-150,703,697,-237,
166911,168277,168639,793596,166516,165698,-566,-1230,-213,594,554,-441,-115,24,184,205,-1479,324,-152,1058,-125,728,704,-253,
166911,168277,168639,793596,166516,165600,-575,-1219,-198,594,554,-441,-121,21,186,235,-1275,315,-152,1058,-125,691,683,-247,
166911,168277,168639,793596,166516,165600,-580,-1235,-228,592,558,-436,-106,26,184,204,-1198,450,-152,1068,-108,660,657,-234,
166911,168277,168639,793596,166516,165600,-580,-1212,-229,592,558,-436,-99,27,183,217,-1220,430,-152,1068,-108,678,659,-247,
167028,168277,168639,793596,166516,165600,-587,-1201,-223,600,549,-443,-91,20,164,229,-1251,376,-162,1069,-92,644,636,-256,
167028,168273,168639,793596,166516,165600,-597,-1187,-236,602,540,-444,-93,17,153,229,-1251,391,-166,1060,-80,556,579,-248,
167028,168273,168648,793596,166516,165600,-605,-1166,-248,602,540,-444,-71,8,134,202,-1223,447,-166,1060,-80,492,528,-235,
167028,168273,168648,809948,166516,165600,-604,-1153,-239,602,540,-445,-52,6,113,228,-1212,413,-167,1060,-62,426,470,-215,
167028,168273,168648,809948,166837,165600,-599,-1156,-240,602,540,-445,-26,-3,87,214,-1232,413,-167,1060,-62,355,396,-204,
167028,168273,168648,809948,166837,165408,-597,-1150,-224,604,537,-441,-3,-8,55,215,-1213,429,-173,1063,-58,263,300,-184,
167028,168273,168648,809948,166837,165408,-589,-1136,-265,604,537,-441,3,-11,31,214,-1232,428,-173,1063,-44,168,216,-156,
167028,168273,168648,809948,166837,165408,-619,-1144,-245,606,538,-448,19,-16,-2,203,-1221,480,-172,1062,-44,86,135,-138,
166965,168273,168648,809948,166837,165408,-608,-1148,-236,606,537,-446,41,-9,-29,219,-1216,475,-171,1060,-54,3,66,-115,
166965,168304,168648,809948,166837,165408,-597,-1182,-248,606,537,-446,55,-18,-61,192,-1212,478,-171,1060,-54,-59,18,-88,
166965,168304,168979,809948,166837,165408,-596,-1184,-230,610,539,-441,50,-16,-71,199,-1215,487,-169,1061,-47,-149,-50,-79,
166965,168304,168979,792619,166837,165408,-604,-1204,-209,610,539,-441,32,-15,-82,179,-1212,494,-169,1061,-47,-170,-56,-77,
166965,168304,168979,792619,166933,165408,-603,-1210,-214,602,538,-439,32,-10,-83,178,-1197,493,-172,1066,-60,-183,-58,-76,
166965,168304,168979,792619,166933,165745,-596,-1232,-210,602,538,-439,36,-7,-89,189,-1203,487,-169,1065,-67,-214,-51,-82,
166965,168304,168979,792619,166933,165745,-599,-1262,-202,602,548,-445,46,-1,-96,225,-1210,470,-169,1065,-67,-260,-66,-83,
166965,168304,168979,792619,166933,165745,-592,-1285,-218,601,542,-442,53,5,-68,223,-1215,467,-163,1061,-61,-297,-76,-80,
166991,168304,168979,792619,166933,165745,-587,-1312,-208,601,542,-442,11,9,-43,214,-1224,463,-163,1061,-61,-321,-85,-80,
166991,168298,168979,792619,166933,165745,-592,-1306,-188,603,541,-445,-26,7,-13,193,-1228,457,-167,1065,-82,-333,-78,-76,
166991,168298,168667,792619,166933,165745,-571,-1271,-211,603,541,-445,-32,6,16,189,-1229,452,-167,1065,-82,-328,-65,-80,
166991,168298,168667,800712,166933,165745,-580,-1245,-216,607,542,-444,-33,15,30,188,-1229,451,-167,1070,-87,-322,-50,-93,
166991,168298,168667,800712,166800,165745,-595,-1229,-187,607,542,-444,-44,14,48,188,-1229,435,-167,1059,-104,-320,-34,-95,
166991,168298,168667,800712,166800,165818,-586,-1229,-212,601,549,-431,-43,18,52,188,-1236,420,-167,1059,-104,-311,-20,-104,
166991,168298,168667,800712,166800,165818,-600,-1215,-220,601,549,-431,-36,19,54,185,-1238,417,-169,1062,-104,-312,-19,-101,
166991,168298,168667,800712,166800,165818,-598,-1211,-226,607,543,-443,-43,24,53,179,-1245,410,-169,1062,-104,-289,-24,-95,
166896,168298,168667,800712,166800,165818,-591,-1221,-251,610,535,-443,-32,24,54,174,-1237,422,-171,1059,-111,-240,-18,-95,
166896,168291,168667,800712,166800,165818,-586,-1218,-236,610,535,-443,-22,22,61,183,-1243,374,-171,1059,-111,-187,-5,-97,
166896,168291,168683,800712,166800,165818,-615,-1200,-238,614,535,-447,-22,16,54,185,-1237,405,-169,1062,-122,-153,17,-103,
166896,168291,168683,791295,166800,165818,-605,-1188,-241,614,535,-447,-21,18,48,177,-1249,408,-168,1059,-116,-47,56,-105,
166896,168291,168683,791295,166924,165818,-602,-1190,-228,607,535,-437,-16,17,35,171,-1247,404,-168,1059,-116,-4,75,-108,
166896,168291,168683,791295,166924,165730,-613,-1195,-224,607,535,-437,-7,14,27,192,-1237,401,-167,1061,-104,40,94,-107,
166896,168291,168683,791295,166924,165730,-620,-1187,-237,607,541,-446,0,17,7,198,-1239,401,-167,1061,-104,63,101,-101,
166896,168291,168683,791295,166924,165730,-600,-1190,-231,612,532,-445,13,10,-6,188,-1229,406,-169,1068,-107,97,95,-103,
166638,168291,168683,791295,166924,165730,-587,-1190,-243,612,532,-445,19,9,-11,197,-1238,396,-169,1064,-112,118,96,-99,
166638,168174,168683,791295,166924,165730,-613,-1201,-237,611,535,-439,13,16,-17,170,-1233,420,-170,1064,-112,128,99,-110,
166638,168174,168550,791295,166924,165730,-607,-1188,-234,611,535,-439,13,9,-24,180,-1228,422,-170,1058,-102,135,106,-109,
166638,168174,168550,863415,166924,165730,-611,-1197,-229,609,538,-442,19,12,-37,178,-1227,416,-170,1058,-102,139,108,-101,
166638,168174,168550,863415,166841,165730,-596,-1192,-219,609,538,-442,22,12,-42,193,-1226,415,-171,1061,-101,128,93,-108,
166638,168174,168550,863415,166841,165735,-599,-1202,-242,607,540,-450,32,7,-42,173,-1235,429,-171,1061,-101,115,72,-101,
166638,168174,168550,863415,166841,165735,-587,-1214,-234,606,542,-445,23,-1,-49,177,-1244,437,-172,1070,-92,110,63,-95,
166638,168174,168550,863415,166841,165735,-588,-1211,-233,606,542,-445,13,3,-57,187,-1227,456,-170,1060,-81,93,66,-87,
167062,168174,168550,863415,166841,165735,-610,-1208,-215,611,534,-434,12,-2,-57,188,-1215,426,-170,1060,-81,83,58,-90,
167062,167892,168550,863415,166841,165735,-606,-1197,-217,611,534,-434,9,3,-58,178,-1222,436,-171,1062,-98,59,55,-100,
167062,167892,168552,863415,166841,165735,-615,-1220,-203,609,537,-434,21,6,-70,190,-1219,472,-171,1062,-98,36,53,-104,
167062,167892,168552,845635,166841,165735,-598,-1212,-230,609,537,-434,27,11,-70,192,-1214,447,-170,1064,-90,3,55,-97,
167062,167892,168552,845635,166862,165735,-597,-1228,-222,610,543,-450,28,17,-75,176,-1229,463,-170,1064,-90,-36,49,-96,
167062,167892,168552,845635,166862,165698,-591,-1231,-219,610,543,-432,22,15,-78,173,-1229,456,-171,1068,-101,-52,39,-97,
167062,167892,168552,845635,166862,165698,-593,-1223,-217,602,539,-432,3,16,-71,173,-1226,460,-171,1058,-95,-74,21,-98,
167062,167892,168552,845635,166862,165698,-600,-1229,-217,607,537,-439,4,18,-68,174,-1225,467,-171,1058,-95,-105,9,-98,
166880,167892,168552,845635,166862,165698,-604,-1228,-228,607,537,-439,10,14,-65,196,-1221,464,-169,1060,-98,-127,5,-90,
166880,168309,168552,845635,166862,165698,-591,-1238,-237,607,535,-441,14,15,-62,189,-1226,426,-169,1060,-98,-157,-7,-94,
166880,168309,168457,845635,166862,165698,-592,-1247,-209,607,535,-441,16,15,-57,186,-1225,428,-171,1062,-103,-184,-14,-87,
166880,168309,168457,718895,166862,165698,-591,-1231,-199,603,546,-449,1,14,-48,202,-1224,435,-171,1062,-103,-202,-20,-97,
166880,168309,168457,718895,166793,165698,-598,-1219,-221,603,546,-449,-13,13,-48,183,-1229,426,-174,1061,-107,-211,-21,-93,
166880,168309,168457,718895,166793,165594,-593,-1200,-223,604,546,-454,-9,17,-45,188,-1235,446,-173,1061,-106,-213,-21,-102,
166880,168309,168457,718895,166793,165594,-592,-1217,-231,602,541,-439,-7,18,-48,189,-1235,421,-173,1061,-106,-218,-18,-92,
166880,168309,168457,718895,166793,165594,-574,-1202,-222,602,541,-439,-3,26,-55,175,-1232,418,-168,1059,-121,-215,-11,-89,
167000,168309,168457,718895,166793,165594,-605,-1210,-217,606,540,-436,12,33,-57,200,-1239,398,-168,1059,-121,-209,-9,-90,
167000,168406,168457,718895,166793,165594,-603,-1219,-221,606,540,-436,17,29,-52,191,-1238,395,-172,1064,-119,-191,-5,-98,
167000,168406,168623,718895,166793,165594,-579,-1208,-244,604,545,-446,10,30,-51,176,-1241,392,-172,1063,-118,-164,0,-101,
167000,168406,168623,265539,166793,165594,-597,-1218,-224,604,545,-446,17,30,-61,174,-1249,400,-172,1063,-118,-135,0,-96,
167000,168406,168623,265539,166825,165594,-574,-1212,-250,600,549,-441,14,19,-58,191,-1248,363,-169,1060,-116,-90,11,-95,
167000,168406,168623,265539,166825,165708,-579,-1213,-231,601,547,-442,17,13,-64,193,-1253,403,-169,1060,-116,-33,34,-93,
167000,168406,168623,265539,166825,165708,-579,-1201,-231,601,547,-442,21,13,-66,185,-1241,405,-171,1057,-126,-16,51,-86,
167000,168406,168623,265539,166825,165708,-595,-1217,-217,598,544,-439,28,18,-74,194,-1249,390,-171,1057,-126,4,49,-90,
166910,168406,168623,265539,166825,165708,-583,-1211,-228,598,544,-439,37,11,-72,196,-1250,389,-174,1062,-123,8,45,-93,
166910,168371,168623,265539,166825,165708,-580,-1214,-238,598,547,-438,43,0,-68,201,-1251,396,-172,1058,-126,16,45,-98,
166910,168371,168619,265539,166825,165708,-575,-1234,-216,598,547,-438,37,7,-77,188,-1245,414,-172,1058,-126,26,46,-89,
166910,168371,168619,318966,166825,165708,-571,-1210,-212,596,555,-438,36,6,-82,184,-1245,393,-173,1055,-130,27,39,-96,
166910,168371,168619,318966,166675,165708,-580,-1217,-223,596,555,-448,35,7,-79,179,-1242,396,-173,1055,-130,20,49,-90,
166910,168371,168619,318966,166675,165593,-581,-1241,-208,598,549,-448,38,10,-87,186,-1231,387,-173,1066,-113,21,49,-92,
166910,168371,168619,318966,166675,165593,-575,-1238,-210,594,552,-438,41,12,-86,178,-1247,437,-173,1066,-113,20,51,-88,
166910,168371,168619,318966,166675,165593,-585,-1241,-218,594,552,-438,38,10,-79,179,-1247,416,-173,1066,-130,18,53,-93,
166964,168371,168619,318966,166675,165593,-564,-1242,-206,595,549,-445,22,8,-68,179,-1252,416,-176,1060,-126,16,52,-97,
166964,168337,168619,318966,166675,165593,-573,-1238,-213,595,549,-445,11,5,-62,191,-1244,417,-176,1060,-126,9,56,-99,
166964,168337,168602,318966,166675,165593,-567,-1235,-218,593,553,-445,12,11,-56,197,-1236,409,-173,1059,-126,0,58,-92,
166964,168337,168602,290965,166675,165593,-571,-1241,-230,593,553,-445,23,17,-56,178,-1241,420,-173,1059,-126,-11,54,-94,
166964,168337,168602,290965,167020,165593,-570,-1247,-216,593,559,-442,19,14,-49,189,-1235,393,-176,1066,-112,-25,50,-92,
166964,168337,168602,290965,167020,165388,-571,-1258,-226,593,547,-434,5,12,-39,184,-1247,398,-176,1066,-129,-27,34,-89,
166964,168337,168602,290965,167020,165388,-573,-1239,-225,593,547,-434,-11,5,-27,184,-1238,424,-171,1060,-129,-24,41,-89,
166964,168337,168602,290965,167020,165388,-562,-1225,-224,595,550,-436,-7,16,-29,183,-1238,414,-173,1062,-133,-22,38,-94,
166970,168337,168602,290965,167020,165388,-585,-1232,-230,595,550,-436,3,18,-30,177,-1238,422,-173,1062,-133,-37,33,-93,
166970,168391,168602,290965,167020,165388,-566,-1225,-226,592,559,-435,6,8,-26,191,-1239,405,-173,1056,-126,-40,27,-90,
166970,168391,168641,290965,167020,165388,-575,-1249,-213,592,559,-435,8,11,-28,183,-1236,401,-173,1056,-126,-47,25,-86,
166970,168391,168641,286112,167020,165388,-576,-1224,-208,593,555,-427,0,10,-28,184,-1240,397,-171,1066,-124,-42,22,-90,
166970,168391,168641,286112,166922,165388,-580,-1214,-222,596,550,-439,1,15,-33,181,-1241,405,-174,1060,-130,-40,33,-94,
166970,168391,168641,286112,166922,165733,-584,-1213,-224,596,550,-439,7,20,-43,197,-1236,402,-174,1060,-130,-40,21,-89,
166970,168391,168641,286112,166922,165733,-574,-1228,-214,590,555,-438,20,18,-48,194,-1243,412,-170,1057,-120,-48,21,-87,
166970,168391,168641,286112,166922,165733,-571,-1221,-221,590,555,-438,34,18,-58,180,-1256,394,-170,1057,-120,-40,19,-86,
166939,168391,168641,286112,166922,165733,-575,-1222,-202,590,553,-442,23,19,-60,186,-1245,405,-173,1061,-124,-30,21,-85,
166939,168334,168641,286112,166922,165733,-577,-1212,-211,590,553,-442,16,23,-68,193,-1243,398,-173,1061,-124,-23,24,-89,
166939,168334,168731,286112,166922,165733,-574,-1215,-226,589,561,-441,14,16,-72,201,-1244,396,-171,1065,-129,-18,22,-87,
166939,168334,168731,236690,166922,165733,-584,-1236,-219,589,557,-430,16,12,-85,175,-1244,409,-172,1056,-122,-16,28,-91,
166939,168334,168731,236690,167018,165733,-578,-1239,-207,593,557,-430,24,14,-79,186,-1238,400,-172,1056,-122,-22,23,-91,
166939,168334,168731,236690,167018,165706,-553,-1242,-224,589,557,-433,27,14,-83,179,-1241,413,-173,1059,-124,-17,27,-86,
166939,168334,168731,236690,167018,165706,-568,-1240,-218,589,557,-433,31,15,-83,173,-1250,415,-173,1059,-124,-13,33,-94,
166939,168334,168731,236690,167018,165706,-551,-1250,-198,588,559,-432,27,23,-82,184,-1239,406,-171,1056,-122,-28,32,-93,
166945,168334,168731,236690,167018,165706,-561,-1259,-217,588,559,-432,30,18,-77,196,-1244,408,-171,1056,-122,-33,32,-92,
166945,168382,168731,236690,167018,165706,-554,-1259,-219,585,568,-430,29,15,-68,176,-1244,402,-173,1062,-150,-34,33,-96,
166945,168382,168676,236690,167018,165706,-553,-1248,-219,585,568,-430,20,12,-62,187,-1244,418,-172,1061,-126,-29,28,-92,
166945,168382,168676,282147,167018,165706,-548,-1239,-210,589,568,-434,21,12,-52,190,-1237,400,-172,1061,-126,-27,32,-95,
166945,168382,168676,282147,166725,165706,-560,-1241,-212,586,562,-431,25,8,-45,189,-1245,396,-172,1061,-133,-32,28,-85,
166945,168382,168676,282147,166725,165666,-556,-1241,-219,586,562,-431,17,12,-49,176,-1251,408,-172,1061,-133,-33,28,-88,
166945,168382,168676,282147,166725,165666,-551,-1252,-233,582,565,-433,29,15,-43,180,-1247,402,-176,1067,-126,-28,27,-90,
166945,168382,168676,282147,166725,165666,-564,-1240,-187,582,565,-433,8,-1,-33,196,-1238,407,-176,1058,-127,-24,25,-91,
166820,168382,168676,282147,166725,165666,-560,-1229,-207,588,568,-427,12,1,-33,178,-1246,408,-177,1058,-127,-19,34,-91,
166820,168173,168676,282147,166725,165666,-555,-1221,-207,588,568,-427,7,1,-37,172,-1252,417,-169,1054,-127,-15,34,-88,
166820,168173,168769,282147,166725,165666,-567,-1227,-220,584,570,-428,23,9,-43,187,-1241,375,-169,1054,-127,-21,31,-94,
166820,168173,168769,166881,166725,165666,-544,-1230,-206,583,563,-430,29,9,-52,183,-1245,413,-173,1058,-126,-28,28,-97,
166820,168173,168769,166881,166832,165666,-556,-1247,-205,583,563,-430,29,7,-51,192,-1244,409,-173,1058,-126,-23,26,-95,
166820,168173,168769,166881,166832,165822,-561,-1237,-212,586,562,-434,27,6,-48,193,-1235,398,-173,1063,-137,-27,29,-101,
166820,168173,168769,166881,166832,165822,-548,-1260,-204,586,562,-434,21,4,-45,189,-1236,408,-171,1061,-142,-37,31,-90,
166820,168173,168769,166881,166832,165822,-554,-1268,-219,581,566,-436,14,3,-44,189,-1235,409,-171,1061,-142,-33,29,-93,
166903,168173,168769,166881,166832,165822,-562,-1264,-201,581,566,-436,9,0,-29,191,-1240,392,-175,1054,-130,-48,23,-88,
166903,168028,168769,166881,166832,165822,-550,-1290,-210,586,571,-426,4,0,-15,186,-1241,411,-175,1054,-130,-60,17,-94,
166903,168028,168660,166881,166832,165822,-566,-1279,-187,581,569,-434,-5,-7,-1,179,-1243,407,-175,1067,-134,-72,11,-86,
166903,168028,168660,166846,166832,165822,-556,-1296,-199,581,569,-434,-13,3,12,185,-1236,405,-175,1067,-134,-76,14,-88,
166903,168028,168660,166846,166931,165822,-552,-1274,-201,586,559,-432,-25,1,34,195,-1241,400,-178,1064,-134,-87,15,-91,
166903,168028,168660,166846,166931,165730,-568,-1269,-199,586,559,-432,-30,3,44,185,-1239,386,-172,1055,-142,-100,4,-90,
166903,168028,168660,166846,166931,165730,-566,-1251,-213,587,562,-430,-39,9,47,202,-1248,392,-172,1055,-142,-105,-3,-85,
166903,168028,168660,166846,166931,165730,-575,-1236,-191,587,562,-430,-42,12,48,182,-1245,413,-175,1061,-137,-118,-1,-91,
166968,168028,168660,166846,166931,165730,-558,-1204,-219,585,571,-434,-48,11,55,188,-1246,389,-175,1061,-137,-116,5,-100,
166968,168031,168660,166846,166931,165730,-573,-1211,-203,585,571,-434,-45,11,38,204,-1247,367,-178,1057,-141,-106,9,-94,
166968,168031,168684,166846,166931,165730,-573,-1202,-225,588,559,-438,-27,17,31,209,-1245,370,-178,1057,-141,-92,3,-87,
166968,168031,168684,243293,166931,165730,-564,-1201,-236,589,555,-431,-13,8,20,190,-1248,380,-176,1061,-132,-95,12,-90,
166968,168031,168684,243293,166896,165730,-574,-1211,-196,589,555,-431,-5,10,10,187,-1253,383,-176,1053,-137,-78,15,-85,
166968,168031,168684,243293,166896,165809,-580,-1201,-230,591,556,-432,-6,10,-8,186,-1253,383,-176,1053,-137,-59,20,-82,
166968,168031,168684,243293,166896,165809,-572,-1212,-224,591,556,-432,8,9,-18,186,-1240,365,-176,1053,-151,-44,19,-89,
166968,168031,168684,243293,166896,165809,-562,-1205,-239,589,558,-439,20,9,-28,202,-1239,363,-176,1053,-151,-40,18,-94,
166965,168031,168684,243293,166896,165809,-577,-1233,-198,589,558,-439,23,13,-30,189,-1245,368,-174,1064,-147,-35,27,-94,
166965,167999,168684,243293,166896,165809,-556,-1228,-236,588,559,-433,11,5,-29,192,-1243,361,-174,1061,-149,-21,24,-92,
166965,167999,168457,243293,166896,165809,-573,-1242,-199,589,556,-432,0,9,-32,195,-1260,371,-174,1061,-149,-35,25,-90,
166965,167999,168457,255116,166896,165809,-575,-1250,-208,589,556,-432,9,7,-31,186,-1250,388,-172,1056,-146,-32,28,-85,
166965,167999,168457,255116,166834,165809,-568,-1245,-220,589,557,-433,19,9,-33,186,-1243,366,-172,1056,-146,-18,23,-86,
166965,167999,168457,255116,166834,165701,-578,-1260,-183,589,557,-433,19,6,-25,182,-1251,378,-173,1056,-151,-28,24,-82,
166965,167999,168457,255116,166834,165701,-554,-1247,-207,586,561,-429,12,11,-19,199,-1241,384,-173,1056,-151,-39,27,-87,
166965,167999,168457,255116,166834,165701,-560,-1247,-229,586,561,-429,9,10,-20,199,-1245,384,-175,1064,-146,-51,21,-96,
166966,167999,168457,255116,166834,165701,-564,-1249,-210,589,566,-434,7,4,-15,185,-1247,381,-172,1057,-140,-56,16,-94,
166966,168057,168457,255116,166834,165701,-542,-1244,-211,587,562,-440,-3,14,-6,176,-1248,372,-172,1057,-140,-67,5,-87,
166966,168057,168458,255116,166834,165701,-566,-1235,-207,587,562,-440,-7,9,-3,174,-1253,370,-170,1059,-157,-71,3,-89,
166966,168057,168458,246508,166834,165701,-553,-1227,-243,592,556,-435,-11,5,0,189,-1253,374,-170,1059,-157,-68,10,-86,
166966,168057,168458,246508,166791,165701,-582,-1230,-182,592,556,-435,-10,5,-1,194,-1241,367,-171,1059,-144,-86,18,-98,
166966,168057,168458,246508,166791,165722,-569,-1229,-200,587,560,-436,-8,11,-10,195,-1251,370,-171,1059,-144,-80,15,-90,
166966,168057,168458,246508,166791,165722,-562,-1204,-224,587,560,-436,-3,11,-16,189,-1255,354,-173,1069,-147,-69,15,-86,
166966,168057,168458,246508,166791,165722,-586,-1212,-218,589,562,-440,2,12,-16,174,-1261,365,-175,1060,-153,-57,16,-89,
167064,168057,168458,246508,166791,165722,-578,-1223,-196,589,562,-437,1,12,-31,183,-1262,362,-175,1060,-153,-47,23,-87,
167064,168322,168458,246508,166791,165722,-564,-1222,-217,591,559,-437,16,8,-39,190,-1243,364,-174,1058,-147,-37,21,-81,
167064,168322,168679,246508,166791,165722,-567,-1243,-216,589,559,-437,25,6,-31,192,-1257,379,-174,1058,-147,-31,15,-84,
167064,168322,168679,259877,166791,165722,-554,-1256,-203,589,559,-437,22,3,-21,179,-1253,375,-175,1059,-156,-17,23,-88,
167064,168322,168679,259877,166845,165722,-561,-1241,-213,586,559,-431,6,2,-22,190,-1245,355,-175,1059,-164,-14,27,-84,
167064,168322,168679,259877,166845,165470,-570,-1238,-204,586,559,-431,-6,4,-16,191,-1256,374,-175,1060,-164,-1,30,-85,
167064,168322,168679,259877,166845,165470,-571,-1228,-202,587,560,-426,-5,9,-13,196,-1257,369,-171,1056,-169,-3,35,-91,
167064,168322,168679,259877,166845,165470,-584,-1246,-185,587,560,-426,2,17,-11,195,-1253,374,-171,1056,-169,-8,48,-90,
167047,168322,168679,259877,166845,165470,-555,-1240,-214,589,563,-427,-5,7,-2,185,-1252,370,-171,1058,-153,-2,43,-87,
167047,168356,168679,259877,166845,165470,-563,-1253,-217,586,554,-428,-6,4,12,187,-1256,364,-171,1058,-153,-6,28,-95,
167047,168356,168698,259877,166845,165470,-564,-1262,-212,586,554,-428,-16,2,16,173,-1269,365,-173,1063,-157,-11,22,-88,
167047,168356,168698,167480,166845,165470,-555,-1228,-199,592,555,-429,-22,6,13,188,-1257,371,-176,1064,-151,-21,22,-88,
167047,168356,168698,167480,166912,165470,-572,-1217,-210,592,555,-429,-16,5,19,189,-1255,370,-176,1064,-151,-27,25,-83,
167047,168356,168698,167480,166912,165662,-572,-1255,-213,591,559,-430,-14,9,9,195,-1246,377,-175,1056,-162,-18,31,-82,
167047,168356,168698,167480,166912,165662,-573,-1248,-222,591,559,-430,-10,8,14,187,-1242,356,-175,1056,-162,-26,36,-91,
167047,168356,168698,167480,166912,165662,-568,-1247,-219,590,562,-432,-10,-3,24,187,-1245,349,-172,1062,-163,-26,28,-99,
167032,168356,168698,167480,166912,165662,-572,-1240,-207,591,553,-437,-20,-2,36,185,-1249,383,-172,1062,-163,-25,32,-99,
167032,168289,168698,167480,166912,165662,-579,-1235,-212,591,553,-437,-17,3,32,186,-1254,367,-175,1063,-155,-22,32,-85,
167032,168289,168557,167480,166912,165662,-580,-1239,-216,592,554,-433,-18,4,33,180,-1253,372,-170,1057,-165,-9,28,-91,
167032,168289,168557,168160,166912,165662,-584,-1263,-208,592,554,-433,-13,7,35,192,-1264,357,-170,1057,-165,9,39,-84,
167032,168289,168557,168160,166919,165662,-584,-1252,-193,596,552,-447,-17,3,39,206,-1253,349,-174,1056,-161,14,35,-86,
167032,168289,168557,168160,166919,165695,-580,-1237,-219,596,552,-447,-23,1,46,190,-1245,381,-174,1056,-161,22,34,-85,
167032,168289,168557,168160,166919,165695,-579,-1239,-208,593,555,-448,-27,-1,59,183,-1259,381,-175,1056,-165,25,40,-96,
167032,168289,168557,168160,166919,165695,-585,-1232,-214,593,552,-443,-33,7,64,190,-1244,367,-175,1056,-165,10,47,-98,
166945,168289,168557,168160,166919,165695,-582,-1233,-213,599,552,-443,-26,10,64,196,-1249,373,-169,1060,-153,9,34,-88,
166945,168383,168557,168160,166919,165695,-583,-1240,-210,597,543,-440,-34,8,68,169,-1252,358,-171,1058,-153,1,34,-88,
166945,168383,168698,168160,166919,165695,-576,-1232,-203,597,543,-440,-43,8,71,192,-1255,384,-171,1058,-153,2,38,-90,
166945,168383,168698,168551,166919,165695,-587,-1199,-228,601,545,-430,-45,3,64,184,-1242,360,-170,1057,-161,-5,30,-97,
166945,168383,168698,168551,166926,165695,-595,-1196,-226,601,545,-430,-36,2,62,195,-1256,355,-170,1057,-161,1,21,-91,
166945,168383,168698,168551,166926,165784,-596,-1186,-225,601,552,-441,-29,9,45,171,-1255,378,-172,1065,-155,-4,23,-94,
166945,168383,168698,168551,166926,165784,-609,-1177,-218,601,552,-441,-25,6,34,207,-1256,363,-172,1061,-148,-21,30,-98,
166945,168383,168698,168551,166926,165784,-600,-1162,-209,601,546,-435,-24,1,23,185,-1252,376,-174,1061,-148,-24,30,-92,
166634,168383,168698,168551,166926,165784,-601,-1179,-221,604,545,-442,-16,8,-6,183,-1248,381,-169,1056,-151,-24,35,-89,
166634,168354,168698,168551,166926,165784,-606,-1154,-214,604,545,-442,4,11,-26,189,-1248,372,-169,1056,-151,-33,31,-97,
166634,168354,168666,168551,166926,165784,-589,-1205,-229,601,540,-434,27,8,-45,204,-1252,363,-172,1059,-157,-44,24,-95,
166634,168354,168666,231392,166926,165784,-594,-1236,-212,601,540,-434,31,18,-53,190,-1264,372,-172,1059,-157,-52,16,-96,
166634,168354,168666,231392,167059,165784,-583,-1238,-231,600,544,-437,29,9,-53,187,-1244,358,-178,1059,-156,-54,10,-92,
166634,168354,168666,231392,167059,165699,-586,-1261,-211,600,544,-437,27,7,-44,193,-1248,352,-176,1057,-154,-52,15,-90,
166634,168354,168666,231392,167059,165699,-585,-1248,-214,598,551,-445,13,4,-31,188,-1255,366,-176,1057,-154,-63,20,-94,
166634,168354,168666,231392,167059,165699,-586,-1248,-210,599,540,-442,8,6,-29,172,-1249,378,-172,1060,-161,-68,20,-92,
166923,168354,168666,231392,167059,165699,-593,-1255,-204,599,540,-442,-2,6,-15,179,-1256,353,-172,1060,-161,-68,14,-85,
166923,168301,168666,231392,167059,165699,-597,-1261,-191,600,542,-438,-5,12,-2,185,-1263,380,-176,1064,-165,-67,10,-91,
166923,168301,168577,231392,167059,165699,-574,-1240,-225,600,542,-438,-13,0,23,189,-1242,348,-176,1064,-165,-56,18,-87,
166923,168301,168577,302494,167059,165699,-589,-1245,-231,604,549,-432,-32,9,38,181,-1257,366,-174,1065,-156,-46,22,-92,
166923,168301,168577,302494,166977,165699,-618,-1246,-186,604,549,-432,-34,14,40,187,-1259,356,-174,1059,-157,-52,22,-97,
166923,168301,168577,302494,166977,165795,-600,-1235,-210,602,546,-444,-25,5,47,179,-1250,363,-174,1059,-157,-61,25,-92,
166923,168301,168577,302494,166977,165795,-593,-1215,-202,606,544,-432,-27,11,46,199,-1255,348,-172,1057,-157,-60,22,-96,
166923,168301,168577,302494,166977,165795,-608,-1205,-195,606,544,-432,-29,13,36,179,-1254,357,-172,1057,-157,-54,20,-92,
167029,168301,168577,302494,166977,165795,-600,-1198,-225,606,537,-438,-26,12,29,185,-1251,369,-174,1056,-152,-59,21,-96,
167029,168232,168577,302494,166977,165795,-609,-1192,-233,606,537,-438,-17,6,23,195,-1248,357,-174,1056,-152,-64,20,-92,
167029,168232,168573,302494,166977,165795,-608,-1203,-218,605,540,-439,-7,10,10,191,-1246,366,-176,1055,-159,-66,22,-94,
167029,168232,168573,206142,166977,165795,-577,-1202,-246,605,540,-439,5,8,0,197,-1269,351,-172,1056,-173,-67,10,-95,
167029,168232,168573,206142,167012,165795,-599,-1217,-215,604,550,-450,9,5,-3,185,-1257,340,-172,1056,-173,-76,3,-90,
167029,168232,168573,206142,167012,165722,-606,-1215,-228,604,550,-441,2,6,-4,198,-1260,343,-172,1053,-173,-65,11,-95,
167029,168232,168573,206142,167012,165722,-602,-1224,-222,605,539,-441,0,6,-8,198,-1259,355,-172,1053,-173,-57,21,-94,
167029,168232,168573,206142,167012,165722,-600,-1232,-217,609,536,-442,7,9,-3,186,-1257,333,-175,1064,-173,-46,26,-89,
166941,168232,168573,206142,167012,165722,-586,-1226,-240,609,536,-442,2,4,4,187,-1256,350,-174,1062,-157,-38,25,-85,
166941,168451,168573,206142,167012,165722,-601,-1223,-233,608,535,-448,-1,6,9,186,-1255,345,-174,1062,-157,-36,26,-93,
166941,168451,168556,206142,167012,165722,-618,-1219,-224,608,535,-448,-11,3,12,193,-1258,331,-171,1053,-161,-26,22,-99,
166941,168451,168556,188804,167012,165722,-595,-1220,-214,609,540,-443,-4,6,15,196,-1252,354,-171,1053,-161,-27,30,-95,
166941,168451,168556,188804,166882,165722,-596,-1212,-205,609,540,-443,-8,17,14,191,-1260,356,-171,1059,-170,-30,24,-95,
166941,168451,168556,188804,166882,165740,-594,-1217,-206,606,542,-441,-17,11,16,198,-1266,334,-171,1059,-170,-28,26,-94,
166941,168451,168556,188804,166882,165740,-593,-1216,-230,606,535,-449,-14,8,18,193,-1264,339,-171,1061,-180,-24,26,-86,
166941,168451,168556,188804,166882,165740,-596,-1199,-234,606,535,-449,-17,12,14,184,-1251,345,-170,1053,-175,-18,24,-90,
167029,168451,168556,188804,166882,165740,-598,-1217,-238,611,534,-441,-4,11,8,201,-1260,357,-170,1053,-175,-10,29,-95,
167029,168302,168556,188804,166882,165740,-614,-1202,-234,611,534,-441,0,14,2,185,-1255,357,-173,1052,-176,-9,23,-84,
167029,168302,168811,188804,166882,165740,-610,-1189,-215,606,545,-437,-3,14,-3,195,-1253,350,-173,1052,-176,-4,29,-91,
167029,168302,168811,358330,166882,165740,-605,-1183,-236,606,545,-437,-1,9,-11,202,-1256,346,-174,1058,-177,-1,30,-98,
167029,168302,168811,358330,167006,165740,-614,-1182,-225,612,536,-446,1,10,-35,173,-1259,341,-174,1058,-177,-7,30,-92,
167029,168302,168811,358330,167006,165803,-614,-1177,-224,609,536,-446,17,9,-45,201,-1263,341,-173,1061,-175,-9,30,-94,
167029,168302,168811,358330,167006,165803,-623,-1193,-206,609,536,-446,21,11,-46,192,-1266,352,-175,1057,-177,-5,38,-94,
167029,168302,168811,358330,167006,165803,-590,-1199,-227,609,535,-437,24,13,-61,201,-1250,351,-175,1057,-177,-6,42,-91,
166882,168302,168811,358330,167006,165803,-617,-1210,-231,609,535,-437,19,12,-65,205,-1244,356,-172,1057,-163,-8,37,-89,
166882,168269,168811,358330,167006,165803,-594,-1218,-237,607,538,-437,21,12,-67,190,-1258,337,-172,1057,-163,-13,35,-99,
166882,168269,168664,358330,167006,165803,-608,-1208,-227,607,538,-437,15,10,-61,186,-1256,350,-172,1064,-172,-19,31,-99,
166882,168269,168664,413065,167006,165803,-598,-1222,-227,601,545,-436,19,11,-56,189,-1258,362,-172,1064,-161,-20,25,-87,
166882,168269,168664,413065,166648,165803,-609,-1232,-202,601,545,-438,25,15,-52,182,-1264,340,-174,1057,-161,-21,27,-97,
166882,168269,168664,413065,166648,165582,-601,-1229,-225,606,541,-438,27,14,-49,215,-1264,358,-171,1057,-174,-15,24,-86,
166882,168269,168664,413065,166648,165582,-588,-1227,-231,605,540,-441,17,7,-41,183,-1256,364,-171,1057,-174,-21,27,-91,
166882,168269,168664,413065,166648,165582,-594,-1230,-243,605,540,-441,19,12,-43,194,-1257,363,-172,1055,-172,-20,24,-104,
167074,168269,168664,413065,166648,165582,-586,-1238,-217,605,538,-442,11,19,-43,197,-1257,349,-172,1055,-172,-12,29,-96,
167074,168306,168664,413065,166648,165582,-606,-1227,-215,605,538,-442,4,15,-32,185,-1252,361,-171,1060,-173,-14,34,-93,
167074,168306,168812,413065,166648,165582,-601,-1221,-237,605,537,-447,6,14,-24,193,-1251,348,-170,1060,-187,-12,31,-94,
167074,168306,168812,414481,166648,165582,-628,-1226,-198,605,537,-447,-4,13,-23,181,-1257,361,-170,1060,-187,-6,35,-94,
167074,168306,168812,414481,166946,165582,-601,-1217,-210,604,547,-448,-4,11,-23,190,-1260,337,-172,1058,-160,-7,33,-97,
167074,168306,168812,414481,166946,165637,-592,-1213,-233,604,537,-438,-6,8,-26,198,-1265,342,-172,1058,-160,-10,31,-95,
167074,168306,168812,414481,166946,165637,-592,-1223,-217,604,537,-438,5,4,-20,195,-1265,346,-172,1064,-167,-11,46,-89,
167074,168306,168812,414481,166946,165637,-591,-1219,-220,606,538,-440,4,8,-18,176,-1255,346,-172,1064,-167,-19,44,-97,
167106,168306,168812,414481,166946,165637,-597,-1229,-218,606,538,-440,-2,8,-14,193,-1262,351,-174,1065,-174,-11,35,-93,
167106,168356,168812,414481,166946,165637,-594,-1198,-219,604,543,-445,-4,9,-17,191,-1246,347,-172,1056,-173,-17,30,-96,
167106,168356,168802,414481,166946,165637,-610,-1208,-199,604,543,-445,6,12,-17,185,-1249,355,-172,1056,-173,-20,27,-98,
167106,168356,168802,496164,166946,165637,-583,-1213,-216,605,541,-432,14,14,-23,196,-1257,353,-173,1050,-170,-33,24,-91,
167106,168356,168802,496164,166901,165637,-603,-1224,-219,605,543,-435,9,12,-20,184,-1261,358,-173,1050,-170,-35,20,-87,
167106,168356,168802,496164,166901,165885,-599,-1222,-212,605,543,-435,2,10,-15,180,-1259,357,-172,1058,-164,-46,21,-85,
167106,168356,168802,496164,166901,165885,-599,-1232,-212,606,538,-438,-10,5,-9,179,-1267,340,-172,1058,-164,-47,14,-96,
167106,168356,168802,496164,166901,165885,-598,-1234,-212,606,538,-438,-14,15,-8,200,-1259,335,-172,1058,-176,-57,20,-95,
166971,168356,168802,496164,166901,165885,-594,-1235,-232,603,538,-441,-10,14,-8,187,-1261,351,-172,1052,-171,-62,12,-80,
166971,168313,168802,496164,166901,165885,-600,-1227,-236,603,538,-441,-11,15,-5,182,-1264,344,-172,1052,-171,-54,19,-85,
166971,168313,168805,496164,166901,165885,-596,-1220,-233,606,538,-436,-11,22,-1,195,-1262,336,-170,1054,-182,-41,16,-90,
166971,168313,168805,450744,166901,165885,-580,-1212,-241,606,541,-441,-27,18,-1,190,-1268,331,-170,1054,-182,-37,24,-90,
166971,168313,168805,450744,166951,165885,-601,-1197,-217,604,541,-441,-27,11,5,195,-1257,342,-171,1062,-176,-36,30,-91,
166971,168313,168805,450744,166951,165852,-605,-1195,-232,608,536,-441,-18,8,-4,195,-1262,344,-171,1064,-165,-28,24,-85,
166971,168313,168805,450744,166951,165852,-606,-1193,-239,608,536,-441,0,8,-18,189,-1268,338,-173,1064,-165,-17,26,-90,
166971,168313,168805,450744,166951,165852,-604,-1207,-236,609,536,-435,4,10,-24,188,-1252,342,-169,1054,-179,-6,31,-90,
166944,168313,168805,450744,166951,165852,-608,-1207,-212,609,536,-435,9,3,-29,189,-1269,345,-169,1054,-179,-2,31,-89,
166944,168248,168805,450744,166951,165852,-590,-1201,-245,604,541,-440,15,3,-42,191,-1263,336,-170,1053,-174,-1,31,-96,
166944,168248,168716,450744,166951,165852,-600,-1204,-227,604,541,-440,14,10,-38,189,-1264,340,-170,1053,-174,-11,45,-97,
166944,168248,168716,410936,166951,165852,-616,-1225,-206,605,539,-448,29,11,-43,191,-1262,352,-173,1058,-175,-7,36,-98,
166944,168248,168716,410936,166923,165852,-583,-1220,-234,604,536,-444,23,12,-41,184,-1257,367,-173,1058,-175,-6,39,-89,
166944,168248,168716,410936,166923,165868,-588,-1249,-217,604,536,-444,14,10,-38,192,-1265,336,-173,1058,-175,-8,44,-89,
166944,168248,168716,410936,166923,165868,-586,-1226,-229,611,534,-449,7,9,-32,187,-1262,344,-170,1055,-165,1,47,-95,
166944,168248,168716,410936,166923,165868,-601,-1223,-221,611,534,-449,4,4,-15,178,-1272,354,-170,1055,-165,-2,42,-93,
166934,168248,168716,410936,166923,165868,-596,-1232,-229,604,541,-446,7,12,-16,188,-1253,342,-172,1055,-177,-5,22,-88,
166934,168162,168716,410936,166923,165868,-610,-1238,-215,604,541,-446,12,10,-9,185,-1263,348,-172,1055,-177,-14,34,-90,
166934,168162,168735,410936,166923,165868,-603,-1222,-213,603,545,-437,-13,7,1,204,-1257,332,-176,1063,-158,-17,25,-93,
166934,168162,168735,401269,166923,165868,-603,-1215,-216,607,535,-434,-18,6,-3,201,-1264,361,-173,1058,-168,-17,34,-100,
166934,168162,168735,401269,167078,165868,-601,-1193,-217,607,535,-434,-8,7,-8,192,-1269,340,-173,1058,-168,-5,30,-91,
166934,168162,168735,401269,167078,165851,-608,-1196,-224,608,538,-442,3,12,-16,191,-1261,339,-173,1057,-168,-4,35,-88,
166934,168162,168735,401269,167078,165851,-606,-1216,-220,608,538,-442,1,10,-24,191,-1261,347,-173,1057,-168,-14,30,-90,
166934,168162,168735,401269,167078,165851,-592,-1196,-223,604,539,-445,4,5,-27,193,-1265,342,-176,1057,-171,-14,27,-93,
167030,168162,168735,401269,167078,165851,-609,-1202,-237,604,539,-445,10,5,-39,196,-1254,348,-176,1057,-160,-18,28,-84,
167030,168063,168735,401269,167078,165851,-597,-1192,-234,603,542,-431,7,0,-36,205,-1263,347,-174,1056,-160,-27,21,-83,
167030,168063,168506,401269,167078,165851,-604,-1213,-220,602,542,-439,23,10,-42,207,-1261,327,-173,1055,-164,-29,22,-87,
167030,168063,168506,391895,167078,165851,-605,-1220,-236,602,542,-439,25,12,-48,198,-1256,342,-173,1055,-164,-30,23,-94,
167030,168063,168506,391895,166925,165851,-612,-1227,-203,605,537,-447,16,13,-48,194,-1262,341,-171,1051,-173,-32,26,-95,
167030,168063,168506,391895,166925,165747,-602,-1222,-216,605,537,-447,12,10,-43,186,-1261,341,-171,1051,-173,-28,24,-92,
167030,168063,168506,391895,166925,165747,-588,-1219,-218,604,538,-437,16,10,-43,205,-1255,343,-173,1060,-176,-28,25,-100,
167030,168063,168506,391895,166925,165747,-586,-1222,-232,604,538,-437,17,15,-48,188,-1258,335,-174,1061,-182,-28,26,-94,
167124,168063,168506,391895,166925,165747,-591,-1243,-224,602,547,-451,20,12,-35,181,-1253,332,-174,1061,-182,-20,23,-85,
167124,168401,168506,391895,166925,165747,-603,-1252,-203,602,547,-451,8,10,-35,194,-1257,357,-173,1051,-174,-19,28,-91,
167124,168401,168758,391895,166925,165747,-603,-1236,-210,604,540,-450,-2,4,-24,186,-1265,337,-173,1051,-174,-20,21,-95,
167124,168401,168758,392851,166925,165747,-604,-1205,-221,602,538,-442,0,11,-26,190,-1257,336,-174,1057,-177,-6,27,-88,
167124,168401,168758,392851,166924,165747,-598,-1216,-229,602,538,-442,2,12,-26,202,-1252,324,-174,1057,-177,11,32,-81,
167124,168401,168758,392851,166924,165810,-598,-1209,-230,604,535,-445,1,10,-28,190,-1261,335,-173,1066,-176,14,25,-89,
167124,168401,168758,392851,166924,165810,-602,-1209,-228,604,535,-445,2,12,-32,209,-1252,325,-175,1052,-174,16,33,-85,
167124,168401,168758,392851,166924,165810,-591,-1200,-215,600,541,-445,-1,13,-34,189,-1257,338,-175,1052,-174,22,38,-87,
166980,168401,168758,392851,166924,165810,-614,-1198,-219,600,541,-445,7,7,-39,198,-1269,343,-173,1055,-173,20,29,-90,
166980,168441,168758,392851,166924,165810,-595,-1196,-226,600,544,-439,14,15,-49,195,-1251,346,-173,1055,-173,22,38,-95,
166980,168441,168737,392851,166924,165810,-583,-1209,-226,603,540,-443,25,14,-50,201,-1264,341,-175,1059,-175,13,42,-87,
166980,168441,168737,408613,166924,165810,-602,-1235,-229,603,540,-443,21,8,-46,209,-1268,359,-175,1059,-175,17,39,-91,
166980,168441,168737,408613,166867,165810,-602,-1233,-206,604,541,-442,18,7,-46,188,-1254,352,-170,1060,-164,8,25,-92,
166980,168441,168737,408613,166867,165687,-593,-1221,-227,604,541,-442,8,9,-44,190,-1259,351,-168,1052,-165,11,30,-82,
166980,168441,168737,408613,166867,165687,-609,-1224,-217,601,544,-447,9,2,-37,179,-1251,351,-168,1052,-165,9,26,-83,
166980,168441,168737,408613,166867,165687,-610,-1220,-194,601,544,-447,12,8,-37,189,-1258,335,-171,1054,-178,-4,34,-89,
167025,168441,168737,408613,166867,165687,-584,-1228,-230,601,547,-440,10,6,-32,185,-1241,352,-171,1054,-178,0,35,-91,
167025,168447,168737,408613,166867,165687,-581,-1220,-242,600,542,-435,-2,5,-31,200,-1256,354,-174,1062,-162,-6,19,-88,
167025,168447,168715,408613,166867,165687,-595,-1225,-218,600,542,-435,-4,9,-23,181,-1265,353,-174,1062,-168,-12,22,-81,
167025,168447,168715,406573,166867,165687,-594,-1232,-222,601,539,-449,-10,3,-14,190,-1257,350,-173,1057,-168,-23,29,-95,
167025,168447,168715,406573,166631,165687,-589,-1233,-224,601,539,-449,-1,3,-13,186,-1262,364,-172,1055,-156,-26,29,-83,
167025,168447,168715,406573,166631,165652,-601,-1227,-219,605,542,-431,-4,7,-16,192,-1258,343,-172,1055,-156,-31,26,-87,
167025,168447,168715,406573,166631,165652,-597,-1210,-211,605,542,-431,-8,8,-8,190,-1254,347,-173,1053,-171,-33,36,-92,
167025,168447,168715,406573,166631,165652,-599,-1201,-222,603,547,-439,-11,9,-15,193,-1243,367,-173,1053,-171,-43,24,-94,
167018,168447,168715,406573,166631,165652,-596,-1212,-222,603,547,-446,-9,6,-13,191,-1250,330,-172,1062,-169,-50,12,-87,
167018,168406,168715,406573,166631,165652,-608,-1223,-224,604,541,-446,-3,14,-23,182,-1259,341,-174,1057,-172,-53,11,-92,
167018,168406,168758,406573,166631,165652,-594,-1210,-224,602,543,-439,-3,11,-23,182,-1253,334,-174,1057,-172,-53,19,-88,
167018,168406,168758,418825,166631,165652,-594,-1218,-231,602,543,-439,-8,3,-24,187,-1271,337,-174,1057,-185,-48,20,-93,
167018,168406,168758,418825,167070,165652,-599,-1202,-207,605,537,-443,-5,6,-31,192,-1272,355,-174,1057,-185,-38,21,-93,
167018,168406,168758,418825,167070,165761,-598,-1203,-228,605,537,-443,-1,7,-27,197,-1265,327,-172,1057,-175,-31,32,-93,
167018,168406,168758,418825,167070,165761,-592,-1207,-220,597,540,-443,0,15,-39,180,-1261,345,-172,1057,-175,-16,29,-88,
167018,168406,168758,418825,167070,165761,-601,-1212,-221,597,540,-443,13,9,-49,182,-1253,352,-172,1063,-175,-4,27,-95,
166895,168406,168758,418825,167070,165761,-600,-1218,-234,608,549,-453,7,9,-46,180,-1258,335,-171,1051,-167,-7,34,-91,
166895,168356,168758,418825,167070,165761,-609,-1225,-216,604,538,-441,21,14,-48,203,-1262,330,-171,1051,-167,6,35,-99,
166895,168356,168618,418825,167070,165761,-590,-1228,-216,604,538,-441,25,13,-51,195,-1260,348,-173,1053,-176,18,31,-95,
166895,168356,168618,408926,167070,165761,-584,-1232,-216,605,538,-440,17,11,-45,188,-1242,334,-173,1053,-176,19,30,-96,
166895,168356,168618,408926,166910,165761,-584,-1234,-232,605,538,-440,20,10,-42,195,-1259,359,-174,1052,-173,15,34,-80,
166895,168356,168618,408926,166910,165674,-590,-1254,-235,599,553,-447,13,12,-40,188,-1259,322,-174,1052,-173,20,30,-83,
166895,168356,168618,408926,166910,165674,-587,-1234,-225,599,553,-447,5,10,-34,201,-1242,346,-174,1059,-157,24,33,-87,
166895,168356,168618,408926,166910,165674,-595,-1225,-228,600,547,-443,0,4,-27,200,-1259,334,-173,1052,-173,16,43,-90,
167034,168356,168618,408926,166910,165674,-588,-1216,-220,602,543,-435,-4,0,-27,193,-1267,344,-173,1052,-173,15,42,-88,
167034,168393,168618,408926,166910,165674,-588,-1221,-226,602,543,-435,11,9,-25,188,-1263,373,-168,1056,-172,27,42,-90,
167034,168393,168848,408926,166910,165674,-603,-1231,-207,603,542,-438,9,7,-24,192,-1239,356,-168,1056,-172,35,36,-84,
167034,168393,168848,470271,166910,165674,-599,-1219,-206,603,542,-438,-2,5,-26,198,-1242,361,-174,1063,-161,36,35,-85,
167034,168393,168848,470271,167038,165674,-594,-1222,-212,599,540,-447,-2,8,-21,179,-1251,368,-175,1060,-173,11,38,-96,
167034,168393,168848,470271,167038,165794,-590,-1225,-217,599,540,-447,-3,7,-27,196,-1252,354,-175,1060,-173,25,26,-90,
167034,168393,168848,470271,167038,165794,-591,-1226,-221,603,548,-441,0,9,-29,178,-1253,335,-173,1056,-173,16,23,-86,
167034,168393,168848,470271,167038,165794,-598,-1220,-224,603,545,-443,4,10,-33,180,-1271,346,-173,1056,-173,7,30,-94,
166833,168393,168848,470271,167038,165794,-591,-1209,-219,601,545,-443,11,6,-36,206,-1243,352,-175,1051,-167,7,39,-92,
166833,168414,168848,470271,167038,165794,-598,-1224,-209,602,542,-438,20,8,-38,193,-1258,356,-175,1051,-167,5,26,-85,
166833,168414,168570,470271,167038,165794,-595,-1235,-218,602,542,-438,16,5,-34,195,-1256,336,-177,1065,-162,1,16,-83,
166833,168414,168570,515367,167038,165794,-588,-1227,-210,601,543,-441,10,3,-27,188,-1260,373,-174,1054,-170,-10,32,-89,
166833,168414,168570,515367,167017,165794,-601,-1228,-209,601,543,-441,5,4,-22,192,-1270,355,-174,1054,-170,-14,26,-81,
166833,168414,168570,515367,167017,165860,-597,-1215,-224,598,544,-444,-4,0,-24,183,-1261,368,-172,1052,-163,-20,24,-89,
166833,168414,168570,515367,167017,165860,-582,-1219,-223,598,544,-444,6,5,-33,186,-1268,347,-172,1052,-163,-9,28,-88,
166833,168414,168570,515367,167017,165860,-588,-1223,-205,598,549,-436,17,11,-35,190,-1272,364,-171,1054,-175,-16,27,-86,
166583,168414,168570,515367,167017,165860,-598,-1235,-206,604,544,-441,8,13,-31,187,-1268,358,-171,1054,-175,-16,32,-93,
166583,168229,168570,515367,167017,165860,-570,-1224,-229,604,544,-441,4,10,-34,187,-1259,353,-174,1060,-168,-19,26,-87,
166583,168229,168800,515367,167017,165860,-591,-1235,-213,598,542,-441,6,7,-34,197,-1266,341,-173,1056,-169,-17,31,-86,
166583,168229,168800,503392,167017,165860,-585,-1228,-215,598,542,-441,15,16,-30,200,-1254,342,-173,1056,-169,-29,24,-89,
166583,168229,168800,503392,166982,165860,-594,-1225,-216,603,548,-445,4,11,-27,197,-1257,364,-172,1056,-171,-24,25,-95,
166583,168229,168800,503392,166982,165858,-584,-1220,-218,603,548,-445,-3,7,-19,195,-1247,334,-172,1056,-171,-17,35,-94,
166583,168229,168800,503392,166982,165858,-598,-1230,-207,600,547,-451,-6,11,-19,191,-1266,368,-174,1060,-170,-12,32,-90,
166583,168229,168800,503392,166982,165858,-592,-1219,-214,599,545,-439,8,13,-22,200,-1262,348,-174,1060,-165,-7,33,-88,
167099,168229,168800,503392,166982,165858,-583,-1220,-230,599,545,-439,3,6,-14,207,-1254,337,-172,1054,-165,-10,31,-85,
167099,168315,168800,503392,166982,165858,-583,-1225,-232,599,545,-440,-6,7,-15,182,-1252,326,-176,1052,-178,-10,33,-89,
167099,168315,168839,503392,166982,165858,-577,-1211,-217,599,545,-440,1,6,-18,195,-1261,343,-176,1052,-178,-13,36,-88,
167099,168315,168839,427668,166982,165858,-593,-1218,-215,596,544,-428,13,9,-27,189,-1249,337,-175,1056,-173,-20,30,-82,
167099,168315,168839,427668,166933,165858,-587,-1208,-204,596,544,-428,17,10,-23,190,-1268,355,-175,1056,-173,-26,23,-84,
167099,168315,168839,427668,166933,165907,-591,-1204,-218,598,549,-458,11,11,-35,183,-1251,356,-175,1062,-173,-34,30,-97,
167099,168315,168839,427668,166933,165907,-587,-1215,-224,598,548,-451,14,10,-42,202,-1259,339,-170,1059,-173,-31,22,-87,
167099,168315,168839,427668,166933,165907,-583,-1208,-226,601,548,-451,19,11,-46,189,-1251,346,-170,1059,-173,-25,33,-93,
166864,168315,168839,427668,166933,165907,-591,-1214,-222,596,543,-444,16,13,-51,207,-1262,343,-174,1056,-167,-23,31,-94,
166864,168228,168839,427668,166933,165907,-592,-1218,-213,596,543,-444,16,7,-47,194,-1254,340,-174,1056,-167,-25,29,-89,
166864,168228,168095,427668,166933,165907,-594,-1225,-207,600,544,-434,28,12,-52,191,-1250,339,-175,1063,-171,-18,23,-89,
166864,168228,168095,588580,166933,165907,-599,-1229,-209,600,544,-434,20,12,-52,193,-1260,361,-175,1063,-171,-19,28,-95,
166864,168228,168095,588580,166774,165907,-583,-1234,-210,598,556,-439,22,15,-50,185,-1263,353,-174,1061,-158,-11,32,-92,
166864,168228,168095,588580,166774,165700,-586,-1234,-215,598,556,-444,26,15,-46,189,-1257,349,-175,1056,-171,-6,33,-91,
166864,168228,168095,588580,166774,165700,-577,-1235,-213,598,549,-444,20,12,-43,183,-1265,355,-175,1056,-171,1,30,-90,
166864,168228,168095,588580,166774,165700,-582,-1235,-209,597,546,-439,6,5,-33,181,-1260,365,-174,1054,-177,4,35,-90,
167048,168228,168095,588580,166774,165700,-589,-1244,-212,597,546,-439,3,13,-31,177,-1246,356,-174,1054,-177,3,28,-85,
167048,168209,168095,588580,166774,165700,-582,-1220,-221,598,547,-445,0,9,-27,188,-1266,355,-172,1057,-174,5,24,-82,
167048,168209,168648,588580,166774,165700,-586,-1238,-218,598,547,-445,9,1,-17,182,-1261,334,-172,1057,-174,14,23,-86,
167048,168209,168648,540890,166774,165700,-590,-1230,-222,596,549,-445,1,3,-20,201,-1267,341,-174,1060,-175,13,25,-82,
167048,168209,168648,540890,166734,165700,-586,-1241,-194,596,549,-445,4,1,-24,194,-1263,361,-170,1057,-178,8,23,-88,
167048,168209,168648,540890,166734,165881,-576,-1217,-223,597,554,-440,-7,1,-23,188,-1260,365,-170,1057,-178,2,26,-89,
167048,168209,168648,540890,166734,165881,-594,-1212,-209,596,546,-442,-8,2,-19,194,-1255,344,-175,1057,-177,-2,21,-88,
167048,168209,168648,540890,166734,165881,-587,-1206,-214,596,546,-442,4,-1,-23,194,-1266,341,-175,1057,-177,-5,34,-89,
167163,168209,168648,540890,166734,165881,-603,-1220,-206,596,548,-434,16,12,-41,204,-1257,344,-172,1061,-174,-2,23,-91,
167163,168316,168648,540890,166734,165881,-586,-1227,-222,596,548,-434,26,6,-50,193,-1259,346,-170,1063,-170,5,26,-90,
167163,168316,168823,540890,166734,165881,-565,-1236,-205,596,553,-450,17,4,-48,200,-1248,358,-170,1063,-170,16,24,-87,
167163,168316,168823,412784,166734,165881,-588,-1237,-226,596,553,-450,16,8,-43,203,-1252,340,-171,1054,-177,-2,26,-84,
167163,168316,168823,412784,166634,165881,-570,-1244,-211,594,547,-433,9,7,-33,191,-1250,346,-171,1054,-177,-6,25,-80,
167163,168316,168823,412784,166634,165718,-569,-1236,-236,597,548,-438,5,8,-32,180,-1257,359,-177,1061,-169,0,28,-84,
167163,168316,168823,412784,166634,165718,-594,-1246,-212,597,548,-438,-1,9,-23,187,-1266,372,-177,1061,-169,-8,31,-97,
167163,168316,168823,412784,166634,165718,-578,-1243,-222,596,549,-441,1,4,-11,178,-1256,360,-174,1059,-161,-1,37,-93,
167050,168316,168823,412784,166634,165718,-585,-1234,-203,596,549,-441,-5,4,-7,192,-1256,348,-170,1058,-175,6,44,-80,
167050,168427,168823,412784,166634,165718,-577,-1227,-220,597,545,-455,-8,1,1,189,-1257,358,-170,1058,-175,3,49,-86,
167050,168427,168651,412784,166634,165718,-582,-1227,-220,597,545,-455,-13,-1,10,185,-1257,363,-172,1059,-165,8,41,-86,
167050,168427,168651,355191,166634,165718,-583,-1223,-197,595,554,-440,-11,5,-1,178,-1245,362,-172,1059,-165,-1,37,-94,
167050,168427,168651,355191,166877,165718,-592,-1213,-204,595,551,-440,-8,6,1,182,-1253,363,-171,1059,-164,1,32,-94,
167050,168427,168651,355191,166877,165427,-593,-1208,-212,595,551,-440,-5,1,-8,186,-1261,337,-171,1059,-164,-4,36,-90,
167050,168427,168651,355191,166877,165427,-579,-1204,-225,598,547,-429,0,5,-14,191,-1263,356,-170,1063,-162,-14,43,-95,
167050,168427,168651,355191,166877,165427,-579,-1236,-225,598,547,-429,6,11,-20,187,-1257,359,-170,1053,-179,-19,33,-93,
167158,168427,168651,355191,166877,165427,-577,-1223,-211,597,546,-443,-2,6,-18,191,-1259,358,-170,1053,-179,-21,37,-90,
167158,168403,168651,355191,166877,165427,-582,-1205,-222,597,546,-443,0,12,-27,194,-1259,359,-173,1054,-159,-23,28,-92,
167158,168403,168768,355191,166877,165427,-573,-1208,-232,597,551,-437,14,11,-23,192,-1257,372,-173,1054,-159,-39,23,-93,
167158,168403,168768,343500,166877,165427,-576,-1223,-217,597,551,-437,12,16,-20,182,-1246,363,-174,1063,-168,-40,11,-90,
167158,168403,168768,343500,166915,165427,-591,-1229,-212,595,551,-446,11,14,-30,188,-1262,350,-174,1057,-172,-55,13,-86,
167158,168403,168768,343500,166915,165806,-587,-1232,-194,597,547,-436,9,5,-22,195,-1253,347,-174,1057,-172,-64,18,-81,
167158,168403,168768,343500,166915,165806,-574,-1231,-219,597,547,-436,4,6,-21,210,-1262,324,-172,1055,-171,-64,11,-86,
167158,168403,168768,343500,166915,165806,-579,-1233,-201,599,549,-440,-4,8,-17,187,-1264,342,-172,1055,-171,-48,16,-84,
167035,168403,168768,343500,166915,165806,-579,-1233,-212,599,549,-440,-4,11,-18,191,-1252,336,-174,1052,-172,-38,15,-77,
167035,168437,168768,343500,166915,165806,-575,-1226,-211,595,548,-431,-11,10,-16,172,-1264,344,-174,1052,-172,-41,14,-82,
167035,168437,168754,343500,166915,165806,-582,-1229,-228,595,548,-431,-11,1,-9,184,-1271,338,-173,1064,-172,-36,17,-90,
167035,168437,168754,387594,166915,165806,-597,-1214,-203,592,552,-444,-7,1,-13,194,-1265,345,-172,1060,-180,-22,17,-87,
167035,168437,168754,387594,166971,165806,-579,-1208,-233,600,545,-439,-7,10,-15,197,-1256,345,-172,1060,-180,-11,23,-84,
167035,168437,168754,387594,166971,165791,-582,-1215,-217,600,545,-439,-8,6,-19,196,-1260,346,-174,1052,-157,5,22,-92,
167035,168437,168754,387594,166971,165791,-588,-1217,-221,600,547,-442,2,9,-27,187,-1253,340,-174,1052,-157,16,26,-91,
167035,168437,168754,387594,166971,165791,-587,-1220,-215,600,547,-442,1,2,-32,194,-1248,330,-172,1063,-167,22,27,-91,
166801,168437,168754,387594,166971,165791,-574,-1231,-239,598,551,-452,4,0,-30,181,-1257,347,-172,1063,-167,14,29,-86,
166801,168328,168754,387594,166971,165791,-563,-1221,-233,598,551,-452,5,2,-32,193,-1264,367,-174,1065,-174,10,25,-86,
166801,168328,168637,387594,166971,165791,-594,-1223,-213,593,554,-433,5,7,-29,196,-1256,352,-175,1057,-161,4,26,-85,
166801,168328,168637,387430,166971,165791,-577,-1229,-235,596,553,-433,5,6,-31,197,-1254,341,-175,1057,-161,-2,28,-85,
166801,168328,168637,387430,166924,165791,-598,-1227,-194,596,553,-433,15,11,-36,185,-1253,348,-175,1052,-168,-7,24,-85,
166801,168328,168637,387430,166924,165709,-586,-1231,-214,599,547,-444,7,8,-35,193,-1258,345,-175,1052,-168,-2,27,-86,
166801,168328,168637,387430,166924,165709,-580,-1223,-224,599,547,-444,7,5,-37,184,-1261,339,-172,1061,-176,2,30,-90,
166801,168328,168637,387430,166924,165709,-575,-1233,-211,596,547,-447,4,6,-34,185,-1253,357,-172,1061,-176,-6,34,-88,
166791,168328,168637,387430,166924,165709,-599,-1232,-196,596,547,-447,13,9,-34,188,-1256,355,-173,1055,-176,-23,29,-89,
166791,168291,168637,387430,166924,165709,-585,-1229,-227,593,555,-429,8,15,-34,190,-1269,357,-171,1057,-161,-32,27,-89,
166791,168291,168736,387430,166924,165709,-584,-1235,-228,593,555,-429,5,6,-36,203,-1264,357,-171,1057,-161,-34,24,-88,
166791,168291,168736,405510,166924,165709,-583,-1240,-210,598,550,-428,9,6,-28,195,-1264,374,-176,1058,-172,-39,24,-84,
166791,168291,168736,405510,167060,165709,-589,-1234,-216,597,548,-434,-1,12,-16,184,-1255,351,-176,1058,-172,-40,23,-87,
166791,168291,168736,405510,167060,165776,-587,-1229,-208,597,548,-434,-5,13,-14,192,-1256,361,-168,1064,-182,-37,26,-85,
166791,168291,168736,405510,167060,165776,-587,-1229,-208,596,549,-433,4,9,-23,178,-1268,368,-172,1063,-177,-37,26,-82,
166791,168291,168736,405510,167060,165776,-602,-1232,-225,596,549,-433,7,8,-21,204,-1263,349,-172,1063,-177,-20,27,-88,
167019,168291,168736,405510,167060,165776,-561,-1232,-249,593,549,-428,7,11,-20,195,-1269,348,-172,1054,-174,-33,28,-95,
167019,168205,168736,405510,167060,165776,-587,-1236,-223,593,549,-428,3,11,-19,185,-1262,340,-172,1054,-174,-35,19,-95,
167019,168205,168685,405510,167060,165776,-576,-1218,-247,599,552,-437,-12,1,-14,205,-1261,352,-175,1055,-172,-26,25,-97,
167019,168205,168685,297336,167060,165776,-587,-1224,-208,597,550,-440,-7,6,-11,185,-1262,348,-175,1055,-172,-32,22,-90,
167019,168205,168685,297336,167026,165776,-592,-1222,-206,597,550,-440,-4,11,-23,190,-1252,349,-173,1063,-171,-30,25,-87,
167019,168205,168685,297336,167026,165808,-582,-1212,-230,596,550,-445,3,10,-26,198,-1258,336,-171,1058,-166,-29,20,-86,
167019,168205,168685,297336,167026,165808,-574,-1221,-226,596,550,-445,3,12,-30,188,-1266,349,-171,1058,-166,-39,27,-90,
167019,168205,168685,297336,167026,165808,-583,-1208,-234,596,557,-440,0,3,-29,202,-1255,321,-170,1056,-169,-36,11,-83,
166990,168205,168685,297336,167026,165808,-583,-1220,-239,596,557,-440,-2,1,-34,206,-1263,341,-170,1056,-169,-28,25,-88,
166990,168482,168685,297336,167026,165808,-585,-1221,-209,598,549,-438,15,5,-35,209,-1252,336,-171,1057,-175,-15,31,-82,
166990,168482,168463,297336,167026,165808,-577,-1239,-217,597,548,-434,20,10,-38,208,-1260,318,-171,1057,-175,-6,26,-87,
166990,168482,168463,393414,167026,165808,-589,-1236,-201,597,548,-434,22,4,-43,200,-1259,359,-175,1065,-167,4,34,-93,
166990,168482,168463,393414,167008,165808,-577,-1235,-205,597,548,-432,10,7,-39,190,-1260,337,-173,1055,-162,1,36,-93,
166990,168482,168463,393414,167008,165803,-574,-1228,-204,597,548,-432,3,2,-39,194,-1254,338,-173,1055,-162,17,23,-82,
166990,168482,168463,393414,167008,165803,-589,-1223,-204,593,548,-439,7,7,-36,196,-1253,343,-168,1055,-166,6,31,-97,
166990,168482,168463,393414,167008,165803,-589,-1232,-210,593,548,-439,12,8,-34,197,-1246,338,-168,1055,-166,3,32,-93,
167070,168482,168463,393414,167008,165803,-585,-1245,-210,593,555,-436,21,7,-35,189,-1259,338,-174,1061,-166,14,27,-91,
167070,168341,168463,393414,167008,165803,-583,-1237,-218,593,555,-433,15,8,-32,186,-1263,373,-174,1061,-176,7,21,-88,
167070,168341,168839,393414,167008,165803,-573,-1247,-221,597,551,-433,10,10,-28,195,-1263,349,-174,1059,-176,3,34,-92,
167070,168341,168839,476140,167008,165803,-584,-1239,-211,596,547,-437,1,5,-19,193,-1268,337,-170,1055,-172,0,42,-92,
167070,168341,168839,476140,166923,165803,-576,-1241,-216,596,547,-437,-2,7,-17,193,-1265,360,-170,1055,-172,-1,36,-85,
167070,168341,168839,476140,166923,165820,-594,-1219,-209,594,550,-447,3,10,-17,191,-1255,359,-175,1054,-171,-8,40,-90,
167070,168341,168839,476140,166923,165820,-573,-1205,-203,594,550,-447,8,9,-19,188,-1264,345,-175,1054,-171,-18,33,-84,
167070,168341,168839,476140,166923,165820,-579,-1218,-214,592,553,-440,7,18,-27,193,-1253,343,-174,1066,-174,-17,29,-85,
166988,168341,168839,476140,166923,165820,-596,-1219,-195,592,553,-440,10,16,-36,191,-1262,331,-167,1060,-165,-10,30,-86,
166988,168432,168839,476140,166923,165820,-599,-1220,-204,596,558,-434,3,13,-32,204,-1264,352,-167,1060,-165,-8,34,-93,
166988,168432,168787,476140,166923,165820,-595,-1219,-213,597,552,-441,5,8,-38,197,-1260,339,-176,1055,-183,-8,33,-91,
166988,168432,168787,263181,166923,165820,-586,-1227,-202,597,552,-441,3,9,-36,187,-1251,341,-176,1055,-183,-5,29,-89,
166988,168432,168787,263181,166774,165820,-580,-1240,-200,597,549,-444,8,17,-39,202,-1251,355,-173,1060,-171,-12,37,-94,
166988,168432,168787,263181,166774,165746,-593,-1227,-220,597,549,-444,10,10,-41,179,-1257,363,-173,1060,-171,-14,44,-88,
166988,168432,168787,263181,166774,165746,-580,-1232,-211,595,559,-441,-252,6,-35,190,-1248,353,-173,1061,-167,-17,26,-97,
166988,168432,168787,263181,166774,165746,-577,-1248,-218,595,559,-441,6,13,-36,194,-1255,356,-175,1056,-176,-24,30,-100,
167098,168432,168787,263181,166774,165746,-584,-1233,-210,594,554,-438,4,9,-25,196,-1260,347,-175,1056,-176,-34,29,-97,
167098,168345,168787,263181,166774,165746,-570,-1256,-199,593,549,-432,4,9,-18,189,-1264,363,-173,1058,-168,-41,38,-96,
167098,168345,168860,263181,166774,165746,-571,-1244,-209,593,549,-432,-3,8,-16,202,-1262,348,-173,1058,-168,-39,33,-90,
167098,168345,168860,170317,166774,165746,-577,-1233,-206,596,551,-436,-14,5,-8,210,-1250,347,-173,1053,-179,-31,30,-83,
167098,168345,168860,170317,166869,165746,-579,-1214,-216,596,551,-436,-9,10,-5,183,-1257,348,-173,1053,-179,-17,32,-88,
167098,168345,168860,170317,166869,165722,-586,-1222,-213,594,550,-426,-2,10,-11,185,-1259,347,-171,1055,-166,-19,37,-98,
167098,168345,168860,170317,166869,165722,-582,-1226,-208,594,550,-426,0,4,-12,198,-1261,357,-175,1056,-180,-21,39,-94,
167098,168345,168860,170317,166869,165722,-578,-1223,-214,591,560,-439,5,5,-12,193,-1264,346,-175,1056,-180,-15,35,-80,
167053,168345,168860,170317,166869,165722,-585,-1222,-212,591,554,-440,1,6,-15,194,-1263,342,-173,1057,-177,-12,34,-80,
167053,168376,168860,170317,166869,165722,-585,-1206,-203,593,554,-440,2,6,-18,187,-1263,320,-173,1057,-177,-8,36,-87,
167053,168376,168900,170317,166869,165722,-597,-1219,-210,595,551,-446,5,9,-26,199,-1262,366,-174,1059,-166,0,37,-96,
167053,168376,168900,247886,166869,165722,-581,-1216,-205,595,551,-446,8,7,-33,197,-1256,350,-174,1060,-177,15,33,-88,
167053,168376,168900,247886,167001,165722,-580,-1215,-215,596,550,-430,14,8,-43,195,-1257,348,-175,1060,-177,24,48,-87,
167053,168376,168900,247886,167001,165827,-589,-1205,-219,596,550,-430,18,8,-48,211,-1256,360,-171,1057,-161,19,37,-86,
167053,168376,168900,247886,167001,165827,-584,-1218,-214,591,556,-438,25,7,-55,188,-1267,356,-171,1057,-161,17,29,-91,
167053,168376,168900,247886,167001,165827,-577,-1235,-218,591,556,-438,29,10,-52,201,-1252,356,-177,1054,-173,9,33,-99,
167087,168376,168900,247886,167001,165827,-583,-1242,-200,596,555,-455,23,5,-49,188,-1259,351,-177,1054,-173,8,31,-95,
167087,168400,168900,247886,167001,165827,-587,-1247,-209,595,552,-437,15,12,-47,184,-1263,348,-171,1065,-163,15,27,-88,
167087,168400,168841,247886,167001,165827,-573,-1243,-205,595,552,-437,4,5,-42,188,-1261,361,-173,1057,-162,26,30,-94,
167087,168400,168841,246206,167001,165827,-571,-1242,-203,594,550,-437,2,7,-34,193,-1246,348,-173,1057,-162,46,52,-96,
167087,168400,168841,246206,166880,165827,-578,-1250,-196,594,550,-437,-5,10,-30,191,-1258,354,-171,1057,-173,69,54,-90,
167087,168400,168841,246206,166880,165942,-575,-1253,-209,591,555,-436,-11,8,-21,203,-1276,334,-171,1057,-173,96,70,-86,
167087,168400,168841,246206,166880,165942,-572,-1246,-205,591,555,-436,-14,5,-4,209,-1270,340,-173,1061,-163,138,87,-84,
167087,168400,168841,246206,166880,165942,-573,-1247,-202,591,559,-442,-32,8,0,199,-1269,343,-173,1061,-163,201,95,-82,
167015,168400,168841,246206,166880,165942,-580,-1272,-217,597,550,-444,-36,11,13,182,-1269,318,-173,1064,-158,274,104,-78,
167015,168361,168841,246206,166880,165942,-572,-1264,-217,597,550,-444,-35,10,26,193,-1257,329,-174,1058,-153,358,126,-86,
167015,168361,168850,246206,166880,165942,-562,-1255,-208,597,550,-435,-63,10,38,197,-1256,349,-174,1058,-153,439,154,-78,
167015,168361,168850,320467,166880,165942,-588,-1228,-209,597,550,-435,-87,9,54,179,-1245,364,-171,1059,-122,527,171,-71,
167015,168361,168850,320467,166975,165942,-583,-1211,-223,594,549,-439,-92,16,50,175,-1252,376,-171,1059,-122,681,177,-79,
167015,168361,168850,320467,166975,165862,-600,-1211,-194,594,549,-439,-82,21,46,180,-1250,406,-171,1066,-117,726,190,-103,
167015,168361,168850,320467,166975,165862,-580,-1206,-215,597,551,-446,-88,29,37,154,-1219,571,-171,1066,-91,765,227,-215,
167015,168361,168850,320467,166975,165862,-587,-1203,-210,597,549,-445,-98,27,34,223,-1294,486,-179,1061,-91,753,271,-387,
166916,168361,168850,320467,166975,165862,-592,-1201,-222,597,549,-445,-97,25,18,272,-1312,484,-192,1059,-83,741,272,-574,
166916,168305,168850,320467,166975,165862,-585,-1204,-229,600,544,-443,-90,34,11,305,-1435,487,-192,1059,-83,749,238,-764,
166916,168305,168776,320467,166975,165862,-599,-1192,-228,600,544,-443,-83,33,1,400,-1698,528,-211,1050,-44,702,179,-911,
166916,168305,168776,354166,166975,165862,-600,-1168,-219,597,542,-442,-78,38,-12,459,-1876,510,-211,1050,-44,497,116,-930,
166916,168305,168776,354166,166945,165862,-594,-1164,-213,597,542,-442,-78,37,-22,480,-1947,522,-231,1055,-43,181,45,-820,
166916,168305,168776,354166,166945,165695,-593,-1178,-202,595,550,-463,-51,47,-46,497,-1905,540,-244,1044,-53,-193,-27,-596,
166916,168305,168776,354166,166945,165695,-588,-1217,-206,595,550,-463,-28,60,-63,505,-1761,543,-244,1044,-53,-504,-90,-343,
