0,0,0,0,0,0,-43,-168,1298,134,-286,790,-46,1,-39,-47,24,1266,574,-160,823,4,-6,-32,
4806179,0,0,0,0,0,-43,-155,1254,135,-285,787,-54,-6,-39,-44,36,1224,573,-158,829,3,13,-29,
4806179,3995175,0,0,0,0,-32,-170,1323,135,-285,787,-57,-6,-38,-63,45,1339,573,-158,829,7,2,-33,
4806179,3995175,2106682,0,0,0,-46,-151,1303,133,-291,784,-55,-1,-29,-64,39,1307,575,-153,840,6,4,-32,
4806179,3995175,2106682,4524188,0,0,-46,-159,1307,134,-288,788,-54,8,-33,-54,29,1296,575,-151,811,8,12,-26,
4806179,3995175,2106682,4524188,3897843,0,-54,-153,1347,134,-288,788,-49,0,-34,-63,33,1301,571,-151,811,6,7,-25,
4806179,3995175,2106682,4524188,3897843,3888920,-32,-156,1329,134,-291,788,-42,4,-35,-66,35,1308,575,-162,830,-3,3,-32,
4806179,3995175,2106682,4524188,3897843,3888920,-41,-169,1311,134,-291,788,-42,9,-34,-39,33,1319,575,-162,830,-5,16,-34,
4806179,3995175,2106682,4524188,3897843,3888920,-25,-149,1311,138,-286,789,-42,11,-27,-57,32,1292,576,-161,821,0,15,-37,
4792211,3995175,2106682,4524188,3897843,3888920,-51,-148,1336,138,-290,790,-38,18,-27,-43,22,1326,576,-161,821,4,8,-32,
4792211,4002788,2106682,4524188,3897843,3888920,-41,-157,1305,138,-290,790,-46,13,-27,-65,22,1321,572,-155,827,-2,2,-27,
4792211,4002788,2391375,4524188,3897843,3888920,-41,-172,1321,140,-290,795,-42,17,-30,-71,33,1312,572,-155,827,-4,18,-36,
4792211,4002788,2391375,4452316,3897843,3888920,-61,-154,1327,140,-290,795,-42,19,-30,-56,36,1316,578,-153,818,-14,11,-41,
4792211,4002788,2391375,4452316,3911156,3888920,-48,-159,1303,132,-282,793,-42,14,-28,-57,38,1317,577,-158,844,-6,20,-34,
4792211,4002788,2391375,4452316,3911156,3927687,-35,-161,1331,132,-282,785,-44,11,-27,-70,25,1323,577,-158,844,-8,30,-30,
4792211,4002788,2391375,4452316,3911156,3927687,-53,-161,1323,138,-286,785,-42,14,-28,-57,27,1308,578,-158,837,5,22,-32,
4792211,4002788,2391375,4452316,3911156,3927687,-24,-157,1294,140,-292,793,-38,19,-31,-57,14,1317,578,-158,837,-1,20,-31,
4745243,4002788,2391375,4452316,3911156,3927687,-44,-163,1352,140,-292,793,-43,16,-25,-52,40,1291,576,-153,823,-8,17,-26,
4745243,4020516,2391375,4452316,3911156,3927687,-62,-168,1299,140,-290,799,-42,12,-24,-73,34,1314,576,-153,823,3,15,-37,
4745243,4020516,2621076,4452316,3911156,3927687,-44,-156,1325,140,-290,799,-40,14,-33,-80,34,1317,577,-141,820,2,12,-32,
4745243,4020516,2621076,4365445,3911156,3927687,-69,-165,1326,138,-287,780,-43,16,-28,-60,17,1310,578,-153,819,8,6,-28,
4745243,4020516,2621076,4365445,3956493,3927687,-54,-160,1289,136,-292,795,-40,10,-28,-80,25,1318,578,-153,819,6,5,-26,
4745243,4020516,2621076,4365445,3956493,3952306,-65,-175,1289,136,-292,795,-37,2,-35,-63,18,1333,575,-156,824,11,-1,-21,
4745243,4020516,2621076,4365445,3956493,3952306,-69,-148,1314,135,-290,780,-48,2,-31,-58,27,1344,575,-156,824,9,2,-27,
4745243,4020516,2621076,4365445,3956493,3952306,-65,-150,1315,135,-290,780,-46,-2,-28,-64,30,1316,580,-157,832,8,1,-27,
4738970,4020516,2621076,4365445,3956493,3952306,-53,-166,1325,135,-287,790,-51,-5,-30,-76,25,1316,580,-157,832,19,-4,-24,
4738970,4017457,2621076,4365445,3956493,3952306,-72,-151,1303,135,-286,792,-50,-7,-35,-37,40,1324,575,-153,826,13,-3,-29,
4738970,4017457,2661914,4365445,3956493,3952306,-52,-151,1320,136,-286,792,-51,-9,-33,-73,36,1307,575,-153,826,13,3,-24,
4738970,4017457,2661914,4385755,3956493,3952306,-46,-162,1316,138,-293,795,-50,-6,-30,-83,12,1344,577,-153,818,17,2,-22,
4738970,4017457,2661914,4385755,3971528,3952306,-42,-159,1314,138,-293,795,-50,-11,-36,-47,26,1294,578,-154,831,16,0,-26,
4738970,4017457,2661914,4385755,3971528,3948583,-49,-160,1339,137,-290,790,-48,-12,-35,-66,27,1321,578,-154,831,15,-8,-24,
4738970,4017457,2661914,4385755,3971528,3948583,-62,-164,1302,137,-290,790,-49,-18,-31,-67,36,1317,574,-156,833,11,-6,-24,
4738970,4017457,2661914,4385755,3971528,3948583,-50,-155,1346,136,-283,795,-48,-15,-37,-55,42,1306,574,-156,833,11,1,-29,
4765899,4017457,2661914,4385755,3971528,3948583,-55,-164,1310,137,-290,788,-50,-7,-41,-59,33,1319,576,-151,834,12,-2,-23,
4765899,3982199,2661914,4385755,3971528,3948583,-59,-149,1313,137,-290,788,-52,-9,-38,-54,33,1318,576,-151,834,10,-2,-26,
4765899,3982199,2488016,4385755,3971528,3948583,-44,-157,1331,133,-287,782,-48,-12,-36,-59,39,1317,578,-149,822,11,-4,-23,
4765899,3982199,2488016,4411583,3971528,3948583,-57,-159,1307,133,-287,782,-48,-14,-35,-66,38,1326,577,-158,824,5,-6,-24,
4765899,3982199,2488016,4411583,3933027,3948583,-45,-166,1289,137,-284,799,-38,-12,-39,-58,28,1292,577,-158,824,19,0,-25,
4765899,3982199,2488016,4411583,3933027,3913810,-33,-158,1322,136,-286,789,-51,-16,-34,-50,29,1333,578,-158,823,13,0,-27,
4765899,3982199,2488016,4411583,3933027,3913810,-70,-155,1298,136,-286,789,-51,-14,-35,-48,29,1302,578,-158,823,17,2,-32,
4765899,3982199,2488016,4411583,3933027,3913810,-50,-157,1315,138,-288,795,-47,-13,-34,-64,23,1310,573,-158,832,7,-1,-33,
4796269,3982199,2488016,4411583,3933027,3913810,-41,-161,1327,138,-288,795,-56,-16,-39,-56,25,1316,573,-158,832,5,-3,-33,
4796269,3902832,2488016,4411583,3933027,3913810,-23,-175,1305,134,-285,794,-56,-9,-40,-59,26,1304,574,-157,827,3,-4,-34,
4796269,3902832,2224558,4411583,3933027,3913810,-51,-154,1305,134,-285,794,-50,-14,-37,-67,44,1315,574,-155,832,14,-5,-28,
4796269,3902832,2224558,4459888,3933027,3913810,-39,-165,1306,133,-281,799,-51,-14,-37,-55,25,1316,575,-155,832,13,-7,-27,
4796269,3902832,2224558,4459888,3907625,3913810,-53,-160,1334,132,-287,787,-43,-16,-37,-51,37,1297,577,-160,828,2,-3,-32,
4796269,3902832,2224558,4459888,3907625,3894764,-30,-170,1310,132,-287,787,-55,-15,-34,-61,38,1313,577,-160,828,9,0,-27,
4796269,3902832,2224558,4459888,3907625,3894764,-49,-160,1322,135,-282,781,-53,-18,-45,-55,24,1322,575,-164,818,9,-11,-27,
4796269,3902832,2224558,4459888,3907625,3894764,-31,-164,1286,135,-282,781,-53,-18,-42,-82,29,1328,575,-164,818,0,-11,-40,
4824044,3902832,2224558,4459888,3907625,3894764,-28,-161,1341,133,-285,788,-52,-15,-41,-79,23,1357,574,-160,835,1,-8,-41,
4824044,3764242,2224558,4459888,3907625,3894764,-45,-169,1332,136,-284,798,-53,-15,-39,-64,32,1319,574,-160,835,6,-15,-36,
4824044,3764242,1800546,4459888,3907625,3894764,-39,-166,1281,136,-284,798,-50,-14,-41,-58,21,1328,574,-151,819,16,-9,-29,
4824044,3764242,1800546,4530697,3907625,3894764,-16,-160,1337,133,-292,794,-55,-15,-49,-63,39,1311,578,-160,832,10,-9,-29,
4824044,3764242,1800546,4530697,3737185,3894764,-32,-165,1307,133,-292,794,-54,-16,-42,-78,19,1343,578,-160,832,18,-10,-27,
4824044,3764242,1800546,4530697,3737185,3784171,-18,-153,1338,132,-288,791,-53,-17,-39,-56,34,1340,574,-159,828,12,-14,-33,
4824044,3764242,1800546,4530697,3737185,3784171,-38,-158,1303,132,-288,791,-50,-12,-41,-52,34,1326,574,-159,828,3,-14,-32,
4824044,3764242,1800546,4530697,3737185,3784171,-56,-161,1313,131,-283,793,-53,-10,-39,-62,32,1285,574,-157,828,15,-5,-34,
4854061,3764242,1800546,4530697,3737185,3784171,-31,-152,1334,134,-287,794,-51,-11,-43,-69,33,1320,574,-157,828,8,-11,-32,
4854061,3505557,1800546,4530697,3737185,3784171,-47,-159,1309,134,-287,794,-55,-8,-35,-44,36,1311,571,-147,813,3,-11,-38,
4854061,3505557,1324331,4530697,3737185,3784171,-41,-170,1313,133,-287,796,-54,-10,-45,-74,35,1315,573,-157,827,1,-9,-37,
4854061,3505557,1324331,4599005,3737185,3784171,-38,-150,1323,133,-287,796,-52,-14,-45,-58,41,1307,573,-157,827,3,-11,-36,
4854061,3505557,1324331,4599005,3594764,3784171,-33,-171,1298,130,-284,786,-51,-15,-39,-51,14,1319,574,-162,834,3,-9,-38,
4854061,3505557,1324331,4599005,3594764,3656968,-35,-173,1291,131,-283,799,-50,-8,-35,-71,26,1314,574,-162,834,1,-14,-37,
4854061,3505557,1324331,4599005,3594764,3656968,-24,-162,1330,131,-283,799,-48,-6,-41,-46,39,1290,575,-156,834,7,-8,-32,
4854061,3505557,1324331,4599005,3594764,3656968,-15,-159,1301,131,-292,795,-53,-5,-39,-72,19,1352,575,-156,834,2,-3,-35,
4873278,3505557,1324331,4599005,3594764,3656968,-25,-164,1315,131,-292,795,-49,-6,-46,-44,38,1267,573,-153,832,0,-6,-33,
4873278,3342032,1324331,4599005,3594764,3656968,-35,-165,1314,136,-284,785,-43,-6,-42,-52,30,1307,573,-153,832,5,-3,-35,
4873278,3342032,915212,4599005,3594764,3656968,-32,-162,1332,136,-284,785,-43,-2,-40,-78,31,1325,572,-156,818,12,-9,-32,
4873278,3342032,915212,4644164,3594764,3656968,-16,-157,1328,135,-284,794,-45,-3,-43,-58,30,1310,571,-161,825,-2,-10,-33,
4873278,3342032,915212,4644164,3536842,3656968,-41,-154,1291,132,-287,796,-42,2,-43,-58,27,1332,571,-161,825,8,2,-37,
4873278,3342032,915212,4644164,3536842,3600810,-31,-159,1338,132,-287,796,-46,4,-36,-68,41,1284,570,-160,818,7,-1,-31,
4873278,3342032,915212,4644164,3536842,3600810,-52,-169,1296,130,-287,803,-45,-1,-38,-54,34,1340,570,-160,818,0,-1,-29,
4873278,3342032,915212,4644164,3536842,3600810,-24,-169,1296,130,-287,803,-38,-1,-44,-59,32,1309,574,-159,831,-5,1,-37,
4878278,3342032,915212,4644164,3536842,3600810,-27,-161,1338,131,-285,792,-40,-2,-45,-72,31,1317,574,-159,831,3,-3,-35,
4878278,3328061,915212,4644164,3536842,3600810,-34,-173,1310,132,-285,793,-45,-3,-36,-60,25,1315,568,-151,843,10,4,-35,
4878278,3328061,807267,4644164,3536842,3600810,-32,-158,1313,132,-285,793,-46,2,-41,-53,31,1325,572,-158,824,10,-5,-28,
4878278,3328061,807267,4665046,3536842,3600810,-27,-165,1339,131,-286,793,-48,-4,-38,-48,27,1302,572,-158,824,7,-4,-33,
4878278,3328061,807267,4665046,3497563,3600810,-37,-167,1343,131,-286,793,-48,-4,-37,-61,37,1326,574,-162,828,6,5,-37,
4878278,3328061,807267,4665046,3497563,3562410,-38,-170,1295,131,-284,790,-45,3,-31,-55,25,1308,574,-162,828,-2,-7,-36,
4878278,3328061,807267,4665046,3497563,3562410,-6,-162,1323,131,-284,790,-46,-3,-41,-52,31,1318,573,-160,832,2,-4,-35,
4878278,3328061,807267,4665046,3497563,3562410,-58,-162,1283,130,-283,793,-48,-9,-41,-60,31,1315,573,-160,832,-5,-3,-31,
4882089,3328061,807267,4665046,3497563,3562410,-26,-157,1359,133,-287,795,-49,-5,-36,-54,24,1321,572,-150,833,4,-5,-33,
4882089,3353331,807267,4665046,3497563,3562410,-18,-166,1296,133,-287,795,-54,-9,-37,-52,35,1304,572,-150,811,7,-2,-33,
4882089,3353331,741305,4665046,3497563,3562410,-24,-168,1320,129,-290,790,-52,-1,-38,-59,24,1330,572,-157,811,-5,-4,-40,
4882089,3353331,741305,4680785,3497563,3562410,-33,-160,1303,129,-290,790,-49,-5,-39,-45,26,1286,570,-162,832,5,-6,-34,
4882089,3353331,741305,4680785,3399912,3562410,-34,-162,1320,133,-286,795,-47,-1,-40,-81,19,1338,570,-162,832,13,-6,-32,
4882089,3353331,741305,4680785,3399912,3546519,-22,-170,1304,133,-286,798,-44,1,-43,-48,30,1300,575,-159,829,10,-4,-37,
4882089,3353331,741305,4680785,3399912,3546519,-34,-165,1335,133,-286,798,-48,4,-38,-61,42,1294,575,-159,829,2,2,-36,
4882089,3353331,741305,4680785,3399912,3546519,-28,-166,1328,131,-293,792,-43,5,-37,-56,38,1307,569,-158,837,-1,2,-33,
4884630,3353331,741305,4680785,3399912,3546519,-27,-150,1317,131,-293,792,-45,-5,-43,-62,32,1282,569,-158,837,0,2,-32,
4884630,3373044,741305,4680785,3399912,3546519,-33,-167,1304,128,-288,799,-48,4,-37,-63,29,1312,570,-157,841,0,-3,-37,
4884630,3373044,640435,4680785,3399912,3546519,-38,-155,1316,128,-288,799,-40,5,-39,-39,32,1306,574,-166,823,2,-3,-37,
4884630,3373044,640435,4698699,3399912,3546519,-24,-175,1340,130,-285,795,-40,2,-40,-75,31,1295,574,-166,823,5,-5,-44,
4884630,3373044,640435,4698699,3333954,3546519,-29,-159,1318,133,-287,796,-44,0,-29,-64,38,1331,572,-160,825,2,2,-42,
4884630,3373044,640435,4698699,3333954,3542338,-36,-157,1339,133,-287,796,-43,3,-34,-45,42,1297,572,-160,825,-2,0,-30,
4884630,3373044,640435,4698699,3333954,3542338,-22,-158,1317,132,-289,788,-45,-2,-41,-52,26,1345,570,-157,833,10,4,-25,
4884630,3373044,640435,4698699,3333954,3542338,-31,-155,1316,132,-289,788,-47,-255,-42,-63,52,1302,570,-157,833,11,-3,-33,
4888647,3373044,640435,4698699,3333954,3542338,-31,-169,1312,131,-284,791,-45,-5,-39,-49,32,1316,570,-154,842,0,-2,-36,
4888647,3200683,640435,4698699,3333954,3542338,-36,-171,1277,130,-290,799,-46,-15,-45,-74,32,1295,570,-155,825,3,2,-35,
4888647,3200683,683128,4698699,3333954,3542338,-17,-163,1336,130,-290,799,-58,-12,-36,-47,21,1310,571,-155,825,5,-9,-35,
4888647,3200683,683128,4718817,3333954,3542338,-20,-150,1342,129,-287,794,-56,-12,-47,-53,38,1302,571,-158,835,8,-16,-36,
4888647,3200683,683128,4718817,2687933,3542338,-31,-182,1289,129,-287,794,-53,-22,-48,-61,37,1347,571,-158,835,-4,-15,-42,
4888647,3200683,683128,4718817,2687933,3062803,-35,-160,1357,130,-284,802,-58,-14,-42,-59,17,1318,573,-160,830,-10,-31,-44,
4888647,3200683,683128,4718817,2687933,3062803,-32,-165,1310,130,-284,789,-48,-12,-44,-55,51,1325,573,-160,830,4,-32,-40,
4888647,3200683,683128,4718817,2687933,3062803,-33,-178,1337,132,-284,789,-46,-11,-47,-66,24,1323,569,-157,827,11,-25,-40,
4905142,3200683,683128,4718817,2687933,3062803,-29,-156,1327,131,-283,795,-47,-11,-41,-57,36,1324,569,-157,827,8,-22,-46,
4905142,2397874,683128,4718817,2687933,3062803,-37,-166,1310,131,-283,795,-49,-10,-37,-65,31,1298,572,-160,852,7,-15,-45,
4905142,2397874,184017,4718817,2687933,3062803,-28,-166,1314,129,-291,800,-57,-17,-43,-68,27,1335,571,-161,828,-3,-20,-45,
4905142,2397874,184017,4836361,2687933,3062803,-7,-175,1323,129,-291,800,-51,-24,-43,-54,21,1294,571,-161,828,-5,-21,-55,
4905142,2397874,184017,4836361,1915598,3062803,-16,-165,1300,127,-279,788,-52,-31,-42,-57,33,1293,568,-159,838,-1,-18,-53,
4905142,2397874,184017,4836361,1915598,1711650,-47,-163,1329,130,-286,793,-55,-43,-30,-62,32,1286,568,-159,838,-2,-19,-55,
4905142,2397874,184017,4836361,1915598,1711650,-11,-168,1321,130,-286,793,-61,-56,-25,-78,27,1337,567,-156,834,-4,-23,-58,
4905142,2397874,184017,4836361,1915598,1711650,-16,-176,1340,125,-285,788,-65,-76,-18,-44,33,1294,567,-156,834,4,-18,-57,
4933492,2397874,184017,4836361,1915598,1711650,-10,-157,1300,125,-285,788,-83,-85,-1,-39,52,1294,567,-151,832,0,-11,-57,
4933492,1788799,184017,4836361,1915598,1711650,3,-155,1318,126,-285,791,-79,-90,14,-53,27,1316,566,-157,828,-3,-9,-49,
4933492,1788799,168410,4836361,1915598,1711650,-10,-161,1325,126,-285,799,-79,-94,48,-32,40,1307,566,-157,828,15,-7,-38,
4933492,1788799,168410,4942842,1915598,1711650,6,-152,1335,121,-285,799,-63,-111,94,-53,27,1317,564,-162,836,20,-12,-31,
4933492,1788799,168410,4942842,1107702,1711650,23,-160,1290,120,-290,801,-55,-127,426,-67,34,1287,564,-162,836,10,-7,-22,
4933492,1788799,168410,4942842,1107702,1330242,34,-127,1312,120,-290,801,-33,-192,527,-40,39,1289,567,-162,836,6,1,-23,
4933492,1788799,168410,4942842,1107702,1330242,5,-105,1368,109,-292,797,-20,-250,808,-75,33,1314,567,-162,836,3,-5,-25,
4933492,1788799,168410,4942842,1107702,1330242,5,-112,1333,109,-292,797,-5,-297,1074,-42,25,1324,564,-153,823,3,-1,-21,
4940097,1788799,168410,4942842,1107702,1330242,-5,-110,1318,97,-287,791,-1,-330,1276,-53,38,1292,564,-153,823,8,1,-18,
4940097,1866775,168410,4942842,1107702,1330242,-54,-119,1326,82,-302,797,3,-348,1371,-72,29,1364,565,-157,834,10,-4,-20,
4940097,1866775,179274,4942842,1107702,1330242,-32,-133,1309,82,-302,797,-3,-357,1390,-41,46,1302,564,-162,833,10,0,-23,
4940097,1866775,179274,4992612,1107702,1330242,-33,-140,1346,64,-309,804,-9,-363,1391,-72,20,1323,564,-162,833,6,3,-19,
4940097,1866775,179274,4992612,853744,1330242,-59,-138,1319,64,-309,804,-5,-378,1407,-60,52,1306,563,-157,826,4,5,-15,
4940097,1866775,179274,4992612,853744,997327,-76,-113,1348,43,-309,798,9,-407,1467,-48,36,1301,563,-157,826,8,0,-25,
4940097,1866775,179274,4992612,853744,997327,-76,-90,1330,43,-314,809,16,-467,1581,-66,25,1324,565,-156,838,12,0,-19,
4940097,1866775,179274,4992612,853744,997327,-59,-78,1328,25,-314,809,11,-533,1963,-61,28,1313,565,-156,838,6,2,-18,
4933535,1866775,179274,4992612,853744,997327,-85,-77,1329,-3,-323,803,16,-599,2101,-38,38,1313,562,-156,834,5,-2,-17,
4933535,1824597,179274,4992612,853744,997327,-45,-128,1340,-3,-323,803,6,-593,2162,-67,30,1306,565,-159,826,1,-4,-13,
4933535,1824597,165476,4992612,853744,997327,12,-161,1303,-27,-321,812,11,-557,2143,-59,35,1300,565,-159,826,4,-5,-19,
4933535,1824597,165476,5022271,853744,997327,28,-184,1261,-27,-321,812,9,-495,2089,-62,42,1305,565,-161,824,-5,-11,-21,
4933535,1824597,165476,5022271,773363,997327,38,-180,1321,-50,-318,796,15,-422,2008,-59,36,1314,565,-161,824,0,-3,-20,
4933535,1824597,165476,5022271,773363,716748,22,-193,1315,-73,-330,807,22,-366,1946,-62,37,1327,565,-160,839,4,2,-16,
4933535,1824597,165476,5022271,773363,716748,18,-164,1292,-73,-330,807,27,-355,1922,-52,48,1304,565,-160,839,10,9,-20,
4933535,1824597,165476,5022271,773363,716748,-31,-95,1317,-93,-331,805,38,-377,1972,-56,36,1283,562,-151,837,10,4,-19,
4942748,1824597,165476,5022271,773363,716748,-42,-61,1315,-93,-331,805,46,-427,2107,-63,37,1315,562,-157,827,8,-2,-30,
4942748,1700660,165476,5022271,773363,716748,-74,-38,1327,-119,-324,797,66,-483,2346,-38,36,1309,562,-157,827,12,-1,-26,
4942748,1700660,165530,5022271,773363,716748,-74,-26,1371,-152,-326,795,120,-595,2982,-47,48,1303,564,-162,833,12,-4,-34,
4942748,1700660,165530,5046232,773363,716748,-99,-32,1349,-152,-326,795,133,-640,3256,-68,15,1360,564,-162,833,5,-4,-31,
4942748,1700660,165530,5046232,163615,716748,-54,-86,1075,-185,-323,802,168,-613,3425,-62,38,1303,561,-157,826,0,-1,-19,
4942748,1700660,165530,5046232,163615,559047,36,-235,1283,-185,-323,802,184,-496,3459,-61,33,1310,561,-157,826,-1,-5,-22,
4942748,1700660,165530,5046232,163615,559047,42,-318,1251,-217,-312,796,194,-348,3330,-76,29,1334,564,-154,829,2,-3,-26,
4942748,1700660,165530,5046232,163615,559047,58,-359,1257,-217,-312,796,182,-192,3048,-60,43,1325,564,-154,829,7,-8,-27,
4941966,1700660,165530,5046232,163615,559047,65,-406,1241,-237,-302,797,179,-6,2681,-41,27,1317,562,-157,844,15,-3,-23,
4941966,1860376,165530,5046232,163615,559047,126,-376,1332,-246,-302,802,162,123,2292,-52,35,1302,564,-160,813,12,1,-13,
4941966,1860376,165535,5046232,163615,559047,56,-303,1323,-246,-302,802,100,140,1912,-47,29,1307,564,-160,813,9,1,-10,
4941966,1860376,165535,5075097,163615,559047,2,-193,1306,-250,-299,803,65,101,1610,-49,40,1296,566,-159,828,5,-4,-9,
4941966,1860376,165535,5075097,163491,559047,19,-161,1316,-250,-299,803,41,47,1431,-55,29,1330,566,-159,828,9,-4,-12,
4941966,1860376,165535,5075097,163491,541311,53,-172,1326,-262,-287,796,19,3,1436,-56,42,1308,563,-162,833,2,-5,-6,
4941966,1860376,165535,5075097,163491,541311,57,-205,1330,-269,-279,793,1,21,1374,-44,32,1335,563,-162,833,3,6,-2,
4941966,1860376,165535,5075097,163491,541311,27,-240,1305,-269,-279,793,-10,34,1209,-44,31,1282,561,-153,846,4,10,4,
4941686,1860376,165535,5075097,163491,541311,15,-264,1246,-269,-283,796,-22,66,928,-34,41,1322,561,-155,824,3,6,-3,
4941686,1531340,165535,5075097,163491,541311,-13,-258,1319,-269,-283,796,-36,127,548,-45,44,1304,561,-155,824,6,-252,-9,
4941686,1531340,208243,5075097,163491,541311,-24,-189,1319,-266,-277,804,-45,189,166,-46,35,1326,564,-161,832,7,3,-19,
4941686,1531340,208243,5064439,163491,541311,-11,-155,1310,-266,-277,804,-31,226,-37,-20,36,1346,564,-161,832,-2,9,-29,
4941686,1531340,208243,5064439,527477,541311,21,-161,1323,-264,-278,796,-19,235,-60,-41,40,1301,565,-161,827,-1,10,-24,
4941686,1531340,208243,5064439,527477,280547,-10,-160,1337,-258,-283,808,-44,210,-28,-28,41,1304,565,-161,827,-9,25,-23,
4941686,1531340,208243,5064439,527477,280547,-21,-171,1336,-258,-283,808,-55,182,-22,-56,22,1307,560,-157,832,-1,42,-20,
4941686,1531340,208243,5064439,527477,280547,-41,-157,1312,-255,-282,804,-37,123,-16,-54,36,1330,560,-157,832,7,23,-24,
4935951,1531340,208243,5064439,527477,280547,-21,-154,1297,-255,-282,804,-21,109,-15,-34,27,1336,567,-155,830,3,26,-48,
4935951,1786167,208243,5064439,527477,280547,-47,-154,1327,-259,-279,804,-45,68,-19,-38,51,1320,568,-160,846,-9,24,-54,
4935951,1786167,554587,5064439,527477,280547,-32,-158,1343,-256,-278,803,-49,48,-26,-39,24,1326,568,-160,846,-10,38,-41,
4935951,1786167,554587,4940028,527477,280547,-21,-166,1334,-256,-278,803,-56,35,-35,-36,24,1328,568,-162,817,-2,32,-27,
4935951,1786167,554587,4940028,1215089,280547,-22,-157,1306,-253,-281,807,-45,38,-36,-49,35,1322,568,-162,817,-8,38,-29,
4935951,1786167,554587,4940028,1215089,184119,-16,-155,1353,-253,-281,807,-45,29,-31,-42,43,1311,570,-157,828,-4,40,-33,
4935951,1786167,554587,4940028,1215089,184119,-41,-159,1331,-251,-284,813,-53,11,-38,-58,26,1310,570,-157,828,3,37,-28,
4935951,1786167,554587,4940028,1215089,184119,-29,-158,1288,-251,-284,813,-54,-7,-42,-41,42,1294,571,-152,812,-3,30,-23,
4932976,1786167,554587,4940028,1215089,184119,-35,-156,1329,-255,-276,795,-61,-22,-42,-43,20,1315,572,-159,841,-7,24,-11,
4932976,3298894,554587,4940028,1215089,184119,-27,-169,1306,-254,-280,810,-66,-35,-46,-34,37,1303,572,-159,841,-6,17,-13,
4932976,3298894,1104959,4940028,1215089,184119,-24,-152,1337,-254,-280,810,-69,-59,-41,-43,25,1315,571,-158,839,-9,19,-6,
4932976,3298894,1104959,4896382,1215089,184119,-7,-151,1349,-256,-281,807,-80,-50,-46,-37,29,1323,571,-158,839,-9,26,11,
4932976,3298894,1104959,4896382,2020442,184119,5,-170,1324,-256,-281,807,-86,-54,-39,-38,9,1316,570,-159,829,-6,21,30,
4932976,3298894,1104959,4896382,2020442,162541,-13,-163,1287,-257,-275,813,-72,-53,-39,-33,24,1312,570,-159,829,-7,9,156,
4932976,3298894,1104959,4896382,2020442,162541,-11,-161,1341,-256,-278,804,-58,-43,-34,-18,23,1300,571,-152,823,-17,9,208,
4932976,3298894,1104959,4896382,2020442,162541,-13,-171,1318,-256,-278,804,-51,-31,-37,-67,16,1318,571,-152,844,-26,14,220,
4975376,3298894,1104959,4896382,2020442,162541,-18,-167,1337,-258,-278,807,-44,-19,-38,-41,31,1302,567,-162,844,-28,28,156,
4975376,2724545,1104959,4896382,2020442,162541,-26,-172,1303,-258,-278,807,-41,-13,-42,11,11,1304,571,-166,815,-40,46,272,
4975376,2724545,1468985,4896382,2020442,162541,-11,-169,1341,-259,-274,803,-38,-11,-36,-2,33,1302,571,-166,815,-48,55,405,
4975376,2724545,1468985,4742461,2020442,162541,-1,-174,1314,-259,-274,803,-33,-19,-28,-64,9,1328,571,-171,818,-49,68,463,
4975376,2724545,1468985,4742461,2732859,162541,-20,-165,1324,-259,-281,808,-29,-22,-30,-52,19,1313,571,-171,818,-57,63,467,
4975376,2724545,1468985,4742461,2732859,166799,-16,-150,1337,-259,-278,810,-29,-29,-25,-25,8,1312,563,-177,832,-65,73,477,
4975376,2724545,1468985,4742461,2732859,166799,0,-164,1323,-259,-278,810,-36,-29,-19,-19,0,1322,563,-177,832,-81,81,527,
4975376,2724545,1468985,4742461,2732859,166799,1,-152,1330,-259,-279,816,-37,-20,-24,-19,5,1320,564,-180,828,-96,78,602,
4992556,2724545,1468985,4742461,2732859,166799,-17,-163,1307,-259,-279,816,-33,-13,-23,-46,20,1330,561,-186,832,-172,78,671,
4992556,2083820,1468985,4742461,2732859,166799,7,-166,1350,-260,-275,805,-25,-9,-27,-75,26,1344,561,-186,832,-320,91,652,
4992556,2083820,1683654,4742461,2732859,166799,-6,-153,1324,-261,-280,804,-30,-13,-17,-102,45,1398,561,-181,836,-586,135,559,
4992556,2083820,1683654,4604035,2732859,166799,4,-170,1311,-261,-280,804,-36,-17,-22,-216,91,1450,561,-181,836,-931,103,444,
4992556,2083820,1683654,4604035,3199376,166799,-4,-148,1323,-262,-278,810,-38,-9,-26,-209,56,1472,560,-155,837,-1166,25,269,
4992556,2083820,1683654,4604035,3199376,161987,11,-157,1309,-262,-278,810,-34,-6,-24,-123,-4,1348,560,-155,837,-1205,-30,92,
4992556,2083820,1683654,4604035,3199376,161987,-7,-162,1333,-260,-277,814,-36,-13,-25,-55,-67,1270,557,-136,844,-1152,-86,12,
4992556,2083820,1683654,4604035,3199376,161987,-6,-172,1287,-260,-277,803,-34,-2,-34,-92,-103,1327,557,-117,859,-1045,-121,32,
4999057,2083820,1683654,4604035,3199376,161987,-15,-144,1342,-262,-278,803,-31,-8,-33,-78,-125,1309,552,-117,859,-995,-120,54,
4999057,2118460,1683654,4604035,3199376,161987,0,-158,1299,-261,-279,805,-36,-7,-38,-89,-142,1288,555,-102,858,-965,-101,45,
4999057,2118460,1995539,4604035,3199376,161987,-12,-149,1292,-261,-279,805,-42,-5,-41,-119,-95,1282,555,-102,858,-829,-61,13,
4999057,2118460,1995539,4489720,3199376,161987,8,-164,1342,-262,-280,807,-47,1,-40,-116,-152,1260,554,-85,856,-732,-50,-36,
4999057,2118460,1995539,4489720,3380766,161987,-21,-167,1322,-262,-280,807,-47,1,-39,-78,-183,1274,554,-85,856,-657,-27,-73,
4999057,2118460,1995539,4489720,3380766,162199,-10,-159,1315,-259,-278,806,-42,4,-35,-77,-172,1265,552,-68,857,-612,-4,-71,
4999057,2118460,1995539,4489720,3380766,162199,-12,-153,1320,-260,-278,810,-32,2,-33,-80,-188,1275,552,-68,857,-584,1,-81,
4999057,2118460,1995539,4489720,3380766,162199,-14,-150,1315,-260,-278,810,-30,4,-39,-94,-183,1307,556,-54,848,-559,5,-96,
4984016,2118460,1995539,4489720,3380766,162199,-10,-152,1284,-261,-279,799,-32,10,-33,-70,-213,1280,555,-44,846,-530,7,-94,
4984016,2986039,1995539,4489720,3380766,162199,-1,-172,1357,-261,-279,799,-47,18,-33,-88,-202,1268,555,-44,846,-510,11,-100,
4984016,2986039,2743597,4489720,3380766,162199,-15,-158,1309,-261,-277,809,-58,33,-25,-73,-210,1298,557,-33,852,-515,38,-109,
4984016,2986039,2743597,4443737,3380766,162199,-23,-162,1342,-261,-277,816,-50,39,-28,-103,-238,1306,557,-33,852,-520,52,-113,
4984016,2986039,2743597,4443737,3846314,162199,2,-163,1312,-260,-277,816,-41,30,-32,-49,-250,1245,561,-13,848,-529,69,-121,
4984016,2986039,2743597,4443737,3846314,162320,3,-167,1326,-257,-280,811,-39,31,-24,-81,-265,1249,561,-13,848,-501,81,-118,
4984016,2986039,2743597,4443737,3846314,162320,-3,-147,1322,-257,-280,811,-39,30,-18,-92,-272,1234,559,-1,838,-458,93,-97,
4984016,2986039,2743597,4443737,3846314,162320,-17,-154,1322,-257,-282,803,-41,32,-29,-80,-278,1220,562,7,857,-385,80,-93,
4923222,2986039,2743597,4443737,3846314,162320,-21,-168,1310,-257,-282,803,-35,47,-27,-83,-304,1241,562,7,857,-327,76,-89,
4923222,3958719,2743597,4443737,3846314,162320,-23,-156,1310,-257,-275,809,-27,45,-26,-90,-301,1230,565,8,861,-276,48,-67,
4923222,3958719,3199984,4443737,3846314,162320,-16,-154,1341,-254,-281,805,-31,43,-22,-78,-300,1236,565,8,861,-232,19,-56,
4923222,3958719,3199984,4424142,3846314,162320,-40,-156,1314,-254,-281,805,-31,47,-23,-82,-314,1295,564,15,858,-184,6,-43,
4923222,3958719,3199984,4424142,4179855,162320,-15,-147,1323,-253,-282,799,-31,35,-31,-81,-294,1293,564,15,858,-142,-1,-14,
4923222,3958719,3199984,4424142,4179855,162550,-23,-143,1361,-253,-282,799,-42,26,-32,-83,-303,1351,564,17,853,-125,23,21,
4923222,3958719,3199984,4424142,4179855,162550,-40,-155,1301,-255,-277,805,-35,30,-29,-79,-280,1342,564,17,853,-202,77,20,
4923222,3958719,3199984,4424142,4179855,162550,-22,-162,1337,-255,-280,810,-33,39,-23,-143,-251,1319,567,20,836,-265,38,-16,
4813454,3958719,3199984,4424142,4179855,162550,-41,-164,1297,-254,-280,810,-21,51,-20,-108,-279,1302,569,28,845,-297,22,-41,
4813454,4194391,3199984,4424142,4179855,162550,-41,-154,1341,-251,-281,804,-14,59,-10,-74,-312,1264,569,28,845,-317,18,-39,
4813454,4194391,3587098,4424142,4179855,162550,-32,-153,1315,-251,-281,804,-23,60,-6,-60,-336,1221,572,32,847,-282,47,-17,
4813454,4194391,3587098,4431021,4179855,162550,-59,-136,1342,-250,-282,807,-21,65,-3,-78,-346,1196,572,32,847,-235,72,11,
4813454,4194391,3587098,4431021,4337638,162550,-25,-140,1361,-250,-282,807,-17,62,-9,-111,-348,1236,570,39,827,-174,71,25,
4813454,4194391,3587098,4431021,4337638,162547,-50,-147,1322,-253,-276,809,-21,61,-6,-76,-352,1231,570,39,827,-113,53,44,
4813454,4194391,3587098,4431021,4337638,162547,-60,-159,1293,-248,-283,808,-15,61,-1,-109,-342,1264,571,45,846,-88,43,67,
4813454,4194391,3587098,4431021,4337638,162547,-46,-161,1334,-248,-283,808,-17,64,-3,-97,-338,1280,572,40,842,-92,22,83,
4574130,4194391,3587098,4431021,4337638,162547,-50,-146,1298,-247,-288,811,-29,60,-13,-91,-341,1279,572,40,842,-114,-11,81,
4574130,4308183,3587098,4431021,4337638,162547,-65,-148,1306,-247,-288,811,-33,79,-29,-85,-341,1272,571,43,839,-145,-52,91,
4574130,4308183,3973855,4431021,4337638,162547,-54,-141,1360,-249,-279,804,-33,85,-26,-128,-337,1190,571,43,839,-177,-111,92,
4574130,4308183,3973855,4460778,4337638,162547,-53,-152,1332,-246,-283,809,-33,90,-23,-91,-370,1227,568,44,839,-138,-153,80,
4574130,4308183,3973855,4460778,4291194,162547,-72,-138,1318,-246,-283,809,-35,89,-26,-60,-369,1193,568,44,839,-100,-179,80,
4574130,4308183,3973855,4460778,4291194,162531,-62,-140,1312,-241,-285,808,-47,76,-38,-53,-371,1201,561,49,855,-45,-192,102,
4574130,4308183,3973855,4460778,4291194,162531,-75,-147,1303,-241,-285,808,-53,68,-44,-49,-384,1242,561,47,842,8,-188,136,
4574130,4308183,3973855,4460778,4291194,162531,-49,-155,1330,-242,-278,808,-56,72,-47,-57,-375,1259,561,47,842,45,-197,167,
4138535,4308183,3973855,4460778,4291194,162531,-92,-159,1300,-242,-278,808,-56,76,-47,-16,-382,1283,553,40,850,48,-205,194,
4138535,4228572,3973855,4460778,4291194,162531,-72,-151,1323,-242,-277,799,-63,69,-37,-50,-391,1285,553,40,850,22,-224,264,
4138535,4228572,4258734,4460778,4291194,162531,-75,-158,1346,-239,-287,807,-52,75,-26,-27,-372,1305,550,34,858,-255,-271,286,
4138535,4228572,4258734,4560801,4291194,162531,-76,-150,1342,-239,-287,807,-51,110,-33,-83,-348,1349,550,34,858,-147,-321,292,
4138535,4228572,4258734,4560801,4068761,162531,-87,-128,1350,-239,-285,808,-61,147,-46,-84,-320,1322,543,41,857,-199,-342,291,
4138535,4228572,4258734,4560801,4068761,162255,-93,-131,1349,-239,-285,808,-79,233,-70,10,-385,1321,543,41,857,-290,-385,304,
4138535,4228572,4258734,4560801,4068761,162255,-124,-101,1403,-227,-276,808,-159,387,-100,-47,-366,1286,534,51,865,-335,-433,349,
4138535,4228572,4258734,4560801,4068761,162255,-138,-77,1365,-215,-276,814,-348,570,-139,-6,-372,1198,525,44,862,-331,-497,391,
3159194,4228572,4258734,4560801,4068761,162255,-152,-86,1432,-215,-276,814,-520,752,-218,-68,-359,1209,525,44,862,-282,-544,430,
3159194,4020228,4258734,4560801,4068761,162255,-156,-81,1448,-197,-269,817,-583,813,-298,-21,-388,1184,513,43,878,-224,-581,467,
3159194,4020228,4573359,4560801,4068761,162255,-117,-223,1431,-197,-269,817,-556,766,-368,-75,-360,1183,513,43,878,-158,-593,525,
3159194,4020228,4573359,4662746,4068761,162255,-119,-311,1466,-178,-251,822,-602,785,-347,-30,-359,1308,496,42,889,-64,-582,533,
3159194,4020228,4573359,4662746,3490211,162255,-111,-331,1512,-178,-251,822,-692,856,-160,-37,-263,1329,496,42,889,-91,-656,564,
3159194,4020228,4573359,4662746,3490211,162608,-117,-320,1510,-164,-237,840,-962,961,-72,-35,-300,1353,480,40,895,-178,-746,620,
3159194,4020228,4573359,4662746,3490211,162608,-151,-509,1515,-143,-222,836,-1148,998,4,37,-341,1330,459,38,900,-254,-790,663,
3159194,4020228,4573359,4662746,3490211,162608,-146,-767,1377,-143,-222,836,-1341,1059,167,139,-392,1272,459,38,900,-313,-821,765,
2050480,4020228,4573359,4662746,3490211,162608,38,-1799,1337,-124,-189,840,-1586,1094,403,103,-402,1254,440,28,897,-340,-831,945,
2050480,3081268,4573359,4662746,3490211,162608,271,-2168,1299,-124,-189,840,-1942,1128,724,57,-450,1165,440,28,897,-322,-839,1089,
2050480,3081268,4849593,4662746,3490211,162608,459,-2353,1255,-109,-134,853,-2376,1169,935,-12,-427,1250,423,23,912,-255,-841,1072,
2050480,3081268,4849593,4818698,3490211,162608,562,-2544,1276,-86,-77,861,-2855,1223,988,90,-425,1189,423,23,912,-204,-865,1010,
2050480,3081268,4849593,4818698,2826111,162608,898,-2215,1007,-86,-77,861,-3374,1257,988,107,-468,1336,399,24,922,-169,-883,1006,
2050480,3081268,4849593,4818698,2826111,162756,794,-1532,1320,-60,-6,870,-3745,1250,856,231,-435,1301,399,24,922,-217,-905,1075,
2050480,3081268,4849593,4818698,2826111,162756,89,-129,1487,-60,-6,870,-3866,1178,875,250,-462,1342,381,20,955,-316,-1029,1457,
2050480,3081268,4849593,4818698,2826111,162756,-386,617,1496,-39,89,864,-3812,751,1234,159,-369,1337,358,13,961,-590,-1082,1593,
1986199,3081268,4849593,4818698,2826111,162756,-663,647,1423,-39,89,864,-3697,679,851,174,-423,1286,358,13,961,-753,-1124,1638,
1986199,2067555,4849593,4818698,2826111,162756,-699,524,1330,-28,174,846,-3818,595,415,32,-404,1252,327,23,955,-849,-1150,1546,
1986199,2067555,4788777,4818698,2826111,162756,-829,639,1385,-12,251,840,-3738,552,37,140,-489,1210,327,23,955,-883,-1172,1470,
1986199,2067555,4788777,4919947,2826111,162756,-1126,467,1665,-12,251,840,-3501,538,51,119,-554,1155,301,36,962,-912,-1190,1459,
1986199,2067555,4788777,4919947,1874881,162756,-1235,49,1649,-1,318,825,-3240,599,198,158,-625,1179,301,36,962,-935,-1183,1403,
1986199,2067555,4788777,4919947,1874881,162272,-901,-191,1595,-1,318,825,-3039,768,124,-19,-596,1240,272,51,960,-1043,-1258,1247,
1986199,2067555,4788777,4919947,1874881,162272,-806,-217,1641,21,389,788,-3121,902,-42,-32,-528,1253,246,73,980,-1163,-1300,931,
1986199,2067555,4788777,4919947,1874881,162272,-749,-392,1733,41,451,744,-3171,1073,-179,81,-586,1322,246,73,980,-1278,-1325,695,
1779804,2067555,4788777,4919947,1874881,162272,-841,-564,1792,41,451,744,-3207,1205,-226,139,-598,1304,211,101,972,-1390,-1341,582,
1779804,1881283,4788777,4919947,1874881,162272,-806,-447,1499,62,518,702,-3327,1290,-429,232,-536,1288,211,101,972,-1593,-1349,567,
1779804,1881283,4664647,4919947,1874881,162272,-813,-352,1307,62,518,702,-3587,1393,-536,72,-432,1282,181,138,984,-1823,-1412,618,
1779804,1881283,4664647,4928593,1874881,162272,-988,-180,1232,84,579,656,-3627,1382,-667,89,-464,1262,181,138,984,-1968,-1367,609,
1779804,1881283,4664647,4928593,470725,162272,-830,-195,997,84,579,656,-3630,1346,-845,62,-561,1225,151,192,972,-2074,-1349,643,
1779804,1881283,4664647,4928593,470725,164790,-612,-189,726,96,652,590,-3786,1332,-1069,143,-650,1283,151,192,952,-2228,-1337,645,
1779804,1881283,4664647,4928593,470725,164790,-527,36,427,100,713,527,-4033,1293,-1330,194,-686,1443,123,242,952,-2444,-1365,629,
1779804,1881283,4664647,4928593,470725,164790,-530,-329,-569,100,713,527,-4177,1250,-1606,305,-680,1408,107,306,941,-2769,-1400,642,
3112319,1881283,4664647,4928593,470725,164790,-332,-804,-779,89,778,442,-4234,1156,-1825,434,-604,1218,107,306,941,-3157,-1388,777,
3112319,2087729,4664647,4928593,470725,164790,-373,-1112,-891,89,778,442,-4238,883,-1905,646,-585,831,98,382,918,-3512,-1222,1639,
3112319,2087729,3114270,4928593,470725,164790,-248,-1434,-965,60,831,365,-3904,559,-1866,884,-503,693,98,382,918,-3727,-944,1979,
3112319,2087729,3114270,4391688,470725,164790,170,-2472,-1221,39,847,315,-2983,359,-1605,727,-206,779,100,454,884,-2823,-1151,1138,
3112319,2087729,3114270,4391688,354613,164790,347,-2704,-1199,39,847,315,-2028,-16,-290,1051,-547,405,100,454,884,-1336,-937,212,
3112319,2087729,3114270,4391688,354613,835379,214,-2083,-991,39,855,302,-553,-133,156,1292,-831,341,85,481,844,447,-803,357,
3112319,2087729,3114270,4391688,354613,835379,94,-1758,-871,39,855,302,-184,-292,502,1139,-865,552,67,450,867,969,-997,302,
3112319,2087729,3114270,4391688,354613,835379,-58,-1121,-430,48,860,306,-135,-456,679,1051,-844,473,67,450,867,916,-1131,-173,
3387587,2087729,3114270,4391688,354613,835379,-258,-645,-100,48,860,306,-228,-466,582,1076,-1331,336,33,434,865,812,-1211,-535,
3387587,1294745,3114270,4391688,354613,835379,-530,-445,198,61,860,300,-353,-337,287,1172,-1200,411,33,434,865,900,-1218,-842,
3387587,1294745,1691829,4391688,354613,835379,-797,-431,308,58,866,283,-505,-124,-54,1578,-636,370,-15,412,887,1007,-1266,-1222,
3387587,1294745,1691829,4259646,354613,835379,-1101,-534,333,58,866,283,-624,124,-369,1944,-1021,442,-15,412,887,1245,-1456,-1656,
3387587,1294745,1691829,4259646,245445,835379,-768,-698,166,44,871,274,-626,397,-656,2149,-272,393,-75,387,887,1177,-1730,-1841,
3387587,1294745,1691829,4259646,245445,742285,-418,-999,106,44,871,274,-554,657,-899,2100,-329,592,-75,357,903,1334,-1879,-1860,
3387587,1294745,1691829,4259646,245445,742285,-180,-1199,-38,29,877,262,-557,826,-1082,2158,-664,701,-142,357,903,1529,-1816,-1581,
3387587,1294745,1691829,4259646,245445,742285,69,-1262,-299,14,876,235,-1020,1133,-1261,2083,-1107,837,-187,328,891,1223,-1633,-926,
2951781,1294745,1691829,4259646,245445,742285,176,-1239,-470,14,876,235,-1361,1340,-1281,1761,-487,986,-187,328,891,898,-1303,-190,
2951781,1075979,1691829,4259646,245445,742285,376,-1204,-853,-4,883,202,-1267,1392,-1348,1667,-521,1178,-214,316,907,1057,-898,242,
2951781,1075979,1051052,4259646,245445,742285,191,-1613,-915,-4,883,202,-936,1347,-1378,1927,-41,1217,-214,316,907,1070,-737,448,
2951781,1075979,1051052,4090023,245445,742285,196,-1964,-918,-23,886,195,-531,1313,-1194,1836,-75,1404,-247,294,912,1223,-1179,486,
2951781,1075979,1051052,4090023,164085,742285,169,-2140,-829,-23,886,190,-241,1285,-799,934,-478,1600,-247,294,912,1647,-2188,299,
2951781,1075979,1051052,4090023,164085,541182,203,-2134,-675,-28,888,190,-96,1275,-355,535,-408,1525,-314,261,913,1729,-2605,61,
2951781,1075979,1051052,4090023,164085,541182,288,-1899,-402,-22,888,184,-115,1214,-42,468,-461,1417,-375,213,904,1812,-2481,-108,
2951781,1075979,1051052,4090023,164085,541182,189,-1302,136,-22,888,184,-241,1087,101,50,-635,1474,-375,213,904,2033,-2379,-141,
2379515,1075979,1051052,4090023,164085,541182,104,-1058,409,-15,895,177,-362,1006,85,-412,-607,1512,-436,171,871,2020,-2081,-217,
2379515,1004890,1051052,4090023,164085,541182,-69,-862,432,-15,895,177,-524,997,-133,-856,-778,1484,-436,171,871,1964,-1681,-238,
2379515,1004890,551611,4090023,164085,541182,-211,-824,320,-16,899,167,-497,951,-27,-1052,-809,1486,-479,131,868,1811,-1155,-229,
2379515,1004890,551611,3784518,164085,541182,-293,-1032,174,-7,898,154,-405,808,146,-1184,-842,1537,-479,131,868,1644,-525,-202,
2379515,1004890,551611,3784518,163763,541182,-986,-2995,-249,-7,898,154,-1154,617,173,-1077,-844,1511,-497,102,865,1567,34,-185,
2379515,1004890,551611,3784518,163763,223893,-613,-865,-607,0,909,131,-1438,292,140,-797,-1001,1398,-496,63,857,1465,312,-258,
2379515,1004890,551611,3784518,163763,223893,-753,-1329,-645,0,909,131,-531,-21,47,-621,-1076,1268,-496,63,857,1202,271,-388,
2379515,1004890,551611,3784518,163763,223893,-682,-1286,-556,-2,922,117,-89,-165,119,-413,-864,1110,-500,35,882,1001,4,-537,
2258076,1004890,551611,3784518,163763,223893,-513,-960,-468,254,915,117,-116,-221,165,-219,-797,1139,-500,35,882,1100,-515,-639,
2258076,1119878,551611,3784518,163763,223893,-477,-809,-250,2,915,117,-162,-164,76,-681,-737,1045,-520,2,866,1097,-827,-619,
2258076,1119878,453647,3784518,163763,223893,-420,-831,-193,1,916,104,-206,64,-68,-619,-501,920,-520,2,866,945,-659,-489,
2258076,1119878,453647,3606450,163763,223893,-288,-1091,-369,1,916,104,-271,320,-199,-429,-375,832,-537,-15,853,939,-374,-325,
2258076,1119878,453647,3606450,164205,223893,-175,-1362,-475,-2,918,110,-27,576,-330,-298,-352,810,-537,-15,853,994,-253,-163,
2258076,1119878,453647,3606450,164205,163618,-52,-1604,-583,-2,918,110,-147,566,-261,-248,-276,769,-544,-39,851,987,-217,-62,
2258076,1119878,453647,3606450,164205,163618,-18,-1616,-558,-3,920,108,-149,521,-99,-175,-208,712,-547,-65,843,952,-123,-64,
2258076,1119878,453647,3606450,164205,163618,15,-1406,-436,1,917,96,-197,519,61,-79,-272,661,-547,-65,843,935,-21,-183,
2332648,1119878,453647,3606450,164205,163618,-19,-1250,-366,1,917,96,-307,567,104,36,-489,651,-547,-86,839,887,34,-322,
2332648,1217041,453647,3606450,164205,163618,-109,-1139,-336,4,921,101,-446,625,38,56,-426,663,-547,-86,839,727,66,-379,
2332648,1217041,201368,3606450,164205,163618,-225,-1190,-414,4,921,101,-487,650,-32,119,-516,690,-546,-99,844,631,444,-321,
2332648,1217041,201368,3720145,164205,163618,-277,-1231,-414,5,930,83,-424,638,-69,4451,-9270,3737,-546,-99,844,-465,693,832,
2332648,1217041,201368,3720145,1000769,163618,-368,-1114,-414,4,925,78,-351,645,-102,3414,-361,282,-533,-66,844,-3572,-471,2534,
2332648,1217041,201368,3720145,1000769,162279,-397,-1198,-470,4,925,78,-233,703,-164,1531,1125,889,-535,0,841,-1902,-242,2797,
2332648,1217041,201368,3720145,1000769,162279,-194,-1414,-528,2,925,79,-118,761,-170,935,-952,677,-535,0,841,14,327,2927,
2332648,1217041,201368,3720145,1000769,162279,36,-1264,-514,2,925,79,-99,524,-137,960,-851,748,-523,14,828,160,226,1388,
2389219,1217041,201368,3720145,1000769,162279,55,-1170,-526,4,925,71,-110,300,-207,358,-1379,860,-523,14,828,-461,-50,-172,
2389219,1202103,201368,3720145,1000769,162279,54,-1234,-489,4,925,71,-43,106,-183,302,-1381,800,-526,27,844,-1141,-289,-824,
2389219,1202103,178690,3720145,1000769,162279,-2,-1309,-424,-2,934,80,-7,19,-73,165,-944,712,-526,27,844,-1202,-307,-843,
2389219,1202103,178690,3843083,1000769,162279,-11,-1369,-366,2,923,73,-74,12,19,218,-937,738,-534,47,822,-803,-103,-441,
2389219,1202103,178690,3843083,1050601,162279,-41,-1353,-395,2,923,73,-161,44,90,460,-686,690,-534,47,823,-449,75,-7,
2389219,1202103,178690,3843083,1050601,162488,-106,-1265,-393,6,923,70,-215,88,123,749,-576,806,-528,52,823,-189,129,230,
2389219,1202103,178690,3843083,1050601,162488,-182,-1236,-394,6,923,70,-225,140,137,884,-600,871,-523,55,821,-219,83,299,
2389219,1202103,178690,3843083,1050601,162488,-153,-1258,-355,7,935,72,-202,187,149,844,-618,927,-523,55,821,-393,55,321,
2334225,1202103,178690,3843083,1050601,162488,-188,-1233,-431,15,926,65,-182,258,135,736,-637,714,-517,70,839,-550,112,349,
2334225,1456185,178690,3843083,1050601,162488,-176,-1228,-423,15,926,65,-160,338,99,758,-649,673,-517,70,839,-593,198,426,
2334225,1456185,166532,3843083,1050601,162488,-182,-1239,-442,18,926,64,-121,483,100,782,-661,639,-513,87,840,-529,245,543,
2334225,1456185,166532,3862212,1050601,162488,-120,-1289,-431,18,926,64,-127,529,115,738,-708,667,-513,87,840,-428,241,674,
2334225,1456185,166532,3862212,885830,162488,-105,-1241,-477,20,932,63,-155,555,121,687,-765,687,-503,113,843,-285,261,775,
2334225,1456185,166532,3862212,885830,162376,-97,-1201,-512,20,932,63,-145,555,124,648,-829,689,-492,112,841,-138,306,815,
2334225,1456185,166532,3862212,885830,162376,-125,-1203,-507,26,938,53,-120,525,108,624,-876,725,-492,112,841,-59,363,636,
2334225,1456185,166532,3862212,885830,162376,-98,-1186,-512,33,927,58,-93,473,88,619,-894,983,-478,115,842,-49,497,477,
2299748,1456185,166532,3862212,885830,162376,-85,-1183,-478,33,927,58,-55,405,47,609,-863,740,-478,115,842,-47,542,326,
2299748,1604686,166532,3862212,885830,162376,-80,-1248,-441,30,922,63,-21,347,19,601,-847,765,-464,124,851,-12,560,211,
2299748,1604686,165546,3862212,885830,162376,-46,-1258,-443,30,922,63,-11,303,3,588,-831,810,-464,124,851,19,548,139,
2299748,1604686,165546,3922273,885830,162376,-37,-1285,-415,33,931,53,-5,259,-2,593,-806,810,-453,129,842,99,512,100,
2299748,1604686,165546,3922273,759969,162376,-29,-1317,-403,34,926,56,-18,149,27,587,-795,857,-453,121,855,149,468,75,
2299748,1604686,165546,3922273,759969,163686,-53,-1292,-401,34,926,56,-80,106,46,596,-793,857,-443,121,855,177,395,54,
2299748,1604686,165546,3922273,759969,163686,-46,-1255,-451,37,925,57,-82,69,64,563,-807,898,-436,113,888,143,321,2,
2299748,1604686,165546,3922273,759969,163686,-85,-1245,-465,37,925,57,-69,38,84,568,-804,862,-436,113,888,108,243,-60,
2239364,1604686,165546,3922273,759969,163686,-122,-1222,-473,39,926,53,-55,23,81,591,-797,880,-429,111,873,121,174,-100,
2239364,1722806,165546,3922273,759969,163686,-129,-1214,-491,39,926,53,-39,30,69,586,-798,868,-429,111,873,168,93,-117,
2239364,1722806,165645,3922273,759969,163686,-153,-1211,-462,43,932,57,-1,66,39,571,-809,813,-432,109,865,215,52,-150,
2239364,1722806,165645,3946869,759969,163686,-149,-1213,-486,43,926,61,23,100,10,587,-810,832,-432,109,865,255,7,-199,
2239364,1722806,165645,3946869,752020,163686,-163,-1238,-430,43,926,61,25,136,-16,575,-810,839,-432,105,863,292,5,-254,
2239364,1722806,165645,3946869,752020,162544,-132,-1210,-506,43,926,62,27,177,-38,596,-803,804,-437,87,866,312,27,-323,
2239364,1722806,165645,3946869,752020,162544,-143,-1230,-491,43,926,62,30,222,-61,611,-803,774,-437,87,866,333,63,-388,
2239364,1722806,165645,3946869,752020,162544,-129,-1246,-489,41,934,69,30,295,-80,608,-522,781,-436,75,866,388,101,-432,
2557100,1722806,165645,3946869,752020,162544,-120,-1212,-493,38,927,64,36,327,-80,649,-732,776,-436,75,866,464,142,-441,
2557100,1765015,165645,3946869,752020,162544,-114,-1224,-458,38,927,64,47,367,-73,640,-727,783,-432,69,870,515,160,-447,
2557100,1765015,165625,3946869,752020,162544,-109,-1260,-487,42,922,69,45,406,-61,645,-700,812,-432,69,870,553,172,-415,
2557100,1765015,165625,3981323,752020,162544,-85,-1225,-461,42,922,69,31,440,-42,629,-696,828,-435,56,886,633,229,-402,
2557100,1765015,165625,3981323,866981,162544,-73,-1248,-483,39,928,70,46,454,-26,617,-700,820,-431,35,875,630,288,-422,
2557100,1765015,165625,3981323,866981,162539,-73,-1259,-486,39,928,70,34,459,-9,631,-689,837,-431,35,875,628,356,-457,
2557100,1765015,165625,3981323,866981,162539,-46,-1233,-503,44,921,68,15,458,-1,632,-695,844,-419,11,870,634,423,-494,
2557100,1765015,165625,3981323,866981,162539,-22,-1260,-507,46,918,67,12,443,5,603,-632,863,-419,11,870,642,479,-514,
2683697,1765015,165625,3981323,866981,162539,225,-1234,-470,46,918,67,4,428,20,624,-606,908,-411,-10,902,666,522,-515,
2683697,1752569,165625,3981323,866981,162539,-4,-1287,-508,44,918,84,38,399,75,625,-582,926,-411,-10,902,688,562,-492,
2683697,1752569,165451,3981323,866981,162539,-1,-1255,-465,44,918,84,3,314,95,594,-566,929,-402,-20,905,706,596,-467,
2683697,1752569,165451,3990558,866981,162539,18,-1243,-453,46,922,72,6,271,104,587,-552,956,-402,-20,905,700,618,-432,
2683697,1752569,165451,3990558,893263,162539,-2,-1242,-442,55,918,77,5,225,96,601,-541,980,-392,-43,919,660,644,-408,
2683697,1752569,165451,3990558,893263,162527,-31,-1214,-450,55,918,77,-4,193,67,582,-547,1015,-378,-55,922,631,652,-385,
2683697,1752569,165451,3990558,893263,162527,-52,-1227,-462,58,913,78,20,170,62,584,-534,1018,-378,-55,922,597,641,-354,
2683697,1752569,165451,3990558,893263,162527,-29,-1229,-445,58,913,78,36,156,45,583,-518,1054,-363,-77,896,568,627,-324,
2705712,1752569,165451,3990558,893263,162527,-24,-1246,-476,60,916,75,40,163,51,592,-510,1045,-363,-77,896,535,629,-304,
2705712,1732629,165451,3990558,893263,162527,-49,-1239,-446,60,916,84,64,164,67,578,-497,1041,-352,-83,921,493,624,-286,
2705712,1732629,165552,3990558,893263,162527,-64,-1296,-419,59,912,84,84,176,78,563,-499,1038,-352,-83,921,467,613,-270,
2705712,1732629,165552,4010586,893263,162527,-85,-1283,-434,64,908,89,68,202,87,568,-479,1026,-338,-91,896,452,593,-240,
2705712,1732629,165552,4010586,939758,162527,-96,-1266,-439,64,908,89,47,253,64,544,-460,1065,-320,-107,931,464,598,-210,
2705712,1732629,165552,4010586,939758,162516,-103,-1260,-439,66,909,92,63,277,62,548,-469,1080,-320,-107,931,475,599,-174,
2705712,1732629,165552,4010586,939758,162516,-92,-1246,-411,66,909,92,54,295,57,552,-465,1091,-308,-120,906,478,585,-102,
2705712,1732629,165552,4010586,939758,162516,-55,-1273,-412,72,912,90,53,304,57,510,-448,1109,-308,-120,906,471,531,-87,
2560537,1732629,165552,4010586,939758,162516,-48,-1275,-437,70,906,92,45,302,66,514,-462,1108,-299,-130,932,403,514,-84,
2560537,1722840,165552,4010586,939758,162516,-55,-1257,-402,70,906,92,29,296,72,510,-455,1144,-299,-130,932,356,496,-81,
2560537,1722840,165587,4010586,939758,162516,-44,-1257,-460,77,903,94,35,283,69,505,-433,1116,-287,-133,915,342,486,-72,
2560537,1722840,165587,4056370,939758,162516,-48,-1262,-446,77,903,94,7,271,45,493,-444,1123,-287,-133,912,349,464,-59,
2560537,1722840,165587,4056370,893774,162516,-34,-1269,-467,77,907,98,-11,255,23,513,-438,1082,-273,-148,912,370,429,-42,
2560537,1722840,165587,4056370,893774,162657,-60,-1247,-412,77,901,109,-29,222,10,497,-442,1121,-263,-159,942,421,384,-15,
2560537,1722840,165587,4056370,893774,162657,-42,-1292,-377,79,901,109,-11,207,12,478,-452,1138,-263,-159,942,444,354,-14,
2560537,1722840,165587,4056370,893774,162657,-76,-1257,-365,80,899,105,-36,147,-1,442,-474,1159,-260,-168,935,421,337,-38,
2523226,1722840,165587,4056370,893774,162657,-126,-1293,-328,80,899,105,-52,119,6,452,-458,1176,-260,-168,935,357,319,-102,
2523226,1694011,165587,4056370,893774,162657,-126,-1309,-267,78,900,104,-64,87,7,456,-465,1157,-251,-170,918,296,313,-180,
2523226,1694011,165554,4056370,893774,162657,-135,-1339,-259,78,900,104,-70,56,21,469,-432,1119,-251,-170,918,274,287,-237,
2523226,1694011,165554,4078741,893774,162657,-164,-1296,-238,76,903,104,-95,33,26,456,-430,1157,-248,-171,915,283,255,-273,
2523226,1694011,165554,4078741,923490,162657,-188,-1314,-211,81,895,101,-90,-3,23,457,-422,1148,-240,-191,938,273,233,-297,
2523226,1694011,165554,4078741,923490,162499,-209,-1316,-139,81,895,101,-89,-30,29,448,-424,1163,-240,-191,938,245,221,-336,
2523226,1694011,165554,4078741,923490,162499,-225,-1337,-171,81,897,101,-111,-35,18,453,-412,1197,-236,-193,917,209,206,-371,
2523226,1694011,165554,4078741,923490,162499,-211,-1337,-185,81,897,101,-142,-27,15,466,-344,1167,-236,-193,917,159,176,-386,
2260087,1694011,165554,4078741,923490,162499,-135,-1350,-310,83,905,99,-175,-19,17,469,-327,1160,-230,-193,933,116,152,-365,
2260087,1613179,165554,4078741,923490,162499,-75,-1347,-320,83,901,96,-257,-8,31,474,-296,1163,-230,-193,933,101,133,-321,
2260087,1613179,165632,4078741,923490,162499,-64,-1346,-392,85,901,96,-424,-26,83,474,-318,1181,-224,-188,924,91,113,-244,
2260087,1613179,165632,4106803,923490,162499,-64,-1307,-404,91,902,82,-441,-28,123,482,-297,1193,-226,-196,928,51,64,-82,
2260087,1613179,165632,4106803,915467,162499,-127,-1193,-502,91,902,82,-409,-20,134,469,-306,1189,-226,-196,928,-8,26,5,
2260087,1613179,165632,4106803,915467,162489,-110,-1157,-482,90,907,85,-350,-10,111,471,-318,1212,-221,-199,928,-55,-11,75,
2260087,1613179,165632,4106803,915467,162489,-139,-1156,-485,90,907,85,-266,-7,67,461,-328,1215,-221,-199,928,-109,-53,136,
2260087,1613179,165632,4106803,915467,162489,-112,-1189,-503,96,907,75,-192,-7,32,478,-352,1202,-225,-198,936,-160,-110,175,
2147103,1613179,165632,4106803,915467,162489,-115,-1202,-415,92,899,72,-142,-1,3,465,-356,1152,-225,-198,936,-207,-153,207,
2147103,1681002,165632,4106803,915467,162489,-135,-1242,-452,92,899,72,-120,0,-9,465,-359,1155,-233,-188,941,-251,-186,233,
2147103,1681002,165636,4106803,915467,162489,-111,-1270,-481,95,902,69,-117,-6,-8,463,-374,1162,-233,-188,941,-285,-201,261,
2147103,1681002,165636,4109128,915467,162489,-117,-1258,-446,95,902,69,-122,-5,-3,474,-379,1123,-234,-178,930,-309,-198,283,
2147103,1681002,165636,4109128,883246,162489,-102,-1261,-461,97,910,77,-136,-2,9,469,-383,1122,-241,-171,922,-326,-197,311,
2147103,1681002,165636,4109128,883246,162482,-133,-1239,-449,99,905,70,-135,-5,6,477,-405,1115,-241,-171,922,-332,-185,335,
2147103,1681002,165636,4109128,883246,162482,-124,-1244,-472,99,905,70,-136,-1,-1,472,-439,1094,-244,-163,931,-331,-169,346,
2147103,1681002,165636,4109128,883246,162482,-108,-1232,-450,97,904,71,-126,4,-7,443,-481,1110,-244,-163,931,-309,-158,350,
2216636,1681002,165636,4109128,883246,162482,-114,-1214,-476,97,904,71,-94,4,-30,446,-491,1104,-249,-152,933,-278,-151,316,
2216636,1695279,165636,4109128,883246,162482,-125,-1211,-460,93,908,77,-60,1,-48,446,-504,1098,-249,-152,933,-236,-142,266,
2216636,1695279,165465,4109128,883246,162482,-106,-1216,-460,93,908,77,-18,5,-55,453,-525,1096,-256,-147,924,-192,-146,196,
2216636,1695279,165465,4104654,883246,162482,-119,-1240,-458,98,914,69,10,19,-57,423,-518,1138,-256,-145,931,-150,-153,102,
2216636,1695279,165465,4104654,872032,162482,-108,-1257,-411,94,906,68,19,13,-64,434,-509,1129,-256,-145,931,-117,-176,16,
2216636,1695279,165465,4104654,872032,162352,-111,-1259,-448,94,906,68,14,17,-58,443,-501,1107,-261,-149,927,-82,-204,-66,
2216636,1695279,165465,4104654,872032,162352,-112,-1255,-434,93,902,61,6,11,-57,463,-470,1113,-261,-149,927,-80,-219,-138,
2216636,1695279,165465,4104654,872032,162352,-95,-1263,-435,93,902,61,-28,6,-55,478,-458,1134,-266,-148,917,-88,-246,-198,
2197791,1695279,165465,4104654,872032,162352,-102,-1257,-468,93,914,75,-32,1,-47,501,-432,1064,-266,-148,917,-107,-229,-189,
2197791,1743870,165465,4104654,872032,162352,-111,-1250,-431,95,907,68,-35,3,-46,524,-412,1084,-273,-143,921,-111,-200,-161,
2197791,1743870,165519,4104654,872032,162352,-97,-1258,-447,95,907,68,-28,5,-34,503,-401,1094,-273,-143,921,-117,-182,-103,
2197791,1743870,165519,4093780,872032,162352,-104,-1260,-480,96,899,64,-38,5,-24,540,-403,1091,-279,-142,935,-122,-151,-46,
2197791,1743870,165519,4093780,950827,162352,-117,-1236,-458,96,899,64,-56,-3,-26,514,-421,1081,-279,-138,940,-137,-129,22,
2197791,1743870,165519,4093780,950827,162521,-110,-1234,-438,96,902,70,-59,0,-25,513,-414,1099,-279,-138,940,-146,-113,82,
2197791,1743870,165519,4093780,950827,162521,-114,-1258,-437,96,902,70,-56,1,-26,527,-435,1092,-281,-133,924,-162,-94,117,
2197791,1743870,165519,4093780,950827,162521,-113,-1246,-427,97,910,67,-55,0,-32,519,-448,1073,-281,-133,924,-165,-106,144,
2226189,1743870,165519,4093780,950827,162521,-111,-1257,-436,96,901,70,-68,-1,-26,501,-480,1071,-286,-129,914,-168,-103,165,
2226189,1734754,165519,4093780,950827,162521,-138,-1247,-463,96,901,70,-78,2,-25,513,-491,1053,-286,-129,914,-167,-95,168,
2226189,1734754,165698,4093780,950827,162521,-114,-1241,-438,94,903,68,-43,6,-32,498,-490,1075,-288,-116,940,-161,-75,152,
2226189,1734754,165698,4098933,950827,162521,-108,-1237,-470,94,903,68,-31,1,-31,517,-507,1050,-289,-122,927,-163,-60,124,
2226189,1734754,165698,4098933,956321,162521,-112,-1226,-451,93,908,80,-27,5,-42,498,-507,1062,-289,-122,927,-161,-46,91,
2226189,1734754,165698,4098933,956321,162504,-108,-1257,-461,92,903,73,-8,15,-40,512,-501,1029,-290,-115,935,-149,-28,69,
2226189,1734754,165698,4098933,956321,162504,-115,-1244,-439,92,903,73,1,18,-43,512,-497,1051,-290,-115,935,-129,-13,53,
2226189,1734754,165698,4098933,956321,162504,-96,-1269,-434,96,903,70,5,18,-35,505,-507,1062,-292,-111,928,-95,-25,46,
2210487,1734754,165698,4098933,956321,162504,-99,-1272,-425,96,903,70,-17,9,-28,487,-505,1068,-292,-111,928,-61,-10,37,
2210487,1743112,165698,4098933,956321,162504,-98,-1260,-446,95,899,64,-37,7,-26,523,-506,1072,-289,-107,919,-50,12,30,
2210487,1743112,165541,4098933,956321,162504,-114,-1251,-416,95,899,64,-47,3,-22,502,-506,1073,-289,-107,932,-41,21,21,
2210487,1743112,165541,4114192,956321,162504,-93,-1244,-462,96,908,70,-60,2,-25,522,-486,1051,-288,-110,932,-32,39,12,
2210487,1743112,165541,4114192,999885,162504,-102,-1235,-462,94,902,72,-49,6,-24,506,-490,1086,-288,-112,936,-5,54,17,
2210487,1743112,165541,4114192,999885,162618,-89,-1242,-436,94,902,72,-47,-1,-22,510,-488,1054,-288,-112,936,-1,80,25,
2210487,1743112,165541,4114192,999885,162618,-100,-1243,-467,97,904,68,-43,1,-27,518,-496,1070,-287,-111,936,-8,100,42,
2210487,1743112,165541,4114192,999885,162618,-124,-1252,-455,97,904,68,-44,0,-29,494,-485,1052,-287,-111,936,-19,112,50,
2218381,1743112,165541,4114192,999885,162618,-98,-1241,-453,95,906,65,-45,7,-25,519,-494,1067,-285,-110,922,-15,119,64,
2218381,1752680,165541,4114192,999885,162618,-111,-1250,-476,95,904,75,-49,3,-25,494,-486,1059,-285,-110,922,-10,136,63,
2218381,1752680,165707,4114192,999885,162618,-105,-1259,-455,95,904,75,-53,-1,-26,487,-492,1052,-281,-106,936,-11,130,76,
2218381,1752680,165707,4129830,999885,162618,-113,-1257,-496,96,903,68,-58,5,-20,481,-503,1107,-275,-103,921,-18,128,80,
2218381,1752680,165707,4129830,1008032,162618,-107,-1245,-401,96,903,68,-49,8,-25,492,-502,1066,-275,-103,921,-16,137,73,
2218381,1752680,165707,4129830,1008032,162521,-113,-1262,-544,92,903,75,-56,2,-29,470,-506,1048,-275,-107,940,-19,139,57,
2218381,1752680,165707,4129830,1008032,162521,-92,-1256,-418,92,903,75,-50,-1,-31,467,-512,1098,-275,-107,940,-7,140,57,
2218381,1752680,165707,4129830,1008032,162521,-109,-1250,-439,97,904,77,-50,-2,-31,468,-512,1079,-274,-102,931,11,133,49,
2217975,1752680,165707,4129830,1008032,162521,-117,-1237,-445,93,903,69,-53,1,-21,485,-512,1098,-274,-102,931,16,125,45,
2217975,1768473,165707,4129830,1008032,162521,-130,-1234,-420,93,903,69,-49,4,-19,457,-527,1075,-270,-101,917,31,124,37,
2217975,1768473,165602,4129830,1008032,162521,-114,-1250,-460,96,904,67,-49,2,-23,456,-505,1088,-266,-106,946,45,122,19,
2217975,1768473,165602,4153936,1008032,162521,-105,-1239,-443,96,904,67,-55,-6,-31,473,-529,1104,-266,-106,946,55,112,4,
2217975,1768473,165602,4153936,1005967,162521,-120,-1254,-478,94,903,65,-47,1,-32,455,-525,1091,-262,-110,923,57,107,-25,
2217975,1768473,165602,4153936,1005967,162562,-114,-1258,-469,98,902,73,-50,0,-28,465,-263,1073,-262,-110,923,71,108,-47,
2217975,1768473,165602,4153936,1005967,162562,-124,-1245,-466,98,902,73,-53,-1,-34,457,-503,1108,-260,-113,950,96,106,-62,
2217975,1768473,165602,4153936,1005967,162562,-113,-1248,-482,96,901,73,-52,7,-28,481,-496,1106,-260,-113,950,95,101,-79,
2243700,1768473,165602,4153936,1005967,162562,-139,-1254,-452,96,901,73,-59,3,-25,475,-490,1068,-260,-111,936,106,106,-76,
2243700,1778053,165602,4153936,1005967,162562,-111,-1240,-460,94,907,64,-52,5,-29,468,-489,1115,-260,-111,936,96,106,-78,
2243700,1778053,165729,4153936,1005967,162562,-122,-1232,-464,94,907,78,-44,2,-27,480,-489,1098,-255,-117,949,94,95,-74,
2243700,1778053,165729,4175177,1005967,162562,-117,-1242,-472,97,906,78,-40,6,-27,472,-484,1103,-254,-120,944,90,90,-78,
2243700,1778053,165729,4175177,1021368,162562,-125,-1237,-450,95,899,73,-41,2,-31,457,-492,1118,-254,-120,944,91,77,-78,
2243700,1778053,165729,4175177,1021368,162376,-110,-1244,-452,95,899,73,-40,-1,-37,470,-494,1122,-251,-123,941,99,91,-79,
2243700,1778053,165729,4175177,1021368,162376,-111,-1245,-442,96,899,58,-40,3,-30,490,-482,1079,-251,-123,941,106,84,-75,
2243700,1778053,165729,4175177,1021368,162376,-121,-1252,-430,96,899,58,-48,1,-26,437,-497,1141,-251,-119,930,97,79,-81,
2235220,1778053,165729,4175177,1021368,162376,-106,-1260,-470,95,908,77,-46,1,-31,482,-476,1085,-251,-119,930,90,81,-89,
2235220,1771316,165729,4175177,1021368,162376,-103,-1246,-435,94,905,79,-44,2,-31,454,-481,1109,-250,-115,943,89,84,-88,
2235220,1771316,165670,4175177,1021368,162376,-127,-1233,-421,94,905,79,-47,2,-34,462,-468,1136,-247,-127,941,89,70,-83,
2235220,1771316,165670,4184637,1021368,162376,-112,-1254,-462,97,905,72,-41,-4,-34,450,-481,1106,-247,-127,941,93,71,-69,
2235220,1771316,165670,4184637,1066896,162376,-118,-1247,-438,97,905,72,-33,-1,-40,461,-469,1110,-244,-131,930,104,69,-64,
2235220,1771316,165670,4184637,1066896,162631,-132,-1250,-456,93,909,69,-37,0,-40,452,-483,1129,-244,-131,930,106,61,-61,
2235220,1771316,165670,4184637,1066896,162631,-115,-1261,-465,93,903,69,-41,-1,-43,448,-469,1138,-243,-133,942,92,66,-67,
2235220,1771316,165670,4184637,1066896,162631,-127,-1251,-466,99,903,69,-36,-3,-41,452,-464,1100,-243,-133,942,74,46,-60,
2247794,1771316,165670,4184637,1066896,162631,-113,-1248,-390,97,905,78,-37,0,-36,456,-468,1126,-247,-130,941,79,39,-59,
2247794,1779400,165670,4184637,1066896,162631,-111,-1252,-461,97,905,78,-44,-1,-36,451,-456,1115,-247,-130,941,69,39,-51,
2247794,1779400,165618,4184637,1066896,162631,-120,-1251,-439,97,900,78,-41,1,-39,465,-464,1101,-243,-134,930,64,40,-42,
2247794,1779400,165618,4185795,1066896,162631,-103,-1241,-465,97,900,78,-44,0,-37,468,-460,1138,-239,-137,950,51,42,-16,
2247794,1779400,165618,4185795,1061265,162631,-103,-1248,-389,91,903,78,-47,-2,-39,458,-449,1102,-239,-137,950,43,34,-12,
2247794,1779400,165618,4185795,1061265,162461,-108,-1247,-469,97,899,67,-41,9,-41,458,-476,1117,-242,-136,933,37,45,-15,
2247794,1779400,165618,4185795,1061265,162461,-116,-1252,-391,97,899,67,-36,8,-35,455,-463,1094,-242,-136,933,31,37,-9,
2247794,1779400,165618,4185795,1061265,162461,-117,-1242,-464,95,903,74,-38,2,-32,438,-461,1117,-242,-135,938,20,39,-9,
2254804,1779400,165618,4185795,1061265,162461,-89,-1247,-392,95,903,74,-36,4,-37,454,-460,1102,-242,-135,938,24,36,-14,
2254804,1786910,165618,4185795,1061265,162461,-99,-1249,-433,96,908,75,-42,1,-46,461,-463,1119,-239,-130,920,21,38,-17,
2254804,1786910,165575,4185795,1061265,162461,-127,-1254,-475,94,904,82,-34,7,-42,445,-469,1107,-237,-140,945,26,37,-14,
2254804,1786910,165575,4194352,1061265,162461,-76,-1240,-432,94,904,82,-33,5,-38,467,-449,1104,-237,-140,945,41,41,-14,
2254804,1786910,165575,4194352,1069653,162461,-117,-1252,-485,94,904,72,-29,9,-36,445,-472,1132,-240,-143,945,39,47,-21,
2254804,1786910,165575,4194352,1069653,162552,-125,-1255,-451,94,904,72,-30,12,-37,444,-465,1142,-240,-143,945,31,47,-23,
2254804,1786910,165575,4194352,1069653,162552,-95,-1248,-423,95,909,65,-32,14,-40,450,-463,1112,-237,-140,936,44,41,-26,
2254804,1786910,165575,4194352,1069653,162552,-106,-1255,-413,95,909,65,-33,5,-38,458,-441,1100,-237,-140,936,50,54,-33,
2277259,1786910,165575,4194352,1069653,162552,-105,-1241,-395,95,911,64,-34,3,-33,421,-482,1141,-236,-137,930,45,50,-30,
2277259,1794560,165575,4194352,1069653,162552,-110,-1263,-482,93,900,78,-40,5,-35,463,-461,1089,-236,-140,932,47,62,-34,
2277259,1794560,165639,4194352,1069653,162552,-129,-1255,-463,93,900,78,-43,8,-32,439,-465,1133,-231,-140,932,56,49,-42,
2277259,1794560,165639,4197935,1069653,162552,-93,-1256,-468,97,899,69,-52,2,-28,456,-464,1117,-230,-145,953,65,49,-47,
2277259,1794560,165639,4197935,1064950,162552,-120,-1246,-410,97,899,69,-55,7,-28,441,-451,1139,-230,-145,953,68,43,-41,
2277259,1794560,165639,4197935,1064950,162536,-115,-1266,-511,90,913,62,-55,5,-32,443,-450,1123,-231,-147,941,59,25,-50,
2277259,1794560,165639,4197935,1064950,162536,-94,-1252,-463,97,905,81,-48,7,-34,438,-445,1128,-231,-147,941,55,19,-51,
2277259,1794560,165639,4197935,1064950,162536,-137,-1239,-467,97,905,81,-48,-1,-29,451,-444,1102,-233,-143,943,46,17,-35,
2278358,1794560,165639,4197935,1064950,162536,-98,-1250,-478,96,902,78,-49,3,-31,436,-453,1153,-233,-143,943,29,4,-26,
2278358,1800593,165639,4197935,1064950,162536,-111,-1235,-414,96,902,78,-35,9,-34,427,-454,1145,-232,-144,940,16,6,-21,
2278358,1800593,165553,4197935,1064950,162536,-98,-1249,-418,96,907,85,-31,5,-37,451,-447,1121,-234,-148,936,23,15,-13,
2278358,1800593,165553,4206611,1064950,162536,-136,-1243,-425,96,907,85,-42,5,-39,467,-434,1094,-234,-148,936,22,22,-9,
2278358,1800593,165553,4206611,1063897,162536,-97,-1253,-436,93,912,79,-35,9,-41,446,-445,1115,-228,-146,940,32,23,-8,
2278358,1800593,165553,4206611,1063897,162411,-103,-1254,-420,98,900,74,-40,7,-32,458,-445,1106,-228,-146,940,32,22,-11,
2278358,1800593,165553,4206611,1063897,162411,-137,-1235,-440,98,900,74,-40,6,-37,429,-472,1148,-230,-144,935,31,20,-19,
2278358,1800593,165553,4206611,1063897,162411,-112,-1255,-441,93,901,70,-33,8,-32,472,-439,1114,-230,-144,935,47,34,-25,
2275649,1800593,165553,4206611,1063897,162411,-120,-1256,-454,93,901,70,-41,3,-38,425,-448,1159,-232,-140,935,49,27,-25,
2275649,1805584,165553,4206611,1063897,162411,-96,-1249,-426,94,907,66,-38,-4,-39,448,-448,1128,-231,-148,941,52,29,-31,
2275649,1805584,165647,4206611,1063897,162411,-111,-1262,-478,95,903,73,-40,-6,-35,450,-433,1094,-231,-148,941,46,36,-30,
2275649,1805584,165647,4207573,1063897,162411,-108,-1260,-438,95,903,73,-43,-2,-34,468,-438,1125,-230,-151,952,64,36,-23,
2275649,1805584,165647,4207573,1078671,162411,-106,-1263,-474,94,902,70,-51,1,-34,456,-442,1142,-230,-151,952,77,50,-29,
2275649,1805584,165647,4207573,1078671,162513,-100,-1237,-457,94,902,70,-50,2,-29,441,-445,1119,-223,-155,943,72,42,-25,
2275649,1805584,165647,4207573,1078671,162513,-95,-1235,-358,97,905,73,-51,5,-34,440,-441,1136,-223,-155,943,72,35,-24,
2275649,1805584,165647,4207573,1078671,162513,-129,-1246,-450,97,905,73,-42,7,-29,443,-448,1129,-230,-152,929,67,25,-34,
2267853,1805584,165647,4207573,1078671,162513,-89,-1240,-396,92,902,81,-35,7,-32,456,-445,1138,-230,-152,929,63,20,-38,
2267853,1798455,165647,4207573,1078671,162513,-143,-1250,-468,94,901,71,-29,6,-39,443,-432,1128,-227,-153,929,70,19,-46,
2267853,1798455,165540,4207573,1078671,162513,-82,-1252,-462,94,901,71,-30,10,-30,438,-443,1145,-225,-160,935,63,5,-47,
2267853,1798455,165540,4206447,1078671,162513,-96,-1243,-406,94,899,71,-35,5,-33,442,-433,1132,-225,-160,935,51,3,-49,
2267853,1798455,165540,4206447,1072582,162513,-112,-1249,-483,94,899,71,-33,3,-35,424,-434,1114,-222,-158,943,47,11,-36,
2267853,1798455,165540,4206447,1072582,162551,-116,-1245,-467,92,904,76,-34,3,-36,451,-429,1124,-222,-158,943,51,10,-43,
2267853,1798455,165540,4206447,1072582,162551,-77,-1262,-452,94,899,67,-31,11,-37,439,-440,1135,-226,-153,925,51,12,-35,
2267853,1798455,165540,4206447,1072582,162551,-119,-1236,-396,94,899,67,-27,15,-39,438,-425,1127,-226,-153,925,51,17,-24,
2268126,1798455,165540,4206447,1072582,162551,-88,-1264,-418,96,901,78,-24,13,-37,461,-431,1118,-228,-157,932,57,22,-17,
2268126,1809133,165540,4206447,1072582,162551,-113,-1245,-450,96,901,78,-27,11,-35,438,-431,1093,-225,-159,943,64,22,-21,
2268126,1809133,165706,4206447,1072582,162551,-103,-1262,-479,91,903,78,-38,6,-33,439,-431,1140,-225,-159,943,62,26,-30,
2268126,1809133,165706,4206283,1072582,162551,-112,-1236,-448,91,903,83,-41,0,-37,435,-434,1150,-224,-168,930,65,24,-39,
2268126,1809133,165706,4206283,1075642,162551,-88,-1248,-448,93,902,83,-35,5,-39,433,-442,1126,-224,-168,930,69,17,-43,
2268126,1809133,165706,4206283,1075642,162549,-105,-1251,-464,96,900,80,-37,5,-44,444,-434,1124,-226,-167,932,83,19,-43,
2268126,1809133,165706,4206283,1075642,162549,-129,-1235,-416,96,900,80,-32,4,-42,454,-425,1146,-226,-167,932,78,17,-50,
2268126,1809133,165706,4206283,1075642,162549,-97,-1246,-447,90,899,74,-23,11,-36,434,-405,1140,-226,-160,944,76,25,-51,
2254360,1809133,165706,4206283,1075642,162549,-115,-1252,-423,90,899,74,-25,11,-40,440,-406,1135,-226,-160,946,71,29,-53,
2254360,1820416,165706,4206283,1075642,162549,-121,-1252,-425,94,905,76,-31,9,-36,458,-413,1120,-224,-168,946,64,22,-38,
2254360,1820416,165693,4206283,1075642,162549,-91,-1267,-451,92,899,78,-39,11,-38,445,-419,1122,-223,-172,934,60,20,-36,
2254360,1820416,165693,4212769,1075642,162549,-125,-1248,-441,92,899,78,-36,7,-44,446,-410,1115,-223,-172,934,62,26,-33,
2254360,1820416,165693,4212769,1068729,162549,-112,-1264,-484,91,900,81,-37,7,-37,445,-413,1135,-222,-171,927,73,42,-33,
2254360,1820416,165693,4212769,1068729,162521,-124,-1242,-441,91,900,81,-38,4,-35,439,-418,1129,-222,-171,927,68,41,-27,
2254360,1820416,165693,4212769,1068729,162521,-113,-1253,-418,90,907,78,-30,10,-39,433,-417,1150,-222,-169,929,66,39,-23,
2254360,1820416,165693,4212769,1068729,162521,-93,-1253,-431,90,900,74,-32,10,-38,447,-413,1129,-222,-169,929,62,54,-30,
2193235,1820416,165693,4212769,1068729,162521,-151,-1246,-474,89,900,74,-31,13,-36,436,-416,1150,-221,-167,919,70,52,-23,
2193235,1822446,165693,4212769,1068729,162521,-98,-1263,-498,93,901,81,-36,12,-39,439,-424,1128,-216,-173,930,60,50,-29,
2193235,1822446,166981,4212769,1068729,162521,-130,-1240,-431,93,901,81,-37,8,-43,442,-411,1100,-216,-173,930,55,53,-33,
2193235,1822446,166981,4215634,1068729,162521,-101,-1254,-424,92,901,86,-39,5,-42,438,-409,1156,-216,-173,946,37,53,-35,
2193235,1822446,166981,4215634,1079281,162521,-112,-1254,-474,92,901,86,-30,3,-39,428,-406,1167,-216,-173,946,34,53,-36,
2193235,1822446,166981,4215634,1079281,162542,-116,-1248,-491,89,911,76,-22,18,-37,438,-407,1143,-220,-175,934,26,48,-40,
2193235,1822446,166981,4215634,1079281,162542,-80,-1243,-425,93,899,84,-19,18,-38,433,-412,1142,-220,-175,934,35,39,-26,
2193235,1822446,166981,4215634,1079281,162542,-124,-1261,-437,93,899,84,-18,12,-43,441,-403,1129,-214,-170,939,33,44,-16,
2112940,1822446,166981,4215634,1079281,162542,-99,-1265,-469,92,903,74,-16,19,-39,414,-409,1168,-214,-171,942,28,38,-13,
2112940,1825147,166981,4215634,1079281,162542,-109,-1263,-422,92,903,74,-25,14,-33,436,-406,1168,-216,-171,942,18,21,-14,
2112940,1825147,165735,4215634,1079281,162542,-111,-1252,-401,90,908,77,-33,13,-34,420,-419,1161,-211,-181,929,22,29,-11,
2112940,1825147,165735,4215527,1079281,162542,-107,-1245,-436,90,903,73,-49,-3,-36,436,-407,1159,-211,-181,929,18,20,-12,
2112940,1825147,165735,4215527,1037441,162542,-113,-1271,-447,90,903,73,-47,2,-28,454,-404,1138,-215,-179,925,28,24,-8,
2112940,1825147,165735,4215527,1037441,162595,-76,-1255,-442,92,898,79,-52,1,-23,430,-418,1119,-215,-179,925,31,17,-11,
2112940,1825147,165735,4215527,1037441,162595,-100,-1248,-420,92,898,79,-55,1,-29,440,-408,1124,-213,-177,936,29,29,-12,
2112940,1825147,165735,4215527,1037441,162595,-118,-1235,-378,95,902,82,-62,-3,-30,438,-407,1141,-213,-177,936,46,35,-12,
2090672,1825147,165735,4215527,1037441,162595,-98,-1243,-423,95,902,82,-56,5,-27,451,-405,1119,-209,-175,939,52,37,-12,
2090672,1837279,165735,4215527,1037441,162595,-86,-1235,-382,93,907,82,-36,5,-36,421,-407,1145,-211,-181,923,56,47,-20,
2090672,1837279,165752,4215527,1037441,162595,-108,-1254,-445,91,899,78,-35,5,-38,421,-408,1141,-211,-181,923,59,50,-25,
2090672,1837279,165752,4211786,1037441,162595,-101,-1259,-449,91,899,78,-34,8,-34,420,-413,1143,-210,-184,939,57,48,-26,
2090672,1837279,165752,4211786,984269,162595,-93,-1251,-452,91,902,76,-34,4,-36,440,-406,1155,-210,-184,939,70,45,-37,
2090672,1837279,165752,4211786,984269,162503,-122,-1257,-467,91,902,76,-29,11,-26,414,-385,1138,-208,-176,933,80,54,-36,
2090672,1837279,165752,4211786,984269,162503,-95,-1250,-417,89,909,82,-32,5,-37,431,-398,1142,-208,-176,933,79,48,-36,
2090672,1837279,165752,4211786,984269,162503,-113,-1255,-472,89,902,79,-32,16,-38,431,-393,1145,-208,-174,941,79,56,-29,
2062165,1837279,165752,4211786,984269,162503,-102,-1234,-427,89,902,79,-26,16,-36,412,-405,1197,-204,-181,945,71,55,-26,
2062165,1841388,165752,4211786,984269,162503,-118,-1248,-441,90,899,86,-24,12,-30,428,-400,1159,-204,-181,945,50,38,-27,
2062165,1841388,165633,4211786,984269,162503,-121,-1249,-460,90,899,86,-33,8,-38,412,-399,1171,-205,-188,927,48,37,-25,
2062165,1841388,165633,4214207,984269,162503,-104,-1267,-474,85,904,88,-35,12,-35,424,-390,1159,-205,-188,927,39,40,-27,
2062165,1841388,165633,4214207,1000926,162503,-86,-1262,-424,85,904,88,-31,2,-34,400,-401,1183,-205,-188,932,38,31,-22,
2062165,1841388,165633,4214207,1000926,162522,-107,-1251,-465,91,912,80,-47,4,-32,425,-383,1164,-205,-188,932,38,33,-21,
2062165,1841388,165633,4214207,1000926,162522,-109,-1255,-379,94,900,82,-42,6,-35,442,-383,1134,-205,-185,935,42,30,-16,
2062165,1841388,165633,4214207,1000926,162522,-116,-1255,-395,94,900,82,-45,10,-29,418,-383,1193,-205,-185,935,47,28,-15,
2088583,1841388,165633,4214207,1000926,162522,-112,-1246,-452,89,900,83,-42,4,-31,417,-390,1150,-202,-192,935,46,29,-9,
2088583,1862816,165633,4214207,1000926,162522,-102,-1242,-403,89,900,83,-32,8,-38,416,-393,1160,-202,-194,918,35,31,-13,
2088583,1862816,165807,4214207,1000926,162522,-109,-1257,-450,86,904,75,-36,12,-35,432,-389,1172,-202,-194,918,33,36,-18,
2088583,1862816,165807,4215564,1000926,162522,-117,-1250,-408,90,903,86,-29,11,-28,419,-399,1180,-198,-194,923,28,24,-11,
2088583,1862816,165807,4215564,1003905,162522,-90,-1269,-456,90,903,86,-31,6,-31,422,-383,1149,-198,-194,923,30,20,-7,
2088583,1862816,165807,4215564,1003905,163247,-103,-1258,-442,93,898,83,-30,9,-33,419,-379,1166,-201,-190,937,23,17,-10,
2088583,1862816,165807,4215564,1003905,163247,-108,-1256,-409,93,898,83,-39,4,-34,405,-387,1158,-201,-190,937,28,19,-15,
2088583,1862816,165807,4215564,1003905,163247,-109,-1271,-446,90,902,82,-43,6,-34,415,-389,1166,-203,-183,940,22,15,-6,
2085179,1862816,165807,4215564,1003905,163247,-106,-1256,-409,90,902,82,-54,6,-24,414,-388,1177,-202,-193,941,23,22,-11,
2085179,1880540,165807,4215564,1003905,163247,-97,-1256,-425,90,906,84,-54,9,-32,422,-385,1162,-202,-193,941,19,11,-10,
2085179,1880540,165725,4215564,1003905,163247,-83,-1258,-423,91,903,86,-48,5,-31,420,-385,1157,-199,-194,927,4,9,-10,
2085179,1880540,165725,4215029,1003905,163247,-120,-1255,-408,91,903,86,-47,1,-32,398,-391,1180,-199,-194,927,12,6,-7,
2085179,1880540,165725,4215029,1038446,163247,-101,-1238,-404,87,901,89,-45,2,-31,428,-394,1160,-200,-196,927,9,15,-15,
2085179,1880540,165725,4215029,1038446,162617,-90,-1254,-451,87,901,89,-46,3,-31,427,-395,1142,-200,-196,927,15,13,-18,
2085179,1880540,165725,4215029,1038446,162617,-133,-1243,-422,89,909,74,-51,1,-33,411,-385,1177,-203,-189,924,13,20,-13,
2085179,1880540,165725,4215029,1038446,162617,-102,-1264,-460,90,907,83,-45,4,-31,407,-396,1168,-203,-189,950,15,22,-11,
2101836,1880540,165725,4215029,1038446,162617,-104,-1254,-456,90,907,83,-43,5,-37,403,-388,1172,-197,-193,950,15,11,-12,
2101836,1901585,165725,4215029,1038446,162617,-123,-1255,-421,92,902,87,-40,4,-38,413,-394,1170,-201,-190,954,22,16,-17,
2101836,1901585,167215,4215029,1038446,162617,-113,-1243,-446,92,902,87,-46,1,-39,412,-400,1175,-201,-190,954,18,13,-15,
2101836,1901585,167215,4217551,1038446,162617,-92,-1258,-433,89,898,84,-40,-4,-40,413,-394,1190,-197,-196,930,14,16,-15,
2101836,1901585,167215,4217551,1023771,162617,-122,-1245,-412,89,898,84,-43,-7,-35,411,-384,1162,-197,-196,930,15,20,-17,
2101836,1901585,167215,4217551,1023771,162391,-105,-1241,-406,89,901,86,-36,5,-40,401,-391,1166,-199,-192,946,9,12,-15,
2101836,1901585,167215,4217551,1023771,162391,-108,-1247,-422,88,898,86,-40,8,-33,426,-389,1145,-199,-192,946,18,16,-13,
2101836,1901585,167215,4217551,1023771,162391,-105,-1242,-397,88,898,86,-43,9,-32,425,-375,1160,-199,-183,917,15,23,-20,
2107953,1901585,167215,4217551,1023771,162391,-102,-1267,-479,91,900,85,-41,4,-33,425,-378,1146,-196,-195,939,22,18,-12,
2107953,1904253,167215,4217551,1023771,162391,-84,-1258,-381,91,900,85,-41,2,-38,428,-380,1150,-196,-195,939,18,18,-11,
2107953,1904253,165661,4217551,1023771,162391,-96,-1252,-413,90,905,84,-44,11,-32,415,-393,1163,-196,-198,936,14,13,-13,
2107953,1904253,165661,4217188,1023771,162391,-93,-1258,-416,91,900,85,-41,6,-31,422,-383,1160,-196,-198,936,19,14,-14,
2107953,1904253,165661,4217188,1009017,162391,-100,-1257,-434,91,900,85,-48,4,-25,412,-389,1158,-197,-191,933,17,22,-13,
2107953,1904253,165661,4217188,1009017,162599,-98,-1260,-418,88,901,83,-48,4,-25,409,-386,1158,-197,-191,933,22,26,-17,
2107953,1904253,165661,4217188,1009017,162599,-110,-1265,-446,88,901,83,-49,4,-35,433,-378,1122,-195,-188,948,23,33,-17,
2107953,1904253,165661,4217188,1009017,162599,-105,-1255,-449,85,905,82,-48,-1,-31,412,-383,1168,-194,-190,946,26,28,-1,
2092575,1904253,165661,4217188,1009017,162599,-93,-1251,-389,85,905,76,-45,6,-29,402,-399,1213,-194,-190,946,20,25,-4,
2092575,1907961,165661,4217188,1009017,162599,-93,-1259,-417,93,898,76,-44,5,-31,422,-378,1147,-194,-198,929,19,26,-8,
2092575,1907961,165619,4217188,1009017,162599,-101,-1263,-451,93,898,90,-44,-2,-30,407,-386,1147,-194,-198,929,17,18,-11,
2092575,1907961,165619,4217918,1009017,162599,-103,-1247,-445,93,898,90,-43,1,-27,408,-386,1176,-195,-200,930,17,17,-10,
2092575,1907961,165619,4217918,1005691,162599,-88,-1260,-420,90,902,93,-50,-1,-24,413,-398,1166,-195,-200,930,12,17,-15,
2092575,1907961,165619,4217918,1005691,162582,-98,-1268,-427,90,902,93,-49,0,-38,389,-393,1185,-196,-195,946,13,13,-22,
2092575,1907961,165619,4217918,1005691,162582,-105,-1263,-439,91,902,86,-43,5,-35,427,-379,1159,-196,-195,946,15,15,-18,
2092575,1907961,165619,4217918,1005691,162582,-127,-1259,-465,89,901,81,-49,5,-35,390,-388,1217,-194,-196,947,20,11,-21,
2088634,1907961,165619,4217918,1005691,162582,-102,-1253,-429,89,901,81,-48,2,-26,421,-374,1155,-194,-197,932,1,4,-21,
2088634,1912504,165619,4217918,1005691,162582,-105,-1260,-416,91,900,88,-43,5,-33,411,-378,1154,-194,-197,932,-2,12,-10,
2088634,1912504,165637,4217918,1005691,162582,-98,-1258,-435,91,900,88,-44,3,-29,400,-372,1172,-195,-198,935,7,13,-14,
2088634,1912504,165637,4217968,1005691,162582,-104,-1265,-434,88,910,75,-41,8,-28,426,-397,1177,-195,-198,935,-5,16,-2,
2088634,1912504,165637,4217968,999522,162582,-104,-1258,-415,88,901,79,-42,5,-28,423,-395,1178,-191,-191,937,12,21,-2,
2088634,1912504,165637,4217968,999522,162528,-100,-1258,-425,89,901,79,-46,6,-29,395,-373,1182,-191,-191,937,10,24,1,
2088634,1912504,165637,4217968,999522,162528,-101,-1262,-429,91,896,84,-51,4,-22,415,-393,1155,-194,-192,930,8,16,-1,
2088634,1912504,165637,4217968,999522,162528,-110,-1249,-440,91,896,84,-53,3,-23,418,-378,1172,-190,-197,920,11,22,-10,
2107882,1912504,165637,4217968,999522,162528,-98,-1246,-416,90,901,87,-58,-1,-24,430,-385,1149,-190,-197,920,16,24,-14,
2107882,1915102,165637,4217968,999522,162528,-104,-1253,-424,90,901,87,-43,7,-26,408,-378,1176,-192,-198,923,22,27,-14,
2107882,1915102,166241,4217968,999522,162528,-101,-1268,-434,86,903,84,-52,2,-21,413,-384,1150,-192,-198,923,15,21,-13,
2107882,1915102,166241,4220174,999522,162528,-104,-1255,-442,93,897,86,-52,3,-34,423,-377,1163,-191,-202,942,19,27,-11,
2107882,1915102,166241,4220174,991534,162528,-84,-1246,-423,93,897,86,-48,9,-28,405,-388,1189,-191,-202,942,19,25,-16,
2107882,1915102,166241,4220174,991534,162608,-79,-1250,-383,89,904,86,-55,9,-29,410,-374,1170,-194,-191,949,23,28,-6,
2107882,1915102,166241,4220174,991534,162608,-98,-1264,-450,89,904,86,-48,5,-32,410,-374,1153,-194,-191,950,13,25,0,
2107882,1915102,166241,4220174,991534,162608,-110,-1243,-417,89,904,88,-43,4,-27,420,-361,1158,-192,-196,950,13,35,4,
2083584,1915102,166241,4220174,991534,162608,-104,-1256,-425,88,901,83,-47,1,-28,386,-373,1156,-190,-200,925,14,24,1,
2083584,1920763,166241,4220174,991534,162608,-106,-1252,-443,88,901,83,-42,3,-33,406,-379,1165,-190,-200,925,25,31,7,
2083584,1920763,165568,4220174,991534,162608,-102,-1253,-423,90,895,82,-49,3,-28,389,-391,1177,-188,-201,929,15,23,-4,
2083584,1920763,165568,4223168,991534,162608,-74,-1254,-391,90,895,82,-46,6,-32,416,-382,1166,-188,-201,929,5,31,0,
2083584,1920763,165568,4223168,1001669,162608,-95,-1246,-394,91,903,83,-40,11,-31,405,-378,1138,-188,-197,925,10,31,-2,
2083584,1920763,165568,4223168,1001669,162519,-86,-1260,-451,91,903,83,-49,2,-28,400,-380,1158,-188,-197,925,13,32,-3,
2083584,1920763,165568,4223168,1001669,162519,-95,-1252,-407,92,906,82,-46,3,-29,403,-387,1182,-191,-191,924,18,28,-1,
2083584,1920763,165568,4223168,1001669,162519,-99,-1269,-468,92,901,86,-49,7,-25,392,-388,1169,-189,-201,929,24,36,0,
2102408,1920763,165568,4223168,1001669,162519,-98,-1259,-438,92,901,86,-50,8,-31,388,-382,1212,-189,-201,929,34,41,-10,
2102408,1925283,165568,4223168,1001669,162519,-111,-1253,-413,88,900,88,-43,3,-27,404,-392,1149,-186,-200,945,30,35,-11,
2102408,1925283,165696,4223168,1001669,162519,-92,-1264,-444,88,900,88,-45,5,-27,390,-369,1170,-186,-200,945,36,38,-15,
2102408,1925283,165696,4224350,1001669,162519,-117,-1242,-424,89,910,84,-44,4,-33,395,-383,1192,-189,-199,939,29,38,-16,
2102408,1925283,165696,4224350,989219,162519,-110,-1264,-434,91,902,93,-46,5,-35,401,-371,1175,-189,-199,939,28,33,-4,
2102408,1925283,165696,4224350,989219,162535,-100,-1254,-432,91,902,93,-42,5,-31,406,-374,1158,-187,-197,946,29,20,-6,
2102408,1925283,165696,4224350,989219,162535,-114,-1258,-434,90,899,89,-41,3,-40,414,-373,1152,-187,-195,939,21,16,-17,
2102408,1925283,165696,4224350,989219,162535,-113,-1250,-431,90,899,89,-43,3,-36,382,-373,1195,-183,-195,939,18,17,-17,
2104885,1925283,165696,4224350,989219,162535,-122,-1262,-454,91,901,91,-49,3,-35,405,-384,1165,-183,-203,946,15,18,-17,
2104885,1926880,165696,4224350,989219,162535,-121,-1259,-451,91,901,91,-48,3,-35,396,-374,1170,-183,-203,946,23,28,-17,
2104885,1926880,165759,4224350,989219,162535,-129,-1240,-396,89,908,83,-44,5,-30,383,-384,1195,-187,-206,938,22,18,-23,
2104885,1926880,165759,4224616,989219,162535,-101,-1258,-438,95,902,84,-38,4,-35,401,-379,1167,-187,-206,938,25,23,-22,
2104885,1926880,165759,4224616,994595,162535,-109,-1253,-392,95,902,84,-43,7,-37,401,-376,1201,-185,-199,925,19,16,-21,
2104885,1926880,165759,4224616,994595,162531,-98,-1251,-402,91,899,82,-40,4,-35,405,-372,1175,-185,-199,925,16,12,-25,
2104885,1926880,165759,4224616,994595,162531,-116,-1235,-413,91,899,82,-43,1,-35,400,-375,1170,-187,-202,945,24,27,-21,
2104885,1926880,165759,4224616,994595,162531,-118,-1248,-451,90,907,88,-40,2,-34,410,-366,1158,-184,-205,917,27,30,-21,
2106943,1926880,165759,4224616,994595,162531,-96,-1263,-421,92,903,86,-38,-2,-38,388,-372,1188,-184,-205,917,21,19,-17,
2106943,1927509,165759,4224616,994595,162531,-105,-1262,-443,92,903,86,-38,2,-35,386,-378,1152,-183,-210,924,20,22,-15,
2106943,1927509,165590,4224616,994595,162531,-90,-1258,-427,90,899,92,-45,7,-29,389,-374,1195,-183,-210,924,35,24,-20,
2106943,1927509,165590,4224892,994595,162531,-92,-1261,-408,90,899,92,-47,6,-31,392,-381,1185,-182,-198,938,35,16,-19,
2106943,1927509,165590,4224892,997371,162531,-92,-1256,-437,90,902,81,-48,3,-31,397,-359,1168,-182,-198,938,36,16,-18,
2106943,1927509,165590,4224892,997371,162563,-105,-1266,-473,90,902,81,-46,6,-30,400,-379,1180,-183,-200,941,20,13,-24,
2106943,1927509,165590,4224892,997371,162563,-97,-1264,-411,93,906,93,-44,3,-31,397,-367,1186,-179,-202,926,14,17,-25,
2106943,1927509,165590,4224892,997371,162563,-82,-1265,-444,93,899,84,-47,7,-30,394,-376,1166,-179,-202,926,17,21,-19,
2073118,1927509,165590,4224892,997371,162563,-80,-1253,-434,93,899,84,-56,2,-24,408,-378,1149,-179,-206,937,22,24,-17,
2073118,1930217,165590,4224892,997371,162563,-109,-1258,-433,89,903,92,-56,3,-31,372,-358,1154,-179,-206,937,34,20,-21,
2073118,1930217,165758,4224892,997371,162563,-98,-1246,-428,89,903,92,-52,1,-27,367,-385,1215,-181,-204,930,30,17,-20,
2073118,1930217,165758,4223921,997371,162563,-108,-1254,-482,89,906,87,-51,1,-30,406,-376,1181,-181,-204,930,32,23,-23,
2073118,1930217,165758,4223921,1006642,162563,-105,-1253,-419,90,901,86,-49,6,-26,389,-370,1185,-183,-206,935,43,20,-18,
2073118,1930217,165758,4223921,1006642,162642,-101,-1252,-389,90,901,86,-48,7,-30,410,-362,1150,-183,-206,935,35,16,-22,
2073118,1930217,165758,4223921,1006642,162642,-89,-1241,-443,90,897,80,-44,4,-35,404,-367,1152,-180,-209,931,28,17,-19,
2073118,1930217,165758,4223921,1006642,162642,-85,-1260,-451,90,897,80,-46,5,-34,392,-369,1194,-181,-213,921,29,20,-20,
2060157,1930217,165758,4223921,1006642,162642,-113,-1253,-416,89,901,87,-40,8,-33,397,-360,1160,-181,-213,921,23,11,-13,
2060157,1931397,165758,4223921,1006642,162642,-97,-1256,-405,89,901,87,-31,12,-29,404,-371,1182,-177,-208,924,25,4,-7,
2060157,1931397,165810,4223921,1006642,162642,-119,-1250,-450,90,900,88,-39,4,-33,379,-365,1191,-177,-208,924,24,0,-5,
2060157,1931397,165810,4224339,1006642,162642,-110,-1247,-445,90,900,90,-45,6,-39,399,-377,1184,-179,-206,927,26,7,4,
2060157,1931397,165810,4224339,1004283,162642,-98,-1264,-431,90,900,90,-43,7,-30,387,-372,1162,-179,-206,927,24,6,12,
2060157,1931397,165810,4224339,1004283,162706,-115,-1255,-469,88,901,87,-37,0,-29,389,-363,1176,-181,-202,941,17,7,13,
2060157,1931397,165810,4224339,1004283,162706,-115,-1247,-425,88,901,87,-40,5,-31,393,-366,1176,-181,-210,916,18,-8,11,
2060157,1931397,165810,4224339,1004283,162706,-108,-1264,-445,91,903,84,-39,4,-38,387,-368,1161,-181,-210,916,14,-17,7,
2055964,1931397,165810,4224339,1004283,162706,-93,-1255,-407,91,903,87,-45,12,-31,381,-375,1186,-180,-210,932,2,-13,-1,
2055964,1934333,165810,4224339,1004283,162706,-116,-1252,-417,91,903,87,-53,5,-26,411,-359,1178,-180,-210,932,10,-9,0,
2055964,1934333,165697,4224339,1004283,162706,-110,-1256,-439,90,902,91,-49,8,-28,404,-363,1151,-181,-213,940,12,0,-3,
2055964,1934333,165697,4221805,1004283,162706,-120,-1256,-444,90,902,91,-37,4,-33,399,-375,1156,-181,-213,940,16,7,-7,
2055964,1934333,165697,4221805,993033,162706,-100,-1260,-413,88,904,86,-43,-1,-33,379,-372,1192,-186,-204,939,31,19,-8,
2055964,1934333,165697,4221805,993033,162494,-94,-1268,-420,88,904,86,-54,-3,-30,393,-362,1167,-186,-204,934,38,19,-13,
2055964,1934333,165697,4221805,993033,162494,-102,-1255,-448,90,897,86,-52,1,-26,397,-362,1181,-184,-207,934,42,18,-11,
2055964,1934333,165697,4221805,993033,162494,-112,-1264,-412,91,898,91,-54,9,-28,397,-367,1180,-181,-210,928,32,14,-10,
1980464,1934333,165697,4221805,993033,162494,-114,-1260,-445,91,898,91,-48,6,-29,394,-353,1167,-181,-210,928,25,19,-10,
1980464,1936724,165697,4221805,993033,162494,-90,-1253,-441,94,902,91,-40,4,-39,404,-361,1173,-182,-215,947,28,17,-6,
1980464,1936724,165763,4221805,993033,162494,-122,-1258,-438,94,902,91,-52,7,-33,373,-365,1173,-182,-215,947,27,9,-11,
1980464,1936724,165763,4223188,993033,162494,-110,-1257,-429,90,902,94,-49,8,-30,374,-369,1196,-180,-215,941,24,19,-16,
1980464,1936724,165763,4223188,992609,162494,-82,-1265,-410,92,899,86,-47,1,-35,403,-361,1175,-180,-215,941,27,8,-11,
1980464,1936724,165763,4223188,992609,162379,-104,-1263,-443,92,899,86,-56,4,-29,392,-372,1190,-178,-204,952,22,6,-6,
1980464,1936724,165763,4223188,992609,162379,-115,-1255,-431,93,897,90,-53,7,-29,387,-363,1168,-175,-216,927,24,8,-5,
1980464,1936724,165763,4223188,992609,162379,-105,-1256,-400,93,897,90,-48,7,-27,394,-377,1170,-175,-216,927,26,9,-3,
1973415,1936724,165763,4223188,992609,162379,-100,-1249,-448,89,907,79,-44,11,-27,396,-372,1177,-177,-214,932,16,11,-12,
1973415,1939129,165763,4223188,992609,162379,-107,-1258,-434,89,903,88,-50,8,-29,387,-353,1181,-177,-214,932,17,12,-19,
1973415,1939129,165752,4223188,992609,162379,-113,-1254,-389,92,903,88,-53,5,-34,409,-361,1169,-180,-210,934,25,12,-20,
1973415,1939129,165752,4222650,992609,162379,-110,-1260,-432,92,899,87,-44,10,-28,386,-352,1190,-180,-210,934,28,13,-18,
1973415,1939129,165752,4222650,976740,162379,-113,-1242,-432,92,899,87,-38,14,-33,404,-359,1175,-181,-202,940,33,18,-12,
1973415,1939129,165752,4222650,976740,162646,-103,-1253,-429,93,902,89,-31,17,-34,384,-348,1174,-180,-206,935,31,10,-10,
1973415,1939129,165752,4222650,976740,162646,-109,-1256,-429,93,902,89,-31,13,-34,389,-357,1203,-180,-206,935,28,6,-8,
1973415,1939129,165752,4222650,976740,162646,-97,-1258,-420,91,904,92,-29,13,-36,397,-358,1181,-178,-217,954,31,8,-10,
1953857,1939129,165752,4222650,976740,162646,-101,-1266,-445,90,901,85,-28,14,-35,399,-348,1178,-178,-217,954,42,13,-6,
1953857,1949878,165752,4222650,976740,162646,-106,-1256,-437,90,901,85,-24,13,-38,374,-357,1185,-177,-222,942,40,13,-6,
1953857,1949878,165766,4222650,976740,162646,-90,-1257,-416,91,897,90,-24,15,-36,398,-351,1176,-177,-222,942,28,13,-10,
1953857,1949878,165766,4222692,976740,162646,-96,-1254,-427,91,897,90,-31,15,-28,397,-368,1184,-177,-215,942,34,17,-21,
1953857,1949878,165766,4222692,985835,162646,-107,-1257,-423,93,906,93,-34,14,-30,401,-344,1177,-177,-215,942,37,10,-19,
1953857,1949878,165766,4222692,985835,162636,-99,-1265,-434,87,902,81,-39,11,-33,383,-367,1202,-176,-216,936,35,7,-21,
1953857,1949878,165766,4222692,985835,162636,-80,-1256,-421,87,902,81,-40,4,-38,378,-354,1174,-176,-219,940,36,13,-23,
1953857,1949878,165766,4222692,985835,162636,-100,-1241,-410,91,897,85,-47,6,-33,376,-353,1180,-176,-219,940,33,10,-22,
1955141,1949878,165766,4222692,985835,162636,-98,-1267,-424,91,897,85,-41,0,-30,384,-347,1186,-177,-221,931,31,10,-11,
1955141,1951779,165766,4222692,985835,162636,-103,-1251,-420,92,906,90,-42,7,-30,413,-345,1172,-177,-221,931,32,17,-15,
1955141,1951779,165679,4222692,985835,162636,-99,-1258,-405,92,906,90,-44,3,-34,397,-355,1169,-179,-215,929,35,20,-15,
1955141,1951779,165679,4224546,985835,162636,-94,-1255,-422,89,903,88,-38,0,-36,393,-347,1179,-179,-215,929,30,28,-13,
1955141,1951779,165679,4224546,996593,162636,-98,-1257,-416,91,897,91,-41,5,-33,406,-351,1183,-179,-217,923,15,17,-12,
1955141,1951779,165679,4224546,996593,162573,-122,-1254,-435,91,897,91,-42,8,-32,397,-345,1197,-177,-216,915,16,13,-8,
1955141,1951779,165679,4224546,996593,162573,-116,-1251,-468,91,899,92,-31,13,-30,387,-350,1183,-177,-216,915,6,9,-10,
1955141,1951779,165679,4224546,996593,162573,-104,-1244,-394,91,899,92,-33,7,-38,380,-354,1176,-176,-222,926,3,16,-13,
1978758,1951779,165679,4224546,996593,162573,-114,-1257,-474,89,909,99,-29,9,-29,391,-340,1199,-176,-222,926,-3,12,5,
1978758,1951402,165679,4224546,996593,162573,-99,-1244,-394,88,900,92,-26,14,-27,391,-345,1168,-178,-225,926,-8,5,12,
1978758,1951402,165636,4224546,996593,162573,-107,-1254,-423,88,900,92,-30,10,-31,382,-353,1230,-178,-225,926,-19,-6,18,
1978758,1951402,165636,4225141,996593,162573,-84,-1254,-406,92,897,76,-30,11,-35,392,-343,1159,-177,-216,924,-37,-19,15,
1978758,1951402,165636,4225141,1014414,162573,-109,-1268,-428,92,897,76,-21,13,-37,396,-356,1177,-177,-216,924,-37,-21,18,
1978758,1951402,165636,4225141,1014414,162622,-84,-1256,-430,89,903,90,-25,16,-32,384,-355,1180,-180,-218,917,-42,-21,23,
1978758,1951402,165636,4225141,1014414,162622,-101,-1253,-410,89,903,90,-34,13,-30,399,-350,1182,-178,-216,951,-46,-20,21,
1978758,1951402,165636,4225141,1014414,162622,-95,-1274,-426,88,910,92,-37,14,-28,395,-353,1148,-178,-216,951,-49,-13,27,
1984242,1951402,165636,4225141,1014414,162622,-94,-1274,-407,90,898,90,-40,5,-34,396,-359,1190,-179,-215,944,-40,-9,29,
1984242,1954265,165636,4225141,1014414,162622,-99,-1259,-387,90,898,90,-42,11,-26,379,-372,1168,-179,-215,944,-30,-6,28,
1984242,1954265,165777,4225141,1014414,162622,-97,-1258,-426,89,898,90,-49,6,-31,398,-365,1196,-180,-215,944,-29,4,28,
1984242,1954265,165777,4226411,1014414,162622,-91,-1266,-441,89,898,90,-47,10,-30,400,-363,1174,-180,-215,944,-33,7,22,
1984242,1954265,165777,4226411,1007024,162622,-110,-1258,-445,89,907,86,-55,5,-26,364,-374,1168,-178,-205,941,-33,4,19,
1984242,1954265,165777,4226411,1007024,162515,-91,-1261,-440,91,903,80,-59,3,-24,391,-383,1188,-178,-215,916,-25,5,15,
1984242,1954265,165777,4226411,1007024,162515,-100,-1248,-418,91,903,80,-65,-1,-23,408,-374,1160,-178,-215,916,-12,9,8,
1984242,1954265,165777,4226411,1007024,162515,-84,-1261,-411,91,899,86,-72,-1,-18,384,-364,1174,-179,-212,927,-8,11,4,
1939679,1954265,165777,4226411,1007024,162515,-110,-1257,-401,91,899,86,-69,0,-23,379,-369,1179,-179,-212,927,1,20,1,
1939679,1954753,165777,4226411,1007024,162515,-100,-1253,-411,89,902,99,-60,9,-25,384,-369,1176,-181,-212,932,15,24,-11,
1939679,1954753,165595,4226411,1007024,162515,-107,-1254,-452,89,902,99,-64,6,-25,384,-366,1193,-181,-212,932,14,19,-21,
1939679,1954753,165595,4229477,1007024,162515,-114,-1247,-418,92,906,83,-61,4,-24,392,-355,1171,-180,-207,929,14,21,-19,
1939679,1954753,165595,4229477,995766,162515,-87,-1267,-453,90,897,88,-51,8,-25,386,-366,1201,-180,-211,937,19,27,-19,
1939679,1954753,165595,4229477,995766,162578,-95,-1263,-424,90,897,88,-48,9,-26,374,-363,1189,-177,-211,937,26,26,-17,
1939679,1954753,165595,4229477,995766,162578,-102,-1259,-465,94,900,92,-47,7,-27,399,-356,1172,-177,-215,937,26,15,-20,
1939679,1954753,165595,4229477,995766,162578,-90,-1269,-411,94,900,92,-47,3,-27,379,-362,1193,-177,-215,937,23,22,-21,
1967384,1954753,165595,4229477,995766,162578,-116,-1258,-408,91,905,91,-47,3,-29,393,-350,1175,-176,-216,938,17,10,-15,
1967384,1953781,165595,4229477,995766,162578,-96,-1256,-419,91,901,92,-49,2,-29,393,-364,1190,-176,-216,938,15,2,-20,
1967384,1953781,165503,4229477,995766,162578,-124,-1247,-430,91,901,92,-48,4,-25,387,-351,1153,-178,-212,939,5,3,-12,
1967384,1953781,165503,4228977,995766,162578,-83,-1253,-431,92,899,93,-55,5,-22,402,-348,1186,-178,-212,939,3,0,-5,
1967384,1953781,165503,4228977,1005386,162578,-106,-1253,-433,92,899,93,-56,4,-25,375,-374,1196,-176,-215,931,9,4,-12,
1967384,1953781,165503,4228977,1005386,162564,-108,-1259,-421,89,902,87,-60,2,-23,375,-367,1194,-178,-218,941,14,9,-6,
1967384,1953781,165503,4228977,1005386,162564,-103,-1264,-422,89,902,87,-59,6,-25,390,-358,1147,-178,-218,941,18,11,-14,
1967384,1953781,165503,4228977,1005386,162564,-95,-1259,-438,90,903,90,-62,2,-24,401,-366,1168,-178,-217,929,17,12,-10,
1993769,1953781,165503,4228977,1005386,162564,-109,-1255,-420,92,899,88,-62,1,-29,399,-352,1166,-178,-217,929,13,10,-10,
1993769,1954515,165503,4228977,1005386,162564,-97,-1242,-429,92,899,88,-56,0,-28,397,-362,1175,-179,-210,939,11,14,-10,
1993769,1954515,165701,4228977,1005386,162564,-88,-1259,-449,93,896,82,-52,10,-25,372,-367,1204,-179,-210,939,4,23,-9,
1993769,1954515,165701,4229710,1005386,162564,-107,-1259,-406,93,896,82,-56,3,-28,385,-361,1168,-179,-205,934,15,10,1,
1993769,1954515,165701,4229710,999028,162564,-101,-1255,-420,89,904,84,-54,6,-33,385,-358,1199,-177,-210,932,15,13,0,
1993769,1954515,165701,4229710,999028,162540,-98,-1260,-433,91,901,85,-54,5,-28,393,-360,1175,-177,-210,932,18,11,-1,
1993769,1954515,165701,4229710,999028,162540,-100,-1267,-455,91,901,85,-57,6,-22,377,-365,1204,-177,-217,936,23,8,0,
1993769,1954515,165701,4229710,999028,162540,-103,-1263,-420,93,899,87,-57,3,-25,403,-378,1217,-177,-217,936,17,10,0,
2015444,1954515,165701,4229710,999028,162540,-99,-1255,-454,93,899,87,-61,1,-27,397,-349,1191,-178,-217,941,18,1,0,
2015444,1955034,165701,4229710,999028,162540,-99,-1248,-410,91,897,82,-54,6,-31,382,-363,1217,-178,-217,941,13,-1,7,
2015444,1955034,165729,4229710,999028,162540,-91,-1248,-425,91,897,82,-44,8,-26,379,-361,1209,-177,-219,936,10,2,4,
2015444,1955034,165729,4229991,999028,162540,-111,-1255,-460,89,901,83,-48,4,-25,384,-366,1181,-177,-219,936,-1,4,2,
2015444,1955034,165729,4229991,949275,162540,-101,-1244,-408,93,899,90,-42,5,-31,400,-355,1157,-177,-216,926,-5,3,-3,
2015444,1955034,165729,4229991,949275,162552,-94,-1257,-407,93,899,90,-46,1,-32,395,-357,1161,-175,-219,923,7,14,5,
2015444,1955034,165729,4229991,949275,162552,-102,-1255,-422,88,899,89,-46,9,-28,392,-363,1193,-175,-219,923,10,20,9,
2015444,1955034,165729,4229991,949275,162552,-100,-1259,-440,88,899,89,-45,5,-33,379,-364,1195,-176,-218,935,19,26,5,
2022287,1955034,165729,4229991,949275,162552,-113,-1261,-468,91,901,83,-53,0,-32,399,-356,1176,-176,-218,935,24,24,4,
2022287,1953089,165729,4229991,949275,162552,-94,-1253,-377,94,900,87,-57,3,-30,383,-370,1179,-175,-212,941,30,31,1,
2022287,1953089,165528,4229991,949275,162552,-124,-1252,-468,94,900,87,-52,5,-33,385,-363,1186,-175,-212,941,35,41,2,
2022287,1953089,165528,4231280,949275,162552,-92,-1249,-393,91,899,85,-57,-3,-26,388,-348,1181,-176,-213,937,29,35,-1,
2022287,1953089,165528,4231280,944634,162552,-91,-1273,-438,91,899,85,-56,0,-25,370,-374,1213,-178,-217,935,25,36,-9,
2022287,1953089,165528,4231280,944634,162540,-107,-1263,-461,92,902,86,-55,6,-35,379,-362,1200,-178,-217,935,15,35,-13,
2022287,1953089,165528,4231280,944634,162540,-104,-1252,-435,92,902,85,-45,10,-31,367,-351,1193,-176,-221,933,19,32,-16,
2022287,1953089,165528,4231280,944634,162540,-108,-1255,-462,93,901,85,-48,8,-27,388,-368,1194,-176,-221,933,23,25,-17,
1963144,1953089,165528,4231280,944634,162540,-96,-1264,-426,93,900,91,-44,7,-29,394,-350,1171,-172,-219,932,21,12,-10,
1963144,1951504,165528,4231280,944634,162540,-79,-1256,-389,93,900,91,-42,7,-32,376,-350,1198,-172,-219,932,20,18,-16,
1963144,1951504,165854,4231280,944634,162540,-101,-1270,-418,91,899,89,-39,9,-32,362,-368,1215,-175,-212,944,33,15,-12,
1963144,1951504,165854,4232556,944634,162540,-101,-1247,-407,91,899,89,-42,6,-30,393,-349,1189,-175,-212,931,30,20,-16,
1963144,1951504,165854,4232556,925951,162540,-125,-1259,-433,92,901,78,-38,4,-40,383,-347,1206,-173,-216,931,32,20,-16,
1963144,1951504,165854,4232556,925951,162627,-80,-1264,-441,92,897,92,-40,2,-38,361,-368,1209,-174,-223,924,23,20,-15,
1963144,1951504,165854,4232556,925951,162627,-104,-1251,-380,92,897,92,-46,5,-29,377,-355,1203,-174,-223,924,11,21,-21,
1963144,1951504,165854,4232556,925951,162627,-96,-1257,-446,93,899,89,-44,7,-26,379,-353,1198,-172,-223,935,15,16,-18,
1975825,1951504,165854,4232556,925951,162627,-97,-1261,-410,93,899,89,-46,5,-32,380,-359,1185,-172,-223,935,15,13,-16,
1975825,1956541,165854,4232556,925951,162627,-109,-1256,-431,87,904,91,-47,7,-33,385,-353,1180,-170,-220,936,17,20,-15,
1975825,1956541,165567,4232556,925951,162627,-93,-1264,-400,87,903,90,-48,0,-31,389,-358,1173,-170,-220,936,16,27,-11,
1975825,1956541,165567,4232775,925951,162627,-114,-1258,-451,91,903,90,-49,-4,-32,383,-347,1188,-172,-215,929,7,12,-14,
1975825,1956541,165567,4232775,969325,162627,-110,-1256,-393,93,900,86,-58,1,-28,372,-361,1210,-171,-226,929,13,15,-15,
1975825,1956541,165567,4232775,969325,162652,-103,-1248,-425,93,900,86,-53,4,-27,372,-348,1189,-171,-226,929,7,19,-14,
1975825,1956541,165567,4232775,969325,162652,-107,-1249,-445,93,901,83,-49,7,-32,370,-342,1168,-171,-222,921,18,19,-14,
1975825,1956541,165567,4232775,969325,162652,-104,-1250,-454,93,901,83,-43,5,-37,379,-349,1192,-171,-222,921,12,13,-13,
1984068,1956541,165567,4232775,969325,162652,-92,-1252,-388,92,906,89,-45,3,-33,374,-352,1183,-171,-218,938,19,17,-15,
1984068,1957147,165567,4232775,969325,162652,-81,-1258,-436,95,896,87,-46,2,-36,384,-351,1190,-171,-218,938,18,10,-9,
1984068,1957147,165836,4232775,969325,162652,-97,-1258,-408,95,896,87,-49,4,-34,363,-363,1209,-170,-213,940,15,14,-7,
1984068,1957147,165836,4233489,969325,162652,-99,-1254,-435,90,899,84,-43,4,-31,380,-349,1179,-171,-220,939,15,19,-8,
1984068,1957147,165836,4233489,979236,162652,-98,-1247,-422,90,899,84,-46,2,-29,381,-345,1165,-171,-220,939,17,17,-9,
1984068,1957147,165836,4233489,979236,162475,-117,-1257,-415,90,906,93,-39,4,-37,377,-363,1214,-171,-227,938,22,15,-6,
1984068,1957147,165836,4233489,979236,162475,-101,-1257,-472,93,906,89,-42,-3,-35,388,-348,1164,-171,-227,938,34,23,-6,
1984068,1957147,165836,4233489,979236,162475,-106,-1261,-445,93,906,89,-44,5,-34,386,-350,1192,-168,-223,920,26,22,-12,
1978342,1957147,165836,4233489,979236,162475,-107,-1252,-411,90,897,92,-48,1,-27,371,-349,1201,-168,-223,920,31,24,-12,
1978342,1956411,165836,4233489,979236,162475,-116,-1259,-412,90,897,92,-51,-1,-28,391,-347,1162,-170,-220,930,42,15,-4,
1978342,1956411,165804,4233489,979236,162475,-98,-1269,-437,95,897,85,-49,5,-34,357,-358,1235,-170,-220,930,38,1,-11,
1978342,1956411,165804,4238419,979236,162475,-113,-1254,-429,95,897,85,-47,6,-32,371,-349,1174,-168,-226,929,35,-5,-16,
1978342,1956411,165804,4238419,991827,162475,-115,-1255,-460,92,906,83,-44,0,-35,392,-342,1178,-168,-227,927,24,-4,-19,
1978342,1956411,165804,4238419,991827,162703,-91,-1265,-439,94,902,85,-52,2,-28,374,-352,1222,-168,-227,927,19,-3,-23,
1978342,1956411,165804,4238419,991827,162703,-93,-1262,-452,94,902,85,-51,5,-21,376,-354,1220,-168,-229,934,16,4,-18,
