0,0,0,0,0,0,-10,-174,1341,-479,223,708,-46,4,-45,-62,7,1349,-358,-285,766,12,2,-25,
4793359,0,0,0,0,0,-5,-174,1283,-480,223,708,-42,1,-44,-44,18,1506,-358,-285,766,13,7,-18,
4793359,3626112,0,0,0,0,-18,-168,1313,-477,222,699,-41,-2,-44,-48,13,1308,-358,-278,778,9,13,-20,
4793359,3626112,1786974,0,0,0,-14,-177,1330,-477,222,699,-45,3,-44,-51,18,1294,-358,-278,778,5,5,-19,
4793359,3626112,1786974,4521770,0,0,3,-185,1304,-477,223,701,-49,3,-46,-57,10,1325,-356,-281,764,2,6,-19,
4793359,3626112,1786974,4521770,3522429,0,9,-170,1310,-477,223,701,-49,0,-45,-68,4,1315,-356,-281,764,-4,-2,-20,
4793359,3626112,1786974,4521770,3522429,2370461,-10,-175,1315,-478,229,701,-46,-7,-48,-68,11,1342,-357,-275,769,-5,1,-19,
4793359,3626112,1786974,4521770,3522429,2370461,-21,-175,1312,-476,221,708,-45,1,-41,-51,8,1334,-357,-281,758,2,-1,-14,
4793359,3626112,1786974,4521770,3522429,2370461,7,-169,1331,-476,221,708,-45,-3,-45,-57,3,1320,-357,-281,758,8,0,-17,
4791905,3626112,1786974,4521770,3522429,2370461,-11,-173,1332,-478,219,702,-43,-2,-45,-44,18,1317,-355,-282,786,2,0,-20,
4791905,3633562,1786974,4521770,3522429,2370461,-1,-165,1313,-478,219,702,-48,6,-45,-60,4,1332,-355,-282,786,6,3,-15,
4791905,3633562,1865837,4521770,3522429,2370461,-10,-172,1334,-477,226,712,-42,4,-39,-62,-1,1324,-359,-282,776,5,7,-21,
4791905,3633562,1865837,4518997,3522429,2370461,-3,-169,1307,-477,225,700,-45,0,-38,-51,5,1324,-359,-282,776,-2,-5,-22,
4791905,3633562,1865837,4518997,3520017,2370461,7,-173,1327,-474,225,700,-41,4,-47,-47,13,1303,-363,-274,762,4,7,-17,
4791905,3633562,1865837,4518997,3520017,2382414,-17,-179,1322,-478,220,705,-40,1,-38,-71,7,1329,-356,-277,776,3,7,-18,
4791905,3633562,1865837,4518997,3520017,2382414,-14,-168,1317,-478,220,705,-41,-1,-37,-58,9,1309,-356,-277,776,6,4,-19,
4791905,3633562,1865837,4518997,3520017,2382414,2,-174,1287,-476,224,708,-44,0,-40,-52,-2,1320,-354,-283,790,0,2,-16,
4788799,3633562,1865837,4518997,3520017,2382414,-12,-173,1303,-476,224,708,-47,6,-39,-64,-4,1322,-354,-283,790,3,-10,-17,
4788799,3636793,1865837,4518997,3520017,2382414,-1,-178,1336,-478,232,696,-51,-1,-51,-52,-1,1306,-358,-284,776,8,-7,-18,
4788799,3636793,1881536,4518997,3520017,2382414,-16,-189,1308,-475,223,701,-47,-2,-47,-66,10,1297,-358,-284,776,5,-7,-17,
4788799,3636793,1881536,4517380,3520017,2382414,12,-184,1315,-475,223,701,-46,-1,-42,-61,11,1297,-356,-274,783,0,-1,-15,
4788799,3636793,1881536,4517380,3505458,2382414,-7,-169,1337,-478,217,702,-47,5,-39,-60,10,1323,-356,-274,783,2,3,-21,
4788799,3636793,1881536,4517380,3505458,2384738,11,-195,1300,-478,217,702,-45,0,-38,-60,7,1304,-354,-277,774,10,4,-19,
4788799,3636793,1881536,4517380,3505458,2384738,1,-171,1345,-480,225,699,-42,4,-36,-63,11,1345,-356,-279,766,8,-1,-20,
4788799,3636793,1881536,4517380,3505458,2384738,-8,-172,1359,-477,224,697,-47,3,-36,-64,4,1327,-356,-279,766,2,3,-17,
4780105,3636793,1881536,4517380,3505458,2384738,-9,-176,1304,-477,224,697,-43,2,-41,-55,16,1336,-357,-282,776,3,3,-20,
4780105,3663353,1881536,4517380,3505458,2384738,-16,-181,1299,-478,219,697,-41,0,-44,-44,0,1304,-357,-282,776,7,-11,-23,
4780105,3663353,1939868,4517380,3505458,2384738,-13,-165,1338,-478,219,697,-44,-2,-37,-67,9,1330,-356,-275,770,4,0,-16,
4780105,3663353,1939868,4513545,3505458,2384738,-21,-177,1314,-477,217,706,-40,5,-43,-68,8,1310,-356,-275,770,6,6,-22,
4780105,3663353,1939868,4513545,3502746,2384738,-7,-189,1301,-477,217,706,-50,-3,-38,-70,9,1338,-361,-272,753,3,5,-16,
4780105,3663353,1939868,4513545,3502746,2383112,13,-185,1319,-476,224,696,-47,0,-40,-57,8,1319,-358,-281,762,4,-3,-21,
4780105,3663353,1939868,4513545,3502746,2383112,-13,-170,1348,-476,220,701,-43,0,-34,-55,12,1320,-358,-281,762,16,4,-17,
4780105,3663353,1939868,4513545,3502746,2383112,12,-180,1308,-476,220,701,-43,-4,-44,-63,16,1344,-359,-284,780,13,0,-14,
4770516,3663353,1939868,4513545,3502746,2383112,-22,-184,1318,-479,220,702,-42,-3,-45,-48,16,1286,-359,-284,780,8,4,-15,
4770516,3668387,1939868,4513545,3502746,2383112,18,-178,1313,-479,220,702,-41,0,-39,-54,9,1300,-356,-285,785,0,-1,-20,
4770516,3668387,1996610,4513545,3502746,2383112,-4,-171,1340,-477,230,698,-45,4,-36,-54,18,1322,-356,-285,785,5,0,-20,
4770516,3668387,1996610,4510689,3502746,2383112,-1,-182,1334,-477,219,703,-50,-3,-44,-49,2,1300,-359,-278,781,8,10,-25,
4770516,3668387,1996610,4510689,3480137,2383112,-5,-179,1340,-477,219,703,-45,0,-41,-66,10,1325,-359,-278,781,6,7,-20,
4770516,3668387,1996610,4510689,3480137,2388063,-6,-177,1299,-477,220,695,-43,4,-44,-63,2,1332,-359,-278,781,5,-2,-18,
4770516,3668387,1996610,4510689,3480137,2388063,-4,-168,1339,-477,220,695,-41,6,-41,-47,12,1297,-355,-282,753,5,-3,-18,
4770516,3668387,1996610,4510689,3480137,2388063,-19,-182,1311,-479,221,696,-44,6,-36,-61,9,1310,-355,-282,753,3,-4,-20,
4764694,3668387,1996610,4510689,3480137,2388063,-14,-182,1323,-479,221,696,-46,2,-37,-58,5,1356,-356,-281,763,3,8,-22,
4764694,3698407,1996610,4510689,3480137,2388063,0,-178,1307,-477,226,702,-42,0,-38,-68,8,1319,-356,-281,763,9,7,-18,
4764694,3698407,2027252,4510689,3480137,2388063,3,-185,1327,-476,220,703,-38,1,-38,-34,15,1330,-356,-277,776,14,5,-15,
4764694,3698407,2027252,4503061,3480137,2388063,-20,-168,1294,-476,220,703,-41,0,-46,-56,2,1303,-356,-277,776,5,-4,-20,
4764694,3698407,2027252,4503061,3470288,2388063,17,-182,1318,-478,220,697,-44,-4,-42,-55,18,1307,-359,-275,779,9,-5,-22,
4764694,3698407,2027252,4503061,3470288,2391403,-5,-167,1309,-478,220,697,-47,-7,-42,-62,20,1313,-357,-282,774,4,3,-25,
4764694,3698407,2027252,4503061,3470288,2391403,-1,-182,1311,-477,223,711,-48,-4,-44,-50,-2,1329,-357,-282,774,-8,2,-22,
4764694,3698407,2027252,4503061,3470288,2391403,-19,-173,1333,-476,223,704,-48,-6,-43,-38,11,1321,-357,-280,773,8,11,-14,
4765245,3698407,2027252,4503061,3470288,2391403,4,-180,1325,-476,223,704,-49,0,-45,-47,8,1303,-357,-280,773,14,12,-13,
4765245,3715457,2027252,4503061,3470288,2391403,-7,-179,1322,-479,221,703,-40,9,-47,-49,6,1314,-357,-281,776,5,8,-13,
4765245,3715457,2162904,4503061,3470288,2391403,-4,-161,1340,-479,221,703,-37,4,-37,-53,6,1346,-357,-281,776,0,-3,-19,
4765245,3715457,2162904,4474850,3470288,2391403,-3,-169,1329,-479,220,709,-46,5,-35,-62,-3,1347,-360,-274,771,3,-2,-19,
4765245,3715457,2162904,4474850,3449972,2391403,5,-176,1329,-479,220,709,-40,0,-40,-51,11,1310,-360,-273,773,-6,-1,-22,
4765245,3715457,2162904,4474850,3449972,2388695,-15,-167,1325,-476,219,699,-43,-4,-42,-53,14,1324,-359,-273,773,4,11,-14,
4765245,3715457,2162904,4474850,3449972,2388695,-2,-180,1327,-477,218,708,-45,0,-43,-65,7,1309,-356,-283,787,11,3,-14,
4765245,3715457,2162904,4474850,3449972,2388695,-9,-174,1361,-477,218,708,-41,6,-37,-58,5,1306,-356,-283,787,2,8,-15,
4740861,3715457,2162904,4474850,3449972,2388695,-32,-168,1326,-473,218,708,-39,10,-31,-47,10,1326,-354,-281,766,4,9,-20,
4740861,3758426,2162904,4474850,3449972,2388695,6,-172,1326,-473,218,708,-31,9,-32,-50,6,1325,-354,-281,766,-5,5,-25,
4740861,3758426,2385738,4474850,3449972,2388695,-7,-172,1309,-481,223,711,-35,12,-33,-57,19,1318,-358,-273,765,5,14,-23,
4740861,3758426,2385738,4426734,3449972,2388695,-7,-171,1326,-474,218,703,-31,25,-23,-64,6,1306,-358,-273,765,7,12,-23,
4740861,3758426,2385738,4426734,3463045,2388695,4,-172,1346,-474,218,703,-32,21,-24,-57,20,1300,-354,-278,781,3,12,-19,
4740861,3758426,2385738,4426734,3463045,2412500,-26,-171,1351,-474,220,707,-29,21,-26,-59,17,1328,-355,-282,762,-4,11,-14,
4740861,3758426,2385738,4426734,3463045,2412500,-30,-174,1311,-474,220,707,-28,29,-25,-73,15,1324,-355,-282,762,-5,15,-28,
4740861,3758426,2385738,4426734,3463045,2412500,-13,-178,1322,-474,222,705,-25,35,-19,-40,15,1337,-357,-282,782,1,21,-20,
4560742,3758426,2385738,4426734,3463045,2412500,-27,-167,1316,-474,222,705,-31,25,-23,-61,11,1308,-357,-282,782,-1,21,-18,
4560742,3984708,2385738,4426734,3463045,2412500,0,-174,1314,-472,221,710,-27,29,-22,-54,23,1327,-353,-275,779,-4,24,-19,
4560742,3984708,2838845,4426734,3463045,2412500,-13,-173,1286,-471,220,701,-30,27,-19,-76,-5,1326,-353,-275,779,-6,17,-18,
4560742,3984708,2838845,4307905,3463045,2412500,-17,-166,1320,-471,220,701,-36,19,-20,-61,14,1327,-357,-277,767,-3,10,-19,
4560742,3984708,2838845,4307905,3492943,2412500,-16,-166,1339,-467,217,706,-28,33,-20,-65,24,1316,-356,-273,793,3,22,-28,
4560742,3984708,2838845,4307905,3492943,2352452,-6,-170,1297,-467,217,706,-21,38,-17,-57,13,1321,-356,-273,793,7,20,-25,
4560742,3984708,2838845,4307905,3492943,2352452,-20,-176,1328,-471,220,705,-23,39,-16,-73,6,1335,-356,-281,764,-1,19,-26,
4560742,3984708,2838845,4307905,3492943,2352452,-13,-166,1323,-469,220,711,-22,30,-13,-58,-2,1333,-356,-281,764,-3,27,-30,
4220246,3984708,2838845,4307905,3492943,2352452,-14,-166,1320,-469,220,711,-30,25,-13,-70,14,1320,-354,-281,779,-11,17,-26,
4220246,4207147,2838845,4307905,3492943,2352452,-29,-170,1311,-472,222,712,-29,33,-15,-72,-2,1317,-354,-281,779,-2,26,-27,
4220246,4207147,3014527,4307905,3492943,2352452,-14,-177,1332,-472,222,712,-32,28,-13,-78,2,1298,-352,-277,775,-6,24,-26,
4220246,4207147,3014527,4183815,3492943,2352452,-28,-164,1353,-468,221,698,-32,32,-9,-59,7,1326,-352,-277,775,-5,14,-22,
4220246,4207147,3014527,4183815,3588340,2352452,-17,-173,1317,-468,221,706,-26,41,-7,-65,8,1300,-354,-276,775,-6,21,-30,
4220246,4207147,3014527,4183815,3588340,2432639,-31,-166,1336,-468,221,706,-24,41,-10,-88,20,1342,-351,-284,790,2,24,-26,
4220246,4207147,3014527,4183815,3588340,2432639,-27,-175,1332,-465,220,705,-32,31,-1,-69,10,1302,-351,-284,790,3,19,-20,
4220246,4207147,3014527,4183815,3588340,2432639,-10,-182,1342,-465,220,705,-29,38,-5,-67,10,1315,-349,-280,777,3,10,-24,
3711545,4207147,3014527,4183815,3588340,2432639,-41,-172,1314,-462,220,717,-23,49,3,-64,7,1293,-349,-280,777,9,19,-22,
3711545,4406695,3014527,4183815,3588340,2432639,-36,-176,1344,-462,220,717,-15,88,11,-70,3,1315,-352,-270,782,5,22,-20,
3711545,4406695,3200486,4183815,3588340,2432639,-55,-160,1316,-466,227,703,-16,111,10,-69,11,1332,-352,-270,782,-4,18,-22,
3711545,4406695,3200486,4062185,3588340,2432639,-32,-170,1364,-459,216,712,-9,136,12,-52,5,1314,-353,-270,777,-15,36,-29,
3711545,4406695,3200486,4062185,3587705,2432639,-49,-171,1304,-459,216,712,0,156,16,-87,10,1313,-347,-279,787,-17,63,-47,
3711545,4406695,3200486,4062185,3587705,2431215,-54,-179,1339,-459,214,712,8,173,14,-81,12,1310,-347,-279,787,-15,89,-49,
3711545,4406695,3200486,4062185,3587705,2431215,-42,-206,1350,-459,214,712,16,182,16,-63,6,1317,-346,-276,767,-25,114,-45,
3711545,4406695,3200486,4062185,3587705,2431215,-63,-195,1327,-453,223,714,19,178,26,-84,24,1337,-346,-276,767,-42,151,-44,
2114610,4406695,3200486,4062185,3587705,2431215,-107,-199,1308,-453,222,721,8,172,44,-81,1,1338,-343,-280,785,-52,219,-39,
2114610,4470794,3200486,4062185,3587705,2431215,-59,-210,1380,-450,222,721,-4,190,63,-96,8,1330,-343,-280,785,-62,271,-41,
2114610,4470794,2614816,4062185,3587705,2431215,-88,-242,1416,-442,221,713,-73,248,81,-88,22,1303,-338,-273,787,-81,308,-42,
2114610,4470794,2614816,2796664,3587705,2431215,-76,-181,1533,-442,221,713,-82,397,100,-118,18,1314,-338,-273,800,-89,308,-46,
2114610,4470794,2614816,2796664,3607562,2431215,-85,-160,1672,-431,225,724,51,522,102,-126,52,1312,-330,-275,800,-75,271,-59,
2114610,4470794,2614816,2796664,3607562,2799213,-76,-164,1663,-431,225,724,83,671,106,-114,60,1295,-324,-273,783,-55,208,-90,
2114610,4470794,2614816,2796664,3607562,2799213,-93,-170,1621,-413,224,723,108,822,109,-102,45,1269,-324,-273,783,-22,129,-114,
2114610,4470794,2614816,2796664,3607562,2799213,-115,-156,1591,-386,216,739,149,957,112,-96,-7,1282,-322,-275,777,3,32,-138,
1200775,4470794,2614816,2796664,3607562,2799213,-113,-152,1562,-386,216,739,175,1079,123,-104,45,1296,-322,-275,777,15,-14,-146,
1200775,4301004,2614816,2796664,3607562,2799213,-142,-144,1611,-357,214,750,200,1199,131,-94,123,1269,-324,-275,796,10,-39,-166,
1200775,4301004,697702,2796664,3607562,2799213,-156,-177,1669,-357,214,750,236,1312,143,-105,69,1302,-324,-275,796,40,-134,-232,
1200775,4301004,697702,3365576,3607562,2799213,-180,-233,1673,-328,216,765,274,1437,147,-85,2,1264,-325,-273,782,81,-285,-307,
1200775,4301004,697702,3365576,3866342,2799213,-184,-149,1788,-289,215,775,238,1575,179,-102,-21,1331,-333,-283,777,122,-446,-335,
1200775,4301004,697702,3365576,3866342,3632627,-181,-161,1727,-289,215,775,226,1726,199,-106,-119,1315,-333,-283,777,145,-473,-315,
1200775,4301004,697702,3365576,3866342,3632627,-154,-181,1329,-255,216,792,-161,1642,204,-102,-109,1360,-338,-286,779,118,-372,-183,
1200775,4301004,697702,3365576,3866342,3632627,376,406,575,-255,216,792,-229,1369,218,-79,21,1343,-338,-286,779,42,-84,-156,
1051091,4301004,697702,3365576,3866342,3632627,612,684,615,-226,227,808,131,907,123,-39,127,1339,-339,-287,779,17,-11,-192,
1051091,1221787,697702,3365576,3866342,3632627,539,355,607,-226,227,808,563,463,1,-24,175,1322,-339,-287,779,8,3,-288,
1051091,1221787,166183,3365576,3866342,3632627,393,41,497,-218,217,809,637,120,-45,-38,79,1282,-341,-280,775,17,-31,-390,
1051091,1221787,166183,4387024,3866342,3632627,389,-47,447,-222,194,801,440,-172,-22,-89,-51,1310,-341,-290,781,40,-64,-404,
1051091,1221787,166183,4387024,3775774,3632627,341,124,466,-222,194,801,262,-469,-25,-74,-48,1296,-331,-290,781,48,-83,-355,
1051091,1221787,166183,4387024,3775774,3844546,97,301,681,-234,190,802,293,-761,-109,-81,-56,1314,-334,-297,775,46,-78,-314,
1051091,1221787,166183,4387024,3775774,3844546,-176,228,795,-234,190,802,340,-1019,-269,-88,-31,1334,-334,-297,775,26,-62,-294,
1051091,1221787,166183,4387024,3775774,3844546,-393,154,931,-256,181,794,247,-1178,-451,-36,130,1337,-334,-297,783,14,-19,-307,
1475900,1221787,166183,4387024,3775774,3844546,-381,175,1018,-276,174,791,6,-1265,-627,-15,191,1322,-334,-297,783,-5,28,-362,
1475900,1055491,166183,4387024,3775774,3844546,-537,243,1110,-276,174,791,-151,-1611,-551,-4,206,1313,-326,-294,782,-8,29,-471,
1475900,1055491,166489,4387024,3775774,3844546,-776,164,1169,-303,162,771,-71,-1811,-357,-30,128,1324,-326,-294,782,13,2,-601,
1475900,1055491,166489,4585832,3775774,3844546,-964,-188,1184,-303,162,771,-113,-1995,-12,-29,34,1319,-323,-295,791,30,-65,-711,
1475900,1055491,166489,4585832,3508457,3844546,-1039,-396,1344,-330,162,761,-126,-2178,404,-83,-23,1340,-319,-307,780,40,-93,-741,
1475900,1055491,166489,4585832,3508457,3813659,-1143,-761,1454,-330,162,761,-394,-2314,858,-62,-64,1327,-319,-307,780,41,-91,-745,
1475900,1055491,166489,4585832,3508457,3813659,-2555,-1434,3421,-362,191,713,-1875,-1955,1332,-56,-2,1336,-315,-311,783,46,-81,-740,
1475900,1055491,166489,4585832,3508457,3813659,-37,-456,3364,-371,224,706,-2520,-1241,1352,-27,45,1323,-315,-311,783,42,-58,-721,
4141017,1055491,166489,4585832,3508457,3813659,-1108,424,1486,-371,224,706,-362,-854,1076,23,92,1308,-308,-309,778,36,-15,-711,
4141017,1855302,166489,4585832,3508457,3813659,240,-674,1436,-367,226,699,334,-453,1326,63,193,1315,-308,-309,778,31,6,-762,
4141017,1855302,165789,4585832,3508457,3813659,1052,-838,1405,-367,226,699,1190,-272,1495,80,263,1337,-303,-311,809,30,-8,-990,
4141017,1855302,165789,4742508,3508457,3813659,670,-477,1105,-375,217,707,1206,-799,1065,23,167,1310,-295,-316,802,6,-48,-1114,
4141017,1855302,165789,4742508,2597023,3813659,609,-342,978,-380,217,708,582,-510,528,-74,-22,1319,-295,-316,802,-10,-42,-1124,
4141017,1855302,165789,4742508,2597023,3620907,543,-136,1112,-380,217,708,14,-145,-175,-37,-43,1312,-280,-328,792,-10,-19,-1109,
4141017,1855302,165789,4742508,2597023,3620907,280,-140,1238,-381,210,702,-447,145,-743,19,135,1305,-280,-328,792,1,-6,-1175,
4141017,1855302,165789,4742508,2597023,3620907,16,-68,1389,-381,210,702,-739,294,-1028,64,104,1313,-271,-329,801,-52,-7,-1281,
4656049,1855302,165789,4742508,2597023,3620907,-98,-72,1368,-385,213,691,-863,348,-1052,0,115,1339,-271,-329,801,-111,18,-1354,
4656049,1457318,165789,4742508,2597023,3620907,-153,-100,1402,-385,213,691,-888,325,-930,-47,20,1350,-260,-328,793,-75,37,-1394,
4656049,1457318,166250,4742508,2597023,3620907,-250,-94,1401,-384,222,701,-805,246,-763,-35,-49,1328,-260,-328,793,-4,-7,-1368,
4656049,1457318,166250,4960903,2597023,3620907,-219,-81,1379,-388,226,697,-584,85,-486,-70,-143,1348,-247,-334,800,58,-10,-1299,
4656049,1457318,166250,4960903,582635,3620907,-123,-92,1337,-388,226,697,-417,-156,-173,-113,-272,1329,-238,-340,808,53,-38,-1134,
4656049,1457318,166250,4960903,582635,1019775,60,-174,1291,-392,233,685,-336,-347,67,-117,-192,1304,-238,-340,808,38,-54,-958,
4656049,1457318,166250,4960903,582635,1019775,81,-211,1300,-392,233,685,-232,-210,39,24,152,1334,-231,-340,804,38,-63,-855,
4656049,1457318,166250,4960903,582635,1019775,45,-210,1331,-395,236,687,-161,-155,-119,71,409,1292,-231,-340,804,32,-71,-856,
4999025,1457318,166250,4960903,582635,1019775,33,-186,1357,-399,243,682,-118,-171,-201,156,816,1337,-227,-342,802,41,-77,-1028,
4999025,1234223,166250,4960903,582635,1019775,95,-220,1316,-399,243,682,-110,-188,-287,349,1405,1314,-227,-342,802,10,-125,-1408,
4999025,1234223,166215,4960903,582635,1019775,189,-357,1244,-405,236,688,-166,-143,-504,384,1696,1304,-211,-344,823,61,-127,-2095,
4999025,1234223,166215,5052537,582635,1019775,308,-405,1245,-405,236,688,-194,10,-829,567,2650,1366,-170,-349,823,83,-27,-2967,
4999025,1234223,166215,5052537,164420,1019775,394,-485,1277,-413,227,674,-181,212,-1242,1091,3327,1309,-170,-349,823,-150,203,-3906,
4999025,1234223,166215,5052537,164420,268477,146,-361,1357,-413,227,674,-239,218,-1815,1873,3515,1383,-122,-358,873,-83,171,-4677,
4999025,1234223,166215,5052537,164420,268477,30,-297,1289,-423,215,685,-298,116,-2243,2782,2656,1337,-122,-358,873,144,141,-3976,
4999025,1234223,166215,5052537,164420,268477,-12,-207,1287,-432,193,692,-325,101,-2419,2481,2269,1585,-85,-368,906,500,482,-2756,
5033535,1234223,166215,5052537,164420,268477,31,120,1138,-432,193,692,-277,268,-2041,1228,1169,3294,-85,-368,906,3212,857,-2224,
5033535,1080678,166215,5052537,164420,268477,396,-14,1495,-421,173,705,144,1785,-1511,1067,930,2814,-58,-465,897,5418,540,-2662,
5033535,1080678,168857,5052537,164420,268477,1199,-311,1512,-421,173,705,47,1819,-1242,559,-380,2758,-58,-721,855,6539,368,-3529,
5033535,1080678,168857,3190844,164420,268477,1658,-897,1190,-393,172,739,185,1105,-837,493,-2310,2057,-24,-649,855,6965,533,-4338,
5033535,1080678,168857,3190844,203282,268477,8461,-3218,968,-380,159,750,257,331,40,797,-2542,2057,55,-811,751,6814,370,-4861,
5033535,1080678,168857,3190844,203282,163285,1535,-877,1282,-380,159,750,49,-48,609,230,-5879,2326,55,-811,751,4395,-150,-4688,
5033535,1080678,168857,3190844,203282,163285,1761,-2549,1165,-362,166,778,213,228,802,-2219,-3814,2542,131,-857,704,1842,-255,-3961,
5033535,1080678,168857,3190844,203282,163285,882,-915,1202,-362,166,778,257,170,903,-2263,-3260,3011,131,-857,704,1412,-116,-2757,
2723454,1080678,168857,3190844,203282,163285,-760,350,1290,-362,159,818,450,-527,852,-1857,-2812,2955,163,-876,668,1988,-27,-1104,
2723454,844662,168857,3190844,203282,163285,-1444,178,950,-362,159,818,165,-1480,104,-823,-1579,2485,163,-876,668,2668,40,478,
2723454,844662,166075,3190844,203282,163285,-1972,568,1950,-415,168,824,-1024,-2085,-677,-378,-849,2367,131,-923,595,3887,52,1646,
2723454,844662,166075,907205,203282,163285,-2524,1831,1728,-457,165,838,-360,-941,-1298,-239,-283,2233,70,-1008,456,5303,257,2351,
2723454,844662,166075,907205,164291,163285,-1925,-207,1115,-457,165,838,-349,-689,-806,-264,677,1942,70,-1008,456,6646,700,2711,
2723454,844662,166075,907205,164291,163713,-2123,411,2177,-487,155,849,-340,-345,-113,374,1439,1073,18,-1070,240,7864,1210,2195,
2723454,844662,166075,907205,164291,163713,-1545,551,2042,-487,155,849,-720,-18,375,638,-510,656,18,-1070,240,7931,1307,1558,
2723454,844662,166075,907205,164291,163713,-970,359,1701,-499,176,851,-1280,48,675,875,845,-39,-4,-1077,112,5549,924,1023,
1382463,844662,166075,907205,164291,163713,-293,209,1368,-509,212,850,-1603,5,876,461,1004,51,-4,-1077,112,1949,-49,248,
1382463,818034,166075,907205,164291,163713,-195,364,1626,-509,212,850,-1527,-139,949,-22,693,71,8,-1057,140,-1116,-914,-570,
1382463,818034,165861,907205,164291,163713,-4,293,1516,-516,241,847,-1054,-346,816,-289,992,143,38,-1012,288,-3876,-1260,-1317,
1382463,818034,165861,1480305,164291,163713,180,-211,1143,-516,241,847,-334,-639,605,-516,2777,42,38,-1012,288,-5641,-1252,-1812,
1382463,818034,165861,1480305,164614,163713,284,-736,977,-542,248,842,270,-939,445,-644,4648,4,85,-970,382,-2888,-717,-2054,
1382463,818034,165861,1480305,164614,162999,243,-1081,890,-542,504,827,367,-1176,355,-722,2206,-219,85,-970,382,41,-55,-1053,
1382463,818034,165861,1480305,164614,162999,161,-1066,856,-573,260,827,-782,-1315,237,75,975,23,87,-975,366,1208,334,626,
1382463,818034,165861,1480305,164614,162999,89,-827,1178,-607,290,804,-1451,-1249,117,34,1369,305,87,-975,366,1307,390,2203,
792121,818034,165861,1480305,164614,162999,-267,-168,1753,-607,290,804,-1714,-1124,-37,-135,1822,452,19,-996,318,1454,194,3089,
792121,852458,165861,1480305,164614,162999,-387,88,1904,-632,327,767,-1616,-1041,-268,-303,1699,612,19,-996,318,1958,-63,3131,
792121,852458,166218,1480305,164614,162999,-416,-3,2154,-632,327,767,-1247,-973,-547,-465,1260,907,-65,-1021,262,2370,-263,2738,
792121,852458,166218,665165,164614,162999,-369,-373,2515,-663,346,754,-741,-784,-715,-616,747,1066,-134,-1044,212,2316,-391,2330,
792121,852458,166218,665165,164458,162999,-142,-722,2585,-672,336,751,-248,-390,-661,-772,544,1086,-134,-1044,212,1871,-337,2076,
792121,852458,166218,665165,164458,163486,101,-1157,2476,-672,336,751,111,131,-411,-711,1062,969,-186,-1053,166,1293,6,1847,
792121,852458,166218,665165,164458,163486,705,-1920,2282,-652,342,755,236,688,-43,-338,1147,868,-186,-1053,166,924,494,1523,
792121,852458,166218,665165,164458,163486,1165,-1873,1951,-652,342,755,4,1195,374,-252,1091,845,-214,-1047,149,566,883,1140,
910434,852458,166218,665165,164458,163486,1549,-1540,1792,-616,374,751,-590,1468,829,-194,1271,778,-214,-1047,149,-72,1157,752,
910434,807553,166218,665165,164458,163486,1757,-868,1630,-616,415,731,-1873,950,615,-13,1636,623,-228,-1042,150,-714,1430,405,
910434,807553,166264,665165,164458,163486,1860,-134,1528,-585,415,731,-2005,167,44,548,2294,401,-219,-1047,164,-958,1584,89,
910434,807553,166264,875835,164458,163486,1814,302,1339,-612,436,700,-1665,-791,-684,1152,2326,94,-219,-1047,164,-252,1242,-212,
910434,807553,166264,875835,164360,163486,1076,77,1431,-612,436,700,-1125,-1713,-1280,1135,1412,172,-214,-1056,151,940,321,-297,
910434,807553,166264,875835,164360,163335,713,-199,1335,-679,428,655,-634,-2425,-1555,257,30,463,-214,-1056,151,1466,-543,19,
910434,807553,166264,875835,164360,163335,444,-601,1115,-679,428,655,-269,-2948,-1495,182,151,582,-243,-1059,107,1214,-887,1124,
910434,807553,166264,875835,164360,163335,86,-947,940,-753,419,593,-160,-3299,-1130,-16,390,746,-243,-1059,107,683,-577,1582,
901614,807553,166264,875835,164360,163335,-256,-1055,917,-807,412,536,-414,-3420,-543,-160,501,894,-294,-1049,88,94,-342,1783,
901614,900001,166264,875835,164360,163335,-495,-767,935,-807,412,536,-939,-3250,67,-298,507,1013,-294,-1049,88,-120,-25,1844,
901614,900001,166335,875835,164360,163335,-703,158,841,-834,443,458,-1398,-2908,520,-387,457,1025,-344,-1050,98,-428,353,1851,
901614,900001,166335,680804,164360,163335,-671,412,778,-834,443,458,-1281,-2109,806,-328,425,940,-385,-1038,129,-868,733,1883,
901614,900001,166335,680804,164346,163335,-632,478,614,-852,478,402,-1060,-1703,705,-274,496,923,-385,-1038,129,-1339,1108,1944,
901614,900001,166335,680804,164346,163303,-555,372,583,-857,494,359,-838,-1315,503,-168,1135,892,-430,-1026,166,-1684,1459,1941,
901614,900001,166335,680804,164346,163303,-458,245,552,-857,494,359,-679,-940,288,71,1394,753,-430,-1026,166,-1554,1719,1772,
901614,900001,166335,680804,164346,163303,-313,117,505,-861,499,341,-548,-615,136,269,1230,649,-465,-1006,196,-946,1690,1468,
1029026,900001,166335,680804,164346,163303,-183,-136,728,-861,499,341,-493,-343,63,394,734,618,-465,-1006,196,-308,1397,1142,
1029026,718665,166335,680804,164346,163303,-193,-144,845,-863,508,337,-506,-131,38,276,319,690,-481,-983,222,-7,1002,909,
1029026,718665,166382,680804,164346,163303,-163,-138,875,-863,508,337,-532,-28,22,-44,87,748,-498,-991,235,-253,643,760,
1029026,718665,166382,671027,164346,163303,-144,-127,802,-859,512,316,-449,-58,9,-195,179,816,-498,-991,235,-695,459,691,
1029026,718665,166382,671027,164136,163303,-154,-114,657,-862,511,315,-312,-173,-3,-330,338,855,-508,-980,267,-938,495,671,
1029026,718665,166382,671027,164136,163271,-212,-86,600,-862,511,315,-203,-280,-60,-509,451,1030,-508,-980,267,-1051,707,628,
1029026,718665,166382,671027,164136,163271,-508,-6,602,-869,506,319,-230,-210,-341,-527,536,943,-512,-962,310,-1197,997,486,
1029026,718665,166382,671027,164136,163271,-638,47,686,-869,506,319,-291,-53,-503,-470,678,857,-512,-962,310,-1381,1277,212,
709879,718665,166382,671027,164136,163271,-710,52,790,-871,502,314,-293,165,-640,-282,728,752,-491,-944,366,-1385,1539,-161,
709879,645578,166382,671027,164136,163271,-770,33,809,-878,487,315,-239,446,-715,64,535,704,-491,-942,392,-1105,1789,-518,
709879,645578,166448,671027,164136,163271,-767,12,882,-878,487,315,-128,763,-752,352,82,699,-445,-942,392,-701,1959,-778,
709879,645578,166448,783070,164136,163271,-728,-110,940,-879,470,344,33,1148,-698,491,-201,580,-398,-935,430,-710,1373,-1195,
709879,645578,166448,783070,202105,163271,-353,-469,1016,-879,470,344,180,1549,-562,545,-84,520,-398,-935,430,-1669,989,-1414,
709879,645578,166448,783070,202105,163412,-93,-644,1016,-863,468,391,228,1859,-336,527,631,474,-343,-923,477,-1654,561,-1566,
709879,645578,166448,783070,202105,163412,126,-720,1067,-863,468,391,182,1992,-70,566,681,385,-343,-923,477,-1261,212,-1645,
709879,645578,166448,783070,202105,163412,334,-723,1179,-835,472,433,87,1934,179,493,451,424,-298,-910,510,-923,-68,-1598,
769129,645578,166448,783070,202105,163412,512,-624,1217,-802,471,471,74,1779,497,345,234,607,-298,-910,510,-934,-239,-1397,
769129,354943,166448,783070,202105,163412,627,-627,1217,-802,471,471,472,1372,570,-140,5118,4162,-256,-892,546,-1704,-176,-1404,
769129,354943,166300,783070,202105,163412,646,-739,1203,-770,471,503,658,1231,576,1940,4756,1872,-184,-871,619,-2302,65,-2847,
769129,354943,166300,2644810,202105,163412,629,-799,1196,-770,471,503,717,1153,531,1134,2739,3865,-184,-871,619,-1767,855,-3264,
769129,354943,166300,2644810,164540,163412,610,-834,1147,-736,480,536,675,1128,477,-874,863,659,-120,-866,618,-715,753,-2435,
769129,354943,166300,2644810,164540,163059,579,-820,1192,-704,474,570,591,1177,421,934,1831,296,-120,-866,618,71,126,-951,
769129,354943,166300,2644810,164540,163059,554,-819,1179,-704,474,570,500,1276,355,-1289,475,1103,-123,-881,606,1104,-19,-8,
769129,354943,166300,2644810,164540,163059,557,-833,1055,-670,471,598,395,1367,299,-742,-360,1128,-123,-881,606,1423,174,712,
795617,354943,166300,2644810,164540,163059,688,-761,1086,-670,471,598,232,1390,231,-781,-336,1393,-140,-896,594,563,322,605,
795617,238641,166300,2644810,164540,163059,698,-664,1089,-630,469,627,94,1328,153,-506,357,1231,-128,-891,622,-636,354,-2,
795617,238641,166517,2644810,164540,163059,723,-581,1014,-630,469,627,52,1229,59,-113,850,1114,-128,-891,622,-1049,161,-439,
795617,238641,166517,1627776,164540,163059,727,-583,946,-595,473,635,86,935,-198,-97,796,1177,-120,-894,628,-691,-154,-525,
795617,238641,166517,1627776,164109,163059,707,-643,839,-560,458,655,44,715,-339,-256,510,1209,-120,-894,628,-267,-356,-489,
795617,238641,166517,1627776,164109,163163,976,-2486,4099,-560,458,655,1390,1043,-305,-394,470,1193,-117,-892,626,-96,-315,-451,
795617,238641,166517,1627776,164109,163163,2167,-1345,538,-533,403,698,3759,1293,4,-378,456,1180,-117,-892,626,-155,-213,-409,
795617,238641,166517,1627776,164109,163163,795,-780,2555,-533,403,698,4683,1166,363,-353,513,1188,-115,-888,636,-233,-177,-273,
2958938,238641,166517,1627776,164109,163163,1105,-1243,2473,-509,339,744,3206,941,142,-342,531,1212,-115,-888,636,-290,-166,-210,
2958938,282920,166517,1627776,164109,163163,270,-616,1205,-509,308,769,1386,347,-370,-246,545,1237,-117,-885,636,-292,-117,-147,
2958938,282920,166359,1627776,164109,163163,1741,-1049,723,-509,308,769,1388,-291,-537,-174,630,1222,-110,-885,628,-251,-48,-116,
2958938,282920,166359,1804156,164109,163163,219,-242,1537,-526,276,780,1405,-427,-444,-150,644,1216,-110,-885,628,-186,15,-82,
2958938,282920,166359,1804156,164112,163163,107,-289,1454,-526,276,780,1133,-211,-309,-64,692,1167,-110,-883,660,-96,28,-76,
2958938,282920,166359,1804156,164112,163274,33,-142,1297,-530,267,796,748,30,-116,-142,632,1134,-110,-883,660,-2,6,-94,
2958938,282920,166359,1804156,164112,163274,64,-89,1282,-530,267,796,352,477,-40,-212,606,1155,-112,-884,646,27,-17,-119,
2958938,282920,166359,1804156,164112,163274,53,-1,1358,-527,259,803,365,605,31,-245,586,1110,-112,-884,646,5,-32,-106,
3305787,282920,166359,1804156,164112,163274,44,62,1321,-511,250,810,508,678,157,-273,580,1124,-111,-885,654,-51,-34,-66,
3305787,469188,166359,1804156,164112,163274,-401,31,1438,-511,250,810,618,799,308,-251,591,1101,-107,-882,644,-130,-30,-35,
3305787,469188,166625,1804156,164112,163274,-235,-4,1480,-491,245,833,683,1014,441,-233,606,1122,-107,-882,644,-206,-41,-8,
3305787,469188,166625,1786620,164112,163274,-89,-144,1415,-491,245,833,698,1258,547,-181,637,1109,-107,-880,672,-257,-48,0,
3305787,469188,166625,1786620,164067,163274,16,-247,1397,-459,251,840,643,1350,599,-168,649,1118,-107,-880,672,-271,-55,14,
3305787,469188,166625,1786620,164067,163153,81,-262,1433,-432,237,856,527,1244,581,-196,651,1173,-111,-878,659,-282,-55,37,
3305787,469188,166625,1786620,164067,163153,35,-264,1385,-432,237,856,399,1039,544,-190,658,1110,-111,-878,659,-282,-33,86,
3305787,469188,166625,1786620,164067,163153,-79,-197,1372,-408,234,864,306,862,520,-199,635,1102,-117,-866,671,-283,2,175,
3249095,469188,166625,1786620,164067,163153,-120,-207,1351,-408,234,864,289,690,447,-203,633,1166,-117,-866,661,-297,51,273,
3249095,166314,166625,1786620,164067,163153,-105,-187,1314,-395,236,872,312,359,383,-200,610,1181,-125,-864,661,-300,110,383,
3249095,166314,166492,1786620,164067,163153,-139,-161,1356,-395,236,873,288,251,302,-217,627,1187,-133,-859,672,-276,174,491,
3249095,166314,166492,2083521,164067,163153,-134,-138,1316,-389,230,873,223,142,212,-173,628,1133,-133,-859,672,-228,221,678,
3249095,166314,166492,2083521,168309,163153,-85,-144,1352,-386,228,884,162,58,115,-159,628,1166,-143,-855,680,-192,253,721,
3249095,166314,166492,2083521,168309,163167,-94,-138,1334,-386,228,884,88,16,28,-108,628,1103,-143,-855,680,-228,260,729,
3249095,166314,166492,2083521,168309,163167,-100,-145,1322,-387,228,885,20,20,-36,-76,667,1092,-154,-851,690,-280,214,673,
3249095,166314,166492,2083521,168309,163167,-59,-154,1331,-387,228,885,-17,12,-90,-56,649,1083,-154,-851,690,-322,144,575,
3248612,166314,166492,2083521,168309,163167,-51,-150,1348,-392,230,881,-43,1,-114,-74,624,1079,-162,-841,706,-395,63,449,
3248612,165286,166492,2083521,168309,163167,-73,-158,1316,-389,226,881,-58,1,-94,-97,613,1087,-170,-837,706,-491,11,344,
3248612,165286,166177,2083521,168309,163167,-38,-157,1338,-389,226,881,-59,1,-53,-112,627,1128,-170,-837,706,-571,7,302,
3248612,165286,166177,2700220,168309,163167,-35,-174,1301,-389,223,878,-46,9,-11,-118,586,1106,-174,-827,719,-655,40,307,
3248612,165286,166177,2700220,164231,163167,-36,-171,1314,-389,223,878,-34,20,-11,-130,584,1164,-174,-827,719,-722,98,337,
3248612,165286,166177,2700220,164231,163310,-12,-206,1289,-390,228,883,-23,37,-8,-121,556,1190,-181,-810,739,-763,154,378,
3248612,165286,166177,2700220,164231,163310,6,-195,1310,-390,230,880,-28,37,12,-114,578,1163,-181,-810,739,-794,188,400,
3248612,165286,166177,2700220,164231,163310,37,-219,1300,-386,230,880,-31,25,36,-152,559,1240,-184,-789,760,-789,212,425,
3222619,165286,166177,2700220,164231,163310,85,-233,1343,-382,226,884,-25,12,59,-154,487,1210,-184,-778,778,-774,220,459,
3222619,165774,166177,2700220,164231,163310,23,-203,1321,-382,226,884,-30,-7,93,-141,505,1245,-184,-778,778,-777,253,494,
3222619,165774,166345,2700220,164231,163310,18,-202,1310,-387,228,883,-43,-7,116,-141,477,1264,-186,-767,768,-749,297,554,
3222619,165774,166345,2813625,164231,163310,-1,-200,1300,-387,228,883,-56,-16,123,-104,491,1273,-186,-767,768,-691,317,604,
3222619,165774,166345,2813625,164251,163310,22,-188,1343,-385,230,882,-52,-27,117,-97,512,1203,-192,-751,790,-602,299,627,
3222619,165774,166345,2813625,164251,163325,16,-182,1291,-391,231,884,-41,-24,87,-100,477,1237,-192,-751,790,-524,271,645,
3222619,165774,166345,2813625,164251,163325,30,-184,1318,-391,231,884,-68,-24,52,-104,458,1213,-199,-738,808,-483,256,649,
3222619,165774,166345,2813625,164251,163325,71,-198,1315,-391,232,877,-83,-10,11,-106,479,1271,-199,-738,808,-485,261,645,
2975856,165774,166345,2813625,164251,163325,-15,-155,1330,-391,232,877,-82,-14,-13,-97,473,1259,-207,-731,828,-430,279,658,
2975856,165649,166345,2813625,164251,163325,8,-157,1304,-396,237,881,-83,4,-34,-99,462,1282,-210,-722,810,-375,273,639,
2975856,165649,166321,2813625,164251,163325,-61,-141,1343,-396,238,893,-94,13,-59,-73,506,1261,-210,-722,810,-264,241,621,
2975856,165649,166321,2684637,164251,163325,-33,-139,1314,-397,238,893,-128,18,-83,-71,427,1290,-217,-715,837,-175,188,583,
2975856,165649,166321,2684637,164393,163325,-82,-122,1342,-399,235,885,-153,21,-102,-120,440,1232,-217,-715,837,-113,144,533,
2975856,165649,166321,2684637,164393,163292,-115,-122,1296,-399,235,885,-159,17,-121,-155,339,1265,-226,-706,833,-72,133,502,
2975856,165649,166321,2684637,164393,163292,-151,-104,1342,-405,247,885,-169,12,-129,-156,377,1278,-226,-706,833,-101,139,474,
2975856,165649,166321,2684637,164393,163292,-190,-124,1288,-405,247,885,-171,7,-147,-159,353,1255,-230,-704,845,-136,160,457,
2672815,165649,166321,2684637,164393,163292,-203,-136,1338,-407,254,887,-153,26,-125,-86,408,1201,-236,-700,841,-185,149,434,
2672815,165802,166321,2684637,164393,163292,-201,-150,1303,-406,246,895,-73,14,-104,-115,418,1269,-236,-700,841,-210,123,394,
2672815,165802,166337,2684637,164393,163292,-176,-145,1327,-406,246,895,-55,13,-95,-106,391,1214,-242,-698,845,-209,89,362,
2672815,165802,166337,2279694,164393,163292,-138,-156,1308,-408,247,886,-54,15,-92,-106,445,1246,-242,-698,845,-204,43,364,
2672815,165802,166337,2279694,164123,163292,-71,-165,1353,-408,247,886,-70,14,-96,-99,478,1253,-248,-695,851,-184,3,397,
2672815,165802,166337,2279694,164123,163157,-79,-168,1305,-411,248,882,-74,6,-109,-80,518,1204,-248,-695,851,-163,-17,461,
2672815,165802,166337,2279694,164123,163157,-87,-179,1318,-413,249,882,-56,2,-116,-92,498,1202,-259,-686,843,-138,-10,524,
2672815,165802,166337,2279694,164123,163157,-128,-163,1326,-413,249,882,-28,14,-128,-89,520,1197,-259,-686,843,-153,-9,567,
2593876,165802,166337,2279694,164123,163157,-96,-174,1295,-412,239,886,2,16,-136,-55,502,1178,-269,-686,863,-174,-16,557,
2593876,165763,166337,2279694,164123,163157,-81,-175,1322,-412,239,886,19,7,-153,-45,525,1208,-275,-680,859,-177,-35,501,
2593876,165763,166414,2279694,164123,163157,-47,-172,1320,-414,247,890,31,2,-169,-17,532,1255,-275,-680,859,-160,-62,413,
2593876,165763,166414,2180703,164123,163157,-33,-181,1312,-414,247,890,17,24,-180,-12,467,1255,-284,-678,862,-119,-75,66,
2593876,165763,166414,2180703,164386,163157,-32,-177,1313,-418,244,883,-12,27,-191,-14,440,1270,-284,-678,862,206,-57,160,
2593876,165763,166414,2180703,164386,163334,-17,-176,1314,-418,235,889,-25,19,-196,-66,395,1260,-290,-679,856,50,-44,90,
2593876,165763,166414,2180703,164386,163334,-35,-166,1285,-418,235,889,-20,17,-193,-59,367,1271,-290,-679,856,66,-3,35,
2593876,165763,166414,2180703,164386,163334,-40,-189,1302,-418,234,881,-13,16,-173,-80,366,1286,-289,-680,864,95,58,-8,
2650821,165763,166414,2180703,164386,163334,0,-196,1292,-418,234,881,-12,38,-149,-57,360,1326,-289,-688,845,124,121,-29,
2650821,165907,166414,2180703,164386,163334,-15,-194,1333,-422,237,893,-7,51,-135,-60,326,1289,-289,-688,845,147,164,-41,
2650821,165907,166397,2180703,164386,163334,3,-203,1301,-423,235,890,8,46,-113,-50,338,1275,-289,-694,867,182,198,-54,
2650821,165907,166397,2175129,164386,163334,-14,-222,1307,-423,235,890,24,43,-95,-69,346,1300,-289,-694,867,224,222,-66,
2650821,165907,166397,2175129,164412,163334,21,-217,1321,-420,225,899,18,38,-78,-68,380,1286,-284,-700,854,279,233,-73,
2650821,165907,166397,2175129,164412,163360,35,-233,1291,-420,225,899,19,33,-65,-97,363,1283,-284,-700,854,324,224,-89,
2650821,165907,166397,2175129,164412,163360,58,-236,1338,-419,229,899,-27,8,-72,-135,351,1273,-283,-704,854,355,177,-110,
2650821,165907,166397,2175129,164412,163360,58,-223,1344,-419,229,899,-39,4,-63,-158,354,1268,-283,-718,852,350,117,-131,
2707549,165907,166397,2175129,164412,163360,66,-233,1296,-422,226,899,-58,6,-56,-184,319,1251,-280,-718,852,360,93,-155,
2707549,165696,166397,2175129,164412,163360,41,-182,1371,-427,224,900,-77,21,-39,-246,276,1279,-274,-730,823,346,87,-157,
2707549,165696,166444,2175129,164412,163360,28,-176,1315,-427,224,900,-102,14,-14,-270,326,1257,-274,-730,823,313,101,-152,
2707549,165696,166444,2081068,164412,163360,-46,-143,1351,-427,220,900,-115,15,10,-246,351,1215,-275,-736,835,290,116,-151,
2707549,165696,166444,2081068,164402,163360,-33,-147,1347,-427,220,900,-132,22,26,-251,372,1259,-275,-736,835,257,130,-141,
2707549,165696,166444,2081068,164402,163418,-76,-126,1299,-432,234,906,-149,12,32,-192,440,1209,-266,-738,827,209,123,-136,
2707549,165696,166444,2081068,164402,163418,-79,-164,1327,-435,227,903,-141,-16,40,-151,468,1206,-266,-738,827,175,81,-96,
2707549,165696,166444,2081068,164402,163418,-94,-137,1337,-435,227,903,-113,-27,43,-152,477,1186,-268,-740,837,181,46,219,
2690798,165696,166444,2081068,164402,163418,-81,-150,1309,-432,226,894,-106,-17,9,-160,452,1190,-268,-751,830,172,45,34,
2690798,165613,166444,2081068,164402,163418,-125,-148,1283,-432,226,894,-100,-31,-16,-145,467,1216,-268,-751,830,96,60,34,
2690798,165613,166422,2081068,164402,163418,-76,-173,1318,-440,228,907,-88,-44,-27,-122,477,1178,-267,-748,815,50,54,13,
2690798,165613,166422,1820426,164402,163418,-122,-174,1285,-440,228,907,-85,-41,-31,-111,491,1198,-267,-748,815,26,43,8,
2690798,165613,166422,1820426,164481,163418,-101,-160,1351,-437,230,903,-95,-22,-33,-116,485,1214,-269,-743,825,11,29,-5,
2690798,165613,166422,1820426,164481,163399,-85,-159,1304,-445,223,902,-114,-3,-42,-108,500,1184,-269,-743,825,-21,20,-15,
2690798,165613,166422,1820426,164481,163399,-86,-181,1301,-445,223,902,-119,6,-39,-104,500,1194,-270,-741,827,-45,19,-10,
2690798,165613,166422,1820426,164481,163399,-70,-162,1308,-446,227,909,-123,11,-27,-85,490,1212,-266,-745,818,-56,28,-2,
2661200,165613,166422,1820426,164481,163399,-109,-141,1349,-446,227,909,-132,8,-11,-105,497,1262,-266,-745,818,-42,20,11,
2661200,165662,166422,1820426,164481,163399,-114,-148,1309,-448,234,899,-122,-13,5,-44,548,1179,-268,-747,834,-37,30,22,
2661200,165662,166445,1820426,164481,163399,-91,-171,1297,-446,232,904,-103,-37,35,-51,540,1227,-268,-747,834,-17,34,35,
2661200,165662,166445,1787466,164481,163399,-152,-149,1370,-446,232,904,-38,-68,51,-80,534,1225,-270,-748,821,-3,24,48,
2661200,165662,166445,1787466,164367,163399,-122,-158,1329,-449,229,906,-13,-51,35,-70,506,1178,-270,-748,821,0,13,49,
2661200,165662,166445,1787466,164367,163418,-96,-160,1344,-449,229,906,-6,-21,0,-94,513,1213,-277,-740,828,-9,18,35,
2661200,165662,166445,1787466,164367,163418,-99,-173,1336,-452,229,896,-3,8,-36,-86,530,1190,-277,-740,828,-23,6,36,
2661200,165662,166445,1787466,164367,163418,-95,-162,1265,-452,229,896,-7,28,-65,-136,514,1215,-273,-747,822,-26,9,35,
2720357,165662,166445,1787466,164367,163418,-78,-185,1356,-449,230,901,-14,9,-83,-123,554,1185,-276,-749,828,-28,-10,34,
2720357,165450,166445,1787466,164367,163418,-72,-168,1330,-453,226,908,-20,2,-86,-189,464,1265,-276,-749,828,-11,-18,28,
2720357,165450,166267,1787466,164367,163418,-106,-165,1320,-453,226,908,-19,1,-93,-169,449,1211,-276,-750,834,-6,-18,13,
2720357,165450,166267,2017206,164367,163418,-101,-151,1331,-453,223,902,-14,-2,-80,-163,428,1249,-276,-750,834,-8,-1,0,
2720357,165450,166267,2017206,164332,163418,-101,-160,1304,-453,223,902,-8,-1,-69,-193,407,1259,-277,-749,839,5,-255,-18,
2720357,165450,166267,2017206,164332,163341,-94,-168,1351,-457,228,902,4,6,-62,-166,449,1267,-277,-749,839,31,-6,-23,
2720357,165450,166267,2017206,164332,163341,-73,-178,1335,-454,221,910,10,22,-55,-196,382,1253,-281,-743,846,52,3,-18,
2720357,165450,166267,2017206,164332,163341,-72,-168,1322,-454,221,910,-4,19,-63,-178,446,1246,-279,-750,829,64,11,-7,
2768708,165450,166267,2017206,164332,163341,-64,-181,1312,-457,219,911,-29,6,-75,-145,444,1238,-279,-750,829,91,20,-6,
2768708,165639,166267,2017206,164332,163341,-70,-169,1347,-457,219,911,-44,-9,-76,-186,428,1280,-280,-753,825,93,29,1,
2768708,165639,166501,2017206,164332,163341,-63,-165,1323,-455,219,906,-49,-17,-78,-160,427,1258,-280,-753,825,99,19,-6,
2768708,165639,166501,1929612,164332,163341,-51,-175,1344,-455,219,908,-57,-22,-79,-152,466,1222,-281,-759,835,89,21,-12,
2768708,165639,166501,1929612,164228,163341,-40,-173,1305,-459,222,908,-52,-9,-75,-130,485,1193,-281,-759,835,84,21,-14,
2768708,165639,166501,1929612,164228,163375,-44,-178,1292,-455,217,911,-45,5,-52,-115,499,1221,-281,-753,839,72,2,-11,
2768708,165639,166501,1929612,164228,163375,-36,-181,1343,-455,217,911,-18,14,-29,-100,507,1237,-281,-753,819,71,-3,-11,
2768708,165639,166501,1929612,164228,163375,-36,-181,1321,-457,219,909,-9,11,-7,-110,508,1243,-284,-761,819,87,13,-14,
2779338,165639,166501,1929612,164228,163375,-51,-153,1353,-457,219,909,-8,27,4,-99,496,1216,-282,-765,826,116,16,-21,
2779338,165709,166501,1929612,164228,163375,-58,-161,1335,-457,226,908,-47,14,-6,-111,471,1217,-282,-765,826,126,23,-40,
2779338,165709,165911,1929612,164228,163375,-43,-175,1337,-461,217,920,-51,5,-14,-69,578,1217,-281,-769,833,114,24,-72,
2779338,165709,165911,1852169,164228,163375,-33,-180,1309,-461,217,920,-53,-10,-12,-79,534,1210,-281,-769,833,136,16,-87,
2779338,165709,165911,1852169,164131,163375,-65,-177,1305,-459,220,896,-48,-27,-23,-30,571,1194,-283,-774,823,169,9,-93,
2779338,165709,165911,1852169,164131,163272,-73,-159,1321,-459,220,896,-41,-21,-48,-54,565,1218,-283,-774,823,188,0,-98,
2779338,165709,165911,1852169,164131,163272,-56,-167,1324,-458,222,907,-30,-10,-59,-31,595,1196,-282,-773,803,201,-10,-115,
2779338,165709,165911,1852169,164131,163272,-78,-169,1295,-458,220,913,-16,6,-69,-51,577,1206,-282,-787,816,239,-21,-138,
2792607,165709,165911,1852169,164131,163272,-38,-171,1332,-456,220,913,-11,17,-64,-63,579,1212,-282,-787,816,258,-26,-144,
2792607,165786,165911,1852169,164131,163272,-29,-174,1364,-456,214,908,-13,13,-65,-60,580,1187,-282,-798,803,278,-33,-140,
2792607,165786,166492,1852169,164131,163272,-49,-176,1294,-456,214,908,-14,20,-49,-10,655,1150,-282,-798,803,282,-32,-130,
2792607,165786,166492,1794953,164131,163272,-39,-174,1346,-457,217,904,-44,9,-39,-31,663,1195,-287,-800,802,315,-32,-126,
2792607,165786,166492,1794953,164033,163272,-40,-167,1322,-457,217,904,-47,3,-35,-11,634,1159,-287,-800,802,354,-29,-110,
2792607,165786,166492,1794953,164033,163364,-68,-177,1279,-458,228,913,-48,-3,-33,-40,619,1207,-287,-804,801,360,-12,-92,
2792607,165786,166492,1794953,164033,163364,-44,-156,1362,-457,215,902,-47,-17,-41,-5,653,1142,-287,-813,788,371,7,-71,
2792607,165786,166492,1794953,164033,163364,-72,-162,1323,-457,215,902,-52,-21,-51,-16,682,1192,-292,-813,788,427,-19,-78,
2818352,165786,166492,1794953,164033,163364,-67,-166,1276,-460,216,914,-57,-13,-51,-50,570,1174,-293,-838,777,502,-46,-91,
2818352,165746,166492,1794953,164033,163364,-40,-159,1355,-460,216,914,-63,-22,-49,-103,617,1189,-293,-838,777,503,-69,-109,
2818352,165746,166447,1794953,164033,163364,-46,-170,1328,-460,224,912,-54,-18,-48,-138,581,1220,-297,-850,767,473,-55,-136,
2818352,165746,166447,1793715,164033,163364,-51,-162,1302,-461,220,914,-47,-21,-34,-111,587,1159,-297,-850,767,431,-47,-175,
2818352,165746,166447,1793715,164353,163364,-63,-176,1267,-461,220,914,-32,-17,-35,-96,635,1139,-300,-858,753,411,-73,-173,
2818352,165746,166447,1793715,164353,163158,-52,-164,1361,-463,215,909,-20,-10,-36,-95,604,1203,-300,-858,753,438,-79,-163,
2818352,165746,166447,1793715,164353,163158,-26,-169,1309,-463,215,909,-19,-2,-47,-122,653,1149,-305,-871,759,458,-75,-136,
2818352,165746,166447,1793715,164353,163158,-32,-189,1302,-459,216,902,-30,-18,-48,-139,660,1158,-307,-886,743,518,-52,-113,
2842600,165746,166447,1793715,164353,163158,-45,-167,1311,-459,216,902,-26,-20,-45,-157,576,1158,-307,-886,743,549,-42,-102,
2842600,165799,166447,1793715,164353,163158,-38,-160,1348,-460,220,904,-26,-22,-48,-209,616,1111,-313,-897,731,517,-23,-89,
2842600,165799,166429,1793715,164353,163158,-45,-178,1321,-465,212,910,-12,-17,-40,-119,586,1098,-313,-897,731,486,8,-101,
2842600,165799,166429,1843158,164353,163158,-40,-177,1310,-465,212,910,-10,-13,-47,-63,768,1069,-313,-896,718,393,-6,-118,
2842600,165799,166429,1843158,164338,163158,-25,-173,1314,-466,211,911,5,1,-45,-44,856,1114,-313,-896,718,344,-28,-159,
2842600,165799,166429,1843158,164338,163343,-35,-168,1314,-466,211,911,1,13,-48,-1,860,1045,-316,-915,707,559,-31,-181,
2842600,165799,166429,1843158,164338,163343,-42,-170,1307,-462,216,907,6,32,-40,12,771,1138,-317,-929,696,631,-58,-203,
2842600,165799,166429,1843158,164338,163343,-36,-161,1332,-464,207,908,-8,36,-30,34,858,1111,-317,-929,696,729,-94,-217,
2930011,165799,166429,1843158,164338,163343,-36,-161,1298,-464,207,908,-12,40,-22,29,804,1061,-322,-958,671,807,-111,-225,
2930011,165977,166429,1843158,164338,163343,-26,-159,1316,-461,208,904,-11,43,-17,-44,795,1053,-322,-958,671,849,-107,-236,
2930011,165977,166443,1843158,164338,163343,-41,-153,1329,-461,208,904,-10,40,-17,-5,787,1032,-327,-977,642,845,-94,-252,
2930011,165977,166443,1862655,164338,163343,-30,-150,1327,-459,209,915,-19,31,-15,-24,754,1084,-327,-977,642,804,-117,-267,
2930011,165977,166443,1862655,164370,163343,-42,-161,1319,-459,209,915,-29,25,-19,-60,730,1020,-328,-998,634,806,-132,-258,
2930011,165977,166443,1862655,164370,163372,-54,-168,1264,-462,211,919,-44,6,-35,-115,734,1063,-328,-998,634,787,-157,-237,
2930011,165977,166443,1862655,164370,163372,-53,-153,1333,-458,208,911,-40,-12,-42,-114,712,1019,-336,-1011,603,743,-166,-228,
2930011,165977,166443,1862655,164370,163372,-37,-160,1328,-458,208,911,-48,-15,-51,-180,748,1031,-336,-1031,591,695,-146,-205,
2972458,165977,166443,1862655,164370,163372,-22,-164,1348,-461,205,909,-42,-21,-56,-196,752,1059,-336,-1031,591,627,-141,-216,
2972458,165844,166443,1862655,164370,163372,-25,-173,1332,-461,205,909,-36,-19,-64,-107,872,1041,-337,-1040,557,648,-151,-227,
2972458,165844,166450,1862655,164370,163372,-40,-158,1312,-464,209,916,-28,-13,-81,-110,842,1011,-337,-1040,557,679,-160,-229,
2972458,165844,166450,1898501,164370,163372,6,-178,1343,-463,209,911,-22,31,-79,-130,796,1027,-342,-1051,527,797,-164,-239,
2972458,165844,166450,1898501,164401,163372,5,-185,1335,-463,209,911,-30,38,-62,-217,774,1097,-342,-1051,527,870,-172,-224,
2972458,165844,166450,1898501,164401,163442,-29,-177,1288,-462,203,918,-42,37,-44,-386,350,1167,-344,-1064,482,923,-146,-237,
2972458,165844,166450,1898501,164401,163442,-7,-156,1368,-462,203,918,-69,33,-17,-342,641,1155,-343,-1077,476,663,-187,-274,
2972458,165844,166450,1898501,164401,163442,-8,-162,1342,-460,210,911,-68,21,6,-393,545,1122,-343,-1077,476,490,-229,-323,
2977202,165844,166450,1898501,164401,163442,-60,-152,1303,-460,210,911,-63,15,24,-355,642,1091,-342,-1084,490,327,-280,-396,
2977202,165804,166450,1898501,164401,163442,-31,-175,1303,-460,209,907,-60,10,27,-344,666,1065,-342,-1084,490,200,-358,-409,
2977202,165804,166446,1898501,164401,163442,-53,-146,1306,-462,208,909,-63,12,23,-362,711,1132,-340,-1090,459,160,-328,-404,
2977202,165804,166446,2031276,164401,163442,-51,-162,1294,-462,208,909,-68,8,7,-270,786,1092,-340,-1090,459,164,-288,-396,
2977202,165804,166446,2031276,164492,163442,-45,-154,1350,-460,208,914,-75,10,-1,-259,785,1077,-335,-1089,454,247,-245,-368,
2977202,165804,166446,2031276,164492,163329,-51,-150,1341,-460,208,914,-77,9,-11,-254,718,1104,-335,-1097,458,316,-207,-310,
2977202,165804,166446,2031276,164492,163329,-83,-149,1286,-459,214,905,-68,-8,-14,-242,749,1116,-331,-1097,458,358,-180,-260,
2977202,165804,166446,2031276,164492,163329,-55,-159,1339,-458,208,907,-51,-22,-17,-270,676,1073,-328,-1105,431,362,-170,-225,
2938061,165804,166446,2031276,164492,163329,-72,-148,1356,-458,208,907,-47,-23,-38,-268,674,1137,-328,-1105,431,299,-148,-197,
2938061,165102,166446,2031276,164492,163329,-42,-155,1318,-461,207,904,-37,-24,-59,-275,706,1148,-324,-1109,434,182,-114,-176,
2938061,165102,166270,2031276,164492,163329,-50,-157,1313,-461,207,904,-41,-22,-70,-247,712,1126,-324,-1109,434,112,-78,-145,
2938061,165102,166270,2056738,164492,163329,-38,-161,1332,-464,208,910,-48,-22,-73,-175,799,1045,-324,-1107,420,95,-42,-100,
2938061,165102,166270,2056738,164399,163329,-30,-167,1345,-464,208,910,-50,-15,-72,-154,812,1018,-324,-1107,420,146,-18,-64,
2938061,165102,166270,2056738,164399,163388,-31,-168,1313,-466,208,901,-47,-4,-64,-175,818,1079,-325,-1108,426,220,-3,-29,
2938061,165102,166270,2056738,164399,163388,-25,-163,1297,-461,207,913,-39,2,-50,-145,820,1049,-323,-1116,394,269,24,-18,
2938061,165102,166270,2056738,164399,163388,-32,-169,1347,-461,207,913,-32,10,-43,-159,828,1030,-323,-1116,394,324,37,-29,
2946039,165102,166270,2056738,164399,163388,-32,-153,1339,-461,206,913,-33,14,-28,-171,836,1009,-323,-1113,389,364,44,-27,
2946039,165835,166270,2056738,164399,163388,-16,-170,1333,-461,206,913,-36,9,-39,-165,869,1012,-323,-1113,389,414,59,-10,
2946039,165835,166515,2056738,164399,163388,-41,-164,1318,-466,211,909,-46,3,-40,-164,878,976,-322,-1112,385,461,71,0,
2946039,165835,166515,1660509,164399,163388,-43,-155,1320,-464,205,904,-47,-11,-41,-121,914,937,-322,-1112,385,518,79,12,
2946039,165835,166515,1660509,164202,163388,-32,-163,1332,-464,205,904,-40,-16,-47,-151,900,951,-325,-1114,371,571,87,19,
2946039,165835,166515,1660509,164202,163242,-29,-158,1330,-461,206,914,-39,-15,-47,-149,905,912,-325,-1127,348,589,82,26,
2946039,165835,166515,1660509,164202,163242,-35,-170,1316,-461,206,914,-41,-17,-60,-167,915,920,-325,-1127,348,566,63,24,
2946039,165835,166515,1660509,164202,163242,-56,-156,1308,-462,208,910,-42,-16,-57,-142,932,876,-320,-1132,356,527,44,16,
2954831,165835,166515,1660509,164202,163242,-44,-153,1336,-462,208,910,-42,-19,-53,-128,952,878,-320,-1132,356,494,35,6,
2954831,165850,166515,1660509,164202,163242,-35,-162,1291,-463,210,910,-45,-14,-50,-144,945,835,-327,-1140,323,446,23,8,
2954831,165850,166466,1660509,164202,163242,-33,-159,1355,-465,206,913,-50,-11,-49,-138,974,847,-327,-1140,323,401,23,0,
2954831,165850,166466,1371112,164202,163242,-39,-158,1323,-465,206,913,-52,-9,-39,-144,963,852,-328,-1136,313,342,17,7,
2954831,165850,166466,1371112,164423,163242,-51,-153,1327,-464,205,902,-39,-4,-42,-130,977,815,-328,-1136,313,275,22,-3,
2954831,165850,166466,1371112,164423,163370,-32,-154,1325,-464,205,902,-40,-1,-39,-133,970,842,-326,-1139,314,214,23,-5,
2954831,165850,166466,1371112,164423,163370,-38,-159,1322,-465,210,906,-42,8,-39,-146,982,819,-324,-1147,303,136,26,-18,
2954831,165850,166466,1371112,164423,163370,-23,-161,1338,-463,203,899,-37,11,-42,-148,964,839,-324,-1147,303,72,18,-22,
2983259,165850,166466,1371112,164423,163370,-40,-164,1332,-463,203,899,-40,14,-37,-124,974,808,-328,-1143,306,7,11,-22,
2983259,165884,166466,1371112,164423,163370,-41,-158,1319,-462,201,913,-39,14,-33,-147,970,840,-328,-1143,306,-44,6,-20,
2983259,165884,166498,1371112,164423,163370,-45,-148,1303,-462,201,913,-32,22,-27,-150,974,859,-328,-1142,306,-82,-4,-22,
2983259,165884,166498,1428957,164423,163370,-34,-147,1348,-463,209,905,-33,22,-34,-146,969,868,-328,-1142,306,-126,-5,-30,
2983259,165884,166498,1428957,275100,163370,-43,-151,1308,-463,206,911,-39,17,-36,-135,953,874,-325,-1133,308,-151,-9,-27,
2983259,165884,166498,1428957,275100,163529,-19,-162,1308,-464,206,911,-46,2,-31,-140,966,855,-324,-1136,333,-163,-11,-28,
2983259,165884,166498,1428957,275100,163529,-24,-154,1306,-465,205,906,-49,5,-35,-131,960,906,-324,-1136,333,-168,-12,-36,
2983259,165884,166498,1428957,275100,163529,-41,-163,1303,-465,205,906,-55,7,-33,-153,947,927,-326,-1142,338,-153,-13,-38,
2985753,165884,166498,1428957,275100,163529,-32,-157,1337,-465,206,910,-54,9,-35,-139,939,928,-326,-1142,338,-129,-20,-37,
2985753,165736,166498,1428957,275100,163529,-37,-171,1289,-465,206,910,-41,1,-36,-149,949,895,-323,-1139,323,-105,-14,-22,
2985753,165736,166391,1428957,275100,163529,-18,-158,1344,-466,204,909,-26,9,-42,-155,945,934,-323,-1139,323,-58,-7,-26,
2985753,165736,166391,1600786,275100,163529,-55,-158,1308,-461,201,907,-24,13,-29,-139,941,911,-325,-1137,323,-37,-3,-25,
2985753,165736,166391,1600786,164928,163529,-30,-151,1330,-461,201,907,-22,19,-30,-143,948,878,-325,-1135,321,-28,-3,-22,
2985753,165736,166391,1600786,164928,163245,-37,-161,1330,-462,203,920,-33,25,-28,-156,954,886,-325,-1135,321,-24,3,-22,
2985753,165736,166391,1600786,164928,163245,-45,-151,1347,-462,203,920,-45,32,-25,-139,949,882,-326,-1138,330,-14,4,-25,
2985753,165736,166391,1600786,164928,163245,-24,-161,1318,-464,206,912,-50,24,-21,-133,943,896,-326,-1138,330,-13,10,-16,
3032822,165736,166391,1600786,164928,163245,-46,-166,1339,-462,207,922,-72,6,-13,-142,949,919,-323,-1136,321,-14,-2,-18,
3032822,165821,166391,1600786,164928,163245,-55,-149,1294,-462,207,922,-70,6,-20,-135,951,898,-323,-1136,321,-12,10,-18,
3032822,165821,166538,1600786,164928,163245,-31,-147,1347,-463,203,912,-67,8,-30,-135,943,893,-324,-1134,317,-14,8,-18,
3032822,165821,166538,1619558,164928,163245,-54,-156,1320,-463,203,912,-60,8,-31,-162,939,904,-324,-1134,317,-9,5,-17,
3032822,165821,166538,1619558,165034,163245,-21,-165,1342,-460,209,911,-60,8,-27,-129,944,883,-324,-1130,332,-16,0,-22,
3032822,165821,166538,1619558,165034,163382,-35,-177,1282,-460,209,911,-65,17,-24,-133,942,874,-324,-1139,330,-28,-1,-22,
3032822,165821,166538,1619558,165034,163382,-36,-162,1336,-460,215,919,-62,7,-33,-134,945,885,-324,-1139,330,-34,14,-19,
3032822,165821,166538,1619558,165034,163382,-66,-158,1300,-459,208,905,-58,3,-30,-122,944,922,-324,-1138,338,-33,8,-20,
3002273,165821,166538,1619558,165034,163382,-34,-153,1335,-459,208,905,-50,6,-28,-150,935,910,-324,-1138,338,-28,4,-27,
3002273,165791,166538,1619558,165034,163382,-38,-153,1364,-459,207,907,-56,-2,-35,-134,948,883,-325,-1130,334,-18,9,-24,
3002273,165791,166474,1619558,165034,163382,-31,-165,1299,-459,207,907,-58,-11,-41,-153,940,921,-325,-1130,334,-3,7,-12,
3002273,165791,166474,1631082,165034,163382,-61,-159,1332,-464,209,909,-44,-16,-35,-127,964,864,-329,-1132,331,-10,14,-19,
3002273,165791,166474,1631082,165012,163382,-20,-160,1326,-462,208,909,-45,-11,-41,-147,941,916,-325,-1130,329,-13,17,-17,
3002273,165791,166474,1631082,165012,163485,-42,-160,1313,-462,208,909,-32,-5,-41,-128,950,883,-325,-1130,329,-11,4,-20,
3002273,165791,166474,1631082,165012,163485,-29,-154,1355,-462,208,907,-31,-2,-46,-130,948,864,-327,-1139,339,-18,10,-8,
3002273,165791,166474,1631082,165012,163485,-45,-174,1291,-462,208,907,-34,0,-37,-156,936,916,-327,-1139,339,-20,10,-12,
3007510,165791,166474,1631082,165012,163485,-34,-153,1331,-460,207,905,-32,-2,-35,-141,946,896,-323,-1139,343,-18,11,-14,
3007510,165785,166474,1631082,165012,163485,-55,-161,1298,-460,207,905,-33,3,-34,-146,938,892,-323,-1139,343,-23,10,-6,
3007510,165785,166532,1631082,165012,163485,-15,-164,1333,-463,215,915,-34,0,-36,-152,938,907,-328,-1130,329,-32,18,-8,
3007510,165785,166532,1570378,165012,163485,-51,-166,1320,-462,204,911,-33,0,-38,-144,941,911,-328,-1130,329,-37,15,-12,
3007510,165785,166532,1570378,258979,163485,-37,-168,1314,-462,204,911,-35,10,-38,-122,947,893,-325,-1135,330,-16,31,-8,
3007510,165785,166532,1570378,258979,163515,-33,-159,1312,-459,204,908,-48,4,-29,-150,941,927,-326,-1138,339,-10,29,-15,
3007510,165785,166532,1570378,258979,163515,-37,-165,1344,-459,204,908,-56,2,-27,-124,948,897,-326,-1138,339,1,36,-4,
3007510,165785,166532,1570378,258979,163515,-49,-169,1303,-466,213,918,-38,1,-37,-135,942,885,-321,-1139,341,22,41,-2,
2998449,165785,166532,1570378,258979,163515,-61,-154,1327,-462,207,910,-27,-6,-51,-132,945,866,-321,-1139,341,27,38,-9,
2998449,165684,166532,1570378,258979,163515,-39,-158,1347,-462,207,910,-25,-3,-56,-150,932,918,-325,-1130,329,32,35,-4,
2998449,165684,166441,1570378,258979,163515,-46,-167,1345,-463,201,913,-29,-3,-72,-143,936,914,-325,-1130,329,50,30,-1,
2998449,165684,166441,1393953,258979,163515,-15,-173,1317,-463,201,913,-36,5,-80,-132,955,873,-327,-1129,334,61,25,-5,
2998449,165684,166441,1393953,317511,163515,-24,-149,1348,-465,209,907,-45,13,-80,-158,937,907,-325,-1134,332,65,17,-6,
2998449,165684,166441,1393953,317511,163509,-13,-170,1299,-465,209,907,-62,16,-86,-140,938,901,-325,-1134,332,76,17,-7,
2998449,165684,166441,1393953,317511,163509,-41,-173,1326,-463,211,899,-83,30,-66,-149,936,918,-324,-1138,319,98,18,-5,
2998449,165684,166441,1393953,317511,163509,-49,-154,1341,-460,206,911,-85,30,-44,-140,959,887,-324,-1138,319,117,15,-1,
2866815,165684,166441,1393953,317511,163509,-35,-173,1351,-460,206,911,-98,24,-30,-148,954,889,-325,-1136,328,126,17,-2,
2866815,166884,166441,1393953,317511,163509,-37,-165,1320,-459,206,907,-112,36,-29,-160,946,906,-325,-1136,328,133,17,-4,
2866815,166884,166292,1393953,317511,163509,-31,-154,1290,-459,206,907,-126,29,-20,-140,968,878,-331,-1134,316,121,26,-8,
2866815,166884,166292,1248702,317511,163509,-23,-173,1317,-462,212,912,-139,23,-2,-145,968,856,-331,-1134,316,91,22,-5,
2866815,166884,166292,1248702,322126,163509,-53,-173,1312,-462,212,904,-136,13,3,-161,956,898,-328,-1138,316,66,9,-8,
2866815,166884,166292,1248702,322126,163480,-59,-172,1326,-462,212,904,-137,6,-3,-129,963,853,-326,-1137,325,38,-5,-7,
2866815,166884,166292,1248702,322126,163480,-43,-162,1304,-461,213,904,-134,9,-10,-162,962,904,-326,-1137,325,17,-31,-9,
2866815,166884,166292,1248702,322126,163480,-57,-162,1305,-461,213,904,-136,8,-12,-130,971,859,-329,-1144,328,-15,-29,-18,
2739436,166884,166292,1248702,322126,163480,-58,-170,1380,-459,215,920,-122,6,-25,-131,965,854,-329,-1144,328,-58,-26,-12,
2739436,165683,166292,1248702,322126,163480,-79,-179,1276,-459,215,920,-107,9,-34,-148,946,899,-332,-1138,314,-94,-35,-16,
2739436,165683,166120,1248702,322126,163480,-59,-169,1331,-460,217,910,-102,4,-76,-146,940,862,-332,-1138,314,-135,-38,-16,
2739436,165683,166120,1506476,322126,163480,-48,-185,1316,-459,216,909,-100,26,-72,-152,944,874,-328,-1127,319,-159,-22,-8,
2739436,165683,166120,1506476,164407,163480,-63,-192,1303,-459,216,909,-117,42,-64,-136,954,868,-327,-1137,350,-184,-28,-13,
2739436,165683,166120,1506476,164407,163393,-25,-187,1339,-459,215,911,-137,56,-47,-143,947,873,-327,-1137,350,-201,-35,-10,
2739436,165683,166120,1506476,164407,163393,-21,-200,1287,-459,215,911,-160,63,-28,-148,941,853,-330,-1134,344,-212,-38,-9,
2739436,165683,166120,1506476,164407,163393,-43,-198,1311,-462,227,910,-164,50,-13,-160,931,905,-330,-1134,344,-207,-33,-3,
2476850,165683,166120,1506476,164407,163393,-42,-188,1288,-458,222,901,-160,30,5,-173,923,934,-332,-1131,341,-184,-23,22,
2476850,165806,166120,1506476,164407,163393,-48,-199,1348,-458,222,901,-157,27,6,-157,934,936,-332,-1131,341,-153,-12,57,
2476850,165806,166392,1506476,164407,163393,-46,-188,1316,-455,225,912,-163,25,8,-153,930,932,-337,-1129,363,-141,1,87,
2476850,165806,166392,1774986,164407,163393,-72,-189,1295,-455,225,912,-162,22,-3,-138,941,876,-338,-1129,344,-130,-9,104,
2476850,165806,166392,1774986,164421,163393,-45,-206,1306,-459,231,906,-173,17,-7,-151,944,884,-338,-1129,344,-147,-47,118,
2476850,165806,166392,1774986,164421,163330,-40,-201,1320,-459,231,906,-162,-8,-28,-156,942,909,-344,-1126,342,-157,-99,162,
2476850,165806,166392,1774986,164421,163330,-66,-205,1312,-459,238,910,-114,-10,-36,-159,916,922,-344,-1126,342,-163,-161,185,
2476850,165806,166392,1774986,164421,163330,-53,-211,1357,-456,233,906,-91,0,-46,-111,926,907,-354,-1125,369,-153,-147,201,
2365578,165806,166392,1774986,164421,163330,-33,-208,1333,-456,233,906,-78,18,-49,-106,920,918,-354,-1125,369,-152,-138,211,
2365578,165904,166392,1774986,164421,163330,-19,-225,1301,-457,232,908,-78,45,-55,-70,923,876,-363,-1115,367,-138,-119,212,
2365578,165904,166328,1774986,164421,163330,2,-235,1353,-457,232,908,-97,69,-63,-100,912,953,-363,-1115,367,-130,-108,198,
2365578,165904,166328,1729646,164421,163330,37,-256,1322,-458,240,909,-111,68,-46,-38,921,890,-369,-1118,364,-129,-86,176,
2365578,165904,166328,1729646,164316,163330,29,-258,1302,-458,238,898,-133,66,-27,-84,919,926,-371,-1117,361,-133,-68,143,
2365578,165904,166328,1729646,164316,163696,11,-239,1377,-458,238,898,-180,55,-20,-76,917,959,-371,-1117,361,-142,-53,106,
2365578,165904,166328,1729646,164316,163696,57,-274,1308,-454,243,911,-229,39,-2,-64,906,977,-371,-1116,368,-129,-33,75,
2365578,165904,166328,1729646,164316,163696,67,-277,1319,-454,243,911,-250,27,15,-108,910,935,-371,-1116,368,-130,-40,64,
2200899,165904,166328,1729646,164316,163696,111,-326,1335,-457,250,898,-303,6,34,-101,920,932,-378,-1111,377,-128,-83,63,
2200899,165748,166328,1729646,164316,163696,79,-302,1291,-457,250,906,-340,7,38,-111,914,934,-378,-1111,377,-142,-115,75,
2200899,165748,166393,1729646,164316,163696,105,-302,1346,-455,256,906,-367,16,44,-120,915,920,-380,-1108,390,-167,-138,110,
2200899,165748,166393,1813977,164316,163696,78,-272,1328,-456,260,900,-396,20,42,-91,917,909,-387,-1107,393,-181,-126,142,
2200899,165748,166393,1813977,164483,163696,70,-332,1283,-456,260,900,-417,20,56,-88,921,910,-387,-1107,393,-204,-120,181,
2200899,165748,166393,1813977,164483,163091,50,-266,1304,-456,273,905,-436,16,76,-79,890,968,-394,-1109,391,-209,-92,212,
2200899,165748,166393,1813977,164483,163091,41,-263,1286,-456,273,905,-454,5,78,-71,901,954,-394,-1109,391,-207,-81,219,
2200899,165748,166393,1813977,164483,163091,0,-263,1255,-458,286,895,-437,-24,81,-60,891,981,-398,-1109,385,-208,-77,213,
2169511,165748,166393,1813977,164483,163091,-18,-220,1264,-459,287,903,-379,-49,106,-54,888,949,-398,-1109,385,-210,-72,195,
2169511,165892,166393,1813977,164483,163091,-49,-249,1282,-459,287,903,-296,-69,119,-62,886,973,-403,-1098,391,-193,-58,171,
2169511,165892,166412,1813977,164483,163091,-60,-273,1264,-461,295,898,-245,-64,119,-48,892,939,-403,-1098,404,-176,-9,155,
2169511,165892,166412,1883645,164483,163091,-71,-291,1265,-461,295,898,-153,-59,106,-14,892,936,-411,-1097,404,-192,0,124,
2169511,165892,166412,1883645,164384,163091,-63,-288,1277,-463,303,898,-141,-70,66,-31,882,968,-410,-1097,404,-180,13,86,
2169511,165892,166412,1883645,164384,163236,-49,-288,1276,-463,303,897,-121,-76,23,-28,873,963,-410,-1097,404,-173,25,55,
2169511,165892,166412,1883645,164384,163236,-51,-257,1320,-469,303,897,-102,-74,-17,-46,845,976,-411,-1099,416,-155,29,16,
2169511,165892,166412,1883645,164384,163236,-55,-315,1309,-470,302,900,-112,-80,-59,-10,857,984,-411,-1099,416,-151,36,-23,
2289945,165892,166412,1883645,164384,163236,-144,-246,1254,-470,302,900,-150,-79,-64,-30,854,1027,-413,-1097,426,-125,47,-72,
2289945,165463,166412,1883645,164384,163236,-212,-217,1235,-473,305,894,-141,-85,-61,-30,870,1015,-413,-1097,426,-105,54,-105,
2289945,165463,166202,1883645,164384,163236,-266,-203,1306,-473,305,894,-112,-101,-50,-34,866,984,-410,-1089,414,-70,74,-124,
2289945,165463,166202,2193071,164384,163236,-254,-188,1340,-480,309,891,-69,-81,-19,-74,860,1020,-405,-1094,422,-31,91,-124,
2289945,165463,166202,2193071,164276,163236,-240,-185,1310,-483,306,903,-28,-49,-4,-57,872,957,-405,-1094,422,0,100,-121,
2289945,165463,166202,2193071,164276,162908,-198,-203,1318,-483,306,903,44,-13,-25,-82,869,1262,-403,-1092,421,29,100,-113,
2289945,165463,166202,2193071,164276,162908,-173,-246,1334,-481,303,900,33,-5,-39,-74,852,1031,-403,-1092,421,76,101,-99,
2289945,165463,166202,2193071,164276,162908,-157,-226,1317,-481,303,900,-2,-11,-62,-74,870,981,-400,-1097,416,119,95,-97,
2379618,165463,166202,2193071,164276,162908,-158,-228,1300,-487,307,898,-29,-30,-84,-88,865,972,-400,-1097,416,140,74,-94,
2379618,165771,166202,2193071,164276,162908,-147,-226,1331,-485,304,896,-44,-54,-87,-100,875,1042,-402,-1090,408,153,53,-85,
2379618,165771,166442,2193071,164276,162908,-171,-226,1319,-485,304,896,-48,-50,-91,-98,885,982,-402,-1094,401,157,42,-76,
2379618,165771,166442,2219723,164276,162908,-153,-219,1283,-492,300,899,-33,-40,-88,-89,876,966,-396,-1094,401,153,23,-64,
2379618,165771,166442,2219723,164435,162908,-77,-265,1286,-492,300,899,-9,-22,-85,-68,869,946,-394,-1102,399,167,19,-51,
2379618,165771,166442,2219723,164435,163307,-50,-280,1305,-492,301,891,-11,-16,-83,-73,882,949,-394,-1102,399,160,-24,-69,
2379618,165771,166442,2219723,164435,163307,-37,-273,1302,-492,301,891,-18,-27,-71,-77,885,957,-392,-1105,401,121,-83,-79,
2379618,165771,166442,2219723,164435,163307,-26,-284,1298,-493,301,902,-24,-36,-68,-64,895,907,-392,-1105,401,94,-99,-86,
2442088,165771,166442,2219723,164435,163307,-41,-287,1308,-493,297,907,-18,-19,-64,-101,892,968,-392,-1101,403,65,-117,-76,
2442088,165832,166442,2219723,164435,163307,-30,-284,1044,-493,297,907,-2,-3,-56,-93,869,999,-392,-1101,403,54,-99,-83,
2442088,165832,166608,2219723,164435,163307,-25,-299,1263,-496,294,904,26,6,-41,-81,882,965,-390,-1100,394,52,-61,-84,
2442088,165832,166608,2328970,164435,163307,-43,-279,1295,-496,294,904,52,16,-19,-52,887,949,-391,-1102,400,65,-6,-97,
2442088,165832,166608,2328970,164460,163307,-19,-267,1326,-494,299,902,63,33,-10,-44,907,927,-391,-1102,400,69,26,-117,
2442088,165832,166608,2328970,164460,163398,-24,-266,1274,-492,294,909,67,51,7,-57,892,943,-385,-1109,393,80,51,-141,
2442088,165832,166608,2328970,164460,163398,-14,-275,1298,-492,294,909,66,47,18,-74,893,974,-385,-1109,393,96,75,-166,
2442088,165832,166608,2328970,164460,163398,-47,-266,1061,-493,288,906,67,39,33,-79,909,928,-383,-1096,381,100,89,-191,
2614242,165832,166608,2328970,164460,163398,-56,-251,1304,-493,288,906,72,25,40,-110,889,995,-383,-1096,381,89,114,-201,
2614242,166421,166608,2328970,164460,163398,-68,-252,1291,-491,295,908,67,14,34,-130,889,988,-378,-1104,371,93,129,-198,
2614242,166421,166418,2328970,164460,163398,-73,-250,1313,-491,295,908,66,10,-10,-120,894,948,-372,-1109,386,77,133,-181,
2614242,166421,166418,2518624,164460,163398,-69,-265,1265,-494,290,908,110,20,-21,-101,911,891,-372,-1109,386,65,139,-149,
2614242,166421,166418,2518624,164397,163398,-42,-254,1306,-495,282,907,152,24,-30,-129,900,942,-368,-1114,388,48,142,-118,
2614242,166421,166418,2518624,164397,163495,-64,-250,1309,-495,282,907,185,29,-41,-121,890,945,-368,-1114,388,36,164,-89,
2614242,166421,166418,2518624,164397,163495,-34,-247,1354,-492,273,912,206,32,-40,-122,892,991,-365,-1117,395,40,176,-87,
2614242,166421,166418,2518624,164397,163495,-15,-245,1321,-492,273,912,199,36,-38,-82,903,924,-365,-1117,395,47,192,-94,
2668695,166421,166418,2518624,164397,163495,-13,-234,1342,-493,279,908,162,42,-20,-86,906,942,-364,-1111,382,59,179,-120,
2668695,165883,166418,2518624,164397,163495,-19,-234,1311,-485,266,915,124,40,2,-97,909,940,-364,-1111,382,67,165,-179,
2668695,165883,166383,2518624,164397,163495,-32,-228,1318,-485,266,915,88,40,16,-105,910,951,-357,-1117,390,70,104,-196,
2668695,165883,166383,2556599,164397,163495,-25,-232,1316,-486,264,917,53,33,22,-117,909,932,-349,-1119,378,62,80,-211,
2668695,165883,166383,2556599,164405,163495,-32,-232,1322,-486,264,917,26,22,29,-121,909,908,-349,-1119,378,58,55,-207,
2668695,165883,166383,2556599,164405,163509,-58,-236,1305,-486,269,919,-4,-2,27,-157,899,915,-341,-1119,389,41,49,-191,
2668695,165883,166383,2556599,164405,163509,-47,-213,1310,-486,269,919,-4,-15,29,-168,907,932,-341,-1119,389,34,48,-157,
2668695,165883,166383,2556599,164405,163509,-66,-211,1314,-486,269,921,-2,-24,15,-161,917,868,-340,-1114,371,20,23,-85,
2751180,165883,166383,2556599,164405,163509,-75,-228,1295,-489,262,919,2,-31,-1,-165,909,912,-340,-1114,371,-10,8,-28,
2751180,165864,166383,2556599,164405,163509,-50,-226,1291,-489,262,919,1,-32,-24,-157,894,976,-340,-1112,371,-32,-14,-15,
2751180,165864,166442,2556599,164405,163509,-39,-218,1355,-489,263,922,6,-40,-34,-109,916,932,-340,-1118,381,-28,-27,-33,
2751180,165864,166442,2581482,164405,163509,-48,-227,1273,-489,263,922,11,-56,-40,-130,910,955,-340,-1118,381,-8,-35,-52,
2751180,165864,166442,2581482,164399,163509,-36,-220,1327,-493,267,924,19,-53,-47,-119,906,930,-340,-1120,386,4,-14,-54,
2751180,165864,166442,2581482,164399,163482,-30,-234,1299,-495,256,916,25,-53,-49,-122,906,939,-340,-1120,386,15,8,-44,
2751180,165864,166442,2581482,164399,163482,-33,-219,1276,-495,256,916,44,-56,-38,-136,898,959,-340,-1116,382,21,23,-50,
2751180,165864,166442,2581482,164399,163482,-26,-216,1297,-494,254,910,59,-56,-28,-134,901,957,-340,-1116,382,31,23,-46,
2835806,165864,166442,2581482,164399,163482,-51,-208,1295,-494,254,910,54,-42,-28,-140,897,933,-335,-1112,371,53,20,-36,
2835806,165850,166442,2581482,164399,163482,-27,-208,1315,-496,250,910,40,-36,-24,-145,897,946,-335,-1111,378,57,30,-32,
2835806,165850,166545,2581482,164399,163482,-41,-217,1281,-496,250,910,31,-32,-22,-124,902,918,-335,-1111,378,63,32,-23,
2835806,165850,166545,2456830,164399,163482,-40,-218,1323,-500,251,923,22,-37,-26,-134,895,921,-331,-1122,394,65,38,-20,
2835806,165850,166545,2456830,164304,163482,-25,-212,1305,-498,247,920,17,-25,-28,-122,911,914,-331,-1122,394,52,45,-17,
2835806,165850,166545,2456830,164304,163459,-18,-201,1338,-498,247,920,26,-24,-30,-129,918,945,-334,-1122,387,36,32,-15,
2835806,165850,166545,2456830,164304,163459,-21,-215,1325,-500,246,921,35,-29,-23,-132,916,914,-334,-1122,387,26,19,-18,
2835806,165850,166545,2456830,164304,163459,-29,-208,1320,-500,246,921,48,-26,-25,-140,896,949,-334,-1120,373,18,9,-23,
2929977,165850,166545,2456830,164304,163459,-14,-204,1306,-500,251,918,53,-23,-32,-135,913,933,-334,-1120,373,26,3,-34,
2929977,165885,166545,2456830,164304,163459,-30,-202,1319,-497,244,915,23,-11,-45,-124,920,918,-333,-1117,370,28,-7,-30,
2929977,165885,166460,2456830,164304,163459,-18,-212,1301,-497,244,915,2,-9,-30,-147,915,948,-334,-1123,367,31,-5,-38,
2929977,165885,166460,2361099,164304,163459,-34,-194,1286,-500,243,927,-11,-23,-24,-132,906,939,-334,-1123,367,36,-11,-37,
2929977,165885,166460,2361099,164217,163459,-7,-198,1312,-500,243,927,-1,-27,-27,-135,917,982,-332,-1124,375,33,-16,-30,
2929977,165885,166460,2361099,164217,163421,-18,-195,1334,-501,244,916,16,-26,-38,-129,910,929,-332,-1124,375,32,-13,-38,
2929977,165885,166460,2361099,164217,163421,-12,-202,1319,-501,244,919,20,-23,-39,-146,902,966,-334,-1119,378,56,-6,-49,
2929977,165885,166460,2361099,164217,163421,-7,-201,1303,-506,241,919,22,-17,-48,-133,923,919,-334,-1119,378,70,-12,-52,
2979075,165885,166460,2361099,164217,163421,-15,-198,1328,-506,236,920,22,-11,-42,-127,908,944,-333,-1113,362,86,1,-40,
2979075,165811,166460,2361099,164217,163421,-25,-181,1305,-506,236,920,15,-7,-44,-141,910,941,-332,-1119,372,93,13,-35,
2979075,165811,166536,2361099,164217,163421,-23,-186,1311,-500,239,917,2,4,-37,-138,920,920,-332,-1119,372,85,17,-31,
2979075,165811,166536,2195401,164217,163421,-16,-194,1319,-500,239,917,-7,6,-30,-130,917,931,-333,-1127,365,98,23,-25,
2979075,165811,166536,2195401,164471,163421,-8,-189,1334,-507,240,919,-22,6,-20,-141,914,955,-333,-1127,365,94,28,-27,
2979075,165811,166536,2195401,164471,163490,0,-187,1329,-501,235,922,-37,-2,-18,-158,908,963,-331,-1125,360,104,27,-22,
2979075,165811,166536,2195401,164471,163490,-12,-208,1300,-501,235,922,-40,-12,-27,-153,911,942,-331,-1125,360,100,27,-27,
2979075,165811,166536,2195401,164471,163490,-16,-197,1302,-502,239,923,-38,-16,-27,-141,918,918,-331,-1126,365,105,26,-21,
3061571,165811,166536,2195401,164471,163490,-21,-190,1311,-502,239,923,-36,-27,-25,-167,914,945,-331,-1126,365,104,33,-22,
3061571,165934,166536,2195401,164471,163490,-20,-181,1321,-506,239,919,-44,-28,-30,-146,923,900,-332,-1123,346,95,25,-17,
3061571,165934,166388,2195401,164471,163490,8,-197,1301,-506,239,911,-50,-12,-38,-125,930,903,-333,-1128,358,81,19,-24,
3061571,165934,166388,1997201,164471,163490,1,-182,1334,-505,241,911,-61,0,-32,-146,922,907,-333,-1128,358,61,14,-27,
3061571,165934,166388,1997201,164372,163490,-22,-193,1315,-503,237,922,-68,-2,-22,-157,928,907,-332,-1128,354,65,11,-28,
3061571,165934,166388,1997201,164372,163443,-9,-193,1302,-503,237,922,-80,-5,-10,-143,929,894,-332,-1128,354,64,7,-21,
3061571,165934,166388,1997201,164372,163443,-29,-184,1309,-503,238,925,-82,-14,12,-137,935,897,-334,-1123,350,59,-7,-21,
3061571,165934,166388,1997201,164372,163443,-19,-200,1338,-503,238,925,-79,-18,5,-146,942,913,-334,-1123,350,45,-16,-32,
3086228,165934,166388,1997201,164372,163443,-19,-207,1305,-509,246,919,-27,-22,-9,-127,930,903,-332,-1127,349,37,-22,-27,
3086228,165942,166388,1997201,164372,163443,-34,-190,1287,-503,238,925,-2,-7,-23,-116,933,897,-332,-1131,353,22,-21,-38,
3086228,165942,166472,1997201,164372,163443,-15,-213,1294,-503,238,925,10,-1,-43,-125,932,918,-332,-1131,353,27,-19,-38,
3086228,165942,166472,1963223,164372,163443,-12,-183,1315,-504,233,908,26,6,-56,-137,926,923,-333,-1132,360,36,-6,-34,
3086228,165942,166472,1963223,164331,163443,10,-189,1335,-504,233,908,35,11,-47,-101,970,901,-333,-1132,360,49,-23,-42,
3086228,165942,166472,1963223,164331,163354,-20,-183,1326,-509,240,915,24,23,-37,-131,934,915,-333,-1129,346,80,-43,-57,
3086228,165942,166472,1963223,164331,163354,2,-189,1317,-509,239,928,-6,30,-25,-141,927,926,-333,-1129,346,97,-39,-61,
3086228,165942,166472,1963223,164331,163354,13,-187,1328,-504,239,928,-48,11,-15,-147,935,896,-329,-1121,349,98,-27,-63,
3161251,165942,166472,1963223,164331,163354,0,-178,1313,-509,236,924,-81,0,-3,-148,924,895,-329,-1125,350,103,-30,-60,
3161251,165824,166472,1963223,164331,163354,-3,-202,1328,-509,236,924,-104,-4,13,-150,935,939,-332,-1125,350,111,-27,-61,
3161251,165824,166348,1963223,164331,163354,-12,-198,1296,-504,239,917,-108,-27,30,-121,955,885,-329,-1133,352,105,-19,-62,
3161251,165824,166348,1864956,164331,163354,-24,-183,1317,-504,239,917,-96,-43,31,-146,932,910,-329,-1133,352,128,-37,-59,
3161251,165824,166348,1864956,164468,163354,-17,-179,1344,-509,244,926,-86,-53,22,-124,945,896,-329,-1137,336,152,-37,-63,
3161251,165824,166348,1864956,164468,163470,-21,-194,1306,-508,239,914,-68,-69,6,-162,927,927,-329,-1137,336,165,-34,-79,
3161251,165824,166348,1864956,164468,163470,-26,-184,1327,-508,239,914,-67,-70,-8,-151,932,916,-329,-1134,318,180,-47,-91,
3161251,165824,166348,1864956,164468,163470,-23,-188,1343,-512,239,917,-67,-64,-36,-157,945,925,-329,-1134,318,205,-52,-82,
3180018,165824,166348,1864956,164468,163470,-6,-194,1316,-512,239,917,-67,-61,-38,-144,952,904,-328,-1135,324,238,-58,-70,
3180018,165766,166348,1864956,164468,163470,-17,-187,1307,-512,244,918,-76,-71,-39,-154,940,922,-326,-1139,332,231,-57,-81,
3180018,165766,166328,1864956,164468,163470,12,-196,1340,-517,245,916,-87,-89,-32,-158,937,921,-326,-1139,332,237,-61,-79,
3180018,165766,166328,1851304,164468,163470,-11,-195,1333,-517,245,916,-97,-113,-19,-130,975,886,-326,-1144,309,248,-53,-76,
3180018,165766,166328,1851304,164580,163470,12,-197,1313,-519,238,915,-103,-131,-10,-138,960,874,-326,-1144,309,250,-42,-63,
3180018,165766,166328,1851304,164580,163462,9,-194,1314,-519,238,915,-80,-155,-14,-146,955,908,-325,-1142,303,257,-30,-63,
3180018,165766,166328,1851304,164580,163462,8,-192,1326,-523,241,918,-63,-156,-30,-121,993,848,-325,-1142,303,283,-34,-54,
3180018,165766,166328,1851304,164580,163462,7,-202,1311,-523,241,918,-47,-148,-50,-130,964,861,-327,-1138,282,319,-37,-62,
3270193,165766,166328,1851304,164580,163462,-12,-199,1275,-528,253,916,-34,-134,-72,-156,967,893,-329,-1147,291,338,-33,-51,
3270193,165719,166328,1851304,164580,163462,36,-208,1337,-527,239,910,-33,-120,-90,-198,996,916,-329,-1147,291,372,30,28,
3270193,165719,166266,1851304,164580,163462,30,-217,1525,-527,239,910,-3,-103,-93,-207,985,909,-330,-1154,273,424,132,142,
3270193,165719,166266,1828398,164580,163462,64,-190,1388,-532,238,916,3,-94,-88,-178,1021,880,-330,-1154,273,512,231,248,
3270193,165719,166266,1828398,164443,163462,38,-189,1333,-532,238,916,-14,-107,-81,-136,1067,806,-340,-1156,266,591,300,322,
3270193,165719,166266,1828398,164443,163396,26,-189,1336,-539,238,897,-28,-127,-77,-119,1121,831,-340,-1156,266,696,353,383,
3270193,165719,166266,1828398,164443,163396,40,-192,1308,-539,243,915,-47,-142,-65,-91,1084,794,-353,-1154,238,864,410,421,
3270193,165719,166266,1828398,164443,163396,30,-196,1310,-539,243,915,-66,-164,-67,-97,1017,887,-353,-1154,238,1052,452,427,
3323004,165719,166266,1828398,164443,163396,17,-184,1296,-543,236,909,-75,-203,-74,-56,1058,808,-363,-1160,204,1158,502,383,
3323004,165806,166266,1828398,164443,163396,26,-199,1334,-543,236,909,-74,-226,-71,-3,1096,832,-364,-1164,149,1245,506,320,
3323004,165806,166447,1828398,164443,163396,54,-214,1260,-549,242,897,-64,-258,-79,39,1136,730,-364,-1164,149,1440,490,248,
3323004,165806,166447,1663289,164443,163396,62,-197,1374,-549,242,897,-73,-292,-86,-55,1109,793,-371,-1172,124,1802,471,253,
3323004,165806,166447,1663289,164554,163396,51,-191,1332,-554,244,891,-87,-321,-98,-11,1136,681,-371,-1172,124,1983,489,255,
3323004,165806,166447,1663289,164554,163454,42,-204,1270,-561,233,893,-90,-334,-105,-121,1029,754,-378,-1170,81,2132,491,242,
3323004,165806,166447,1663289,164554,163454,57,-206,1337,-561,233,893,-92,-334,-106,-135,1053,738,-378,-1170,81,2127,531,213,
3323004,165806,166447,1663289,164554,163454,75,-197,1334,-568,235,873,-88,-339,-110,-111,1065,642,-383,-1165,19,2003,539,155,
3520885,165806,166447,1663289,164554,163454,69,-216,1308,-568,235,873,-89,-351,-113,-103,1148,534,-388,-1170,-17,1840,504,127,
3520885,165960,166447,1663289,164554,163454,109,-199,1380,-582,239,878,-116,-382,-127,-103,1175,498,-388,-1170,-17,1709,470,148,
3520885,165960,166482,1663289,164554,163454,76,-189,1363,-593,242,875,-132,-529,-124,-96,1206,462,-395,-1172,-52,1599,454,189,
3520885,165960,166482,607245,164554,163454,101,-206,1328,-593,242,875,-150,-561,-119,-116,1218,338,-395,-1172,-52,1460,453,192,
3520885,165960,166482,607245,164462,163454,79,-227,1292,-605,236,868,-148,-589,-136,-155,1238,342,-400,-1163,-106,1275,417,171,
3520885,165960,166482,607245,164462,163491,121,-225,1390,-605,236,868,-171,-607,-158,-93,1273,259,-400,-1163,-106,1104,362,148,
3520885,165960,166482,607245,164462,163491,173,-230,1307,-625,244,852,-202,-599,-178,-91,1280,275,-407,-1149,-136,943,318,135,
3520885,165960,166482,607245,164462,163491,124,-225,1323,-625,244,852,-218,-558,-193,-58,1283,264,-407,-1149,-142,808,297,132,
3652437,165960,166482,607245,164462,163491,146,-244,1322,-631,239,849,-195,-496,-198,33,1302,207,-413,-1147,-142,694,286,135,
3652437,165906,166482,607245,164462,163491,144,-245,1246,-643,241,847,-209,-404,-225,1,1301,227,-418,-1152,-177,635,265,132,
3652437,165906,166566,607245,164462,163491,161,-235,1289,-643,241,847,-202,-333,-254,60,1335,166,-418,-1152,-177,560,206,86,
3652437,165906,166566,524553,164462,163491,188,-235,1282,-651,237,834,-192,-271,-271,128,1347,190,-417,-1144,-186,485,60,26,
3652437,165906,166566,524553,164364,163491,175,-225,1255,-651,237,834,-182,-217,-290,133,1336,129,-417,-1144,-186,494,-94,-17,
3652437,165906,166566,524553,164364,163471,189,-235,1290,-658,241,840,-170,-144,-317,51,1330,171,-421,-1137,-195,483,-230,-58,
3652437,165906,166566,524553,164364,163471,184,-241,1317,-661,235,830,-170,-146,-331,55,1326,143,-421,-1137,-195,442,-372,-136,
3652437,165906,166566,524553,164364,163471,196,-249,1280,-661,235,830,-172,-176,-344,-45,1303,224,-415,-1131,-210,411,-548,-150,
3856739,165906,166566,524553,164364,163471,188,-237,1333,-666,231,830,-182,-210,-355,-43,1304,206,-410,-1132,-216,424,-573,-156,
3856739,166821,166566,524553,164364,163471,190,-241,1333,-666,231,830,-198,-268,-375,-93,1303,253,-410,-1132,-216,429,-573,-137,
3856739,166821,166593,524553,164364,163471,225,-266,1316,-676,233,818,-201,-319,-389,-60,1287,199,-408,-1125,-252,464,-559,-117,
3856739,166821,166593,613578,164364,163471,224,-256,1344,-676,233,818,-207,-377,-398,-43,1292,303,-408,-1125,-252,545,-526,-95,
3856739,166821,166593,613578,164578,163471,233,-269,1356,-688,227,818,-215,-422,-423,-91,1283,289,-401,-1118,-264,596,-499,-94,
3856739,166821,166593,613578,164578,163566,234,-265,1316,-700,225,805,-206,-465,-441,-60,1288,249,-401,-1118,-264,639,-481,-94,
3856739,166821,166593,613578,164578,163566,244,-264,1367,-700,225,805,-224,-509,-482,-141,1293,281,-401,-1104,-273,702,-451,-84,
3856739,166821,166593,613578,164578,163566,264,-270,1282,-717,222,798,-244,-549,-546,-95,1319,269,-393,-1097,-302,755,-438,-76,
3798486,166821,166593,613578,164578,163566,262,-262,1344,-717,222,798,-270,-626,-569,-123,1262,258,-393,-1097,-302,869,-399,-35,
3798486,165907,166593,613578,164578,163566,280,-281,1334,-735,226,786,-321,-644,-594,-167,1296,281,-394,-1092,-357,928,-356,-2,
3798486,165907,166593,613578,164578,163566,276,-291,1264,-751,214,772,-396,-652,-619,-140,1027,270,-394,-1092,-357,946,-335,10,
3798486,165907,166593,493299,164578,163566,270,-273,1311,-751,214,772,-451,-671,-659,-243,1295,250,-391,-1083,-374,994,-309,13,
3798486,165907,166593,493299,164437,163566,320,-252,1288,-770,207,753,-506,-695,-679,-217,1321,278,-391,-1083,-374,951,-300,9,
3798486,165907,166593,493299,164437,163410,337,-237,1234,-770,207,753,-528,-717,-685,-240,1304,237,-389,-1062,-388,971,-265,9,
3798486,165907,166593,493299,164437,163410,368,-245,1224,-792,212,742,-521,-735,-670,-284,1327,286,-389,-1062,-388,954,-231,10,
3798486,165907,166593,493299,164437,163410,365,-246,1235,-792,212,725,-472,-757,-653,-325,1332,239,-389,-1055,-429,947,-204,14,
2654440,165907,166593,493299,164437,163410,394,-260,1222,-806,209,725,-400,-761,-628,-361,1298,265,-387,-1041,-452,944,-147,-4,
2654440,165864,166593,493299,164437,163410,415,-289,1215,-825,201,711,-296,-766,-599,-406,1272,322,-387,-1041,-452,910,-92,-12,
2654440,165864,166518,493299,164437,163410,449,-505,1123,-825,201,711,-179,-714,-507,-437,1331,179,-389,-1029,-473,974,53,3,
2654440,165864,166518,426001,164437,163410,450,-631,1135,-843,192,700,-251,-676,-417,-392,1293,123,-389,-1029,-473,647,286,-20,
2654440,165864,166518,426001,194048,163410,467,-717,1109,-843,192,700,-384,-666,-274,-327,1320,93,-394,-1018,-487,251,321,1,
2654440,165864,166518,426001,194048,163600,528,-801,1105,-853,199,686,-549,-673,-79,-311,1308,91,-394,-1018,-487,95,386,22,
2654440,165864,166518,426001,194048,163600,550,-829,1115,-865,208,658,-721,-705,113,-266,1309,86,-400,-1016,-484,10,413,14,
2654440,165864,166518,426001,194048,163600,512,-801,1083,-865,208,658,-907,-744,291,-200,1319,17,-402,-1022,-473,-13,398,13,
631494,165864,166518,426001,194048,163600,388,-603,1175,-872,232,643,-1108,-745,449,-160,1327,14,-402,-1022,-473,-41,340,0,
631494,165832,166518,426001,194048,163600,323,-410,1325,-872,232,643,-1243,-673,533,-167,1308,47,-407,-1024,-476,-47,276,10,
631494,165832,166578,426001,194048,163600,209,-218,1388,-884,267,622,-1257,-536,554,-145,1324,76,-407,-1024,-476,-13,185,11,
631494,165832,166578,422761,194048,163600,188,-105,1392,-884,287,599,-1107,-336,501,-200,1326,70,-411,-1024,-479,3,69,-4,
631494,165832,166578,422761,850305,163600,124,-51,1365,-878,287,599,-833,-128,349,-197,1332,63,-411,-1024,-479,-11,-48,-13,
631494,165832,166578,422761,850305,163625,80,-83,1372,-870,293,616,-118,252,280,-210,1325,108,-410,-1018,-483,-13,-104,-14,
631494,165832,166578,422761,850305,163625,60,-364,1191,-870,293,616,159,454,254,-191,1333,126,-410,-1018,-483,-29,-91,-15,
631494,165832,166578,422761,850305,163625,39,-557,1175,-858,297,621,291,677,256,-162,1324,135,-409,-1023,-472,-34,-59,-13,
406261,165832,166578,422761,850305,163625,-3,-690,1089,-858,297,621,238,915,302,-131,1317,82,-407,-1022,-496,-38,-15,-25,
406261,165448,166578,422761,850305,163625,51,-768,1067,-834,300,646,42,1139,378,-125,1317,80,-407,-1022,-496,-22,26,-18,
406261,165448,166046,422761,850305,163625,120,-775,1118,-805,307,666,-204,1360,471,-121,1327,39,-409,-1019,-469,7,62,-19,
406261,165448,166046,164005,850305,163625,198,-695,1214,-805,307,666,-419,1577,559,-106,1323,33,-409,-1019,-469,19,87,-12,
406261,165448,166046,164005,1062433,163625,399,-498,1256,-765,326,691,-544,1781,608,-109,1327,37,-413,-1020,-486,47,98,-4,
406261,165448,166046,164005,1062433,163175,571,-422,1158,-765,326,691,-629,1928,577,-112,1319,59,-413,-1020,-486,90,125,-1,
406261,165448,166046,164005,1062433,163175,750,-318,1087,-719,352,706,-713,1958,286,-87,1339,6,-413,-1014,-476,192,108,1,
406261,165448,166046,164005,1062433,163175,802,-138,993,-687,357,721,-867,1665,38,-99,1339,5,-413,-1019,-492,211,104,-2,
164081,165448,166046,164005,1062433,163175,846,19,911,-687,357,721,-862,1414,-247,-100,1332,17,-413,-1019,-492,203,103,-8,
164081,166397,166046,164005,1062433,163175,758,218,990,-667,365,742,-760,1126,-537,-109,1344,-7,-416,-1014,-481,179,97,-3,
164081,166397,165974,164005,1062433,163175,755,227,1097,-667,365,742,-538,865,-819,-108,1329,18,-416,-1014,-481,166,90,1,
164081,166397,165974,164212,1062433,163175,746,117,1058,-666,361,739,-186,658,-1049,-97,1339,3,-416,-1007,-503,158,73,5,
164081,166397,165974,164212,795965,163175,839,-102,1059,-666,361,752,176,488,-1191,-134,1328,4,-416,-1007,-503,154,43,7,
164081,166397,165974,164212,795965,163482,890,-380,908,-669,332,752,404,373,-1244,-133,1338,15,-416,-1006,-475,142,10,0,
164081,166397,165974,164212,795965,163482,918,-610,790,-677,309,765,424,246,-1192,-163,1317,55,-418,-1007,-487,156,-19,7,
164081,166397,165974,164212,795965,163482,879,-846,819,-677,309,765,235,125,-1056,-132,1332,-34,-418,-1007,-487,162,-72,15,
163788,166397,165974,164212,795965,163482,837,-794,953,-689,299,769,-86,54,-874,-150,1327,21,-416,-1005,-512,170,-136,28,
163788,165763,165974,164212,795965,163482,791,-637,1192,-689,299,769,-966,154,-470,-112,1331,5,-416,-1005,-512,171,-204,40,
163788,165763,166357,164212,795965,163482,770,-398,1212,-695,314,777,-1008,233,-341,-104,1336,-12,-416,-1005,-508,159,-271,42,
163788,165763,166357,164742,795965,163482,827,-203,1148,-698,325,775,-969,197,-303,-93,1336,-13,-416,-1005,-508,161,-317,47,
163788,165763,166357,164742,437181,163482,892,-104,1053,-698,325,775,-805,-7,-371,-96,1328,-51,-416,-996,-504,157,-344,49,
163788,165763,166357,164742,437181,162784,972,1,859,-714,329,765,-551,-358,-511,-131,1341,-7,-410,-991,-529,151,-359,53,
163788,165763,166357,164742,437181,162784,-543,-537,3045,-714,329,765,141,-496,-582,-134,1322,46,-410,-991,-529,159,-346,54,
163788,165763,166357,164742,437181,162784,143,-368,732,-734,313,777,1203,-67,-236,-139,1318,-7,-406,-996,-543,210,-281,49,
2041220,165763,166357,164742,437181,162784,809,-1078,1417,-734,294,791,1477,158,151,-112,1335,-48,-406,-996,-543,212,-211,39,
2041220,165922,166357,164742,437181,162784,291,-827,1211,-734,294,791,1103,221,468,-141,1321,-20,-409,-996,-530,124,-157,54,
2041220,165922,166345,164742,437181,162784,-96,-486,1425,-735,290,809,742,222,605,-135,1341,-67,-409,-996,-530,60,-125,71,
2041220,165922,166345,164344,437181,162784,243,-338,1335,-735,290,809,584,139,585,-113,1332,-53,-406,-989,-539,13,-70,55,
2041220,165922,166345,164344,306945,162784,146,-374,1402,-742,304,807,412,-54,572,-93,1315,-43,-406,-989,-539,-6,-25,26,
2041220,165922,166345,164344,306945,163449,100,-434,1379,-742,304,807,268,-103,573,-64,1317,-48,-408,-993,-535,-19,-16,-9,
2041220,165922,166345,164344,306945,163449,67,-420,1436,-744,307,804,32,-162,520,-70,1328,-37,-406,-992,-519,-10,-36,-35,
2041220,165922,166345,164344,306945,163449,106,-336,1394,-750,311,801,-146,-210,441,-90,1339,-21,-406,-992,-519,2,-64,-47,
2376771,165922,166345,164344,306945,163449,114,-324,1364,-750,311,801,-237,-280,361,-90,1332,11,-401,-992,-541,12,-74,-54,
2376771,166061,166345,164344,306945,163449,92,-392,1289,-762,322,791,-279,-353,285,-113,1332,2,-401,-992,-541,45,-77,-61,
2376771,166061,166446,164344,306945,163449,114,-410,1305,-762,322,791,-270,-421,219,-119,1340,-8,-402,-986,-531,77,-65,-63,
2376771,166061,166446,164488,306945,163449,129,-485,1266,-781,338,775,-248,-450,181,-112,1332,2,-402,-986,-531,102,-56,-54,
2376771,166061,166446,164488,216391,163449,250,-508,1230,-793,347,767,-266,-445,164,-101,1337,-51,-400,-985,-545,122,-63,-39,
2376771,166061,166446,164488,216391,163466,218,-418,1262,-793,347,767,-313,-402,132,-126,1329,-17,-397,-987,-529,129,-81,-8,
2376771,166061,166446,164488,216391,163466,295,-469,1173,-804,352,755,-420,-337,5,-87,1339,-34,-397,-987,-529,145,-102,8,
2376771,166061,166446,164488,216391,163466,364,-496,1244,-804,352,755,-484,-346,-45,-119,1341,-18,-399,-989,-550,182,-87,25,
2652360,166061,166446,164488,216391,163466,397,-484,1221,-818,363,745,-561,-363,-104,-100,1324,-77,-399,-989,-550,212,-53,13,
2652360,165787,166446,164488,216391,163466,502,-428,1214,-818,363,745,-591,-424,-137,-94,1315,-33,-398,-985,-550,200,-28,-20,
2652360,165787,166273,164488,216391,163466,618,-433,1070,-831,372,712,-541,-516,-177,-95,1339,-80,-398,-985,-550,176,-14,-36,
2652360,165787,166273,164389,216391,163466,663,-423,1163,-853,370,694,-439,-651,-227,-120,1327,-58,-397,-978,-543,164,-8,-29,
2652360,165787,166273,164389,202211,163466,673,-750,1152,-853,370,694,-329,-778,-268,-123,1339,-70,-397,-978,-543,140,-17,23,
2652360,165787,166273,164389,202211,163295,613,-648,1085,-879,365,676,-270,-878,-294,-140,1332,-69,-402,-979,-555,111,-40,60,
2652360,165787,166273,164389,202211,163295,511,-628,1177,-879,365,676,-290,-945,-310,-123,1334,-82,-399,-980,-578,65,-51,98,
2652360,165787,166273,164389,202211,163295,402,-656,1180,-904,371,640,-387,-1000,-309,-112,1332,-85,-399,-980,-578,48,-47,113,
2875281,165787,166273,164389,202211,163295,314,-580,1177,-925,372,608,-517,-1044,-214,-79,1326,-55,-401,-978,-557,29,-64,115,
2875281,165971,166273,164389,202211,163295,317,-617,1077,-925,372,608,-672,-1059,-125,-84,1338,-69,-401,-978,-557,39,-65,113,
2875281,165971,166368,164389,202211,163295,104,-423,1182,-949,377,568,-574,-1021,-3,-79,1342,-24,-404,-973,-552,61,-67,90,
2875281,165971,166368,164231,202211,163295,205,-473,1148,-949,377,568,-405,-930,141,-83,1328,-56,-404,-973,-552,67,-81,78,
2875281,165971,166368,164231,165130,163295,148,-576,1149,-959,389,541,-381,-801,272,-60,1334,-106,-407,-970,-570,67,-74,57,
2875281,165971,166368,164231,165130,163299,251,-750,1065,-959,389,541,-505,-723,373,-90,1329,-69,-404,-976,-568,45,-68,43,
2875281,165971,166368,164231,165130,163299,68,-568,1169,-969,407,515,-708,-746,410,-94,1327,-68,-404,-976,-568,22,-51,21,
2875281,165971,166368,164231,165130,163299,-10,-497,1249,-972,422,490,-785,-758,423,-86,1342,-97,-405,-974,-570,-1,-32,2,
3396772,165971,166368,164231,165130,163299,-67,-439,1297,-972,422,490,-742,-724,470,-93,1327,-63,-405,-974,-570,-19,-27,7,
3396772,165999,166368,164231,165130,163299,-225,-499,1212,-975,436,468,-601,-640,532,-72,1317,-68,-405,-966,-564,-34,-29,-12,
3396772,165999,166548,164231,165130,163299,-237,-487,1220,-975,436,468,-468,-504,615,-72,1331,-58,-405,-966,-564,-18,-10,-41,
3396772,165999,166548,164491,165130,163299,-165,-502,1252,-967,463,446,-94,-142,737,-76,1331,-45,-405,-972,-576,7,7,-68,
3396772,165999,166548,164491,164440,163299,-41,-549,1173,-955,475,446,-146,36,777,-89,1340,-71,-405,-972,-549,11,16,-93,
3396772,165999,166548,164491,164440,163495,91,-619,1144,-955,475,446,-108,155,783,-121,1340,-75,-403,-972,-549,4,10,-89,
3396772,165999,166548,164491,164440,163495,467,-692,1169,-945,491,447,-152,237,740,-138,1344,-79,-402,-972,-575,4,16,-61,
3396772,165999,166548,164491,164440,163495,406,-741,1146,-945,491,447,-268,258,681,-119,1337,-95,-402,-972,-575,-11,12,-13,
3641169,165999,166548,164491,164440,163495,469,-736,1145,-930,514,445,-436,257,613,-85,1326,-99,-405,-969,-564,-16,15,31,
3641169,167093,166548,164491,164440,163495,482,-727,1048,-930,514,441,-574,220,559,-55,1318,-81,-405,-969,-564,-23,32,12,
3641169,167093,166574,164491,164440,163495,491,-691,1118,-918,532,441,-629,136,539,-76,1333,-93,-404,-971,-561,-69,19,-9,
3641169,167093,166574,164441,164440,163495,476,-707,994,-908,551,425,-615,43,551,-91,1329,-52,-404,-971,-561,-63,22,-6,
3641169,167093,166574,164441,291985,163495,430,-707,919,-908,551,425,-568,-35,571,-87,1342,-66,-402,-971,-575,-45,23,5,
3641169,167093,166574,164441,291985,163526,380,-710,992,-901,570,421,-509,-70,592,-93,1343,-57,-404,-979,-566,-26,22,25,
3641169,167093,166574,164441,291985,163526,324,-708,994,-901,570,421,-380,-76,667,-90,1342,-56,-404,-979,-566,-22,17,44,
3641169,167093,166574,164441,291985,163526,353,-716,1040,-888,590,411,-323,-62,698,-114,1337,-103,-407,-973,-555,-27,22,55,
3688614,167093,166574,164441,291985,163526,333,-738,1016,-872,607,412,-261,-43,723,-59,1319,-53,-407,-973,-555,-59,31,23,
3688614,166402,166574,164441,291985,163526,327,-770,999,-872,607,412,-232,-15,721,-61,1348,-72,-410,-974,-559,-72,31,-5,
3688614,166402,166578,164441,291985,163526,294,-782,1023,-862,616,400,-266,30,712,-67,1343,-42,-410,-974,-559,-58,25,-18,
3688614,166402,166578,164419,291985,163526,331,-779,979,-862,616,400,-320,93,702,-62,1328,-75,-408,-970,-533,-32,26,-32,
3688614,166402,166578,164419,909078,163526,288,-777,967,-845,641,399,-363,157,695,-78,1319,-54,-410,-973,-569,-31,27,-52,
3688614,166402,166578,164419,909078,163564,353,-806,958,-845,658,397,-372,197,701,-88,1320,-53,-410,-973,-569,-34,42,-77,
3688614,166402,166578,164419,909078,163564,326,-816,908,-830,658,397,-368,212,714,-95,1335,-44,-408,-977,-537,-48,42,-79,
3688614,166402,166578,164419,909078,163564,332,-823,1004,-815,674,394,-350,203,725,-116,1338,-65,-408,-977,-537,-75,23,-35,
3685622,166402,166578,164419,909078,163564,286,-832,984,-815,674,394,-343,184,732,-99,1328,-62,-407,-981,-546,-98,25,-8,
3685622,165799,166578,164419,909078,163564,307,-850,990,-798,693,387,-411,195,722,-91,1331,-59,-407,-981,-546,-136,18,23,
3685622,165799,166410,164419,909078,163564,228,-843,972,-798,693,387,-457,215,722,-68,1334,-86,-410,-975,-552,-160,11,47,
3685622,165799,166410,164406,909078,163564,186,-818,1033,-786,718,377,-513,229,702,-81,1336,-47,-410,-975,-552,-185,16,44,
3685622,165799,166410,164406,1024291,163564,213,-828,1057,-766,728,371,-565,237,692,-94,1335,-44,-412,-984,-545,-197,16,47,
3685622,165799,166410,164406,1024291,163500,231,-840,1056,-766,728,371,-613,229,699,-81,1340,-24,-414,-985,-538,-199,5,76,
3685622,165799,166410,164406,1024291,163500,258,-884,994,-747,753,361,-664,197,705,-101,1329,2,-414,-985,-538,-172,2,92,
3685622,165799,166410,164406,1024291,163500,295,-922,955,-747,753,361,-689,142,717,-63,1338,-21,-418,-986,-530,-137,8,101,
3516837,165799,166410,164406,1024291,163500,257,-929,934,-729,777,356,-718,82,717,-75,1335,-14,-418,-986,-530,-103,16,106,
3516837,165862,166410,164406,1024291,163500,252,-951,869,-729,790,342,-729,29,689,-80,1327,26,-420,-989,-537,-81,10,116,
3516837,165862,166389,164406,1024291,163500,208,-967,888,-717,790,342,-740,-8,653,-65,1335,-18,-420,-989,-537,-69,13,112,
3516837,165862,166389,164310,1024291,163500,250,-994,859,-702,806,318,-744,-47,551,-56,1332,-31,-427,-983,-537,-57,7,105,
3516837,165862,166389,164310,1049405,163500,228,-994,820,-702,806,318,-792,-59,497,-36,1329,-28,-427,-988,-519,-52,14,79,
3516837,165862,166389,164310,1049405,163499,241,-1026,797,-691,826,304,-794,-52,439,-59,1308,19,-427,-988,-519,-37,16,43,
3516837,165862,166389,164310,1049405,163499,269,-1038,763,-691,826,304,-821,-54,375,-22,1305,-27,-428,-990,-522,-44,7,-19,
3516837,165862,166389,164310,1049405,163499,251,-1057,754,-682,844,284,-834,-69,299,-16,1324,-25,-428,-990,-522,-37,-5,-84,
3385272,165862,166389,164310,1049405,163499,207,-1041,789,-677,837,271,-795,-92,233,-42,1318,6,-426,-989,-530,-32,-20,-146,
3385272,165794,166389,164310,1049405,163499,240,-1106,966,-677,837,271,-764,-137,174,-53,1321,-20,-426,-989,-530,-7,-25,-195,
3385272,165794,166396,164310,1049405,163499,221,-1024,793,-674,846,259,-777,-169,99,-66,1328,-7,-423,-985,-521,-5,-6,-225,
3385272,165794,166396,164765,1049405,163499,266,-1034,800,-674,846,259,-788,-174,42,-69,1336,-12,-423,-989,-538,3,8,-246,
3385272,165794,166396,164765,1016563,163499,338,-1141,711,-679,857,228,-807,-157,-1,-88,1337,-16,-413,-989,-538,5,25,-261,
3385272,165794,166396,164765,1016563,163512,248,-1051,784,-678,856,199,-897,-161,-51,-91,1341,-5,-409,-994,-519,15,34,-249,
3385272,165794,166396,164765,1016563,163512,263,-1023,739,-678,856,199,-980,-167,-24,-87,1338,-4,-409,-994,-519,30,47,-234,
3385272,165794,166396,164765,1016563,163512,231,-969,729,-677,859,179,-928,-211,28,-95,1325,-6,-404,-996,-519,36,60,-218,
3336762,165794,166396,164765,1016563,163512,149,-1043,730,-677,859,179,-866,-285,104,-90,1342,-30,-404,-996,-519,47,58,-195,
3336762,165891,166396,164765,1016563,163512,97,-982,734,-676,865,152,-756,-366,168,-120,1327,-24,-404,-994,-535,38,56,-171,
3336762,165891,166440,164765,1016563,163512,184,-1159,629,-676,865,152,-620,-461,209,-107,1333,-49,-404,-994,-535,20,61,-153,
3336762,165891,166440,164514,1016563,163512,-25,-1057,858,-672,873,141,-665,-485,208,-112,1331,-31,-399,-994,-519,11,64,-144,
3336762,165891,166440,164514,921944,163512,37,-989,951,-670,873,113,-777,-369,192,-89,1333,-49,-398,-1000,-530,9,85,-155,
3336762,165891,166440,164514,921944,163423,151,-795,848,-670,873,113,-876,-267,210,-78,1327,-14,-398,-1000,-530,15,97,-167,
3336762,165891,166440,164514,921944,163423,40,-998,812,-662,875,91,-978,-223,232,-105,1332,-23,-395,-998,-544,10,120,-172,
3336762,165891,166440,164514,921944,163423,-34,-1040,689,-662,875,91,-944,-221,265,-181,1333,-28,-395,-998,-544,9,113,-118,
3183618,165891,166440,164514,921944,163423,-76,-1047,713,-659,883,63,-795,-324,334,-153,1335,-16,-398,-989,-524,21,117,-28,
3183618,165829,166440,164514,921944,163423,187,-1237,591,-650,887,54,-546,-393,295,-149,1320,-23,-398,-989,-524,8,125,20,
3183618,165829,166476,164514,921944,163423,-11,-1131,725,-650,887,54,-497,-436,220,-129,1336,-25,-402,-986,-514,-16,101,34,
3183618,165829,166476,164537,921944,163423,419,-1203,623,-646,890,34,-474,-577,147,-122,1347,-1,-399,-991,-537,-40,36,45,
3183618,165829,166476,164537,710541,163423,434,-1300,579,-646,890,34,-465,-675,73,-109,1350,-38,-399,-991,-537,-26,-26,72,
3183618,165829,166476,164537,710541,163444,462,-1193,643,-644,890,7,-639,-668,18,-120,1337,-16,-402,-996,-517,-6,-40,104,
3183618,165829,166476,164537,710541,163444,164,-1040,633,-644,890,7,-937,-585,-31,-115,1327,13,-402,-996,-517,15,-40,124,
