0,0,0,0,0,0,-29,-172,1312,-15,-398,1046,-49,1,-38,-19,13,1275,304,-182,894,-1,3,-33,
4831889,0,0,0,0,0,-6,-163,1271,-15,-398,1046,-49,-5,-37,-32,1,1296,304,-182,894,4,1,-32,
4831889,3936492,0,0,0,0,-12,-174,1309,-16,-390,1051,-43,4,-40,-28,8,1298,311,-181,888,6,6,-31,
4831889,3936492,3352778,0,0,0,-15,-167,1324,-16,-390,1051,-43,3,-39,-18,9,1302,311,-181,888,2,3,-33,
4831889,3936492,3352778,4283641,0,0,-32,-154,1324,-18,-391,1049,-41,4,-42,-46,14,1316,304,-168,888,2,6,-38,
4831889,3936492,3352778,4283641,3571023,0,10,-173,1333,-15,-388,1046,-42,-2,-37,-31,18,1304,304,-168,888,8,12,-33,
4831889,3936492,3352778,4283641,3571023,3414373,-36,-165,1300,-15,-388,1046,-41,3,-35,-27,-4,1290,303,-170,887,7,5,-32,
4831889,3936492,3352778,4283641,3571023,3414373,-8,-170,1329,-16,-393,1041,-51,4,-35,-27,8,1300,306,-178,893,3,0,-38,
4831889,3936492,3352778,4283641,3571023,3414373,-38,-162,1318,-16,-393,1041,-39,1,-36,-47,-4,1315,306,-178,893,-2,8,-44,
4832430,3936492,3352778,4283641,3571023,3414373,-22,-173,1325,-13,-384,1045,-49,-1,-42,-37,-2,1331,306,-178,894,0,3,-32,
4832430,3936881,3352778,4283641,3571023,3414373,-11,-190,1304,-13,-384,1045,-53,-8,-35,-24,2,1318,306,-178,894,-4,-1,-42,
4832430,3936881,3307339,4283641,3571023,3414373,-31,-161,1328,-17,-393,1044,-53,-5,-33,-28,12,1319,300,-179,898,6,-4,-36,
4832430,3936881,3307339,4286716,3571023,3414373,-27,-181,1325,-15,-395,1042,-48,-1,-35,-30,5,1308,300,-179,898,7,-4,-33,
4832430,3936881,3307339,4286716,3572137,3414373,-13,-169,1347,-15,-395,1042,-43,-6,-40,-15,8,1317,306,-174,884,-6,-5,-39,
4832430,3936881,3307339,4286716,3572137,3415845,-30,-166,1309,-14,-397,1059,-48,-6,-38,-38,-3,1318,306,-174,884,-2,0,-35,
4832430,3936881,3307339,4286716,3572137,3415845,-15,-172,1297,-14,-397,1059,-45,-8,-39,-46,-4,1346,302,-179,888,2,5,-31,
4832430,3936881,3307339,4286716,3572137,3415845,-26,-166,1321,-16,-393,1054,-47,-6,-40,-32,22,1305,307,-181,890,-7,0,-37,
4834430,3936881,3307339,4286716,3572137,3415845,-5,-173,1328,-16,-393,1046,-53,-2,-39,-37,7,1315,307,-181,890,10,7,-33,
4834430,3934137,3307339,4286716,3572137,3415845,-48,-157,1298,-16,-393,1046,-49,-10,-40,-35,12,1296,307,-181,899,6,5,-37,
4834430,3934137,3258994,4286716,3572137,3415845,-3,-164,1350,-18,-392,1043,-54,-6,-36,-27,5,1319,307,-181,899,1,0,-34,
4834430,3934137,3258994,4291230,3572137,3415845,-14,-167,1324,-18,-392,1043,-53,-6,-41,-47,-6,1314,306,-177,890,-2,3,-36,
4834430,3934137,3258994,4291230,3572950,3415845,-29,-163,1287,-13,-392,1047,-53,-5,-44,-38,2,1321,306,-177,890,1,8,-41,
4834430,3934137,3258994,4291230,3572950,3408222,-17,-156,1326,-13,-392,1047,-56,-6,-40,-39,5,1299,306,-175,889,0,10,-40,
4834430,3934137,3258994,4291230,3572950,3408222,-22,-157,1302,-14,-389,1038,-55,-10,-38,-37,0,1337,303,-179,892,-3,-10,-34,
4834430,3934137,3258994,4291230,3572950,3408222,-35,-170,1303,-13,-397,1047,-56,-12,-41,-19,6,1315,303,-179,892,4,1,-33,
4841803,3934137,3258994,4291230,3572950,3408222,-24,-167,1329,-13,-397,1047,-48,-6,-47,-37,9,1316,305,-180,877,-1,5,-33,
4841803,3926940,3258994,4291230,3572950,3408222,-22,-169,1303,-15,-397,1049,-45,-3,-40,-37,0,1331,305,-180,877,1,7,-39,
4841803,3926940,3174402,4291230,3572950,3408222,-16,-157,1348,-15,-397,1049,-43,-2,-42,-48,8,1336,302,-180,891,-5,-5,-41,
4841803,3926940,3174402,4297422,3572950,3408222,-10,-169,1287,-19,-390,1046,-46,-2,-37,-42,3,1317,302,-180,891,2,-7,-33,
4841803,3926940,3174402,4297422,3561253,3408222,-35,-170,1302,-15,-396,1043,-52,-6,-40,-18,-1,1298,303,-176,892,4,-2,-32,
4841803,3926940,3174402,4297422,3561253,3377028,-25,-169,1313,-15,-396,1043,-50,-2,-44,-40,-2,1334,303,-178,903,6,0,-33,
4841803,3926940,3174402,4297422,3561253,3377028,-11,-175,1308,-16,-393,1043,-49,-3,-38,-34,4,1285,305,-178,903,-1,6,-31,
4841803,3926940,3174402,4297422,3561253,3377028,-17,-162,1323,-16,-393,1043,-51,-3,-39,-44,-2,1331,305,-183,888,-7,4,-37,
4842952,3926940,3174402,4297422,3561253,3377028,-33,-170,1251,-13,-391,1044,-44,-3,-38,-38,-10,1293,305,-183,888,4,4,-40,
4842952,3923587,3174402,4297422,3561253,3377028,-34,-178,1344,-13,-391,1044,-44,-3,-31,-57,0,1353,308,-181,879,3,1,-42,
4842952,3923587,3144953,4297422,3561253,3377028,-29,-157,1295,-13,-389,1048,-42,0,-34,-21,11,1285,308,-181,879,-8,0,-41,
4842952,3923587,3144953,4298593,3561253,3377028,-35,-162,1322,-18,-395,1047,-54,2,-37,-59,-12,1379,302,-178,888,-2,6,-39,
4842952,3923587,3144953,4298593,3566430,3377028,-26,-176,1356,-18,-395,1047,-49,3,-36,-18,13,1275,302,-178,888,9,5,-34,
4842952,3923587,3144953,4298593,3566430,3389201,-14,-167,1297,-14,-393,1042,-47,1,-34,-38,9,1310,305,-176,876,-7,6,-35,
4842952,3923587,3144953,4298593,3566430,3389201,-29,-156,1335,-14,-393,1042,-47,9,-28,-36,2,1333,306,-179,889,-6,6,-35,
4842952,3923587,3144953,4298593,3566430,3389201,-23,-163,1319,-19,-387,1045,-46,8,-34,-23,9,1283,306,-179,889,5,4,-31,
4838758,3923587,3144953,4298593,3566430,3389201,-7,-176,1331,-16,-392,1048,-46,8,-33,-33,6,1322,306,-181,888,-8,4,-37,
4838758,3924259,3144953,4298593,3566430,3389201,-22,-161,1313,-16,-392,1048,-44,5,-35,-44,-3,1334,306,-181,888,-8,15,-38,
4838758,3924259,3173031,4298593,3566430,3389201,-28,-167,1306,-14,-393,1052,-46,2,-33,-21,10,1285,305,-176,889,0,7,-32,
4838758,3924259,3173031,4295751,3566430,3389201,-19,-169,1318,-14,-393,1052,-48,8,-34,-36,-4,1323,305,-176,889,-1,2,-31,
4838758,3924259,3173031,4295751,3577508,3389201,-22,-175,1309,-14,-392,1043,-48,10,-34,-22,1,1314,306,-175,891,2,2,-28,
4838758,3924259,3173031,4295751,3577508,3417798,-26,-174,1323,-14,-392,1043,-46,6,-35,-32,10,1329,305,-172,900,3,-5,-36,
4838758,3924259,3173031,4295751,3577508,3417798,-15,-172,1302,-14,-393,1040,-50,3,-32,-36,0,1314,305,-172,900,7,4,-34,
4838758,3924259,3173031,4295751,3577508,3417798,-15,-170,1329,-15,-394,1047,-50,0,-37,-32,13,1298,309,-179,886,5,1,-31,
4832751,3924259,3173031,4295751,3577508,3417798,-30,-167,1309,-15,-394,1047,-47,-3,-43,-25,2,1326,309,-179,886,4,9,-39,
4832751,3928524,3173031,4295751,3577508,3417798,-29,-162,1326,-17,-396,1052,-51,1,-37,-31,8,1289,306,-182,880,1,2,-34,
4832751,3928524,3185257,4295751,3577508,3417798,-4,-173,1308,-17,-396,1052,-46,-7,-34,-47,-4,1362,306,-182,880,12,-1,-26,
4832751,3928524,3185257,4296453,3577508,3417798,-42,-168,1315,-18,-387,1046,-44,-9,-33,-36,5,1293,303,-173,890,9,4,-32,
4832751,3928524,3185257,4296453,3581889,3417798,-14,-173,1309,-16,-393,1047,-48,-1,-32,-29,12,1295,303,-173,890,4,0,-37,
4832751,3928524,3185257,4296453,3581889,3423363,-34,-166,1344,-16,-393,1047,-46,-2,-35,-24,0,1300,303,-178,891,-3,-4,-35,
4832751,3928524,3185257,4296453,3581889,3423363,-16,-157,1334,-11,-394,1049,-49,-3,-33,-28,4,1317,306,-181,870,1,-1,-34,
4832751,3928524,3185257,4296453,3581889,3423363,-40,-159,1288,-11,-394,1049,-54,-2,-32,-28,-6,1317,306,-181,870,2,0,-35,
4834524,3928524,3185257,4296453,3581889,3423363,-19,-163,1336,-14,-393,1040,-46,0,-37,-18,8,1314,307,-180,890,-5,-4,-43,
4834524,3928626,3185257,4296453,3581889,3423363,-7,-169,1320,-14,-393,1040,-45,0,-34,-60,-2,1340,307,-180,890,2,-9,-35,
4834524,3928626,3167626,4296453,3581889,3423363,-25,-164,1333,-14,-392,1048,-46,-5,-34,-46,3,1329,306,-173,903,4,-2,-36,
4834524,3928626,3167626,4299955,3581889,3423363,-19,-163,1332,-15,-394,1047,-42,-3,-38,-33,12,1294,306,-173,903,2,4,-31,
4834524,3928626,3167626,4299955,3582398,3423363,-21,-171,1304,-15,-394,1047,-57,-6,-38,-26,12,1309,304,-173,890,7,1,-35,
4834524,3928626,3167626,4299955,3582398,3422360,-38,-163,1315,-16,-394,1046,-43,-3,-34,-37,6,1309,309,-179,911,5,2,-37,
4834524,3928626,3167626,4299955,3582398,3422360,-15,-175,1347,-16,-394,1046,-45,-7,-35,-30,-3,1310,309,-179,911,-7,-4,-46,
4834524,3928626,3167626,4299955,3582398,3422360,-19,-164,1345,-16,-389,1044,-47,0,-38,-28,12,1314,304,-179,870,3,-1,-34,
4835268,3928626,3167626,4299955,3582398,3422360,-30,-166,1305,-16,-398,1041,-40,-3,-40,-32,1,1342,304,-179,870,-4,6,-36,
4835268,3926287,3167626,4299955,3582398,3422360,-8,-172,1328,-16,-398,1041,-44,5,-36,-12,12,1296,305,-180,887,-2,5,-38,
4835268,3926287,3171298,4299955,3582398,3422360,-20,-172,1313,-16,-393,1049,-51,1,-35,-41,2,1304,305,-180,887,2,-5,-41,
4835268,3926287,3171298,4301747,3582398,3422360,-16,-174,1314,-16,-393,1049,-43,-7,-38,-15,6,1289,303,-177,889,3,4,-40,
4835268,3926287,3171298,4301747,3583209,3422360,-31,-168,1342,-18,-391,1041,-48,-1,-33,-40,17,1299,303,-173,911,-8,13,-39,
4835268,3926287,3171298,4301747,3583209,3469514,-24,-171,1320,-18,-391,1047,-43,-2,-32,-30,8,1337,305,-173,911,252,6,-32,
4835268,3926287,3171298,4301747,3583209,3469514,-21,-170,1327,-14,-395,1047,-41,9,-36,-40,-6,1340,305,-181,880,-4,6,-35,
4835268,3926287,3171298,4301747,3583209,3469514,-18,-171,1307,-15,-395,1046,-35,13,-32,-58,5,1295,305,-181,880,-6,6,-37,
4812396,3926287,3171298,4301747,3583209,3469514,-29,-168,1337,-15,-395,1046,-37,17,-28,-17,1,1292,306,-178,881,-7,12,-37,
4812396,3930296,3171298,4301747,3583209,3469514,-30,-169,1305,-12,-396,1039,-42,22,-25,-40,2,1353,306,-178,881,2,20,-32,
4812396,3930296,3240102,4301747,3583209,3469514,-33,-176,1338,-12,-396,1039,-44,24,-23,-64,-14,1325,305,-177,881,-13,21,-36,
4812396,3930296,3240102,4243112,3583209,3469514,-22,-165,1294,-15,-389,1049,-43,17,-26,-36,0,1319,305,-177,881,-5,23,-30,
4812396,3930296,3240102,4243112,3651766,3469514,-27,-160,1322,-14,-396,1047,-33,13,-25,-33,20,1320,305,-173,868,-14,23,-37,
4812396,3930296,3240102,4243112,3651766,3671959,-23,-170,1308,-14,-396,1047,-39,24,-17,-58,-8,1349,307,-179,880,-6,28,-32,
4812396,3930296,3240102,4243112,3651766,3671959,-33,-160,1329,-12,-400,1047,-37,28,-20,-24,4,1317,307,-179,880,-6,28,-35,
4812396,3930296,3240102,4243112,3651766,3671959,-19,-182,1322,-12,-400,1047,-33,23,-28,-43,2,1315,306,-181,898,-9,34,-36,
4739248,3930296,3240102,4243112,3651766,3671959,-35,-170,1321,-13,-389,1043,-34,32,-23,-47,-9,1335,306,-181,898,-14,39,-39,
4739248,3970494,3240102,4243112,3651766,3671959,-43,-162,1316,-13,-391,1034,-40,39,-22,-27,16,1276,309,-175,880,-19,43,-34,
4739248,3970494,3435008,4243112,3651766,3671959,-32,-164,1339,-11,-391,1034,-35,42,-21,-45,12,1331,309,-175,880,-27,54,-39,
4739248,3970494,3435008,4029898,3651766,3671959,-32,-162,1344,-12,-397,1045,-32,36,-20,-58,-3,1348,309,-175,880,-10,52,-38,
4739248,3970494,3435008,4029898,3768432,3671959,-37,-167,1320,-12,-397,1045,-33,33,-16,-49,9,1320,311,-173,868,-12,52,-37,
4739248,3970494,3435008,4029898,3768432,3830576,-39,-164,1327,-10,-396,1046,-28,27,-16,-44,8,1303,311,-173,868,-9,41,-40,
4739248,3970494,3435008,4029898,3768432,3830576,-57,-153,1303,-10,-396,1046,-32,21,-14,-53,-7,1321,312,-177,889,-6,39,-37,
4739248,3970494,3435008,4029898,3768432,3830576,-40,-148,1319,-12,-391,1052,-36,24,-19,-40,-9,1337,312,-177,889,-12,38,-38,
4612042,3970494,3435008,4029898,3768432,3830576,-56,-154,1350,-10,-400,1043,-46,21,-19,-55,3,1349,312,-178,888,-14,32,-36,
4612042,4032651,3435008,4029898,3768432,3830576,-41,-169,1296,-10,-400,1043,-41,23,-23,-18,15,1252,312,-178,888,-8,41,-39,
4612042,4032651,3577105,4029898,3768432,3830576,-43,-165,1325,-9,-397,1047,-42,21,-21,-52,3,1300,309,-171,884,-14,29,-40,
4612042,4032651,3577105,3870485,3768432,3830576,-43,-174,1299,-9,-397,1047,-40,15,-18,-45,5,1310,309,-171,884,-7,28,-36,
4612042,4032651,3577105,3870485,3898596,3830576,-52,-146,1365,-6,-396,1045,-41,21,-17,-75,-9,1352,312,-166,904,-5,23,-30,
4612042,4032651,3577105,3870485,3898596,3947472,-51,-165,1305,-6,-397,1035,-45,16,-26,-75,-10,1315,314,-176,871,1,8,-27,
4612042,4032651,3577105,3870485,3898596,3947472,-42,-175,1305,-6,-397,1035,-48,8,-25,-49,7,1309,314,-176,871,10,14,-30,
4612042,4032651,3577105,3870485,3898596,3947472,-39,-148,1335,-6,-396,1044,-51,6,-27,-49,-1,1287,312,-179,894,9,5,-21,
4538458,4032651,3577105,3870485,3898596,3947472,-55,-170,1309,-6,-396,1044,-49,3,-32,-60,0,1324,312,-179,894,9,1,-24,
4538458,4087822,3577105,3870485,3898596,3947472,-44,-165,1318,-6,-394,1047,-52,1,-27,-72,-6,1347,311,-167,894,17,-7,-25,
4538458,4087822,3656973,3870485,3898596,3947472,-43,-164,1327,-6,-394,1047,-52,-1,-37,-65,2,1314,311,-167,894,12,7,-23,
4538458,4087822,3656973,3870006,3898596,3947472,-55,-161,1296,-8,-397,1053,-52,0,-34,-46,10,1329,313,-166,873,18,3,-12,
4538458,4087822,3656973,3870006,3967886,3947472,-47,-143,1315,-9,-398,1043,-55,-1,-30,-57,1,1308,315,-174,879,12,1,-19,
4538458,4087822,3656973,3870006,3967886,3966975,-36,-168,1305,-9,-398,1043,-48,1,-33,-58,10,1298,315,-174,879,8,3,-25,
4538458,4087822,3656973,3870006,3967886,3966975,-52,-168,1314,-8,-402,1031,-52,-6,-41,-69,-8,1316,312,-175,904,6,-6,-18,
4538458,4087822,3656973,3870006,3967886,3966975,-46,-167,1344,-8,-402,1031,-53,-5,-30,-40,1,1285,312,-175,904,12,-1,-18,
4556809,4087822,3656973,3870006,3967886,3966975,-52,-163,1316,-7,-395,1042,-48,4,-29,-42,12,1292,313,-178,887,2,-6,-15,
4556809,4126645,3656973,3870006,3967886,3966975,-42,-168,1334,-6,-394,1042,-53,9,-31,-57,2,1339,313,-178,887,10,5,-19,
4556809,4126645,3694045,3870006,3967886,3966975,-50,-168,1302,-6,-394,1042,-51,2,-30,-54,3,1279,309,-168,880,8,9,-14,
4556809,4126645,3694045,3874157,3967886,3966975,-53,-154,1326,-5,-401,1048,-51,8,-27,-46,-10,1314,309,-168,869,0,10,-21,
4556809,4126645,3694045,3874157,3980404,3966975,-66,-157,1308,-5,-401,1048,-45,9,-26,-59,1,1315,316,-173,869,-2,10,-25,
4556809,4126645,3694045,3874157,3980404,3965658,-51,-172,1341,-6,-397,1034,-49,10,-23,-52,-4,1307,312,-176,876,0,20,-29,
4556809,4126645,3694045,3874157,3980404,3965658,-48,-164,1304,-6,-397,1034,-50,11,-35,-66,-1,1307,312,-176,876,3,13,-22,
4556809,4126645,3694045,3874157,3980404,3965658,-45,-163,1330,-7,-391,1039,-43,9,-36,-59,4,1321,312,-174,881,6,10,-26,
4530255,4126645,3694045,3874157,3980404,3965658,-60,-159,1307,-5,-402,1041,-44,-255,-33,-72,1,1352,312,-174,881,6,4,-26,
4530255,4163121,3694045,3874157,3980404,3965658,-41,-151,1324,-5,-402,1041,-55,-5,-35,-50,0,1305,316,-174,881,10,-4,-18,
4530255,4163121,3739283,3874157,3980404,3965658,-63,-138,1341,-6,-397,1043,-58,-3,-38,-49,20,1304,316,-174,881,14,-5,-21,
4530255,4163121,3739283,3873099,3980404,3965658,-45,-162,1281,-6,-397,1043,-55,-4,-38,-68,3,1298,313,-168,905,15,-13,-20,
4530255,4163121,3739283,3873099,3964685,3965658,-51,-160,1326,-8,-395,1037,-56,-9,-33,-66,-1,1343,314,-175,871,17,-19,-15,
4530255,4163121,3739283,3873099,3964685,3883172,-66,-160,1300,-6,-396,1042,-53,-8,-35,-35,16,1299,314,-175,871,16,-25,-14,
4530255,4163121,3739283,3873099,3964685,3883172,-40,-153,1302,-6,-396,1042,-56,-9,-40,-44,8,1306,315,-176,896,15,-26,-17,
4530255,4163121,3739283,3873099,3964685,3883172,-47,-159,1336,-6,-397,1039,-53,-9,-43,-43,5,1290,315,-176,896,24,-37,-19,
4564560,4163121,3739283,3873099,3964685,3883172,-55,-155,1305,-6,-397,1039,-60,-10,-39,-66,7,1325,311,-178,890,21,-33,-14,
4564560,4188370,3739283,3873099,3964685,3883172,-33,-162,1318,-4,-391,1044,-59,-8,-32,-55,2,1320,311,-178,890,21,-21,-23,
4564560,4188370,3809002,3873099,3964685,3883172,-47,-153,1335,-4,-391,1044,-58,-8,-42,-64,-2,1329,310,-170,895,19,-12,-23,
4564560,4188370,3809002,3943154,3964685,3883172,-43,-170,1307,-9,-391,1032,-57,-5,-40,-21,12,1288,313,-172,891,11,-3,-23,
4564560,4188370,3809002,3943154,3857184,3883172,-35,-160,1295,-8,-395,1044,-49,1,-41,-58,-4,1335,313,-172,891,13,-4,-28,
4564560,4188370,3809002,3943154,3857184,3726125,-47,-159,1326,-8,-395,1044,-47,3,-30,-36,1,1290,312,-179,884,9,7,-32,
4564560,4188370,3809002,3943154,3857184,3726125,-46,-152,1327,-9,-397,1048,-48,4,-22,-73,-1,1321,312,-179,884,8,13,-29,
4564560,4188370,3809002,3943154,3857184,3726125,-55,-163,1325,-9,-397,1048,-50,6,-27,-39,14,1290,311,-180,883,-1,2,-28,
4559220,4188370,3809002,3943154,3857184,3726125,-48,-146,1337,-6,-391,1039,-46,16,-26,-64,-6,1323,311,-180,883,0,7,-27,
4559220,4223416,3809002,3943154,3857184,3726125,-26,-161,1333,-5,-396,1045,-41,15,-24,-30,4,1315,310,-174,891,1,18,-25,
4559220,4223416,3893159,3943154,3857184,3726125,-44,-149,1301,-5,-396,1045,-47,21,-24,-60,-7,1313,310,-174,891,1,18,-27,
4559220,4223416,3893159,3910437,3857184,3726125,-38,-164,1304,-5,-399,1043,-47,21,-24,-48,7,1325,309,-175,886,-8,19,-29,
4559220,4223416,3893159,3910437,3846036,3726125,-57,-161,1346,-5,-399,1043,-44,18,-24,-42,3,1322,315,-177,896,-8,30,-24,
4559220,4223416,3893159,3910437,3846036,3721223,-56,-175,1311,-6,-392,1051,-46,17,-21,-43,11,1327,315,-177,896,-8,31,-20,
4559220,4223416,3893159,3910437,3846036,3721223,-61,-175,1290,-6,-392,1051,-41,18,-19,-60,5,1323,316,-178,888,-7,36,-17,
4559220,4223416,3893159,3910437,3846036,3721223,-54,-159,1314,-8,-395,1046,-35,22,-24,-54,4,1304,316,-178,888,-4,39,-17,
4354383,4223416,3893159,3910437,3846036,3721223,-49,-151,1339,-5,-398,1043,-37,30,-21,-58,10,1321,313,-176,880,-2,53,-20,
4354383,4267660,3893159,3910437,3846036,3721223,-51,-164,1339,-5,-398,1043,-37,35,-15,-49,11,1308,313,-176,880,-13,59,-24,
4354383,4267660,4032156,3910437,3846036,3721223,-61,-161,1320,-4,-401,1030,-38,44,-8,-75,-9,1339,315,-169,883,-18,77,-18,
4354383,4267660,4032156,3740836,3846036,3721223,-61,-156,1335,-4,-401,1030,-30,56,-6,-55,2,1303,316,-176,887,-14,85,-21,
4354383,4267660,4032156,3740836,3943447,3721223,-54,-158,1299,-5,-394,1041,-22,77,-10,-57,7,1313,316,-176,887,-23,87,-17,
4354383,4267660,4032156,3740836,3943447,3784057,-39,-162,1335,3,-402,1045,-19,94,-5,-88,-9,1329,320,-176,873,-23,108,-23,
4354383,4267660,4032156,3740836,3943447,3784057,-58,-156,1300,3,-402,1045,-12,114,-8,-78,4,1271,320,-176,873,-14,108,-22,
4354383,4267660,4032156,3740836,3943447,3784057,-76,-160,1363,4,-404,1038,-9,117,-2,-62,9,1301,323,-170,883,-12,99,-24,
3544075,4267660,4032156,3740836,3943447,3784057,-59,-175,1287,4,-404,1038,-14,126,0,-81,-2,1299,323,-170,883,-17,88,-25,
3544075,4392962,4032156,3740836,3943447,3784057,-79,-158,1345,8,-400,1035,-21,130,8,-63,10,1273,320,-167,896,-11,82,-21,
3544075,4392962,4193213,3740836,3943447,3784057,-78,-157,1311,8,-400,1035,-13,129,2,-88,-12,1326,320,-167,888,-11,71,-18,
3544075,4392962,4193213,3570856,3943447,3784057,-85,-143,1342,10,-402,1040,-23,122,4,-77,-9,1286,323,-172,888,-4,51,-14,
3544075,4392962,4193213,3570856,4012683,3784057,-82,-155,1310,9,-406,1037,-30,114,-1,-68,-7,1306,327,-173,892,5,29,-12,
3544075,4392962,4193213,3570856,4012683,3893261,-87,-155,1297,9,-406,1037,-27,109,-5,-71,7,1296,327,-173,892,6,26,-20,
3544075,4392962,4193213,3570856,4012683,3893261,-71,-164,1330,15,-406,1044,-24,115,-5,-94,-3,1320,325,-175,876,4,44,-20,
3544075,4392962,4193213,3570856,4012683,3893261,-89,-146,1336,15,-406,1044,-24,125,-4,-76,18,1304,325,-175,876,5,73,-23,
2526656,4392962,4193213,3570856,4012683,3893261,-92,-157,1305,15,-397,1031,-22,140,0,-99,-6,1363,328,-173,880,8,120,-30,
2526656,4476758,4193213,3570856,4012683,3893261,-80,-156,1339,22,-405,1035,-23,150,2,-79,8,1316,328,-173,880,8,179,-33,
2526656,4476758,4325892,3570856,4012683,3893261,-93,-156,1328,22,-405,1035,-20,175,-5,-105,4,1356,331,-165,881,12,240,-32,
2526656,4476758,4325892,3128995,4012683,3893261,-96,-142,1350,23,-409,1031,15,228,0,-108,8,1333,337,-172,877,15,304,-44,
2526656,4476758,4325892,3128995,4043874,3893261,-112,-160,1331,23,-409,1031,17,241,5,-94,10,1360,337,-172,877,10,336,-49,
2526656,4476758,4325892,3128995,4043874,4099256,-125,-165,1393,31,-409,1029,-23,235,8,-84,31,1339,344,-172,859,-30,344,-50,
2526656,4476758,4325892,3128995,4043874,4099256,-129,-176,1400,31,-409,1029,-117,246,18,-130,17,1346,344,-172,859,-64,342,-53,
2526656,4476758,4325892,3128995,4043874,4099256,-138,-161,1372,38,-406,1037,-174,265,30,-105,24,1316,355,-166,873,-79,354,-59,
1399054,4476758,4325892,3128995,4043874,4099256,-118,-158,1341,45,-408,1033,-184,285,35,-125,41,1306,355,-166,873,-80,353,-73,
1399054,4538842,4325892,3128995,4043874,4099256,-137,-121,1397,45,-408,1033,-174,303,34,-121,41,1292,362,-161,884,-68,356,-94,
1399054,4538842,4446971,3128995,4043874,4099256,-127,-170,1390,51,-399,1028,-119,334,28,-161,32,1358,375,-160,888,-51,355,-116,
1399054,4538842,4446971,1437760,4043874,4099256,-138,-168,1383,51,-399,1028,-78,362,19,-160,12,1319,375,-160,888,-7,341,-133,
1399054,4538842,4446971,1437760,4105390,4099256,-158,-142,1379,62,-397,1036,-77,389,25,-176,-2,1340,385,-165,866,19,333,-138,
1399054,4538842,4446971,1437760,4105390,4329225,-155,-152,1427,67,-402,1028,-79,423,26,-148,-2,1364,385,-165,866,19,331,-142,
1399054,4538842,4446971,1437760,4105390,4329225,-162,-161,1391,67,-402,1028,-68,489,30,-164,-29,1336,391,-168,853,27,332,-136,
1399054,4538842,4446971,1437760,4105390,4329225,-173,-168,1425,81,-403,1024,-58,530,38,-174,-9,1305,391,-168,853,18,336,-119,
1062566,4538842,4446971,1437760,4105390,4329225,-177,-176,1421,81,-403,1024,-48,572,36,-177,-17,1333,400,-160,847,15,331,-102,
1062566,4580561,4446971,1437760,4105390,4329225,-203,-175,1405,96,-404,1014,-29,615,51,-199,-19,1377,400,-160,847,2,339,-92,
1062566,4580561,4453768,1437760,4105390,4329225,-193,-169,1410,96,-404,1012,-17,666,47,-193,-26,1375,409,-158,863,-26,348,-74,
1062566,4580561,4453768,408242,4105390,4329225,-219,-160,1433,111,-403,1012,7,714,45,-204,-4,1368,417,-159,848,-26,373,-71,
1062566,4580561,4453768,408242,4129816,4329225,-209,-146,1445,130,-409,1013,11,763,65,-216,-18,1401,417,-159,848,-26,398,-66,
1062566,4580561,4453768,408242,4129816,4469508,-241,-149,1413,130,-409,1013,12,807,66,-207,-16,1402,425,-158,857,-31,424,-51,
1062566,4580561,4453768,408242,4129816,4469508,-263,-145,1372,148,-405,1003,25,842,61,-230,-9,1382,425,-158,857,-44,447,-50,
1062566,4580561,4453768,408242,4129816,4469508,-280,-153,1315,148,-405,1003,34,872,55,-246,-3,1388,444,-153,844,-45,481,-46,
792399,4580561,4453768,408242,4129816,4469508,-269,-142,1338,173,-409,997,37,893,64,-247,-2,1348,444,-153,844,-60,505,-49,
792399,4592858,4453768,408242,4129816,4469508,-305,-140,1271,192,-417,995,56,885,68,-256,-10,1394,451,-151,845,-74,532,-53,
792399,4592858,3964612,408242,4129816,4469508,-314,-147,1312,192,-417,995,69,872,63,-242,-2,1378,468,-152,821,-99,570,-56,
792399,4592858,3964612,479782,4129816,4469508,-361,-148,1300,211,-421,987,78,869,70,-263,-9,1390,468,-152,821,-132,611,-58,
792399,4592858,3964612,479782,4127799,4469508,-355,-129,1287,211,-421,987,97,860,78,-266,-5,1413,483,-149,811,-150,659,-55,
792399,4592858,3964612,479782,4127799,4419017,-379,-144,1302,230,-420,978,118,865,81,-302,-27,1405,483,-149,811,-174,713,-51,
792399,4592858,3964612,479782,4127799,4419017,-401,-143,1296,230,-423,966,133,876,88,-304,-34,1400,505,-146,813,-196,763,-48,
792399,4592858,3964612,479782,4127799,4419017,-386,-126,1282,246,-423,966,146,876,93,-307,-15,1355,505,-146,813,-215,801,-47,
457017,4592858,3964612,479782,4127799,4419017,-422,-117,1256,267,-434,951,156,866,95,-316,0,1316,527,-136,793,-241,830,-49,
457017,4642753,3964612,479782,4127799,4419017,-422,-112,1307,267,-434,951,161,862,98,-349,-39,1333,527,-136,793,-259,854,-55,
457017,4642753,3107421,479782,4127799,4419017,-465,-113,1287,283,-437,940,176,867,94,-345,-49,1303,550,-134,788,-283,859,-59,
457017,4642753,3107421,476948,4127799,4419017,-456,-122,1360,283,-437,940,237,903,102,-365,-39,1276,572,-129,781,-297,864,-55,
457017,4642753,3107421,476948,4147091,4419017,-471,-139,1356,302,-443,930,284,931,117,-379,-49,1296,572,-129,781,-301,855,-56,
457017,4642753,3107421,476948,4147091,4035208,-496,-136,1305,323,-458,917,312,949,137,-390,-56,1303,598,-122,781,-280,851,-41,
457017,4642753,3107421,476948,4147091,4035208,-510,-108,1337,323,-458,917,339,977,154,-406,-59,1367,598,-122,781,-262,886,-46,
457017,4642753,3107421,476948,4147091,4035208,-508,-56,1308,342,-473,909,336,1004,153,-440,-86,1429,618,-115,765,-252,931,-43,
443691,4642753,3107421,476948,4147091,4035208,-533,-33,1248,342,-473,909,324,1026,153,-442,-69,1432,618,-115,765,-270,996,-41,
443691,4787534,3107421,476948,4147091,4035208,-549,-3,1262,362,-469,890,272,1063,147,-478,-77,1493,638,-104,752,-274,1070,-43,
443691,4787534,2132892,476948,4147091,4035208,-566,-30,1231,382,-481,877,240,1075,133,-468,-92,1495,669,-104,740,-308,1155,-41,
443691,4787534,2132892,442125,4147091,4035208,-590,-20,1204,382,-481,877,216,1095,120,-497,-58,1452,669,-104,740,-342,1228,-44,
443691,4787534,2132892,442125,4253615,4035208,-607,-24,1225,405,-488,862,205,1089,114,-501,-57,1402,706,-98,690,-381,1281,-62,
443691,4787534,2132892,442125,4253615,3526194,-630,-51,1134,405,-488,862,199,1076,111,-526,-94,1328,706,-98,690,-433,1314,-76,
443691,4787534,2132892,442125,4253615,3526194,-638,-18,1133,424,-491,848,181,1032,111,-511,-86,1187,730,-91,680,-463,1334,-83,
443691,4787534,2132892,442125,4253615,3526194,-666,-26,1150,424,-491,848,171,1007,104,-588,-111,1273,730,-91,680,-502,1347,-83,
421871,4787534,2132892,442125,4253615,3526194,-676,-15,1114,441,-494,831,173,986,103,-527,-123,1126,762,-74,670,-516,1327,-88,
421871,4850258,2132892,442125,4253615,3526194,-702,1,1109,458,-504,818,166,956,101,-582,-145,1107,1018,-67,635,-508,1321,-83,
421871,4850258,2049577,442125,4253615,3526194,-702,11,1065,458,-504,818,163,922,93,-610,-161,1114,788,-67,635,-498,1287,-72,
421871,4850258,2049577,437752,4253615,3526194,-743,-20,1095,473,-509,799,160,886,90,-590,-170,1021,816,-62,606,-481,1241,-64,
421871,4850258,2049577,437752,4467120,3526194,-768,-2,1093,473,-509,799,169,842,97,-629,-171,985,816,-62,606,-462,1198,-51,
421871,4850258,2049577,437752,4467120,2929333,-788,-71,1138,488,-506,796,207,796,105,-649,-164,945,835,-55,601,-452,1147,-32,
421871,4850258,2049577,437752,4467120,2929333,-804,-104,1138,500,-521,785,275,763,136,-691,-178,1000,835,-55,601,-453,1092,-27,
421871,4850258,2049577,437752,4467120,2929333,-815,-102,1209,500,-521,785,335,754,173,-681,-177,967,851,-45,566,-438,1041,-24,
425355,4850258,2049577,437752,4467120,2929333,-835,-84,1200,513,-536,754,404,760,270,-707,-154,952,851,-45,566,-435,996,-9,
425355,4892831,2049577,437752,4467120,2929333,-844,-17,1214,513,-536,754,521,773,306,-739,-191,1056,871,-41,542,-411,961,-10,
425355,4892831,2034966,437752,4467120,2929333,-829,-4,1168,519,-548,735,561,798,335,-753,-223,1117,889,-39,528,-405,919,2,
425355,4892831,2034966,335584,4467120,2929333,-827,51,1177,519,-548,735,572,835,353,-770,-170,1118,889,-39,528,-457,953,-14,
425355,4892831,2034966,335584,4672530,2929333,-857,80,1206,532,-559,707,574,885,357,-782,-152,1192,902,-35,514,-503,989,-35,
425355,4892831,2034966,335584,4672530,2914486,-863,109,1186,539,-582,695,544,940,352,-830,-170,1202,902,-35,514,-543,1036,-58,
425355,4892831,2034966,335584,4672530,2914486,-878,123,1211,539,-582,695,517,1012,342,-841,-165,1206,918,-20,485,-600,1091,-77,
425355,4892831,2034966,335584,4672530,2914486,-873,171,1243,550,-593,671,506,1088,325,-860,-114,1151,918,-20,485,-659,1143,-104,
448470,4892831,2034966,335584,4672530,2914486,-888,175,1141,550,-593,671,500,1146,310,-887,-168,1192,934,-12,442,-703,1189,-148,
448470,4923831,2034966,335584,4672530,2914486,-907,122,1114,560,-598,643,510,1198,295,-890,-173,1115,953,0,430,-760,1234,-193,
448470,4923831,2085872,335584,4672530,2914486,-910,117,1131,578,-619,622,523,1245,289,-861,-188,1070,953,0,430,-791,1274,-224,
448470,4923831,2085872,282405,4672530,2914486,-930,144,1172,578,-619,622,542,1354,313,-881,-225,1042,972,7,422,-825,1301,-237,
448470,4923831,2085872,282405,4819335,2914486,-981,136,1173,593,-633,586,591,1422,322,-874,-285,998,972,7,422,-836,1330,-237,
448470,4923831,2085872,282405,4819335,2693210,-981,139,1102,593,-633,586,631,1487,344,-915,-294,977,986,20,371,-839,1372,-234,
448470,4923831,2085872,282405,4819335,2693210,-994,138,1074,604,-645,554,666,1544,363,-897,-301,927,986,20,371,-857,1398,-239,
448470,4923831,2085872,282405,4819335,2693210,-1024,123,1038,604,-645,554,692,1592,397,-930,-333,963,1003,40,343,-861,1427,-229,
605101,4923831,2085872,282405,4819335,2693210,-1015,158,975,618,-654,523,705,1640,426,-950,-322,880,1003,40,343,-870,1462,-220,
605101,4954533,2085872,282405,4819335,2693210,-1039,179,958,629,-677,483,704,1676,445,-962,-314,853,1015,39,299,-874,1483,-221,
605101,4954533,2128863,282405,4819335,2693210,-1032,182,890,629,-677,483,717,1697,464,-917,-321,759,1030,52,267,-846,1514,-213,
605101,4954533,2128863,166142,4819335,2693210,-1028,261,820,640,-690,443,732,1727,478,-977,-253,764,1030,52,267,-855,1527,-226,
605101,4954533,2128863,166142,4903052,2693210,-1030,301,863,640,-690,443,747,1754,480,-1012,-311,754,1043,65,227,-858,1531,-244,
605101,4954533,2128863,166142,4903052,2332754,-1043,366,838,649,-702,395,745,1791,452,-1003,-275,731,1043,65,227,-873,1542,-262,
605101,4954533,2128863,166142,4903052,2332754,-1085,384,835,659,-716,355,739,1889,421,-1055,-322,763,1055,79,189,-895,1608,-334,
605101,4954533,2128863,166142,4903052,2332754,-1083,428,881,659,-716,355,710,1961,381,-1029,-357,750,1055,79,189,-914,1658,-348,
553989,4954533,2128863,166142,4903052,2332754,-1057,466,794,666,-734,310,718,2028,333,-1128,-424,855,1057,88,150,-930,1705,-355,
553989,4999160,2128863,166142,4903052,2332754,-1183,469,854,666,-734,310,724,2101,290,-1124,-461,852,1068,91,110,-949,1761,-345,
553989,4999160,2034397,166142,4903052,2332754,-1176,562,801,675,-738,261,710,2177,241,-1095,-485,830,1068,91,110,-967,1836,-330,
553989,4999160,2034397,166076,4903052,2332754,-1184,509,771,675,-738,261,729,2236,183,-1094,-517,766,1073,98,72,-987,1907,-303,
553989,4999160,2034397,166076,4964710,2332754,-1142,558,764,682,-747,218,721,2307,125,-1157,-483,738,1073,98,72,-1008,1978,-276,
553989,4999160,2034397,166076,4964710,1963800,-1150,634,649,696,-750,160,721,2387,60,-1181,-421,691,1075,100,1,-1023,2031,-261,
553989,4999160,2034397,166076,4964710,1963800,-1145,669,458,696,-750,160,726,2447,-12,-1271,-395,636,1075,100,1,-1038,2076,-262,
553989,4999160,2034397,166076,4964710,1963800,-1112,644,356,705,-748,103,723,2486,-99,-1226,-417,569,1071,112,-48,-1044,2098,-296,
604892,4999160,2034397,166076,4964710,1963800,-1106,697,289,705,-748,103,735,2494,-272,-1138,-372,443,1071,113,-110,-1058,2105,-338,
604892,5001915,2034397,166076,4964710,1963800,-1067,716,182,710,-740,45,849,2473,-340,-1091,-401,340,1070,113,-110,-1078,2130,-381,
604892,5001915,2489226,166076,4964710,1963800,-1019,715,185,720,-733,-13,969,2462,-393,-1075,-294,261,1061,113,-163,-1113,2143,-416,
604892,5001915,2489226,166145,4964710,1963800,-1036,372,227,720,-733,-13,1087,2489,-393,-1055,-290,-12,1061,113,-163,-1138,2160,-483,
604892,5001915,2489226,166145,4911945,1963800,-3495,-2069,2848,721,-728,-77,972,2693,-207,-820,-715,-285,1050,119,-203,-1131,2141,-534,
604892,5001915,2489226,166145,4911945,1351132,-4533,-941,3149,721,-728,-77,613,3251,396,-766,-934,-328,1050,119,-203,-1130,2032,-500,
604892,5001915,2489226,166145,4911945,1351132,-3020,319,892,697,-746,-133,403,3529,1042,-1380,-217,167,1035,118,-258,-1179,1861,-381,
604892,5001915,2489226,166145,4911945,1351132,183,496,-1600,697,-746,-133,196,3257,1221,-2764,730,1038,1035,118,-258,-1133,1752,-385,
419666,5001915,2489226,166145,4911945,1351132,2057,956,-3291,659,-760,-187,-91,2808,1010,-3359,783,1224,1017,135,-296,-613,1853,-678,
419666,4695518,2489226,166145,4911945,1351132,2181,2283,-3554,647,-763,-213,-472,2250,464,-1963,345,-275,999,156,-351,168,1963,-1121,
419666,4695518,1212705,166145,4911945,1351132,318,3354,-2381,647,-763,-213,-447,1609,-1103,180,-665,-1758,999,156,-351,935,1355,-1049,
419666,4695518,1212705,357784,4911945,1351132,-850,845,-1363,672,-733,-232,1185,-240,-1766,1343,-2920,-2411,987,184,-357,952,798,-594,
419666,4695518,1212705,357784,4308910,1351132,-1528,-989,-822,672,-733,-232,1004,-649,-1766,490,-3125,-1865,987,184,-357,270,42,42,
419666,4695518,1212705,357784,4308910,468820,-1817,-1374,-667,707,-697,-236,623,-865,-1332,97,-2482,-1437,989,184,-351,-160,-576,769,
419666,4695518,1212705,357784,4308910,468820,-1895,-1393,-611,730,-687,-229,442,-1108,-750,15,-1963,-886,989,184,-351,-329,-965,1401,
419666,4695518,1212705,357784,4308910,468820,-1861,-1228,-412,730,-687,-229,278,-1300,-221,-318,-1356,-308,999,148,-330,-575,-1134,1805,
450323,4695518,1212705,357784,4308910,468820,-1664,-114,154,733,-689,-208,66,-1325,152,-1052,-857,309,1018,96,-332,-774,-1075,1941,
450323,4666072,1212705,357784,4308910,468820,-1926,331,305,733,-689,-208,-16,-1174,389,-1679,-820,706,1018,96,-332,-1125,-870,1784,
450323,4666072,1936008,357784,4308910,468820,-2206,463,409,727,-700,-197,73,-824,528,-2177,-16,1070,1025,43,-320,-1349,-683,1535,
450323,4666072,1936008,166117,4308910,468820,-2023,599,478,727,-700,-194,100,-358,574,-2162,513,1075,1025,43,-320,-1024,-330,1250,
450323,4666072,1936008,166117,4396798,468820,-1711,739,478,712,-711,-194,109,-28,549,-1865,482,872,1021,21,-297,-686,54,964,
450323,4666072,1936008,166117,4396798,1427759,-1395,623,418,703,-722,-201,258,103,463,-1635,396,692,1021,21,-297,-485,320,708,
450323,4666072,1936008,166117,4396798,1427759,-1142,37,384,703,-722,-201,383,-24,440,-1506,400,526,1014,13,-326,-382,439,472,
450323,4666072,1936008,166117,4396798,1427759,-1344,-35,491,694,-727,-206,176,-24,410,-1636,378,372,1014,13,-326,-275,463,298,
430093,4666072,1936008,166117,4396798,1427759,-1458,107,608,694,-727,-206,-5,72,435,-1618,225,268,1008,-4,-320,-128,548,112,
430093,4484857,1936008,166117,4396798,1427759,-1725,257,613,686,-730,-212,-54,149,486,-1501,75,135,1005,-3,-357,-37,645,-75,
430093,4484857,1286862,166117,4396798,1427759,-1896,342,656,672,-749,-217,-38,250,562,-1442,22,95,1005,-3,-357,-39,691,-258,
430093,4484857,1286862,167174,4396798,1427759,-1875,325,572,672,-749,-217,-16,388,627,-1436,-59,0,998,7,-364,-10,739,-412,
430093,4484857,1286862,167174,3886357,1427759,-1518,404,209,655,-760,-219,-16,493,675,-1403,-122,-75,998,7,-364,40,803,-537,
430093,4484857,1286862,167174,3886357,880413,-1329,475,14,655,-760,-219,-8,569,706,-1276,-199,-260,989,29,-375,112,837,-641,
430093,4484857,1286862,167174,3886357,880413,-1208,570,-230,633,-770,-234,22,606,711,-1119,-343,-400,989,29,-375,163,854,-774,
430093,4484857,1286862,167174,3886357,880413,-1114,667,-469,633,-779,-229,72,592,695,-950,-574,-516,977,45,-393,175,716,-781,
165318,4484857,1286862,167174,3886357,880413,-1082,738,-701,620,-779,-229,134,404,637,-793,-814,-711,974,56,-407,3,543,-761,
165318,4144983,1286862,167174,3886357,880413,-1178,885,-799,607,-788,-258,479,350,627,-757,-925,-829,974,56,-407,-231,317,-716,
165318,4144983,881981,167174,3886357,880413,-1391,821,-847,607,-788,-258,831,337,653,-779,-894,-899,975,67,-420,-416,87,-644,
165318,4144983,881981,166109,3886357,880413,-1412,511,-732,589,-790,-270,1116,377,728,-1180,-891,-762,975,67,-420,-494,-60,-597,
165318,4144983,881981,166109,3767517,880413,-1383,349,-589,589,-790,-270,1193,440,837,-1459,-947,-607,975,75,-411,-653,-41,-643,
165318,4144983,881981,166109,3767517,510399,-1271,212,-481,568,-794,-299,1177,509,939,-1519,-907,-499,975,75,-411,-929,145,-824,
165318,4144983,881981,166109,3767517,510399,-1257,263,-349,544,-808,-326,1097,558,1021,-1457,-655,-395,972,93,-419,-1270,360,-1108,
165318,4144983,881981,166109,3767517,510399,-1387,418,-105,544,-808,-326,1112,655,1094,-1609,-463,-169,972,100,-419,-1458,557,-1410,
165511,4144983,881981,166109,3767517,510399,-1412,525,404,507,-812,-356,1271,909,1167,-1556,-332,-35,961,100,-419,-1543,852,-1786,
165511,3091200,881981,166109,3767517,510399,-1040,130,-177,507,-812,-356,1529,1364,1248,-1298,-198,-62,946,126,-450,-1510,1168,-2156,
165511,3091200,200385,166109,3767517,510399,-319,332,-747,463,-811,-407,1451,1684,1123,-1138,-287,-109,946,126,-450,-1429,1452,-2434,
165511,3091200,200385,326584,3767517,510399,-53,349,-1084,463,-813,-446,836,1544,854,-97,-557,-716,919,163,-488,-1328,1649,-2645,
165511,3091200,200385,326584,1878390,510399,-820,409,-381,431,-813,-446,337,1733,386,-913,-658,-795,919,163,-488,-1494,1799,-2629,
165511,3091200,200385,326584,1878390,253881,-1015,584,6,413,-817,-463,-111,1770,2,-515,-321,79,883,191,-533,-1572,2344,-2195,
165511,3091200,200385,326584,1878390,253881,-1396,888,-156,413,-817,-463,-481,1651,60,-575,-1279,-392,883,191,-533,-741,2077,-1709,
165511,3091200,200385,326584,1878390,253881,-1285,1444,-175,390,-819,-467,-501,1324,312,-681,-1755,-276,846,203,-571,-522,1782,-983,
1540475,3091200,200385,326584,1878390,253881,-1236,1727,-268,390,-819,-467,-258,944,317,-915,-1771,-269,826,178,-610,-968,1395,-283,
1540475,2586887,200385,326584,1878390,253881,-1216,1494,-345,376,-826,-475,49,650,110,-1164,-1253,-430,826,178,-610,-1612,1133,265,
1540475,2586887,167612,326584,1878390,253881,-1180,1184,-418,373,-823,-490,192,513,-111,-1299,-442,-786,809,142,-639,-1745,1008,767,
1540475,2586887,167612,649070,1878390,253881,-1059,1015,-537,373,-823,-490,141,479,-244,-1441,-348,-756,809,142,-639,-706,1019,692,
1540475,2586887,167612,649070,1160431,253881,-907,809,-599,374,-818,-487,47,472,-331,-1343,-510,-776,790,128,-651,-302,1064,449,
1540475,2586887,167612,649070,1160431,164396,-929,733,-619,374,-818,-487,-37,435,-315,-1265,-661,-751,790,128,-651,-198,1052,174,
1540475,2586887,167612,649070,1160431,164396,-967,699,-651,377,-811,-493,-188,263,-249,-1068,-620,-824,770,125,-682,-228,983,-52,
1540475,2586887,167612,649070,1160431,164396,-1130,883,-608,380,-813,-495,-181,180,-272,-980,-572,-800,758,121,-678,-198,878,-159,
1615939,2586887,167612,649070,1160431,164396,-1182,783,-683,380,-813,-495,-179,160,-324,-862,-588,-838,758,121,-678,-97,762,-134,
1615939,2185380,167612,649070,1160431,164396,-1199,632,-663,386,-816,-485,-295,133,-348,-769,-646,-796,748,117,-681,-68,639,-22,
1615939,2185380,167609,649070,1160431,164396,-1236,693,-667,386,-816,-485,-466,96,-364,-705,-496,-717,748,117,-681,-111,531,128,
1615939,2185380,167609,726328,1160431,164396,-1207,733,-638,393,-815,-480,-576,45,-373,-631,-398,-712,737,112,-706,-97,458,271,
1615939,2185380,167609,726328,891569,164396,-1176,734,-612,393,-815,-480,-577,-25,-381,-628,-351,-709,737,112,-706,11,370,384,
1615939,2185380,167609,726328,891569,164359,-1198,724,-541,399,-812,-467,-461,-104,-371,-565,-359,-728,729,112,-699,148,252,466,
1615939,2185380,167609,726328,891569,164359,-1236,672,-512,408,-818,-463,-307,-191,-354,-552,-376,-701,729,112,-699,279,92,527,
1615939,2185380,167609,726328,891569,164359,-1220,586,-462,408,-818,-463,-209,-234,-334,-563,-379,-698,737,103,-705,370,-82,582,
1656050,2185380,167609,726328,891569,164359,-1170,489,-466,414,-815,-451,-218,-183,-266,-558,-322,-693,741,100,-687,438,-249,601,
1656050,1513407,167609,726328,891569,164359,-1200,520,-456,414,-815,-451,-281,-119,-241,-598,-279,-706,741,100,-687,584,-421,569,
1656050,1513407,167552,726328,891569,164359,-1225,584,-437,419,-814,-455,-310,-71,-214,-2402,-1106,-269,757,108,-693,793,-616,541,
1656050,1513407,167552,940903,891569,164359,-1206,600,-451,426,-819,-443,-305,-50,-187,-2158,-1261,-903,757,108,-693,885,-569,247,
1656050,1513407,167552,940903,453567,164359,-1210,640,-480,426,-819,-443,-278,-48,-172,-1538,43,-1262,749,127,-691,172,571,-660,
1656050,1513407,167552,940903,453567,164538,-1215,676,-483,428,-821,-438,-259,-51,-163,-1086,-624,-947,749,127,-691,520,519,-781,
1656050,1513407,167552,940903,453567,164538,-1201,737,-446,428,-821,-438,-253,-44,-176,-892,-1464,-759,738,169,-695,1434,391,-595,
1656050,1513407,167552,940903,453567,164538,-1223,757,-451,433,-817,-432,-236,-43,-195,-848,-1443,-706,747,189,-684,1057,-172,-458,
1625653,1513407,167552,940903,453567,164538,-1224,731,-438,433,-817,-432,-204,-56,-209,-856,-1208,-623,747,189,-684,685,-313,-366,
1625653,1469858,167552,940903,453567,164538,-1219,716,-421,435,-814,-450,-170,-65,-228,-715,-1216,-543,753,202,-687,443,-484,-179,
1625653,1469858,167813,940903,453567,164538,-1220,696,-415,441,-818,-435,-148,-63,-260,-895,-1035,-444,753,202,-687,250,-558,-71,
1625653,1469858,167813,527057,453567,164538,-1161,699,-415,441,-818,-435,-86,-20,-263,-860,-853,-466,761,202,-669,65,-492,-53,
1625653,1469858,167813,527057,390656,164538,-1200,720,-420,445,-813,-439,-13,-10,-275,-832,-727,-430,761,202,-669,30,-387,-70,
1625653,1469858,167813,527057,390656,164490,-1211,682,-372,445,-813,-439,58,-1,-297,-872,-748,-438,770,209,-665,75,-255,-104,
1625653,1469858,167813,527057,390656,164490,-1254,642,-440,447,-806,-439,96,1,-297,-858,-792,-455,770,209,-662,87,-92,-120,
1625653,1469858,167813,527057,390656,164490,-1289,611,-394,454,-807,-442,115,3,-294,-866,-797,-478,772,216,-662,71,41,-125,
1659555,1469858,167813,527057,390656,164490,-1300,577,-416,454,-807,-442,106,5,-277,-862,-814,-580,769,210,-665,46,133,-111,
1659555,1600974,167813,527057,390656,164490,-1290,514,-465,461,-800,-447,85,-2,-245,-915,-847,-547,769,210,-665,17,181,-92,
1659555,1600974,167708,527057,390656,164490,-1239,502,-410,461,-800,-447,92,4,-184,-992,-871,-643,763,213,-672,12,189,-76,
1659555,1600974,167708,504300,390656,164490,-1237,514,-451,459,-797,-449,107,-2,-78,-951,-921,-674,763,213,-672,16,147,-53,
1659555,1600974,167708,504300,390905,164490,-1229,492,-406,459,-797,-449,132,-1,12,-895,-1017,-702,760,215,-657,5,83,-29,
1659555,1600974,167708,504300,390905,164462,-1281,429,-435,457,-801,-446,142,135,156,-865,-1090,-611,760,215,-657,-129,-32,-3,
1659555,1600974,167708,504300,390905,164462,-1316,473,-380,451,-804,-454,-14,378,132,-759,-1105,-628,763,210,-651,-395,-151,22,
1659555,1600974,167708,504300,390905,164462,-1336,728,-437,451,-804,-454,59,719,18,-774,-957,-550,770,190,-681,-755,-253,28,
1476784,1600974,167708,504300,390905,164462,-1380,663,-479,440,-796,-475,234,1093,-158,-906,-780,-540,770,190,-681,-1025,-307,29,
1476784,1917380,167708,504300,390905,164462,-1254,437,-568,440,-796,-475,313,1340,-308,-991,-594,-585,768,173,-654,-1065,-282,27,
1476784,1917380,167779,504300,390905,164462,-1144,268,-656,432,-784,-485,211,1393,-369,-1052,-226,-650,768,173,-654,-905,-156,-188,
1476784,1917380,167779,717771,390905,164462,-1007,249,-742,425,-788,-501,4,1257,-317,-949,-348,-636,764,172,-673,-127,393,-245,
1476784,1917380,167779,717771,853396,164462,-982,359,-759,425,-788,-501,-161,979,-226,-781,-623,-663,764,172,-673,125,574,-235,
1476784,1917380,167779,717771,853396,164460,-940,617,-741,421,-788,-502,-197,623,-147,-746,-845,-652,756,184,-662,86,595,-176,
1476784,1917380,167779,717771,853396,164460,-997,608,-644,421,-788,-502,-126,286,-93,-780,-928,-677,744,178,-676,-98,535,-122,
1476784,1917380,167779,717771,853396,164460,-1046,587,-633,423,-783,-506,-41,44,-85,-847,-861,-743,744,178,-676,-260,466,-136,
1606001,1917380,167779,717771,853396,164460,-1084,563,-610,423,-783,-506,-26,-126,-132,-946,-696,-772,736,176,-697,-221,440,-194,
1606001,1971320,167779,717771,853396,164460,-1478,554,-473,426,-788,-503,-44,-38,-19,-1009,-927,-793,736,176,-697,-50,428,-243,
1606001,1971320,167808,717771,853396,164460,-1559,549,-675,422,-788,-508,-60,173,172,-953,-872,-823,727,179,-695,83,367,-247,
1606001,1971320,167808,906901,853396,164460,-1340,747,-635,422,-788,-508,-184,181,202,-944,-891,-830,727,179,-695,125,283,-201,
1606001,1971320,167808,906901,1042577,164460,-1258,827,-665,416,-791,-501,-219,96,156,-992,-858,-785,721,190,-700,149,195,-114,
1606001,1971320,167808,906901,1042577,164194,-1316,860,-579,416,-791,-501,-136,-62,78,-1043,-844,-788,721,190,-700,210,138,-6,
1606001,1971320,167808,906901,1042577,164194,-1304,774,-632,416,-795,-502,-40,-209,32,-1042,-833,-729,723,191,-703,275,102,67,
1606001,1971320,167808,906901,1042577,164194,-1294,694,-643,422,-794,-497,-6,-319,-2,-963,-776,-794,722,186,-711,343,48,70,
2067978,1971320,167808,906901,1042577,164194,-1288,643,-612,422,-794,-497,-42,-404,-34,-957,-792,-760,722,186,-711,414,-13,64,
2067978,1075561,167808,906901,1042577,164194,-1209,520,-552,427,-792,-499,-114,-444,-53,-958,-752,-677,725,197,-699,474,-43,75,
2067978,1075561,167829,906901,1042577,164194,-1144,438,-564,427,-792,-499,-207,-447,-21,-864,-792,-657,725,197,-699,521,-45,84,
2067978,1075561,167829,756283,1042577,164194,-1190,582,-423,431,-796,-489,-432,-437,12,-861,-829,-594,729,213,-687,535,-18,84,
2067978,1075561,167829,756283,698376,164194,-1147,659,-437,431,-796,-468,-406,-349,8,-810,-846,-620,729,213,-687,520,9,93,
2067978,1075561,167829,756283,698376,164339,-1149,662,-421,434,-801,-468,-346,-262,-8,-827,-875,-630,727,217,-704,437,30,103,
2067978,1075561,167829,756283,698376,164339,-1147,677,-418,435,-806,-462,-261,-180,-29,-849,-901,-617,728,218,-684,321,47,117,
2067978,1075561,167829,756283,698376,164339,-1164,691,-431,435,-806,-462,-152,-108,-51,-877,-874,-609,728,218,-684,201,34,126,
2181472,1075561,167829,756283,698376,164339,-1175,668,-465,435,-806,-476,-73,-45,-71,-907,-862,-628,726,214,-699,43,14,131,
2181472,976694,167829,756283,698376,164339,-1197,674,-444,435,-806,-476,-26,4,-83,-940,-827,-673,726,214,-699,-1,-18,138,
2181472,976694,167827,756283,698376,164339,-1199,674,-473,434,-797,-462,-7,41,-89,-960,-824,-665,726,208,-697,-13,-54,133,
2181472,976694,167827,734558,698376,164339,-1224,681,-510,439,-802,-469,13,55,-107,-939,-800,-689,726,208,-697,-35,-92,137,
2181472,976694,167827,734558,413992,164339,-1228,650,-535,439,-802,-469,38,59,-114,-962,-779,-627,730,218,-708,-44,-126,134,
2181472,976694,167827,734558,413992,164445,-1227,622,-525,441,-798,-473,67,61,-135,-949,-735,-642,730,218,-692,-49,-137,118,
2181472,976694,167827,734558,413992,164445,-1211,614,-548,441,-798,-473,67,53,-143,-942,-711,-646,734,204,-692,-51,-123,100,
2181472,976694,167827,734558,413992,164445,-1222,594,-507,440,-793,-479,63,49,-143,-958,-714,-601,733,201,-698,-35,-82,82,
2204808,976694,167827,734558,413992,164445,-1189,590,-515,440,-794,-479,54,57,-140,-929,-710,-599,733,201,-698,-5,-38,60,
2204808,1056333,167827,734558,413992,164445,-1221,565,-569,446,-794,-479,42,60,-136,-930,-736,-649,736,203,-697,11,19,51,
2204808,1056333,167872,734558,413992,164445,-1218,564,-501,447,-792,-479,32,81,-129,-937,-764,-595,736,203,-697,13,55,40,
2204808,1056333,167872,761987,413992,164445,-1214,582,-510,447,-792,-479,13,91,-126,-945,-787,-626,734,204,-686,23,79,38,
2204808,1056333,167872,761987,311537,164445,-1219,589,-560,446,-787,-485,-7,90,-123,-922,-814,-611,734,204,-686,15,85,40,
2204808,1056333,167872,761987,311537,164420,-1214,618,-522,446,-787,-485,-13,93,-129,-936,-867,-615,733,206,-705,20,91,51,
2204808,1056333,167872,761987,311537,164420,-1234,616,-559,448,-784,-481,-35,79,-140,-886,-922,-628,733,201,-710,23,102,76,
2204808,1056333,167872,761987,311537,164420,-1237,665,-588,452,-787,-482,-49,44,-159,-857,-940,-642,733,201,-710,0,96,124,
2146199,1056333,167872,761987,311537,164420,-1227,673,-550,452,-787,-482,-61,-9,-206,-872,-942,-624,734,195,-697,-42,101,164,
2146199,1152827,167872,761987,311537,164420,-1201,641,-600,457,-784,-478,-64,-25,-226,-875,-924,-655,734,195,-697,-88,110,206,
2146199,1152827,167851,761987,311537,164420,-1204,611,-577,457,-784,-478,-83,-33,-250,-868,-888,-675,731,194,-703,-138,106,503,
2146199,1152827,167851,742784,311537,164420,-1205,595,-532,456,-776,-476,-111,-26,-276,-922,-874,-675,731,194,-703,-159,81,321,
2146199,1152827,167851,742784,380770,164420,-1200,572,-571,468,-780,-477,-134,-4,-287,-938,-813,-702,729,182,-713,-171,48,347,
2146199,1152827,167851,742784,380770,164432,-1205,571,-523,468,-780,-477,-143,19,-285,-952,-763,-733,729,173,-704,-148,21,363,
2146199,1152827,167851,742784,380770,164432,-1208,578,-506,467,-778,-480,-141,38,-287,-964,-732,-709,732,173,-704,-116,4,359,
2146199,1152827,167851,742784,380770,164432,-1216,564,-485,467,-778,-480,-118,59,-284,-947,-690,-724,728,163,-706,-99,-1,358,
2335318,1152827,167851,742784,380770,164432,-1264,538,-561,469,-773,-479,-102,73,-284,-944,-658,-700,728,163,-706,-103,0,340,
2335318,1095110,167851,742784,380770,164432,-1284,516,-513,469,-773,-479,-82,71,-276,-962,-588,-759,733,152,-699,-84,8,316,
2335318,1095110,167874,742784,380770,164432,-1291,493,-535,476,-769,-489,-72,62,-255,-988,-561,-695,733,152,-699,-70,23,275,
2335318,1095110,167874,888772,380770,164432,-1313,478,-522,478,-770,-478,-81,59,-234,-1019,-553,-689,731,153,-700,-51,33,241,
2335318,1095110,167874,888772,257745,164432,-1300,467,-537,478,-770,-478,-80,55,-212,-1027,-543,-713,731,153,-700,-18,53,192,
2335318,1095110,167874,888772,257745,164436,-1286,455,-559,484,-772,-483,-73,38,-191,-1038,-530,-721,732,152,-721,22,57,143,
2335318,1095110,167874,888772,257745,164436,-1267,442,-546,484,-772,-483,-66,35,-167,-1035,-548,-712,732,144,-708,52,68,90,
2335318,1095110,167874,888772,257745,164436,-1272,443,-534,484,-758,-473,-55,29,-136,-1037,-564,-672,732,144,-708,89,57,41,
2507474,1095110,167874,888772,257745,164436,-1257,441,-573,485,-768,-477,-51,32,-112,-1043,-594,-688,728,149,-710,121,59,-2,
2507474,1098764,167874,888772,257745,164436,-1250,434,-555,485,-768,-477,-39,42,-81,-1012,-608,-677,728,149,-710,155,73,-45,
2507474,1098764,167833,888772,257745,164436,-1238,444,-560,486,-767,-480,-52,48,-53,-1002,-627,-683,726,159,-702,166,62,-82,
2507474,1098764,167833,912979,257745,164436,-1288,465,-614,486,-767,-480,-76,55,-30,-992,-644,-667,726,159,-702,162,54,-116,
2507474,1098764,167833,912979,227412,164436,-1264,482,-560,488,-764,-487,-107,52,-11,-996,-653,-646,725,162,-711,157,53,-143,
2507474,1098764,167833,912979,227412,164507,-1254,503,-573,488,-764,-487,-133,27,22,-990,-690,-642,726,167,-708,158,58,-161,
2507474,1098764,167833,912979,227412,164507,-1267,499,-601,484,-764,-476,-169,23,23,-967,-684,-664,726,167,-708,156,66,-184,
2507474,1098764,167833,912979,227412,164507,-1267,540,-540,482,-771,-477,-176,21,25,-947,-709,-639,726,168,-704,157,87,-201,
2608591,1098764,167833,912979,227412,164507,-1242,540,-563,482,-771,-477,-175,14,29,-956,-733,-670,726,168,-704,140,97,-204,
2608591,1094233,167833,912979,227412,164507,-1240,566,-536,481,-773,-481,-166,7,25,-933,-759,-661,726,175,-706,129,104,-202,
2608591,1094233,167928,912979,227412,164507,-1237,564,-511,481,-773,-481,-143,15,18,-933,-780,-648,726,175,-706,125,115,-199,
2608591,1094233,167928,893357,227412,164507,-1238,561,-551,475,-766,-474,-140,23,21,-925,-777,-695,719,186,-701,131,110,-187,
2608591,1094233,167928,893357,381037,164507,-1237,544,-552,477,-778,-471,-143,26,20,-944,-795,-672,719,186,-701,134,98,-176,
2608591,1094233,167928,893357,381037,164570,-1243,554,-514,477,-778,-471,-153,38,16,-927,-826,-670,716,181,-727,127,78,-162,
2608591,1094233,167928,893357,381037,164570,-1225,543,-614,474,-781,-476,-147,43,18,-946,-820,-692,717,185,-706,120,53,-148,
2608591,1094233,167928,893357,381037,164570,-1251,537,-487,474,-781,-476,-150,49,17,-924,-818,-700,717,185,-706,100,40,-130,
2800926,1094233,167928,893357,381037,164570,-1262,545,-537,477,-778,-475,-167,32,22,-920,-814,-658,721,186,-714,92,16,-111,
2800926,1027221,167928,893357,381037,164570,-1269,551,-533,477,-778,-475,-161,13,26,-924,-777,-667,721,186,-714,69,3,-96,
2800926,1027221,167967,893357,381037,164570,-1261,523,-565,473,-778,-470,-143,-10,22,-922,-757,-684,717,199,-706,62,6,-86,
2800926,1027221,167967,976326,381037,164570,-1270,517,-565,473,-788,-462,-135,-26,33,-921,-725,-698,717,199,-706,65,22,-92,
2800926,1027221,167967,976326,277986,164570,-1234,493,-553,473,-788,-462,-133,-34,51,-922,-743,-676,713,199,-716,63,41,-97,
2800926,1027221,167967,976326,277986,164584,-1260,507,-578,471,-791,-462,-151,-35,71,-934,-761,-679,716,197,-722,91,51,-95,
2800926,1027221,167967,976326,277986,164584,-1243,507,-533,471,-791,-462,-157,-21,80,-933,-764,-687,716,197,-722,93,44,-94,
2800926,1027221,167967,976326,277986,164584,-1249,527,-540,471,-786,-455,-148,-17,95,-938,-779,-681,712,199,-690,95,41,-92,
2876413,1027221,167967,976326,277986,164584,-1243,518,-530,467,-788,-456,-148,-7,111,-931,-778,-658,712,199,-690,93,48,-96,
2876413,966376,167967,976326,277986,164584,-1252,531,-530,467,-788,-456,-146,6,125,-925,-780,-657,714,206,-709,80,40,-96,
2876413,966376,167939,976326,277986,164584,-1234,570,-541,463,-799,-453,-153,14,144,-938,-777,-657,714,206,-709,84,25,-97,
2876413,966376,167939,967308,277986,164584,-1252,599,-571,463,-799,-453,-181,11,146,-933,-779,-610,711,212,-700,91,28,-99,
2876413,966376,167939,967308,315488,164584,-1223,616,-469,459,-797,-452,-180,-7,133,-921,-791,-656,711,212,-694,80,32,-105,
2876413,966376,167939,967308,315488,164493,-1239,620,-547,459,-797,-452,-161,-16,124,-910,-791,-632,713,216,-694,79,38,-91,
2876413,966376,167939,967308,315488,164493,-1245,616,-508,456,-800,-450,-153,-23,118,-904,-824,-647,711,208,-716,59,42,-81,
2876413,966376,167939,967308,315488,164493,-1216,635,-457,454,-802,-455,-141,-25,106,-899,-823,-662,711,208,-716,41,51,-79,
2901923,966376,167939,967308,315488,164493,-1199,641,-504,454,-802,-455,-127,-19,100,-916,-820,-675,708,211,-707,44,49,-68,
2901923,1007005,167939,967308,315488,164493,-1201,662,-520,448,-809,-442,-114,-9,94,-903,-816,-692,708,211,-707,43,40,-49,
2901923,1007005,167927,967308,315488,164493,-1209,667,-525,448,-809,-442,-97,-9,85,-908,-821,-686,707,209,-702,44,32,-47,
2901923,1007005,167927,1047752,315488,164493,-1187,637,-519,449,-807,-443,-70,-8,71,-920,-822,-665,707,209,-702,36,12,-35,
2901923,1007005,167927,1047752,293363,164493,-1216,651,-494,448,-813,-441,-64,4,67,-918,-822,-650,705,223,-697,35,11,-25,
2901923,1007005,167927,1047752,293363,164451,-1215,642,-453,448,-813,-441,-69,9,44,-912,-814,-694,707,213,-697,22,0,-20,
2901923,1007005,167927,1047752,293363,164451,-1216,663,-557,448,-812,-441,-74,5,28,-901,-784,-675,707,213,-697,12,0,-15,
2901923,1007005,167927,1047752,293363,164451,-1228,653,-492,448,-812,-441,-67,-1,20,-923,-786,-657,714,215,-696,9,14,-19,
2942057,1007005,167927,1047752,293363,164451,-1216,651,-480,444,-811,-438,-68,-20,4,-914,-779,-670,714,215,-696,16,18,-23,
2942057,873275,167927,1047752,293363,164451,-1209,629,-550,444,-811,-442,-60,-28,1,-901,-776,-688,707,221,-709,10,23,-26,
2942057,873275,167881,1047752,293363,164451,-1205,605,-516,443,-814,-442,-58,-14,-8,-918,-782,-675,707,221,-709,8,16,-23,
2942057,873275,167881,1083771,293363,164451,-1206,621,-505,443,-813,-438,-52,-1,-15,-933,-782,-666,707,227,-706,11,30,-30,
2942057,873275,167881,1083771,232661,164451,-1230,613,-507,443,-813,-438,-55,2,-14,-936,-775,-656,705,223,-723,10,34,-29,
2942057,873275,167881,1083771,232661,164441,-1201,619,-502,442,-814,-449,-58,11,-15,-907,-752,-691,705,223,-723,16,29,-38,
2942057,873275,167881,1083771,232661,164441,-1223,625,-513,442,-814,-449,-50,16,-15,-936,-779,-666,705,216,-706,23,29,-43,
2942057,873275,167881,1083771,232661,164441,-1222,615,-482,441,-813,-447,-51,17,-18,-920,-1024,-690,705,216,-706,39,36,-49,
2954033,873275,167881,1083771,232661,164441,-1237,616,-515,445,-813,-441,-56,19,-23,-938,-791,-658,702,217,-717,38,32,-54,
2954033,835086,167881,1083771,232661,164441,-1238,617,-475,445,-813,-441,-58,23,-19,-913,-768,-670,702,217,-717,38,29,-53,
2954033,835086,167889,1083771,232661,164441,-1208,596,-495,444,-812,-435,-52,29,-21,-918,-767,-694,704,221,-713,40,30,-61,
2954033,835086,167889,1097842,232661,164441,-1220,606,-544,444,-812,-435,-52,21,-15,-927,-788,-641,704,221,-713,36,32,-61,
2954033,835086,167889,1097842,245780,164441,-1218,600,-532,443,-811,-446,-47,20,-9,-919,-789,-629,700,229,-706,41,48,-66,
2954033,835086,167889,1097842,245780,164394,-1217,594,-546,443,-811,-452,-48,19,-8,-912,-781,-670,701,223,-714,43,59,-68,
2954033,835086,167889,1097842,245780,164394,-1220,608,-530,443,-816,-452,-36,19,-12,-911,-803,-656,701,223,-714,50,59,-72,
2954033,835086,167889,1097842,245780,164394,-1218,619,-522,439,-814,-449,-25,19,-13,-902,-820,-645,704,225,-712,59,55,-65,
2962666,835086,167889,1097842,245780,164394,-1205,609,-538,439,-814,-449,-26,21,-16,-884,-799,-693,704,225,-712,40,59,-68,
2962666,828969,167889,1097842,245780,164394,-1219,611,-539,439,-811,-445,-30,25,-12,-886,-809,-684,704,237,-709,24,58,-73,
2962666,828969,167754,1097842,245780,164394,-1217,615,-549,439,-811,-445,-29,22,-10,-893,-817,-696,704,237,-709,25,47,-62,
2962666,828969,167754,1110326,245780,164394,-1225,626,-556,441,-808,-445,-38,11,-12,-899,-804,-675,697,233,-720,34,38,-62,
2962666,828969,167754,1110326,377187,164394,-1206,636,-538,441,-810,-454,-42,-11,-28,-884,-795,-725,698,229,-709,44,45,-72,
2962666,828969,167754,1110326,377187,164415,-1234,626,-539,441,-810,-454,-28,-18,-34,-904,-818,-666,698,229,-709,40,40,-67,
2962666,828969,167754,1110326,377187,164415,-1200,630,-560,443,-813,-446,-21,-21,-36,-903,-817,-662,699,232,-710,43,34,-68,
2962666,828969,167754,1110326,377187,164415,-1198,619,-516,443,-813,-446,-27,-21,-43,-910,-819,-622,699,232,-710,39,31,-68,
2987770,828969,167754,1110326,377187,164415,-1204,602,-535,439,-811,-444,-31,-11,-44,-879,-809,-680,696,229,-719,31,32,-66,
2987770,789329,167754,1110326,377187,164415,-1221,618,-546,439,-814,-446,-38,-3,-43,-891,-802,-676,696,229,-719,29,38,-68,
2987770,789329,167849,1110326,377187,164415,-1207,616,-530,446,-814,-446,-37,-3,-50,-881,-787,-682,696,239,-718,27,44,-68,
2987770,789329,167849,1112979,377187,164415,-1228,613,-517,445,-815,-451,-42,1,-54,-896,-819,-651,696,239,-709,23,34,-68,
2987770,789329,167849,1112979,454941,164415,-1231,600,-547,445,-815,-451,-34,2,-43,-894,-820,-675,694,236,-709,20,37,-62,
2987770,789329,167849,1112979,454941,164405,-1226,604,-510,445,-808,-457,-39,10,-49,-880,-821,-699,695,235,-714,29,35,-59,
2987770,789329,167849,1112979,454941,164405,-1227,606,-499,445,-808,-457,-45,8,-51,-880,-829,-664,695,235,-714,23,35,-64,
2987770,789329,167849,1112979,454941,164405,-1232,607,-524,441,-808,-441,-46,8,-50,-867,-817,-703,692,233,-726,25,32,-62,
2997207,789329,167849,1112979,454941,164405,-1205,587,-473,445,-814,-445,-41,5,-43,-889,-817,-647,692,233,-726,15,33,-55,
2997207,795932,167849,1112979,454941,164405,-1239,590,-558,445,-814,-445,-48,-2,-44,-883,-806,-697,691,237,-723,12,33,-56,
2997207,795932,167840,1112979,454941,164405,-1229,608,-510,442,-811,-442,-51,2,-37,-892,-819,-658,691,237,-723,15,38,-58,
2997207,795932,167840,1066338,454941,164405,-1217,585,-536,442,-811,-442,-49,6,-36,-883,-809,-702,688,247,-729,26,34,-55,
2997207,795932,167840,1066338,526614,164405,-1215,602,-533,441,-811,-459,-42,11,-33,-905,-820,-677,694,242,-713,31,23,-61,
2997207,795932,167840,1066338,526614,164505,-1227,616,-551,443,-807,-458,-47,-1,-32,-902,-846,-676,694,242,-713,44,9,-52,
2997207,795932,167840,1066338,526614,164505,-1203,589,-555,443,-807,-458,-50,-15,-38,-879,-822,-654,692,237,-715,42,4,-42,
2997207,795932,167840,1066338,526614,164505,-1223,589,-547,441,-816,-447,-55,-27,-27,-889,-827,-675,692,237,-715,36,-8,-26,
2996261,795932,167840,1066338,526614,164505,-1194,585,-524,441,-816,-447,-66,-23,-19,-882,-823,-655,691,241,-717,25,1,-29,
2996261,775739,167840,1066338,526614,164505,-1213,600,-521,442,-812,-447,-65,-5,-17,-874,-818,-677,691,241,-717,13,0,-27,
2996261,775739,167642,1066338,526614,164505,-1215,602,-527,442,-812,-447,-63,9,-13,-879,-829,-682,692,252,-707,7,-6,-19,
2996261,775739,167642,1114415,526614,164505,-1181,605,-534,443,-804,-446,-66,10,-11,-890,-843,-677,690,244,-719,11,5,-12,
2996261,775739,167642,1114415,506710,164505,-1230,615,-535,441,-809,-449,-64,9,-8,-869,-834,-669,690,244,-719,-4,7,-10,
2996261,775739,167642,1114415,506710,164261,-1227,611,-292,441,-809,-449,-64,11,-12,-882,-831,-683,689,242,-705,-7,5,-7,
2996261,775739,167642,1114415,506710,164261,-1228,602,-556,443,-814,-439,-61,4,-18,-866,-819,-668,689,242,-705,-5,12,-6,
2996261,775739,167642,1114415,506710,164261,-1216,617,-474,443,-814,-439,-61,0,-12,-877,-815,-671,691,238,-707,-8,13,4,
2980699,775739,167642,1114415,506710,164261,-1234,598,-515,442,-804,-445,-59,9,-16,-904,-830,-657,691,238,-707,-9,14,2,
2980699,792675,167642,1114415,506710,164261,-1217,600,-521,441,-813,-451,-55,10,-14,-889,-814,-664,688,247,-701,-13,14,-1,
2980699,792675,167884,1114415,506710,164261,-1216,615,-507,441,-813,-451,-66,4,-11,-890,-812,-658,688,247,-701,-12,19,10,
2980699,792675,167884,1100885,506710,164261,-1230,617,-498,442,-816,-448,-56,2,-17,-903,-810,-665,689,246,-713,-17,13,9,
2980699,792675,167884,1100885,553161,164261,-1215,618,-521,442,-816,-448,-59,-8,-24,-898,-819,-667,687,237,-709,-7,14,-1,
2980699,792675,167884,1100885,553161,164607,-1193,613,-520,442,-813,-451,-69,-9,-18,-877,-801,-694,687,237,-709,2,12,-6,
2980699,792675,167884,1100885,553161,164607,-1215,609,-511,442,-813,-451,-64,-11,-13,-919,-807,-703,690,237,-721,1,6,-2,
2980699,792675,167884,1100885,553161,164607,-1224,628,-511,440,-812,-449,-60,-2,-14,-888,-794,-685,690,237,-721,1,3,-6,
2982838,792675,167884,1100885,553161,164607,-1210,625,-533,438,-818,-446,-53,7,-16,-892,-806,-709,689,244,-706,8,-2,-12,
2982838,798632,167884,1100885,553161,164607,-1221,622,-537,438,-818,-446,-54,-2,-15,-895,-813,-642,689,244,-706,16,2,-11,
2982838,798632,168005,1100885,553161,164607,-1209,610,-488,437,-809,-446,-49,-8,-26,-890,-795,-682,684,245,-727,13,-4,-12,
2982838,798632,168005,1126239,553161,164607,-1223,611,-553,437,-809,-446,-58,-14,-24,-894,-800,-693,690,244,-720,9,3,-19,
2982838,798632,168005,1126239,511406,164607,-1211,593,-531,436,-810,-448,-69,-8,-17,-886,-805,-677,690,244,-720,14,16,-22,
2982838,798632,168005,1126239,511406,164488,-1225,610,-491,437,-816,-446,-61,-10,-18,-908,-820,-653,692,240,-707,18,14,-24,
2982838,798632,168005,1126239,511406,164488,-1214,606,-532,437,-816,-446,-63,-15,-13,-876,-811,-711,692,240,-707,12,11,-27,
2982838,798632,168005,1126239,511406,164488,-1209,611,-526,440,-818,-448,-65,-13,-10,-884,-832,-652,687,238,-707,10,15,-20,
2994662,798632,168005,1126239,511406,164488,-1213,625,-485,440,-818,-448,-68,-10,-12,-882,-824,-680,687,238,-707,14,9,-17,
2994662,758705,168005,1126239,511406,164488,-1222,613,-535,438,-818,-450,-61,-13,-11,-863,-827,-698,688,243,-724,16,4,-18,
2994662,758705,167937,1126239,511406,164488,-1226,618,-549,438,-818,-450,-60,-7,-8,-884,-835,-664,688,243,-709,13,-2,-14,
2994662,758705,167937,1091044,511406,164488,-1202,599,-500,439,-811,-444,-59,-1,-12,-887,-825,-644,690,240,-709,13,8,-12,
2994662,758705,167937,1091044,496067,164488,-1229,623,-521,439,-818,-447,-53,8,-10,-871,-819,-683,686,238,-721,4,11,-6,
2994662,758705,167937,1091044,496067,164587,-1220,634,-523,439,-818,-447,-59,7,-10,-885,-817,-663,686,238,-721,11,5,-8,
2994662,758705,167937,1091044,496067,164587,-1203,610,-518,437,-817,-449,-52,7,-10,-870,-819,-681,687,244,-710,-4,12,-10,
2994662,758705,167937,1091044,496067,164587,-1213,617,-532,437,-817,-449,-54,9,-10,-887,-824,-663,687,244,-710,2,11,-12,
2988278,758705,167937,1091044,496067,164587,-1217,628,-510,433,-809,-441,-54,4,-8,-893,-818,-659,690,243,-709,2,17,-6,
2988278,779097,167937,1091044,496067,164587,-1206,625,-504,439,-816,-446,-54,4,-10,-880,-808,-674,690,243,-709,4,11,-2,
2988278,779097,167969,1091044,496067,164587,-1197,620,-538,439,-816,-446,-57,1,-6,-880,-811,-672,684,247,-716,6,20,-1,
2988278,779097,167969,1084181,496067,164587,-1232,629,-552,434,-816,-441,-44,5,-12,-899,-823,-666,687,238,-734,8,14,-10,
2988278,779097,167969,1084181,505297,164587,-1234,615,-549,434,-816,-441,-43,1,-13,-879,-802,-685,687,238,-734,6,13,-10,
2988278,779097,167969,1084181,505297,164468,-1207,633,-501,433,-814,-447,-47,-3,-13,-879,-819,-672,689,240,-710,4,19,-15,
2988278,779097,167969,1084181,505297,164468,-1218,613,-546,433,-814,-447,-46,-2,-17,-883,-827,-705,689,240,-710,1,10,-19,
2988278,779097,167969,1084181,505297,164468,-1203,640,-494,436,-812,-454,-55,-2,-15,-895,-807,-693,684,241,-716,-5,2,-9,
2981496,779097,167969,1084181,505297,164468,-1214,643,-556,433,-818,-441,-52,1,-23,-881,-808,-684,684,241,-716,5,-1,-6,
2981496,660821,167969,1084181,505297,164468,-1202,630,-568,433,-818,-441,-47,-1,-31,-897,-826,-624,684,246,-716,6,1,-7,
2981496,660821,167972,1084181,505297,164468,-1211,641,-484,434,-816,-439,-41,-3,-33,-885,-820,-688,684,243,-701,11,5,-3,
2981496,660821,167972,1095007,505297,164468,-1212,622,-544,434,-816,-439,-42,-6,-31,-865,-818,-692,691,243,-701,5,5,-9,
2981496,660821,167972,1095007,504168,164468,-1196,617,-514,434,-816,-442,-41,-2,-40,-885,-812,-676,687,236,-706,5,13,-8,
2981496,660821,167972,1095007,504168,164662,-1225,619,-534,435,-815,-446,-45,7,-39,-870,-800,-657,687,236,-706,5,7,-5,
2981496,660821,167972,1095007,504168,164662,-1219,633,-560,435,-815,-446,-44,13,-38,-904,-821,-629,688,238,-711,-1,6,-7,
2981496,660821,167972,1095007,504168,164662,-1220,617,-514,436,-816,-449,-40,7,-45,-889,-824,-671,688,238,-711,-8,7,-6,
3002598,660821,167972,1095007,504168,164662,-1216,595,-517,436,-816,-449,-45,5,-41,-889,-808,-685,689,245,-711,-4,6,-3,
3002598,662226,167972,1095007,504168,164662,-1213,598,-496,435,-815,-447,-45,5,-37,-898,-820,-668,689,245,-711,-2,1,-4,
3002598,662226,168004,1095007,504168,164662,-1224,595,-524,435,-815,-445,-49,4,-35,-878,-793,-696,691,246,-721,-7,10,-12,
3002598,662226,168004,1092458,504168,164662,-1219,595,-535,437,-818,-445,-54,8,-21,-900,-814,-641,690,240,-735,5,7,-13,
3002598,662226,168004,1092458,506782,164662,-1220,626,-547,435,-815,-449,-69,6,-15,-893,-807,-681,690,240,-735,2,10,-19,
3002598,662226,168004,1092458,506782,164591,-1216,614,-518,435,-815,-449,-61,-3,-14,-889,-811,-661,690,240,-724,2,14,-15,
3002598,662226,168004,1092458,506782,164591,-1197,615,-504,436,-815,-450,-59,-7,-13,-887,-814,-686,690,240,-724,8,13,-13,
3002598,662226,168004,1092458,506782,164591,-1227,617,-528,436,-815,-450,-59,-4,-11,-901,-823,-668,688,248,-719,8,6,-13,
2998393,662226,168004,1092458,506782,164591,-1221,603,-533,435,-809,-440,-65,2,-11,-872,-816,-681,688,248,-719,4,1,-16,
2998393,662858,168004,1092458,506782,164591,-1226,622,-483,433,-817,-448,-61,9,-8,-871,-820,-657,686,248,-708,-3,8,-20,
2998393,662858,167938,1092458,506782,164591,-1204,613,-515,433,-817,-448,-55,11,-7,-870,-822,-723,684,241,-700,1,5,-11,
2998393,662858,167938,1091840,506782,164591,-1224,629,-546,435,-817,-450,-56,1,-10,-892,-826,-675,684,241,-700,1,19,-9,
2998393,662858,167938,1091840,517512,164591,-1225,628,-526,435,-817,-450,-69,-5,-7,-878,-818,-679,685,240,-724,2,18,-18,
2998393,662858,167938,1091840,517512,164527,-1219,624,-529,431,-819,-446,-73,-10,0,-876,-812,-688,685,240,-724,1,3,-16,
2998393,662858,167938,1091840,517512,164527,-1214,619,-558,431,-813,-446,-71,-5,2,-896,-815,-690,686,240,-723,7,15,-15,
2998393,662858,167938,1091840,517512,164527,-1220,633,-524,433,-813,-446,-65,-1,-6,-881,-799,-657,686,240,-723,15,19,-9,
2994552,662858,167938,1091840,517512,164527,-1199,626,-511,432,-819,-447,-57,-4,-11,-885,-817,-650,685,245,-716,7,21,-16,
2994552,699131,167938,1091840,517512,164527,-1226,624,-542,432,-819,-447,-58,-4,-5,-885,-805,-697,685,245,-716,5,21,-22,
2994552,699131,167997,1091840,517512,164527,-1226,627,-549,432,-819,-448,-58,-11,-9,-879,-810,-672,686,243,-738,7,25,-26,
2994552,699131,167997,1069271,517512,164527,-1210,637,-486,432,-819,-448,-63,-13,-12,-901,-823,-664,684,240,-723,8,29,-27,
2994552,699131,167997,1069271,524470,164527,-1205,619,-529,428,-817,-446,-61,-2,-13,-895,-819,-672,684,240,-723,12,17,-27,
2994552,699131,167997,1069271,524470,164566,-1214,629,-526,431,-822,-448,-60,-1,-11,-896,-827,-654,689,244,-726,19,21,-27,
2994552,699131,167997,1069271,524470,164566,-1217,643,-531,431,-822,-448,-57,3,-9,-869,-816,-686,689,244,-726,14,23,-30,
2994552,699131,167997,1069271,524470,164566,-1214,637,-511,433,-824,-441,-69,-3,-9,-900,-825,-649,684,248,-711,11,18,-23,
3000345,699131,167997,1069271,524470,164566,-1211,631,-551,433,-824,-441,-74,-6,-10,-880,-814,-688,684,248,-711,15,21,-29,
3000345,630192,167997,1069271,524470,164566,-1196,635,-498,429,-818,-438,-71,-12,-12,-890,-810,-680,682,249,-709,16,21,-32,
3000345,630192,167896,1069271,524470,164566,-1195,639,-496,429,-813,-447,-58,-8,-26,-881,-808,-681,681,244,-706,27,24,-38,
3000345,630192,167896,1067313,524470,164566,-1198,629,-526,426,-813,-447,-55,-10,-21,-882,-801,-670,681,244,-706,15,17,-42,
3000345,630192,167896,1067313,541258,164566,-1205,623,-500,431,-821,-443,-54,-5,-23,-878,-803,-688,683,243,-714,20,14,-47,
3000345,630192,167896,1067313,541258,164650,-1229,635,-519,431,-821,-443,-50,2,-20,-882,-820,-675,683,243,-714,35,24,-50,
3000345,630192,167896,1067313,541258,164650,-1201,638,-553,431,-818,-442,-43,3,-26,-874,-818,-689,683,243,-710,27,16,-57,
3000345,630192,167896,1067313,541258,164650,-1213,628,-509,431,-818,-442,-50,-1,-25,-884,-818,-675,683,243,-710,36,12,-51,
3006867,630192,167896,1067313,541258,164650,-1237,627,-528,428,-817,-441,-57,-13,-26,-886,-819,-654,682,253,-727,38,9,-48,
3006867,596682,167896,1067313,541258,164650,-1233,628,-524,428,-824,-442,-54,-7,-23,-872,-819,-694,682,253,-723,43,9,-46,
3006867,596682,167932,1067313,541258,164650,-1191,624,-473,428,-824,-442,-64,-7,-26,-887,-832,-654,681,248,-723,28,6,-42,
3006867,596682,167932,1086610,541258,164650,-1196,623,-500,427,-823,-447,-70,-10,-19,-864,-835,-688,681,247,-706,38,13,-40,
3006867,596682,167932,1086610,549739,164650,-1220,628,-530,427,-823,-447,-56,4,-24,-863,-843,-678,681,247,-706,28,23,-44,
3006867,596682,167932,1086610,549739,164623,-1202,630,-533,429,-815,-443,-49,7,-18,-876,-833,-668,681,251,-720,26,19,-41,
3006867,596682,167932,1086610,549739,164623,-1226,653,-527,425,-821,-449,-50,13,-14,-872,-834,-645,681,251,-720,9,16,-33,
3006867,596682,167932,1086610,549739,164623,-1205,623,-527,425,-821,-449,-47,15,-11,-865,-821,-663,678,254,-719,12,7,-29,
2984362,596682,167932,1086610,549739,164623,-1214,627,-515,426,-827,-440,-50,18,-10,-864,-827,-683,678,254,-719,16,17,-30,
2984362,594679,167932,1086610,549739,164623,-1202,628,-516,426,-827,-440,-46,18,-5,-865,-821,-699,680,265,-714,15,22,-37,
2984362,594679,167818,1086610,549739,164623,-1203,622,-521,427,-824,-445,-42,23,-4,-880,-828,-674,678,255,-708,16,10,-31,
2984362,594679,167818,1085465,549739,164623,-1214,628,-509,427,-824,-445,-44,20,-9,-885,-826,-665,678,255,-708,18,8,-31,
2984362,594679,167818,1085465,546453,164623,-1224,631,-564,425,-817,-444,-44,10,-5,-877,-817,-710,678,250,-725,16,6,-28,
2984362,594679,167818,1085465,546453,164420,-1218,622,-533,422,-821,-443,-48,11,-3,-869,-828,-679,678,250,-725,16,9,-36,
2984362,594679,167818,1085465,546453,164420,-1206,627,-291,422,-821,-443,-51,1,1,-868,-814,-721,678,257,-719,21,21,-39,
2984362,594679,167818,1085465,546453,164420,-1205,637,-537,425,-825,-437,-63,-4,-4,-883,-835,-670,678,257,-719,11,8,-36,
2963304,594679,167818,1085465,546453,164420,-1210,625,-527,425,-825,-437,-67,-17,-4,-873,-819,-688,679,258,-721,12,4,-35,
2963304,611067,167818,1085465,546453,164420,-1193,632,-519,424,-823,-458,-67,-12,3,-884,-821,-664,680,257,-721,27,7,-40,
2963304,611067,167896,1085465,546453,164420,-1225,641,-526,423,-823,-445,-72,-8,7,-885,-812,-677,680,257,-721,33,5,-41,
2963304,611067,167896,1078785,546453,164420,-1192,648,-527,423,-823,-445,-65,-6,4,-864,-816,-683,676,253,-735,36,4,-44,
2963304,611067,167896,1078785,531872,164420,-1205,649,-533,423,-824,-435,-62,-5,1,-876,-821,-700,676,253,-735,34,10,-43,
2963304,611067,167896,1078785,531872,164448,-1205,657,-478,423,-824,-435,-52,-8,-2,-885,-832,-646,680,252,-717,33,7,-49,
2963304,611067,167896,1078785,531872,164448,-1198,662,-545,424,-822,-445,-56,-5,-8,-865,-824,-664,680,252,-717,39,6,-49,
2963304,611067,167896,1078785,531872,164448,-1196,666,-502,424,-822,-445,-44,-10,-10,-879,-846,-657,676,261,-714,46,3,-51,
2959707,611067,167896,1078785,531872,164448,-1207,650,-500,425,-818,-439,-46,-9,-15,-852,-842,-671,676,261,-714,44,1,-50,
2959707,578021,167896,1078785,531872,164448,-1203,640,-537,423,-825,-443,-40,-10,-13,-871,-861,-649,678,262,-730,42,8,-52,
2959707,578021,167868,1078785,531872,164448,-1206,631,-521,423,-825,-443,-54,-2,-24,-864,-845,-656,681,261,-712,36,5,-48,
2959707,578021,167868,1094919,531872,164448,-1190,651,-534,422,-825,-456,-60,-3,-28,-849,-833,-706,681,261,-712,30,10,-39,
2959707,578021,167868,1094919,540207,164448,-1206,651,-535,422,-825,-456,-57,-10,-24,-863,-850,-681,676,257,-731,25,8,-29,
2959707,578021,167868,1094919,540207,164604,-1207,640,-512,420,-821,-451,-56,-8,-25,-862,-847,-651,676,257,-731,7,-1,-23,
2959707,578021,167868,1094919,540207,164604,-1205,644,-524,421,-826,-450,-43,-5,-28,-857,-853,-664,680,263,-716,17,-2,-18,
2959707,578021,167868,1094919,540207,164604,-1212,658,-521,421,-826,-450,-35,-15,-33,-857,-846,-663,680,263,-716,16,1,-18,
2968042,578021,167868,1094919,540207,164604,-1193,627,-539,419,-822,-433,-38,-16,-29,-839,-851,-672,676,263,-719,12,8,-18,
2968042,588415,167868,1094919,540207,164604,-1208,624,-519,419,-822,-433,-50,-14,-21,-861,-846,-675,674,263,-722,16,10,-17,
2968042,588415,167981,1094919,540207,164604,-1217,615,-532,421,-822,-444,-51,-3,-19,-868,-844,-673,674,263,-722,7,10,-15,
2968042,588415,167981,1101328,540207,164604,-1207,634,-483,421,-822,-444,-57,0,-8,-860,-847,-666,678,260,-715,10,11,-11,
2968042,588415,167981,1101328,538286,164604,-1206,624,-534,421,-817,-443,-56,-3,-6,-876,-854,-645,678,260,-715,4,4,-8,
2968042,588415,167981,1101328,538286,164589,-1217,631,-494,421,-830,-445,-63,-1,-4,-874,-844,-684,676,258,-712,-3,3,-4,
2968042,588415,167981,1101328,538286,164589,-1219,634,-501,421,-830,-445,-53,4,-4,-857,-836,-650,676,258,-712,-2,6,-4,
2968042,588415,167981,1101328,538286,164589,-1203,644,-507,421,-830,-433,-51,4,0,-869,-838,-672,677,271,-705,-2,7,-2,
2963894,588415,167981,1101328,538286,164589,-1212,636,-543,421,-830,-433,-58,-5,1,-852,-829,-672,677,271,-718,-9,3,-3,
2963894,566756,167981,1101328,538286,164589,-1188,633,-521,418,-825,-453,-69,-6,2,-876,-831,-623,675,258,-718,-7,8,0,
2963894,566756,167621,1101328,538286,164589,-1191,646,-518,418,-822,-441,-71,-4,10,-857,-823,-707,679,258,-732,-2,22,-6,
2963894,566756,167621,1096889,538286,164589,-1199,652,-522,418,-822,-441,-72,-8,1,-886,-834,-637,679,258,-732,-5,12,-8,
2963894,566756,167621,1096889,530764,164589,-1198,668,-505,421,-828,-443,-80,-5,-4,-851,-825,-679,680,260,-725,-1,17,-7,
2963894,566756,167621,1096889,530764,164412,-1197,659,-534,421,-828,-443,-76,-9,-8,-841,-828,-700,680,260,-725,0,18,-6,
2963894,566756,167621,1096889,530764,164412,-1189,677,-509,419,-826,-440,-70,-10,-12,-881,-823,-647,674,259,-722,-1,6,-5,
2963894,566756,167621,1096889,530764,164412,-1218,661,-516,419,-826,-440,-69,-12,-29,-865,-840,-683,674,259,-722,-1,9,-14,
2966288,566756,167621,1096889,530764,164412,-1187,666,-496,416,-825,-442,-53,-9,-35,-875,-835,-667,675,266,-727,-4,13,-13,
2966288,526568,167621,1096889,530764,164412,-1195,678,-509,420,-828,-447,-50,-3,-39,-860,-829,-665,677,258,-719,12,1,-17,
2966288,526568,168010,1096889,530764,164412,-1183,665,-531,420,-828,-447,-51,-4,-42,-883,-844,-642,677,258,-719,12,-5,-17,
2966288,526568,168010,1109825,530764,164412,-1214,662,-495,419,-828,-450,-48,-3,-47,-862,-829,-679,677,258,-714,12,0,-12,
2966288,526568,168010,1109825,502442,164412,-1199,650,-520,419,-828,-450,-42,-6,-50,-863,-833,-666,677,258,-714,12,2,-11,
2966288,526568,168010,1109825,502442,164634,-1201,638,-516,414,-827,-435,-42,-5,-50,-859,-825,-704,677,262,-716,13,4,-15,
2966288,526568,168010,1109825,502442,164634,-1220,637,-540,420,-826,-443,-45,2,-47,-873,-840,-638,677,262,-716,11,6,-19,
2966288,526568,168010,1109825,502442,164634,-1205,632,-503,420,-826,-443,-42,4,-45,-868,-848,-657,676,267,-731,11,14,-16,
2974510,526568,168010,1109825,502442,164634,-1208,619,-503,420,-825,-444,-51,7,-46,-860,-837,-678,676,261,-723,15,11,-19,
2974510,537251,168010,1109825,502442,164634,-1215,625,-500,420,-825,-444,-46,6,-43,-844,-847,-706,679,261,-723,13,15,-26,
2974510,537251,167962,1109825,502442,164634,-1204,628,-522,418,-827,-452,-52,7,-27,-866,-840,-660,678,260,-709,9,4,-20,
2974510,537251,167962,1116861,502442,164634,-1197,638,-530,418,-827,-452,-54,12,-27,-869,-841,-713,678,260,-709,11,-5,-16,
2974510,537251,167962,1116861,509408,164634,-1198,635,-523,417,-823,-443,-56,9,-23,-864,-858,-661,676,259,-713,18,12,-15,
2974510,537251,167962,1116861,509408,164635,-1207,629,-533,419,-829,-442,-65,7,-16,-857,-843,-661,676,259,-713,6,9,-12,
2974510,537251,167962,1116861,509408,164635,-1226,629,-534,419,-829,-442,-63,7,-23,-850,-843,-692,678,265,-719,6,2,-3,
2974510,537251,167962,1116861,509408,164635,-1210,636,-509,417,-828,-443,-65,3,-19,-881,-863,-633,678,265,-719,7,6,-7,
2979682,537251,167962,1116861,509408,164635,-1214,645,-587,417,-828,-443,-67,1,-18,-844,-842,-704,677,267,-711,1,4,-13,
2979682,545074,167962,1116861,509408,164635,-1205,639,-505,416,-828,-448,-66,5,-18,-860,-841,-668,677,259,-709,1,7,-6,
2979682,545074,168041,1116861,509408,164635,-1214,641,-522,418,-825,-445,-67,0,-10,-873,-850,-663,677,259,-709,5,16,-6,
2979682,545074,168041,1091012,509408,164635,-1195,644,-508,418,-825,-445,-69,-4,-11,-866,-846,-697,677,261,-711,1,13,-6,
2979682,545074,168041,1091012,516454,164635,-1204,658,-532,421,-829,-441,-63,-3,-23,-860,-864,-663,677,261,-711,2,15,3,
2979682,545074,168041,1091012,516454,164555,-1194,653,-495,421,-829,-441,-64,-20,-24,-854,-861,-684,676,267,-718,-14,9,6,
2979682,545074,168041,1091012,516454,164555,-1197,656,-496,419,-826,-444,-67,-15,-24,-865,-844,-643,676,267,-718,-17,4,7,
2979682,545074,168041,1091012,516454,164555,-1189,639,-539,419,-826,-431,-60,-9,-26,-868,-857,-635,673,266,-709,-8,-8,8,
2985790,545074,168041,1091012,516454,164555,-1190,655,-520,415,-826,-431,-63,-13,-27,-861,-831,-696,679,257,-723,-12,-18,12,
2985790,558992,168041,1091012,516454,164555,-1202,663,-507,418,-831,-438,-62,-8,-30,-861,-830,-666,679,257,-723,-13,0,14,
2985790,558992,167856,1091012,516454,164555,-1205,654,-514,418,-831,-438,-57,-4,-31,-861,-824,-706,677,257,-714,-9,-7,14,
2985790,558992,167856,1097471,516454,164555,-1202,640,-501,419,-832,-454,-53,-1,-24,-876,-825,-648,677,257,-714,-8,-12,12,
2985790,558992,167856,1097471,497160,164555,-1204,656,-549,419,-832,-454,-57,0,-28,-863,-813,-689,678,253,-711,-9,1,4,
2985790,558992,167856,1097471,497160,164629,-1199,663,-501,418,-824,-442,-54,1,-35,-878,-813,-658,678,253,-711,-3,1,4,
2985790,558992,167856,1097471,497160,164629,-1211,667,-518,415,-835,-441,-59,4,-28,-864,-803,-686,678,264,-728,8,-1,-1,
2985790,558992,167856,1097471,497160,164629,-1199,658,-514,415,-835,-441,-53,-1,-31,-871,-819,-701,678,264,-728,5,5,-12,
2988630,558992,167856,1097471,497160,164629,-1210,648,-524,416,-831,-441,-47,1,-33,-868,-822,-675,675,257,-707,14,15,-20,
2988630,598049,167856,1097471,497160,164629,-1210,653,-501,416,-831,-441,-51,0,-36,-861,-814,-678,675,256,-721,16,18,-19,
2988630,598049,168043,1097471,497160,164629,-1187,642,-517,415,-827,-443,-50,0,-32,-889,-840,-617,675,256,-721,14,9,-27,
2988630,598049,168043,1097636,497160,164629,-1176,653,-485,415,-827,-445,-53,-1,-28,-863,-835,-643,677,260,-726,18,12,-27,
2988630,598049,168043,1097636,509072,164629,-1189,644,-537,417,-831,-445,-51,1,-32,-863,-836,-680,677,260,-726,24,19,-26,
2988630,598049,168043,1097636,509072,164597,-1193,647,-513,417,-833,-439,-54,9,-31,-846,-836,-700,677,258,-722,20,14,-25,
2988630,598049,168043,1097636,509072,164597,-1190,655,-522,417,-833,-439,-54,5,-30,-862,-863,-656,677,258,-722,17,20,-28,
2988630,598049,168043,1097636,509072,164597,-1203,647,-530,420,-827,-436,-50,-4,-26,-840,-845,-701,675,268,-728,11,13,-25,
3006145,598049,168043,1097636,509072,164597,-1211,649,-500,420,-827,-436,-56,0,-23,-845,-863,-665,679,260,-706,15,5,-17,
3006145,595901,168043,1097636,509072,164597,-1192,636,-528,415,-822,-435,-54,-2,-30,-845,-861,-678,679,260,-706,13,8,-10,
3006145,595901,168017,1097636,509072,164597,-1206,644,-543,415,-829,-437,-54,12,-22,-853,-848,-684,676,254,-716,8,1,-5,
3006145,595901,168017,1117625,509072,164597,-1211,644,-542,415,-829,-437,-54,9,-19,-842,-829,-683,676,254,-716,-4,7,-6,
3006145,595901,168017,1117625,518203,164597,-1195,644,-508,415,-832,-448,-57,7,-22,-872,-828,-674,679,258,-720,6,1,-6,
3006145,595901,168017,1117625,518203,164677,-1215,653,-515,415,-832,-448,-62,-3,-22,-876,-829,-670,679,258,-720,6,-1,-10,
3006145,595901,168017,1117625,518203,164677,-1202,660,-513,413,-828,-448,-58,6,-25,-885,-837,-663,678,260,-708,8,-5,-10,
3006145,595901,168017,1117625,518203,164677,-1217,649,-517,413,-832,-438,-61,-1,-18,-859,-815,-708,678,265,-719,1,-6,-17,
3006482,595901,168017,1117625,518203,164677,-1183,643,-514,413,-832,-438,-59,-5,-25,-876,-836,-667,676,265,-719,6,1,-16,
3006482,539558,168017,1117625,518203,164677,-1203,652,-527,414,-830,-443,-71,-9,-22,-869,-819,-667,676,257,-696,14,3,-15,
3006482,539558,167892,1117625,518203,164677,-1208,655,-513,414,-830,-443,-71,-4,-28,-858,-824,-650,676,257,-696,16,2,-20,
3006482,539558,167892,1144947,518203,164677,-1215,656,-522,417,-834,-441,-59,-2,-23,-842,-827,-686,675,256,-720,13,3,-28,
3006482,539558,167892,1144947,509969,164677,-1209,646,-516,417,-834,-441,-62,-3,-18,-858,-848,-674,675,256,-720,24,9,-28,
3006482,539558,167892,1144947,509969,164991,-1204,641,-530,412,-826,-427,-61,3,-15,-860,-839,-659,672,261,-710,17,7,-20,
3006482,539558,167892,1144947,509969,164991,-1196,640,-516,415,-835,-435,-60,2,-13,-872,-852,-657,672,261,-710,14,6,-17,
3006482,539558,167892,1144947,509969,164991,-1186,647,-502,415,-835,-435,-66,3,-16,-860,-845,-669,677,269,-719,13,8,-6,
3041018,539558,167892,1144947,509969,164991,-1203,658,-511,414,-834,-437,-58,-7,-23,-862,-856,-662,677,263,-722,7,5,-7,
3041018,559248,167892,1144947,509969,164991,-1211,663,-529,414,-834,-437,-64,-15,-22,-866,-844,-655,677,263,-722,6,6,-5,
3041018,559248,167954,1144947,509969,164991,-1191,655,-512,414,-828,-446,-54,-12,-32,-853,-847,-661,675,260,-723,4,9,-7,
3041018,559248,167954,1139605,509969,164991,-1180,644,-544,413,-829,-439,-55,-15,-27,-860,-843,-663,675,260,-723,5,7,0,
3041018,559248,167954,1139605,516962,164991,-1194,638,-515,413,-829,-439,-61,-12,-24,-866,-844,-651,674,266,-718,3,9,-3,
3041018,559248,167954,1139605,516962,164586,-1189,642,-495,412,-833,-447,-58,3,-21,-871,-838,-693,674,266,-718,-256,1,-1,
3041018,559248,167954,1139605,516962,164586,-1192,661,-508,412,-833,-447,-57,12,-19,-877,-838,-658,674,268,-725,-7,-1,-4,
3041018,559248,167954,1139605,516962,164586,-1196,664,-497,412,-827,-434,-59,10,-16,-863,-834,-677,678,264,-705,2,-1,-6,
3044168,559248,167954,1139605,516962,164586,-1203,670,-545,412,-827,-434,-48,3,-22,-864,-813,-705,678,264,-705,9,-1,-12,
3044168,529110,167954,1139605,516962,164586,-1194,653,-513,414,-831,-434,-44,2,-28,-863,-813,-659,673,257,-728,18,9,-16,
3044168,529110,167944,1139605,516962,164586,-1202,646,-521,411,-835,-440,-54,5,-20,-846,-832,-667,673,257,-728,11,8,-18,
3044168,529110,167944,1143975,516962,164586,-1209,657,-261,411,-835,-440,-54,3,-23,-849,-840,-663,675,256,-720,12,10,-17,
3044168,529110,167944,1143975,507936,164586,-1202,662,-532,416,-833,-441,-51,7,-27,-869,-824,-681,675,256,-720,14,13,-20,
3044168,529110,167944,1143975,507936,164616,-1192,658,-530,416,-833,-441,-50,8,-28,-870,-822,-674,675,266,-711,10,5,-25,
3044168,529110,167944,1143975,507936,164616,-1198,654,-494,409,-824,-435,-59,6,-18,-859,-843,-685,675,266,-711,9,8,-22,
3044168,529110,167944,1143975,507936,164616,-1204,652,-505,413,-828,-447,-54,-1,-25,-880,-845,-658,675,265,-716,3,3,-19,
3028159,529110,167944,1143975,507936,164616,-1188,639,-513,413,-828,-447,-53,-1,-19,-858,-831,-667,675,260,-711,9,2,-26,
3028159,526814,167944,1143975,507936,164616,-1205,651,-261,413,-836,-433,-69,7,-17,-857,-835,-697,675,260,-711,17,9,-19,
3028159,526814,167918,1143975,507936,164616,-1207,657,-489,413,-836,-433,-57,0,-19,-863,-834,-670,676,261,-724,13,-3,-19,
3028159,526814,167918,1152062,507936,164616,-1211,639,-553,414,-823,-441,-60,-6,-18,-876,-838,-696,676,261,-724,12,-11,-16,
3028159,526814,167918,1152062,511787,164616,-1199,644,-535,414,-823,-441,-70,-2,-20,-862,-836,-659,677,261,-723,10,-3,-24,
3028159,526814,167918,1152062,511787,164644,-1192,643,-520,414,-824,-438,-75,0,-14,-874,-822,-674,677,261,-723,-5,-4,-29,
3028159,526814,167918,1152062,511787,164644,-1202,649,-516,410,-833,-435,-72,-6,-9,-863,-820,-668,674,268,-726,6,-9,-33,
3028159,526814,167918,1152062,511787,164644,-1198,645,-499,410,-833,-435,-70,-4,-6,-872,-826,-673,674,265,-712,26,5,-40,
3033477,526814,167918,1152062,511787,164644,-1210,642,-534,412,-836,-435,-78,-10,-4,-876,-836,-674,674,265,-712,37,14,-46,
3033477,514898,167918,1152062,511787,164644,-1209,654,-513,412,-836,-435,-79,-10,2,-858,-841,-701,674,264,-728,41,8,-52,
3033477,514898,167837,1152062,511787,164644,-1204,645,-546,408,-830,-444,-82,-3,11,-848,-859,-664,674,264,-728,40,3,-52,
3033477,514898,167837,1175138,511787,164644,-1226,639,-496,410,-833,-439,-79,-2,11,-862,-862,-662,675,263,-712,35,-2,-46,
3033477,514898,167837,1175138,510131,164644,-1205,647,-508,410,-833,-439,-82,-5,15,-856,-855,-659,675,263,-712,28,1,-43,
3033477,514898,167837,1175138,510131,164573,-1230,659,-542,407,-836,-434,-89,0,24,-843,-851,-675,671,274,-718,29,5,-36,
3033477,514898,167837,1175138,510131,164573,-1183,671,-478,407,-836,-434,-81,1,31,-860,-866,-680,671,274,-713,24,13,-33,
3033477,514898,167837,1175138,510131,164573,-1203,652,-543,406,-835,-442,-84,2,27,-850,-868,-655,675,267,-713,20,14,-29,
3035995,514898,167837,1175138,510131,164573,-1179,679,-446,406,-835,-442,-86,9,28,-842,-870,-681,677,267,-733,15,1,-17,
3035995,517931,167837,1175138,510131,164573,-1188,684,-520,405,-832,-427,-85,11,22,-863,-857,-658,677,267,-733,5,3,-15,
3035995,517931,167949,1175138,510131,164573,-1190,716,-504,404,-839,-431,-85,4,10,-846,-849,-685,672,266,-728,-4,5,-13,
3035995,517931,167949,1176899,510131,164573,-1199,700,-515,404,-839,-431,-73,-4,-1,-865,-854,-665,672,266,-728,-6,7,-2,
3035995,517931,167949,1176899,508074,164573,-1170,676,-518,404,-840,-440,-60,-10,-2,-845,-850,-673,672,266,-714,2,10,6,
3035995,517931,167949,1176899,508074,164576,-1189,679,-503,404,-840,-440,-59,-7,-14,-870,-843,-644,672,266,-714,5,10,2,
3035995,517931,167949,1176899,508074,164576,-1198,685,-518,403,-838,-440,-64,0,-23,-861,-847,-675,671,274,-727,-5,6,3,
3035995,517931,167949,1176899,508074,164576,-1200,678,-492,407,-841,-437,-52,6,-23,-852,-853,-673,675,266,-709,-3,4,5,
3046768,517931,167949,1176899,508074,164576,-1186,676,-499,407,-841,-437,-47,6,-19,-872,-855,-659,675,266,-709,0,10,7,
3046768,510436,167949,1176899,508074,164576,-1204,657,-485,403,-844,-426,-46,6,-27,-840,-837,-669,674,270,-716,8,20,-3,
3046768,510436,167962,1176899,508074,164576,-1216,661,-521,403,-844,-426,-52,2,-27,-853,-829,-692,674,270,-716,0,8,1,
3046768,510436,167962,1186574,508074,164576,-1205,648,-514,401,-838,-437,-55,-7,-19,-857,-839,-666,672,269,-720,-5,4,-1,
3046768,510436,167962,1186574,517292,164576,-1202,641,-525,401,-838,-437,-64,-13,-15,-859,-838,-671,672,269,-720,0,15,-7,
3046768,510436,167962,1186574,517292,164683,-1202,661,-510,405,-839,-430,-64,-6,-8,-862,-833,-680,670,273,-717,7,9,-6,
3046768,510436,167962,1186574,517292,164683,-1179,636,-526,399,-842,-428,-65,1,0,-868,-843,-661,672,268,-721,9,8,-4,
3046768,510436,167962,1186574,517292,164683,-1191,684,-524,399,-842,-428,-71,2,-1,-855,-837,-659,672,268,-721,6,6,-12,
3062289,510436,167962,1186574,517292,164683,-1190,679,-516,401,-841,-434,-69,-9,0,-850,-838,-676,674,262,-718,11,4,-11,
3062289,492191,167962,1186574,517292,164683,-1183,676,-494,401,-841,-434,-61,-11,1,-845,-839,-647,674,262,-718,3,1,-13,
3062289,492191,167988,1186574,517292,164683,-1204,665,-534,401,-842,-436,-76,-15,-3,-848,-842,-673,672,260,-717,2,4,-5,
3062289,492191,167988,1180285,517292,164683,-1184,673,-478,398,-840,-434,-80,-6,-1,-856,-857,-666,672,260,-717,0,4,3,
3062289,492191,167988,1180285,532095,164683,-1178,681,-491,398,-840,-434,-67,-5,2,-830,-843,-734,674,271,-713,-8,15,5,
3062289,492191,167988,1180285,532095,164596,-1187,693,-506,401,-845,-428,-64,-3,-6,-864,-853,-668,674,271,-713,0,0,4,
3062289,492191,167988,1180285,532095,164596,-1193,690,-519,401,-845,-428,-67,-7,-10,-849,-846,-694,673,269,-731,-10,7,6,
3062289,492191,167988,1180285,532095,164596,-1182,690,-473,397,-846,-430,-63,-7,-9,-851,-841,-643,674,267,-727,4,11,8,
3059296,492191,167988,1180285,532095,164596,-1186,681,-528,397,-846,-436,-59,-8,-16,-855,-831,-682,674,267,-727,2,4,5,
3059296,496632,167988,1180285,532095,164596,-1194,682,-501,400,-843,-436,-57,1,-23,-861,-846,-644,675,262,-722,-13,3,-1,
3059296,496632,168037,1180285,532095,164596,-1162,693,-510,400,-842,-427,-57,3,-24,-868,-832,-692,675,262,-722,3,5,-2,
3059296,496632,168037,1178848,532095,164596,-1179,675,-507,400,-842,-427,-56,1,-24,-852,-823,-674,673,272,-720,7,9,-4,
3059296,496632,168037,1178848,545903,164596,-1187,687,-524,399,-842,-415,-50,2,-25,-872,-840,-646,673,272,-720,-1,8,-11,
3059296,496632,168037,1178848,545903,164651,-1192,686,-494,399,-842,-415,-43,0,-32,-852,-821,-691,671,270,-711,-2,4,-12,
3059296,496632,168037,1178848,545903,164651,-1170,676,-482,397,-837,-435,-51,-6,-35,-874,-835,-667,677,263,-710,4,3,-20,
3059296,496632,168037,1178848,545903,164651,-1211,681,-568,399,-842,-432,-52,2,-28,-861,-837,-649,677,263,-710,14,7,-22,
3063176,496632,168037,1178848,545903,164651,-1198,666,-493,399,-842,-432,-58,-1,-29,-869,-841,-674,675,263,-725,17,6,-17,
3063176,513852,168037,1178848,545903,164651,-1200,670,-514,397,-847,-433,-53,2,-23,-858,-843,-711,675,263,-725,8,6,-18,
3063176,513852,168020,1178848,545903,164651,-1200,657,-528,397,-847,-433,-51,6,-19,-864,-851,-649,670,263,-718,17,19,-24,
3063176,513852,168020,1194343,545903,164651,-1180,682,-470,396,-842,-432,-51,6,-17,-865,-839,-665,670,263,-718,17,16,-14,
3063176,513852,168020,1194343,552700,164651,-1172,670,-503,396,-842,-432,-56,3,-10,-848,-852,-700,670,272,-724,13,13,-18,
3063176,513852,168020,1194343,552700,164671,-1198,679,-517,397,-839,-432,-58,0,-4,-856,-857,-657,670,272,-716,9,22,-11,
3063176,513852,168020,1194343,552700,164671,-1163,655,-506,396,-842,-429,-66,3,-9,-852,-844,-686,670,265,-716,6,22,-20,
3063176,513852,168020,1194343,552700,164671,-1188,680,-506,396,-842,-429,-61,7,-3,-843,-849,-650,675,266,-708,-2,12,-14,
3065931,513852,168020,1194343,552700,164671,-1199,679,-511,394,-844,-430,-66,3,-11,-874,-857,-664,675,266,-708,0,11,-9,
3065931,505741,168020,1194343,552700,164671,-1196,672,-491,394,-844,-430,-55,-8,-5,-858,-843,-677,676,264,-714,-6,18,-5,
3065931,505741,168071,1194343,552700,164671,-1194,682,-510,396,-836,-427,-62,-5,-1,-865,-845,-644,676,264,-714,-7,37,-7,
3065931,505741,168071,1164075,552700,164671,-1161,681,-511,397,-845,-424,-62,-7,-2,-820,-845,-716,670,266,-722,-3,33,-8,
3065931,505741,168071,1164075,581688,164671,-1177,702,-483,397,-845,-424,-58,-11,-11,-850,-855,-668,670,266,-722,-10,26,-9,
3065931,505741,168071,1164075,581688,164761,-1176,692,-492,394,-850,-435,-53,-13,-9,-833,-846,-710,671,268,-697,-8,15,-6,
3065931,505741,168071,1164075,581688,164761,-1202,671,-545,394,-850,-435,-55,-18,-5,-868,-857,-682,673,265,-730,-10,11,-5,
3065931,505741,168071,1164075,581688,164761,-1190,682,-497,394,-840,-427,-62,-8,-8,-846,-821,-713,673,265,-730,-11,-4,-7,
3066103,505741,168071,1164075,581688,164761,-1187,682,-527,394,-841,-427,-67,-4,-3,-868,-827,-693,673,260,-704,7,4,-11,
3066103,502617,168071,1164075,581688,164761,-1171,680,-511,395,-841,-427,-73,-3,-5,-850,-837,-689,673,260,-704,8,9,-12,
3066103,502617,167962,1164075,581688,164761,-1190,683,-512,395,-847,-431,-66,-10,1,-870,-839,-678,669,264,-719,3,9,-16,
3066103,502617,167962,1164656,581688,164761,-1192,694,-533,395,-847,-431,-62,-15,-8,-862,-838,-676,669,264,-719,1,14,-14,
3066103,502617,167962,1164656,585236,164761,-1189,700,-474,391,-849,-437,-66,-9,-12,-849,-827,-692,673,273,-727,2,15,-19,
3066103,502617,167962,1164656,585236,164560,-1179,692,-524,391,-849,-437,-63,-14,-10,-860,-839,-678,673,267,-716,3,12,-17,
3066103,502617,167962,1164656,585236,164560,-1167,682,-505,389,-843,-433,-59,-6,-5,-861,-852,-663,674,267,-716,6,8,-15,
3066103,502617,167962,1164656,585236,164560,-1184,682,-529,391,-849,-424,-58,-9,-5,-844,-829,-701,670,259,-725,3,2,-17,
3068450,502617,167962,1164656,585236,164560,-1165,686,-508,391,-849,-424,-55,-5,-13,-862,-834,-657,670,259,-725,9,13,-20,
3068450,414588,167962,1164656,585236,164560,-1206,684,-522,390,-850,-428,-51,1,-12,-859,-855,-666,669,259,-727,15,11,-15,
3068450,414588,168011,1164656,585236,164560,-1183,688,-508,390,-850,-428,-53,-2,-4,-861,-856,-669,669,259,-727,17,4,-12,
3068450,414588,168011,1160157,585236,164560,-1176,684,-474,392,-844,-430,-55,-2,-4,-845,-834,-713,667,265,-715,10,-7,-13,
3068450,414588,168011,1160157,589312,164560,-1180,683,-533,390,-845,-434,-60,7,-6,-866,-844,-632,667,265,-715,10,-5,-12,
3068450,414588,168011,1160157,589312,164668,-1169,686,-515,390,-845,-434,-60,5,-14,-850,-846,-697,672,271,-738,3,2,-16,
3068450,414588,168011,1160157,589312,164668,-1184,697,-511,391,-850,-425,-64,-4,-17,-865,-845,-672,668,264,-727,6,11,-17,
3068450,414588,168011,1160157,589312,164668,-1200,703,-531,391,-850,-425,-65,-10,-15,-851,-835,-690,668,264,-727,7,16,-17,
3065658,414588,168011,1160157,589312,164668,-1163,698,-454,388,-850,-430,-74,-6,-11,-868,-839,-680,671,263,-710,-1,4,-11,
3065658,459341,168011,1160157,589312,164668,-1181,699,-489,388,-850,-430,-69,-8,-8,-852,-842,-689,671,263,-710,0,8,-13,
3065658,459341,168071,1160157,589312,164668,-1167,694,-503,387,-848,-434,-66,-2,-12,-868,-839,-646,672,277,-717,4,3,-13,
3065658,459341,168071,1185418,589312,164668,-1192,699,-538,386,-848,-430,-59,1,-16,-862,-842,-657,672,277,-717,13,9,-16,
3065658,459341,168071,1185418,571388,164668,-1165,698,-495,386,-848,-430,-57,-4,-15,-872,-844,-671,668,269,-720,9,4,-13,
3065658,459341,168071,1185418,571388,164671,-1156,699,-479,388,-852,-434,-60,2,-14,-855,-848,-660,669,267,-717,7,-9,-15,
3065658,459341,168071,1185418,571388,164671,-1180,715,-509,388,-852,-434,-55,4,-23,-835,-841,-682,669,267,-717,11,-8,-17,
3065658,459341,168071,1185418,571388,164671,-1170,701,-528,386,-843,-427,-47,4,-31,-871,-858,-682,672,266,-725,16,-7,-12,
3074159,459341,168071,1185418,571388,164671,-1168,702,-505,384,-845,-426,-41,7,-31,-841,-842,-670,672,266,-725,5,-1,-14,
3074159,458716,168071,1185418,571388,164671,-1182,690,-535,384,-845,-426,-39,7,-31,-852,-831,-665,671,263,-720,3,1,-6,
3074159,458716,168014,1185418,571388,164671,-1191,697,-498,385,-852,-427,-39,8,-31,-857,-850,-670,671,263,-720,11,5,-10,
3074159,458716,168014,1178397,571388,164671,-1197,674,-520,385,-852,-427,-47,4,-32,-850,-847,-672,667,271,-714,8,0,-12,
3074159,458716,168014,1178397,559862,164671,-1182,690,-484,387,-847,-427,-46,0,-33,-854,-864,-673,667,271,-714,12,-2,-14,
3074159,458716,168014,1178397,559862,164716,-1186,691,-498,387,-847,-427,-48,3,-33,-853,-843,-683,675,264,-719,10,0,-4,
3074159,458716,168014,1178397,559862,164716,-1192,691,-497,387,-841,-422,-47,2,-33,-854,-852,-672,669,263,-716,11,3,-6,
3074159,458716,168014,1178397,559862,164716,-1167,699,-486,387,-850,-429,-56,-3,-34,-875,-851,-658,669,263,-716,6,12,-12,
3074683,458716,168014,1178397,559862,164716,-1176,696,-500,387,-850,-429,-57,1,-31,-850,-831,-660,674,264,-724,1,8,-11,
3074683,452486,168014,1178397,559862,164716,-1170,685,-490,390,-851,-430,-55,1,-26,-844,-836,-671,674,264,-724,5,12,-7,
3074683,452486,167723,1178397,559862,164716,-1159,682,-524,390,-851,-430,-50,-2,-33,-868,-833,-684,671,268,-726,4,8,-4,
3074683,452486,167723,1217745,559862,164716,-1198,708,-482,388,-845,-422,-49,3,-32,-852,-845,-659,671,268,-726,7,8,-9,
3074683,452486,167723,1217745,564364,164716,-1164,687,-512,387,-850,-433,-49,6,-26,-855,-844,-668,667,269,-733,14,11,-14,
3074683,452486,167723,1217745,564364,164566,-1173,700,-475,387,-850,-433,-46,4,-26,-850,-847,-686,674,263,-707,13,6,-14,
3074683,452486,167723,1217745,564364,164566,-1185,690,-471,386,-848,-429,-46,-2,-24,-848,-838,-664,674,263,-707,12,12,-18,
3074683,452486,167723,1217745,564364,164566,-1179,704,-537,386,-848,-429,-44,3,-24,-838,-856,-678,670,265,-725,10,13,-17,
3063009,452486,167723,1217745,564364,164566,-1174,692,-511,386,-850,-432,-44,2,-23,-852,-836,-671,670,265,-725,4,17,-11,
3063009,442502,167723,1217745,564364,164566,-1180,696,-491,386,-850,-432,-45,-6,-29,-859,-833,-694,670,264,-723,2,8,-17,
3063009,442502,167915,1217745,564364,164566,-1189,687,-532,388,-839,-433,-43,-6,-27,-854,-839,-669,670,264,-723,1,9,-14,
3063009,442502,167915,1198410,564364,164566,-1157,684,-493,387,-849,-427,-56,-5,-23,-845,-850,-660,668,272,-711,6,9,-16,
3063009,442502,167915,1198410,570645,164566,-1183,684,-486,387,-849,-427,-56,-2,-19,-862,-847,-671,668,265,-736,3,3,-16,
3063009,442502,167915,1198410,570645,164740,-1175,691,-518,385,-853,-430,-52,-4,-22,-873,-835,-664,671,265,-736,-6,10,-16,
3063009,442502,167915,1198410,570645,164740,-1183,692,-515,385,-853,-430,-51,-1,-18,-854,-826,-674,671,265,-723,8,10,-20,
3063009,442502,167915,1198410,570645,164740,-1177,679,-544,389,-850,-427,-54,-3,-18,-873,-844,-675,671,265,-723,6,5,-28,
3065130,442502,167915,1198410,570645,164740,-1177,695,-480,387,-850,-430,-54,-2,-18,-860,-841,-666,672,263,-714,6,12,-22,
3065130,446297,167915,1198410,570645,164740,-1182,700,-522,387,-850,-430,-49,-3,-20,-850,-823,-668,672,263,-714,6,24,-24,
3065130,446297,167937,1198410,570645,164740,-1195,700,-504,387,-853,-430,-53,-2,-23,-847,-841,-664,670,266,-724,11,33,-33,
3065130,446297,167937,1141978,570645,164740,-1181,700,-530,387,-853,-430,-57,-3,-22,-847,-835,-689,670,266,-724,21,31,-34,
3065130,446297,167937,1141978,597478,164740,-1196,717,-510,384,-851,-421,-62,0,-18,-862,-859,-653,667,277,-732,15,26,-38,
3065130,446297,167937,1141978,597478,164465,-1162,707,-473,384,-851,-421,-54,0,-20,-858,-852,-656,667,268,-703,1,24,-43,
3065130,446297,167937,1141978,597478,164465,-1183,693,-486,386,-851,-431,-51,-1,-29,-861,-844,-683,667,268,-703,-17,22,-42,
3065130,446297,167937,1141978,597478,164465,-1193,699,-502,385,-851,-426,-54,-7,-36,-857,-841,-671,668,265,-719,5,27,-40,
3065632,446297,167937,1141978,597478,164465,-1188,705,-478,385,-851,-426,-47,-8,-36,-866,-845,-660,668,265,-719,13,25,-42,
3065632,437385,167937,1141978,597478,164465,-1164,694,-512,386,-850,-421,-48,2,-35,-842,-828,-695,669,272,-721,10,22,-48,
3065632,437385,167951,1141978,597478,164465,-1171,684,-513,386,-850,-421,-54,1,-33,-853,-838,-638,669,272,-721,17,19,-46,
3065632,437385,167951,1144180,597478,164465,-1165,696,-482,384,-846,-428,-48,5,-30,-836,-832,-703,667,275,-712,16,11,-45,
3065632,437385,167951,1144180,618520,164465,-1187,700,-539,383,-851,-426,-47,12,-36,-852,-840,-690,668,273,-725,10,8,-48,
3065632,437385,167951,1144180,618520,164660,-1175,685,-564,383,-851,-426,-41,11,-36,-857,-854,-655,668,273,-725,8,8,-38,
3065632,437385,167951,1144180,618520,164660,-1185,685,-524,389,-854,-423,-41,11,-34,-845,-861,-676,667,268,-733,-1,5,-41,
3065632,437385,167951,1144180,618520,164660,-1194,688,-501,389,-854,-423,-45,5,-35,-863,-849,-672,667,268,-733,17,4,-43,
3064121,437385,167951,1144180,618520,164660,-1200,696,-548,385,-847,-426,-51,-3,-31,-838,-874,-661,669,268,-724,4,7,-37,
3064121,465043,167951,1144180,618520,164660,-1170,689,-501,385,-847,-438,-54,-4,-18,-843,-867,-664,669,268,-724,7,20,-33,
3064121,465043,168010,1144180,618520,164660,-1165,674,-523,387,-854,-438,-56,0,-21,-836,-854,-702,665,272,-713,253,8,-37,
3064121,465043,168010,1142756,618520,164660,-1164,694,-471,386,-851,-437,-65,-2,-13,-852,-857,-659,665,272,-713,-7,6,-25,
3064121,465043,168010,1142756,615521,164660,-1175,696,-502,386,-851,-437,-64,4,-14,-852,-858,-669,667,273,-711,0,8,-20,
3064121,465043,168010,1142756,615521,164653,-1180,712,-494,385,-852,-424,-59,7,-20,-842,-860,-657,668,265,-707,-4,9,-25,
3064121,465043,168010,1142756,615521,164653,-1175,718,-492,385,-852,-424,-63,1,-20,-844,-865,-679,668,265,-707,0,10,-18,
