0,0,0,0,0,0,-137,70,1338,-205,-544,837,2,10,-9,-110,-126,1302,-189,-591,880,-20,33,-52,
5072103,0,0,0,0,0,-144,60,1324,-205,-544,837,6,12,-11,-110,-107,1267,-186,-583,871,-13,36,-54,
5072103,4941919,0,0,0,0,-144,60,1354,-207,-548,836,6,12,-17,-118,-123,1292,-186,-585,883,-13,32,-48,
5072103,4941919,5083717,0,0,0,-144,69,1346,-207,-548,836,3,7,-11,-109,-118,1309,-186,-585,883,-19,41,-50,
5072103,4941919,5083717,5071099,0,0,-146,57,1343,-206,-549,835,2,7,-11,-112,-123,1298,-186,-591,873,-18,35,-49,
5072103,4941919,5083717,5071099,4772791,0,-149,63,1351,-206,-549,835,5,6,-10,-108,-113,1317,-186,-591,873,-14,34,-44,
5072103,4941919,5083717,5071099,4772791,4703765,-129,65,1341,-209,-547,825,-3,10,-14,-110,-124,1315,-187,-589,882,-9,40,-48,
5072103,4941919,5083717,5071099,4772791,4703765,-137,61,1343,-209,-547,830,-3,9,-11,-115,-119,1306,-187,-589,882,-12,37,-54,
5072103,4941919,5083717,5071099,4772791,4703765,-146,58,1341,-205,-546,830,8,12,-16,-108,-119,1314,-186,-584,877,-12,30,-48,
5068841,4941919,5083717,5071099,4772791,4703765,-128,58,1329,-207,-549,836,5,6,-9,-119,-120,1320,-187,-589,877,-15,32,-47,
5068841,4942745,5083717,5071099,4772791,4703765,-143,52,1352,-207,-549,836,6,-2,-8,-100,-115,1324,-187,-589,877,-19,30,-49,
5068841,4942745,5084695,5071099,4772791,4703765,-139,51,1334,-204,-547,826,8,2,-9,-101,-125,1305,-189,-590,885,-18,35,-50,
5068841,4942745,5084695,5071093,4772791,4703765,-142,57,1348,-204,-547,826,11,8,-14,-103,-121,1298,-189,-590,885,-9,34,-47,
5068841,4942745,5084695,5071093,4772000,4703765,-137,59,1332,-207,-543,824,0,12,-6,-109,-121,1319,-187,-583,877,-15,28,-49,
5068841,4942745,5084695,5071093,4772000,4704411,-132,73,1340,-207,-543,824,-2,1,-4,-115,-123,1310,-187,-583,877,-13,28,-49,
5068841,4942745,5084695,5071093,4772000,4704411,-149,65,1364,-205,-546,837,3,7,-11,-105,-118,1302,-190,-586,889,-13,30,-55,
5068841,4942745,5084695,5071093,4772000,4704411,-134,53,1356,-206,-549,828,3,5,-16,-98,-125,1300,-187,-590,876,-7,37,-54,
5068832,4942745,5084695,5071093,4772000,4704411,-133,64,1341,-206,-549,828,-2,4,-15,-112,-113,1304,-187,-590,876,-15,30,-53,
5068832,4939107,5084695,5071093,4772000,4704411,-146,75,1336,-207,-545,832,6,12,-16,-104,-127,1306,-188,-587,881,-9,25,-51,
5068832,4939107,5079924,5071093,4772000,4704411,-154,58,1376,-207,-545,832,-1,11,-13,-115,-117,1304,-188,-587,881,-10,29,-46,
5068832,4939107,5079924,5084816,4772000,4704411,-156,46,1359,-209,-542,833,1,2,-12,-115,-112,1313,-189,-590,881,-10,37,-43,
5068832,4939107,5079924,5084816,4770453,4704411,-119,68,1329,-209,-542,833,0,2,-12,-119,-111,1307,-189,-590,881,-13,32,-47,
5068832,4939107,5079924,5084816,4770453,4700723,-128,65,1328,-207,-537,829,-5,1,-14,-109,-130,1312,-186,-589,880,-24,31,-45,
5068832,4939107,5079924,5084816,4770453,4700723,-130,67,1331,-210,-550,831,3,1,-5,-110,-119,1302,-187,-589,880,-12,27,-42,
5068832,4939107,5079924,5084816,4770453,4700723,-139,68,1343,-210,-550,831,4,-4,-8,-111,-126,1314,-187,-589,880,0,19,-44,
5088715,4939107,5079924,5084816,4770453,4700723,-131,61,1326,-206,-548,831,2,-3,-9,-115,-116,1314,-188,-592,869,-7,17,-48,
5088715,4778690,5079924,5084816,4770453,4700723,-129,64,1325,-206,-548,831,-1,-6,-14,-112,-116,1297,-188,-592,869,-3,20,-43,
5088715,4778690,5052533,5084816,4770453,4700723,-143,55,1351,-210,-546,841,13,-1,-18,-108,-110,1302,-188,-587,884,-9,28,-36,
5088715,4778690,5052533,5128615,4770453,4700723,-124,69,1322,-210,-546,841,6,-5,-11,-108,-120,1301,-188,-584,888,-6,33,-37,
5088715,4778690,5052533,5128615,4609980,4700723,-150,44,1354,-210,-544,840,9,-7,-17,-114,-122,1290,-190,-584,888,-4,29,-41,
5088715,4778690,5052533,5128615,4609980,4670617,-131,65,1342,-210,-542,829,11,-8,-6,-121,-118,1307,-186,-592,879,-10,32,-41,
5088715,4778690,5052533,5128615,4609980,4670617,-132,58,1335,-211,-542,829,6,-5,-8,-113,-121,1309,-186,-592,879,-14,32,-36,
5088715,4778690,5052533,5128615,4609980,4670617,-139,59,1342,-208,-548,837,3,-8,-13,-107,-119,1302,-190,-591,878,-16,20,-39,
5118157,4778690,5052533,5128615,4609980,4670617,-134,60,1341,-208,-548,837,-255,-4,-15,-108,-111,1307,-190,-591,878,-14,21,-35,
5118157,3989557,5052533,5128615,4609980,4670617,-148,76,1338,-207,-548,832,-10,-5,-12,-110,-108,1312,-191,-588,886,-9,23,-38,
5118157,3989557,5001517,5128615,4609980,4670617,-130,69,1330,-207,-548,832,4,-2,-10,-114,-125,1304,-188,-587,880,-11,33,-31,
5118157,3989557,5001517,5154675,4609980,4670617,-132,63,1349,-208,-543,841,6,0,-13,-119,-119,1306,-188,-587,880,-10,27,-35,
5118157,3989557,5001517,5154675,4179565,4670617,-134,70,1329,-208,-543,841,7,2,-11,-97,-131,1303,-185,-593,885,-10,37,-35,
5118157,3989557,5001517,5154675,4179565,4664383,-141,59,1351,-210,-545,845,-3,1,-10,-114,-124,1309,-185,-593,885,-4,26,-30,
5118157,3989557,5001517,5154675,4179565,4664383,-130,50,1347,-209,-546,832,3,9,-11,-111,-118,1306,-189,-590,876,-4,22,-25,
5118157,3989557,5001517,5154675,4179565,4664383,-132,59,1343,-209,-546,832,-3,8,-6,-117,-113,1310,-189,-590,876,-4,14,-28,
5118754,3989557,5001517,5154675,4179565,4664383,-142,59,1336,-210,-545,833,-3,7,-10,-110,-112,1314,-188,-584,886,-3,33,-31,
5118754,3607442,5001517,5154675,4179565,4664383,-141,67,1341,-210,-545,833,1,11,-17,-114,-115,1304,-186,-591,863,-14,24,-36,
5118754,3607442,4994008,5154675,4179565,4664383,-138,49,1340,-211,-542,834,-3,7,-12,-109,-116,1314,-186,-591,863,-5,19,-29,
5118754,3607442,4994008,5155586,4179565,4664383,-144,70,1347,-211,-542,834,-4,7,-8,-112,-120,1314,-191,-591,874,-3,25,-24,
5118754,3607442,4994008,5155586,3508531,4664383,-128,73,1332,-212,-540,839,-12,5,-14,-108,-117,1305,-191,-591,874,-7,26,-31,
5118754,3607442,4994008,5155586,3508531,4648732,-143,63,1348,-208,-547,834,-5,2,-16,-102,-107,1303,-189,-587,871,-2,19,-29,
5118754,3607442,4994008,5155586,3508531,4648732,-135,54,1341,-208,-547,834,-4,6,-18,-112,-110,1299,-189,-587,871,7,20,-34,
5118754,3607442,4994008,5155586,3508531,4648732,-152,52,1348,-210,-544,834,-12,-4,-8,-114,-111,1306,-188,-588,882,3,10,-29,
5113368,3607442,4994008,5155586,3508531,4648732,-143,63,1332,-210,-544,834,-17,-3,-6,-112,-114,1319,-188,-593,877,13,11,-28,
5113368,2737391,4994008,5155586,3508531,4648732,-137,60,1348,-208,-545,843,-7,-1,-7,-111,-118,1303,-188,-593,877,14,9,-28,
5113368,2737391,4992256,5155586,3508531,4648732,-130,59,1342,-208,-545,843,6,6,-15,-113,-113,1306,-188,-595,884,18,1,-27,
5113368,2737391,4992256,5159629,3508531,4648732,-150,52,1350,-213,-536,834,14,8,-14,-117,-120,1297,-188,-595,884,15,6,-25,
5113368,2737391,4992256,5159629,868453,4648732,-133,48,1341,-210,-539,832,15,4,-15,-106,-105,1307,-191,-587,878,19,2,-26,
5113368,2737391,4992256,5159629,868453,4393169,-130,53,1343,-210,-539,832,16,8,-13,-112,-105,1300,-191,-588,870,16,7,-19,
5113368,2737391,4992256,5159629,868453,4393169,-150,68,1345,-211,-546,834,17,11,-10,-108,-111,1294,-188,-588,870,19,6,-22,
5113368,2737391,4992256,5159629,868453,4393169,-130,53,1375,-211,-546,834,5,2,-10,-109,-107,1309,-189,-594,875,30,9,-26,
5130159,2737391,4992256,5159629,868453,4393169,-131,58,1332,-209,-544,834,-3,-2,-16,-106,-109,1315,-189,-594,875,25,7,-24,
5130159,1241974,4992256,5159629,868453,4393169,-144,60,1342,-209,-544,834,0,0,-8,-108,-110,1299,-190,-593,871,25,3,-23,
5130159,1241974,4991203,5159629,868453,4393169,-136,62,1337,-213,-536,824,-8,-4,-5,-107,-107,1301,-190,-593,871,27,1,-23,
5130159,1241974,4991203,5151728,868453,4393169,-127,52,1340,-213,-536,824,-4,-4,-4,-103,-112,1300,-190,-589,872,37,-3,-24,
5130159,1241974,4991203,5151728,165024,4393169,-131,65,1340,-212,-546,822,0,9,-17,-105,-108,1311,-194,-601,871,46,0,-28,
5130159,1241974,4991203,5151728,165024,4364854,-131,48,1354,-205,-547,838,7,6,-8,-118,-98,1303,-194,-601,871,47,3,-31,
5130159,1241974,4991203,5151728,165024,4364854,-128,51,1356,-205,-547,838,11,4,-5,-110,-100,1304,-191,-596,868,32,11,-28,
5130159,1241974,4991203,5151728,165024,4364854,-136,64,1341,-214,-547,837,6,10,-7,-102,-108,1306,-191,-596,868,3,35,-26,
5132992,1241974,4991203,5151728,165024,4364854,-125,72,1323,-214,-547,837,18,25,-15,-104,-105,1307,-191,-592,871,-25,57,-29,
5132992,916821,4991203,5151728,165024,4364854,-150,61,1345,-208,-550,832,20,33,-20,-111,-106,1319,-191,-592,871,-33,60,-26,
5132992,916821,5047419,5151728,165024,4364854,-142,52,1345,-208,-550,832,16,37,-19,-100,-111,1305,-190,-594,881,-32,58,-26,
5132992,916821,5047419,5122175,165024,4364854,-139,46,1340,-212,-539,838,12,35,-18,-112,-118,1330,-192,-599,878,-21,52,-32,
5132992,916821,5047419,5122175,165144,4364854,-147,57,1352,-208,-546,834,23,42,-20,-122,-118,1324,-192,-599,878,-16,47,-25,
5132992,916821,5047419,5122175,165144,4465449,-134,58,1345,-208,-546,834,32,49,-14,-113,-108,1309,-193,-595,876,-1,48,-29,
5132992,916821,5047419,5122175,165144,4465449,-145,59,1340,-207,-548,831,44,58,-16,-106,-104,1306,-193,-595,876,5,51,-28,
5132992,916821,5047419,5122175,165144,4465449,-142,56,1341,-207,-548,831,44,59,-20,-100,-98,1306,-190,-594,870,-3,48,-31,
5079054,916821,5047419,5122175,165144,4465449,-145,60,1333,-210,-546,842,44,63,-18,-108,-110,1303,-190,-594,870,-10,53,-34,
5079054,4410193,5047419,5122175,165144,4465449,-145,78,1342,-210,-546,842,52,65,-23,-109,-100,1314,-190,-600,867,-24,40,-33,
5079054,4410193,5157760,5122175,165144,4465449,-139,64,1338,-206,-541,832,39,60,-20,-116,-110,1301,-191,-599,884,-31,31,-43,
5079054,4410193,5157760,5027720,165144,4465449,-140,67,1335,-205,-543,821,27,55,-22,-117,-99,1298,-191,-599,884,-13,21,-46,
5079054,4410193,5157760,5027720,184562,4465449,-152,67,1341,-205,-543,821,15,44,-19,-95,-110,1316,-191,-599,872,-6,15,-43,
5079054,4410193,5157760,5027720,184562,4524284,-149,65,1344,-205,-548,835,13,43,-14,-111,-121,1307,-191,-599,872,2,16,-37,
5079054,4410193,5157760,5027720,184562,4524284,-140,60,1346,-205,-548,835,-7,35,-19,-101,-116,1304,-195,-595,879,7,9,-47,
5079054,4410193,5157760,5027720,184562,4524284,-147,68,1368,-203,-552,832,-27,22,-12,-101,-107,1291,-195,-592,882,22,9,-50,
5009301,4410193,5157760,5027720,184562,4524284,-145,54,1349,-203,-552,832,-42,15,-12,-109,-108,1312,-193,-592,882,29,-2,-48,
5009301,4617252,5157760,5027720,184562,4524284,-156,55,1348,-203,-545,833,-52,9,-12,-109,-103,1309,-190,-600,881,40,-23,-52,
5009301,4617252,5247490,5027720,184562,4524284,-159,59,1336,-203,-545,830,-48,9,-12,-100,-84,1307,-190,-600,881,35,-35,-56,
5009301,4617252,5247490,4351828,184562,4524284,-138,62,1325,-205,-548,830,-43,11,-8,-116,-97,1295,-194,-602,871,10,-20,-53,
5009301,4617252,5247490,4351828,391294,4524284,-154,57,1353,-202,-546,835,-35,7,-4,-97,-107,1303,-194,-602,871,-28,-10,-55,
5009301,4617252,5247490,4351828,391294,4502983,-150,66,1340,-202,-546,835,-26,7,-9,-99,-108,1296,-193,-596,886,-52,8,-61,
5009301,4617252,5247490,4351828,391294,4502983,-128,60,1348,-201,-545,838,-14,11,-8,-108,-99,1295,-193,-596,878,-60,42,-60,
5009301,4617252,5247490,4351828,391294,4502983,-148,54,1352,-201,-545,838,-15,4,3,-99,-123,1314,-193,-596,878,-55,46,-63,
4604046,4617252,5247490,4351828,391294,4502983,-146,58,1346,-203,-544,832,-20,6,3,-104,-120,1331,-191,-599,861,-48,54,-67,
4604046,4619835,5247490,4351828,391294,4502983,-130,51,1355,-203,-544,832,-27,3,8,-92,-104,1294,-191,-599,861,-24,25,-65,
4604046,4619835,5289631,4351828,391294,4502983,-151,54,1346,-202,-538,840,-32,-11,7,-102,-108,1306,-191,-590,874,-7,2,-65,
4604046,4619835,5289631,3793039,391294,4502983,-146,43,1334,-204,-543,836,-32,-16,15,-89,-98,1290,-191,-590,874,-14,-3,-65,
4604046,4619835,5289631,3793039,3849735,4502983,-133,29,1340,-204,-543,836,-31,-24,30,-91,-117,1298,-193,-591,887,-24,16,-73,
4604046,4619835,5289631,3793039,3849735,4781444,-137,-6,1344,-203,-541,846,-39,-49,54,-91,-118,1316,-195,-599,873,-16,23,-69,
4604046,4619835,5289631,3793039,3849735,4781444,-136,15,1331,-203,-541,846,-45,-66,85,-104,-104,1310,-195,-599,873,-16,19,-78,
4604046,4619835,5289631,3793039,3849735,4781444,-156,78,1321,-206,-541,836,-46,-56,96,-91,-117,1309,-194,-597,880,-14,7,-78,
3134760,4619835,5289631,3793039,3849735,4781444,-157,92,1336,-206,-541,836,-39,-43,79,-102,-118,1301,-194,-597,880,-14,8,-70,
3134760,4607060,5289631,3793039,3849735,4781444,-137,86,1319,-211,-534,835,-29,-28,50,-88,-109,1307,-196,-596,874,-34,25,-69,
3134760,4607060,5315346,3793039,3849735,4781444,-144,56,1334,-212,-534,843,-19,-21,33,-97,-122,1302,-196,-596,874,-44,20,-80,
3134760,4607060,5315346,2784732,3849735,4781444,-133,47,1325,-212,-534,843,-10,-14,33,-98,-103,1306,-194,-596,873,-30,4,-86,
3134760,4607060,5315346,2784732,4387504,4781444,-128,46,1326,-209,-538,846,-7,-8,34,-96,-119,1306,-196,-595,879,-24,-14,-78,
3134760,4607060,5315346,2784732,4387504,4857321,-129,59,1326,-209,-538,846,-11,-7,20,-92,-107,1311,-196,-595,879,-12,-24,-81,
3134760,4607060,5315346,2784732,4387504,4857321,-144,47,1348,-211,-539,846,-13,-8,10,-85,-116,1300,-198,-594,869,-5,-27,-75,
3134760,4607060,5315346,2784732,4387504,4857321,-129,63,1339,-211,-539,846,-4,-3,8,-102,-116,1305,-198,-594,869,-4,-26,-73,
2842356,4607060,5315346,2784732,4387504,4857321,-139,68,1351,-213,-534,833,-1,0,2,-84,-114,1305,-198,-595,871,-1,-10,-82,
2842356,4770392,5315346,2784732,4387504,4857321,-144,59,1340,-213,-534,844,0,1,-7,-96,-102,1297,-203,-592,861,3,-6,-79,
2842356,4770392,5325955,2784732,4387504,4857321,-140,60,1329,-215,-533,844,-11,-3,-7,-80,-105,1308,-203,-592,861,-3,1,-74,
2842356,4770392,5325955,2565919,4387504,4857321,-148,42,1354,-211,-532,839,-7,-1,-26,-89,-109,1301,-198,-598,865,-19,10,-80,
2842356,4770392,5325955,2565919,4168147,4857321,-130,53,1348,-211,-532,839,-20,-1,-20,-93,-128,1311,-198,-598,865,-23,39,-84,
2842356,4770392,5325955,2565919,4168147,4831517,-134,35,1350,-209,-537,834,-22,3,-19,-91,-118,1312,-199,-599,877,-26,48,-74,
2842356,4770392,5325955,2565919,4168147,4831517,-137,36,1339,-209,-537,834,-15,9,-19,-89,-123,1315,-199,-599,877,-19,44,-82,
2842356,4770392,5325955,2565919,4168147,4831517,-141,33,1331,-214,-528,849,-7,7,-21,-80,-113,1304,-198,-591,868,-2,24,-83,
3748662,4770392,5325955,2565919,4168147,4831517,-132,41,1338,-214,-528,849,-6,7,-20,-103,-110,1314,-200,-593,863,-7,11,-72,
3748662,4808468,5325955,2565919,4168147,4831517,-137,41,1327,-209,-534,834,-2,15,-25,-82,-105,1305,-200,-593,863,-19,-1,-74,
3748662,4808468,5328209,2565919,4168147,4831517,-131,37,1342,-213,-533,845,7,11,-26,-88,-112,1292,-196,-598,870,-24,-7,-73,
3748662,4808468,5328209,2348476,4168147,4831517,-132,33,1346,-213,-533,845,2,18,-17,-89,-120,1322,-196,-598,870,-12,-7,-79,
3748662,4808468,5328209,2348476,3905265,4831517,-128,51,1362,-210,-537,832,8,9,-20,-92,-119,1309,-198,-597,874,4,-9,-80,
3748662,4808468,5328209,2348476,3905265,4732921,-120,39,1339,-210,-537,832,-3,4,-20,-80,-121,1300,-198,-597,874,22,-4,-81,
3748662,4808468,5328209,2348476,3905265,4732921,-131,49,1355,-211,-529,838,-12,5,-13,-93,-109,1292,-199,-592,876,23,-4,-81,
3748662,4808468,5328209,2348476,3905265,4732921,-124,49,1331,-211,-529,838,1,5,-6,-78,-105,1289,-198,-598,871,16,2,-81,
3840983,4808468,5328209,2348476,3905265,4732921,-125,36,1334,-215,-532,848,19,7,-10,-83,-109,1301,-198,-598,871,3,7,-82,
3840983,5003236,5328209,2348476,3905265,4732921,-152,42,1350,-210,-531,847,17,11,-20,-93,-104,1305,-198,-596,871,-21,12,-82,
3840983,5003236,5324288,2348476,3905265,4732921,-122,40,1344,-210,-531,847,22,16,-25,-73,-103,1300,-198,-596,871,-28,12,-76,
3840983,5003236,5324288,2242852,3905265,4732921,-138,42,1347,-211,-537,842,23,17,-17,-83,-106,1313,-204,-595,874,-27,11,-71,
3840983,5003236,5324288,2242852,3938257,4732921,-138,50,1349,-211,-537,842,17,7,-17,-93,-118,1311,-204,-595,874,-23,20,-82,
3840983,5003236,5324288,2242852,3938257,4691933,-132,49,1335,-212,-538,840,12,5,-15,-76,-109,1306,-202,-599,886,-20,13,-90,
3840983,5003236,5324288,2242852,3938257,4691933,-123,50,1348,-212,-538,840,19,4,-12,-88,-118,1322,-200,-598,883,2,24,-85,
3840983,5003236,5324288,2242852,3938257,4691933,-134,47,1335,-219,-528,829,28,6,-11,-74,-116,1302,-200,-598,883,16,25,-81,
4176511,5003236,5324288,2242852,3938257,4691933,-132,57,1332,-219,-534,843,29,10,-13,-80,-118,1321,-203,-594,873,27,24,-79,
4176511,5100890,5324288,2242852,3938257,4691933,-149,34,1347,-209,-534,843,29,7,-17,-81,-116,1305,-203,-594,873,27,24,-75,
4176511,5100890,5314713,2242852,3938257,4691933,-124,59,1331,-211,-540,840,24,10,-20,-83,-107,1299,-200,-594,873,9,24,-80,
4176511,5100890,5314713,2304012,3938257,4691933,-131,41,1332,-211,-540,840,29,17,-22,-83,-95,1289,-203,-594,880,4,34,-81,
4176511,5100890,5314713,2304012,3932573,4691933,-127,48,1347,-211,-543,839,18,11,-21,-83,-100,1312,-203,-594,880,-7,51,-75,
4176511,5100890,5314713,2304012,3932573,4661749,-140,44,1343,-211,-543,839,13,7,-17,-84,-108,1302,-201,-601,878,-13,64,-78,
4176511,5100890,5314713,2304012,3932573,4661749,-128,58,1334,-215,-536,826,20,6,-12,-90,-105,1302,-201,-601,878,3,62,-85,
4176511,5100890,5314713,2304012,3932573,4661749,-144,58,1339,-215,-536,826,24,0,-8,-82,-100,1308,-204,-597,868,8,59,-78,
4516568,5100890,5314713,2304012,3932573,4661749,-140,57,1359,-213,-539,842,23,6,-13,-86,-90,1304,-204,-597,868,-1,47,-79,
4516568,5147949,5314713,2304012,3932573,4661749,-133,49,1344,-211,-540,838,32,15,-21,-78,-95,1305,-201,-596,867,-18,53,-77,
4516568,5147949,5300939,2304012,3932573,4661749,-124,59,1357,-211,-540,838,29,3,-12,-85,-107,1318,-196,-598,873,-24,55,-78,
4516568,5147949,5300939,3101641,3932573,4661749,-131,65,1345,-212,-544,837,18,5,-12,-82,-107,1320,-196,-598,873,-19,55,-79,
4516568,5147949,5300939,3101641,3966645,4661749,-147,56,1350,-212,-544,837,12,5,-17,-95,-104,1306,-197,-601,875,-15,57,-74,
4516568,5147949,5300939,3101641,3966645,4733107,-133,58,1338,-213,-534,849,9,9,-14,-94,-113,1293,-197,-601,875,-9,63,-73,
4516568,5147949,5300939,3101641,3966645,4733107,-137,48,1346,-213,-534,849,2,0,-7,-88,-99,1298,-200,-598,874,2,59,-70,
4516568,5147949,5300939,3101641,3966645,4733107,-136,59,1338,-214,-535,833,-6,-4,-9,-85,-103,1308,-200,-598,874,15,53,-73,
4468606,5147949,5300939,3101641,3966645,4733107,-145,53,1350,-211,-538,835,-2,-3,-3,-96,-103,1314,-201,-592,868,14,42,-73,
4468606,5156579,5300939,3101641,3966645,4733107,-128,55,1342,-211,-538,835,-3,-4,-6,-86,-96,1292,-197,-599,871,-6,44,-74,
4468606,5156579,5290784,3101641,3966645,4733107,-138,49,1338,-213,-544,842,0,0,-13,-93,-104,1289,-197,-599,871,-22,60,-74,
4468606,5156579,5290784,3145519,3966645,4733107,-129,55,1344,-213,-544,842,1,3,-20,-89,-94,1311,-199,-600,878,-26,60,-72,
4468606,5156579,5290784,3145519,4255844,4733107,-125,51,1341,-214,-538,836,1,1,-11,-91,-105,1295,-199,-600,878,-26,56,-73,
4468606,5156579,5290784,3145519,4255844,4845660,-133,51,1342,-214,-538,836,1,-4,-9,-92,-111,1308,-197,-595,868,-19,62,-73,
4468606,5156579,5290784,3145519,4255844,4845660,-135,49,1337,-214,-531,843,0,-4,-12,-85,-111,1308,-197,-595,868,-11,61,-68,
4468606,5156579,5290784,3145519,4255844,4845660,-125,56,1322,-213,-531,834,2,-6,-13,-78,-102,1315,-196,-601,874,-11,64,-67,
4354771,5156579,5290784,3145519,4255844,4845660,-123,52,1342,-213,-531,834,2,3,-19,-86,-95,1320,-195,-600,871,-8,54,-65,
4354771,5164099,5290784,3145519,4255844,4845660,-132,50,1339,-215,-540,837,7,6,-23,-92,-108,1307,-195,-600,871,-20,54,-70,
4354771,5164099,5283956,3145519,4255844,4845660,-137,49,1364,-215,-540,837,-6,3,-12,-96,-106,1300,-196,-602,879,-19,55,-69,
4354771,5164099,5283956,3490433,4255844,4845660,-144,44,1349,-212,-541,850,-9,2,-10,-87,-106,1298,-196,-602,879,-26,58,-66,
4354771,5164099,5283956,3490433,4361670,4845660,-141,58,1348,-212,-541,850,-7,6,-11,-88,-114,1308,-197,-593,873,-28,54,-61,
4354771,5164099,5283956,3490433,4361670,4898432,-135,57,1347,-217,-534,844,-3,2,-19,-105,-119,1314,-198,-598,877,-20,41,-62,
4354771,5164099,5283956,3490433,4361670,4898432,-133,49,1343,-217,-534,844,-1,5,-16,-95,-93,1310,-198,-598,877,-10,33,-67,
4354771,5164099,5283956,3490433,4361670,4898432,-134,51,1349,-215,-537,846,-1,4,-11,-92,-100,1305,-198,-599,884,-14,25,-63,
4242813,5164099,5283956,3490433,4361670,4898432,-140,64,1354,-212,-540,841,-8,2,-14,-91,-96,1300,-198,-599,884,-9,31,-65,
4242813,5157666,5283956,3490433,4361670,4898432,-140,49,1353,-212,-540,841,-6,6,-17,-93,-111,1302,-200,-598,871,-2,28,-73,
4242813,5157666,5282363,3490433,4361670,4898432,-135,50,1339,-212,-539,833,-7,4,-14,-90,-115,1312,-200,-598,871,1,17,-65,
4242813,5157666,5282363,3488092,4361670,4898432,-134,43,1344,-212,-539,833,-8,7,-9,-90,-92,1307,-195,-593,866,-8,17,-65,
4242813,5157666,5282363,3488092,4359796,4898432,-132,41,1318,-213,-539,846,0,10,-14,-95,-106,1307,-194,-599,872,-10,14,-68,
4242813,5157666,5282363,3488092,4359796,4885290,-130,49,1350,-213,-539,846,-9,13,-22,-98,-102,1306,-194,-599,872,-14,23,-66,
4242813,5157666,5282363,3488092,4359796,4885290,-126,55,1334,-215,-533,836,-11,10,-17,-91,-105,1306,-195,-601,875,-17,41,-65,
4242813,5157666,5282363,3488092,4359796,4885290,-131,44,1339,-213,-536,841,-14,8,-16,-92,-109,1317,-195,-601,875,-15,42,-77,
4163439,5157666,5282363,3488092,4359796,4885290,-131,50,1353,-213,-536,841,-14,11,-15,-87,-120,1321,-201,-598,878,-18,38,-74,
4163439,5122576,5282363,3488092,4359796,4885290,-134,54,1354,-210,-539,848,-10,19,-25,-99,-108,1305,-201,-598,878,-9,20,-69,
4163439,5122576,5290078,3488092,4359796,4885290,-125,53,1342,-210,-539,848,-3,16,-24,-94,-109,1304,-198,-600,879,-12,23,-71,
4163439,5122576,5290078,3261018,4359796,4885290,-140,57,1347,-213,-534,843,-3,15,-19,-98,-99,1305,-198,-603,877,-17,33,-73,
4163439,5122576,5290078,3261018,4417435,4885290,-144,47,1364,-213,-534,843,-9,20,-19,-89,-104,1320,-198,-603,877,-16,33,-72,
4163439,5122576,5290078,3261018,4417435,4895133,-130,52,1324,-216,-539,837,-8,24,-24,-89,-108,1306,-192,-601,869,-11,26,-71,
4163439,5122576,5290078,3261018,4417435,4895133,-110,50,1315,-214,-535,839,-14,21,-23,-99,-101,1304,-192,-601,869,-21,19,-69,
4163439,5122576,5290078,3261018,4417435,4895133,-142,46,1333,-214,-535,839,-8,19,-17,-83,-106,1303,-199,-596,880,-22,17,-68,
4392348,5122576,5290078,3261018,4417435,4895133,-129,56,1334,-211,-538,842,-5,16,-18,-94,-110,1298,-199,-596,865,-21,42,-74,
4392348,4972600,5290078,3261018,4417435,4895133,-127,45,1352,-211,-538,842,-3,23,-24,-99,-106,1317,-198,-600,865,-24,34,-71,
4392348,4972600,5305382,3261018,4417435,4895133,-133,44,1340,-211,-538,835,4,23,-27,-94,-104,1309,-196,-598,874,-17,32,-75,
4392348,4972600,5305382,3307373,4417435,4895133,-142,47,1346,-211,-538,835,1,22,-18,-84,-114,1312,-196,-598,874,-19,29,-71,
4392348,4972600,5305382,3307373,4394170,4895133,-158,49,1355,-213,-534,837,1,18,-18,-94,-110,1294,-196,-602,870,-15,42,-74,
4392348,4972600,5305382,3307373,4394170,4854930,-156,37,1384,-213,-534,842,3,16,-19,-85,-113,1301,-196,-602,870,-15,46,-71,
4392348,4972600,5305382,3307373,4394170,4854930,-145,39,1352,-211,-536,842,9,28,-20,-95,-109,1308,-196,-586,873,-10,52,-72,
4392348,4972600,5305382,3307373,4394170,4854930,-125,50,1332,-211,-536,840,24,16,-18,-105,-99,1300,-196,-597,870,-12,55,-66,
4608117,4972600,5305382,3307373,4394170,4854930,-139,41,1371,-211,-536,840,21,22,-13,-86,-96,1284,-196,-597,870,-12,46,-70,
4608117,4671743,5305382,3307373,4394170,4854930,-137,48,1361,-210,-539,835,17,22,-22,-101,-105,1285,-197,-600,880,-34,52,-68,
4608117,4671743,5306217,3307373,4394170,4854930,-131,52,1331,-210,-539,835,5,19,-20,-112,-113,1318,-197,-600,880,-47,53,-73,
4608117,4671743,5306217,3815730,4394170,4854930,-133,46,1338,-213,-535,837,8,15,-18,-86,-114,1315,-196,-596,877,-45,47,-74,
4608117,4671743,5306217,3815730,4231624,4854930,-119,60,1325,-213,-535,837,16,15,-22,-95,-117,1307,-196,-596,877,-37,38,-69,
4608117,4671743,5306217,3815730,4231624,4814463,-142,37,1344,-211,-534,836,22,25,-19,-89,-112,1316,-199,-600,871,-31,43,-68,
4608117,4671743,5306217,3815730,4231624,4814463,-139,66,1337,-209,-540,836,18,24,-20,-91,-119,1302,-197,-595,874,-22,32,-70,
4608117,4671743,5306217,3815730,4231624,4814463,-144,43,1363,-209,-540,836,10,17,-20,-84,-116,1315,-197,-595,874,-14,38,-69,
4720230,4671743,5306217,3815730,4231624,4814463,-151,60,1334,-210,-538,840,8,12,-15,-93,-109,1305,-195,-599,865,-21,44,-69,
4720230,4586082,5306217,3815730,4231624,4814463,-127,53,1326,-210,-538,840,3,17,-13,-97,-108,1304,-195,-599,865,-13,36,-70,
4720230,4586082,5306347,3815730,4231624,4814463,-153,50,1351,-209,-534,838,0,15,-17,-107,-114,1309,-194,-596,873,-6,28,-67,
4720230,4586082,5306347,3861227,4231624,4814463,-123,53,1319,-209,-534,838,-1,11,-20,-86,-107,1307,-194,-596,873,-23,34,-68,
4720230,4586082,5306347,3861227,4139641,4814463,-131,46,1332,-210,-533,840,0,11,-17,-107,-103,1314,-198,-598,864,-35,45,-67,
4720230,4586082,5306347,3861227,4139641,4781624,-165,43,1369,-209,-535,840,10,6,-17,-99,-113,1313,-196,-597,875,-26,42,-73,
4720230,4586082,5306347,3861227,4139641,4781624,-147,61,1341,-209,-535,840,13,12,-14,-95,-113,1311,-196,-597,875,-26,31,-73,
4720230,4586082,5306347,3861227,4139641,4781624,-151,46,1355,-209,-538,836,15,12,-19,-88,-119,1317,-193,-597,871,-24,45,-73,
4631809,4586082,5306347,3861227,4139641,4781624,-161,50,1347,-209,-538,836,-2,12,-25,-100,-111,1309,-193,-597,871,-31,45,-77,
4631809,4697972,5306347,3861227,4139641,4781624,-146,43,1353,-211,-540,836,-2,8,-19,-93,-117,1302,-194,-594,869,-29,44,-76,
4631809,4697972,5300840,3861227,4139641,4781624,-172,52,1358,-211,-540,836,0,5,-13,-89,-108,1288,-194,-594,880,-25,43,-75,
4631809,4697972,5300840,3864297,4139641,4781624,-141,54,1340,-211,-532,846,9,17,-18,-90,-109,1308,-192,-594,880,-19,52,-71,
4631809,4697972,5300840,3864297,4213189,4781624,-144,45,1336,-211,-535,847,14,19,-17,-102,-124,1315,-196,-596,877,-20,50,-76,
4631809,4697972,5300840,3864297,4213189,4770695,-150,38,1335,-212,-535,847,16,20,-12,-85,-119,1305,-196,-596,877,-19,46,-72,
4631809,4697972,5300840,3864297,4213189,4770695,-146,48,1340,-211,-535,837,13,18,-11,-100,-117,1311,-200,-600,877,-13,48,-66,
4631809,4697972,5300840,3864297,4213189,4770695,-143,53,1353,-211,-535,837,5,16,-19,-100,-111,1307,-200,-600,877,-20,48,-75,
4480029,4697972,5300840,3864297,4213189,4770695,-144,55,1334,-209,-540,836,4,11,-13,-108,-100,1324,-195,-595,877,-20,52,-76,
4480029,4839433,5300840,3864297,4213189,4770695,-138,51,1329,-209,-540,836,10,12,-12,-102,-116,1307,-194,-592,881,-26,58,-71,
4480029,4839433,5294766,3864297,4213189,4770695,-134,56,1340,-212,-535,837,11,9,-15,-89,-106,1315,-194,-592,881,-27,56,-70,
4480029,4839433,5294766,3911611,4213189,4770695,-167,51,1375,-212,-535,837,15,16,-13,-97,-106,1324,-198,-598,884,-26,53,-74,
4480029,4839433,5294766,3911611,4361217,4770695,-120,49,1315,-208,-538,839,12,11,-11,-94,-127,1308,-198,-598,884,-33,54,-70,
4480029,4839433,5294766,3911611,4361217,4782807,-121,65,1309,-209,-538,847,8,12,-17,-100,-120,1308,-193,-594,872,-24,57,-68,
4480029,4839433,5294766,3911611,4361217,4782807,-142,58,1355,-209,-538,847,12,8,-18,-87,-116,1303,-193,-594,872,-22,57,-67,
4480029,4839433,5294766,3911611,4361217,4782807,-127,52,1337,-209,-538,842,16,15,-11,-81,-115,1315,-195,-588,877,-22,54,-70,
4386725,4839433,5294766,3911611,4361217,4782807,-142,45,1343,-209,-538,842,14,16,-12,-90,-121,1315,-193,-592,873,-30,51,-68,
4386725,4930245,5294766,3911611,4361217,4782807,-145,72,1349,-211,-532,832,11,11,-11,-102,-112,1318,-193,-592,873,-30,59,-69,
4386725,4930245,5286623,3911611,4361217,4782807,-131,48,1350,-211,-532,832,4,6,-14,-89,-104,1306,-191,-595,881,-23,63,-75,
4386725,4930245,5286623,4045249,4361217,4782807,-146,47,1341,-212,-530,843,10,6,-13,-101,-111,1329,-191,-595,881,-24,66,-73,
4386725,4930245,5286623,4045249,4516882,4782807,-146,49,1338,-207,-540,837,18,9,-16,-93,-115,1307,-194,-595,879,-23,58,-69,
4386725,4930245,5286623,4045249,4516882,4836215,-133,63,1338,-207,-540,837,22,8,-15,-108,-112,1301,-194,-595,879,-22,63,-72,
4386725,4930245,5286623,4045249,4516882,4836215,-143,44,1331,-207,-539,845,20,8,-16,-89,-109,1310,-196,-592,881,-19,67,-69,
4386725,4930245,5286623,4045249,4516882,4836215,-132,38,1336,-207,-539,845,19,6,-12,-101,-118,1314,-195,-591,866,-35,68,-67,
4347540,4930245,5286623,4045249,4516882,4836215,-138,56,1341,-214,-542,846,18,7,-14,-97,-107,1306,-195,-591,866,-26,62,-69,
4347540,4969876,5286623,4045249,4516882,4836215,-129,48,1337,-214,-542,846,12,4,-12,-102,-111,1308,-188,-593,874,-20,61,-66,
4347540,4969876,5271363,4045249,4516882,4836215,-139,45,1352,-212,-530,850,18,1,-8,-99,-119,1307,-188,-593,874,-19,59,-72,
4347540,4969876,5271363,4071505,4516882,4836215,-144,54,1328,-209,-537,834,15,-1,-8,-97,-120,1298,-189,-592,883,-13,60,-73,
4347540,4969876,5271363,4071505,4681454,4836215,-132,58,1350,-209,-537,834,8,0,-18,-106,-112,1301,-189,-588,883,-30,60,-67,
4347540,4969876,5271363,4071505,4681454,4895341,-144,45,1363,-209,-542,831,10,3,-18,-97,-106,1296,-189,-588,883,-27,61,-75,
4347540,4969876,5271363,4071505,4681454,4895341,-147,52,1334,-209,-542,831,7,-4,-14,-102,-118,1320,-187,-590,881,-34,65,-74,
4347540,4969876,5271363,4071505,4681454,4895341,-134,51,1332,-210,-543,844,5,-1,-17,-106,-117,1310,-187,-590,881,-31,66,-69,
4287033,4969876,5271363,4071505,4681454,4895341,-142,40,1343,-210,-543,844,10,0,-17,-101,-117,1308,-191,-593,880,-28,57,-65,
4287033,4988742,5271363,4071505,4681454,4895341,-140,70,1337,-212,-536,845,3,1,-14,-108,-123,1306,-191,-593,880,-25,55,-66,
4287033,4988742,5247693,4071505,4681454,4895341,-132,53,1348,-212,-536,845,2,0,-19,-96,-125,1306,-186,-583,869,-14,61,-69,
4287033,4988742,5247693,4098396,4681454,4895341,-150,46,1342,-212,-539,839,3,0,-21,-107,-115,1289,-189,-591,883,-10,59,-67,
4287033,4988742,5247693,4098396,4771052,4895341,-134,55,1330,-211,-542,835,-4,1,-24,-119,-118,1318,-189,-591,883,-18,59,-73,
4287033,4988742,5247693,4098396,4771052,4922105,-144,40,1349,-211,-542,835,-6,-5,-16,-98,-122,1306,-191,-592,887,-13,59,-72,
4287033,4988742,5247693,4098396,4771052,4922105,-142,43,1360,-210,-544,842,-2,-7,-13,-97,-112,1310,-191,-592,887,-15,56,-67,
4287033,4988742,5247693,4098396,4771052,4922105,-145,50,1334,-210,-544,842,6,0,-15,-105,-110,1303,-190,-587,874,-23,60,-75,
4207932,4988742,5247693,4098396,4771052,4922105,-140,56,1347,-210,-541,843,3,4,-21,-102,-126,1314,-190,-587,874,-23,52,-74,
4207932,5005334,5247693,4098396,4771052,4922105,-156,60,1345,-210,-541,843,10,3,-22,-113,-126,1304,-186,-586,870,-24,57,-77,
4207932,5005334,5215734,4098396,4771052,4922105,-131,58,1337,-211,-538,837,8,2,-23,-111,-120,1293,-187,-591,876,-18,46,-73,
4207932,5005334,5215734,4155027,4771052,4922105,-142,47,1352,-210,-542,829,6,6,-25,-113,-113,1306,-187,-591,876,-5,50,-72,
4207932,5005334,5215734,4155027,4813175,4922105,-143,40,1336,-210,-542,829,15,11,-27,-104,-118,1315,-189,-591,879,-6,53,-69,
4207932,5005334,5215734,4155027,4813175,4943764,-158,54,1341,-212,-542,838,11,7,-21,-113,-113,1320,-189,-591,879,-1,50,-73,
4207932,5005334,5215734,4155027,4813175,4943764,-142,62,1342,-212,-542,838,10,15,-23,-95,-127,1314,-190,-592,875,2,42,-74,
4207932,5005334,5215734,4155027,4813175,4943764,-134,52,1363,-212,-541,840,-1,12,-28,-110,-122,1301,-190,-592,875,-2,36,-67,
4522630,5005334,5215734,4155027,4813175,4943764,-114,72,1314,-212,-541,840,-3,6,-27,-97,-109,1319,-189,-590,888,1,33,-67,
4522630,5035174,5215734,4155027,4813175,4943764,-139,67,1343,-212,-539,843,3,7,-24,-119,-128,1298,-186,-593,892,-2,44,-66,
4522630,5035174,5199915,4155027,4813175,4943764,-154,52,1367,-210,-537,839,14,9,-21,-106,-119,1300,-186,-593,892,3,33,-65,
4522630,5035174,5199915,4043886,4813175,4943764,-130,63,1335,-210,-537,839,9,11,-20,-105,-118,1306,-186,-593,886,3,25,-72,
4522630,5035174,5199915,4043886,4826891,4943764,-143,70,1322,-207,-542,836,6,6,-21,-100,-121,1315,-186,-593,886,-6,32,-72,
4522630,5035174,5199915,4043886,4826891,4962084,-137,60,1319,-207,-542,836,7,2,-18,-109,-116,1327,-189,-591,865,-7,38,-76,
4522630,5035174,5199915,4043886,4826891,4962084,-149,56,1346,-213,-542,836,17,14,-18,-98,-108,1311,-189,-591,876,-8,44,-68,
4522630,5035174,5199915,4043886,4826891,4962084,-123,63,1333,-213,-542,836,14,12,-22,-100,-122,1291,-186,-591,876,-3,37,-69,
4700557,5035174,5199915,4043886,4826891,4962084,-148,60,1333,-210,-535,834,10,5,-22,-113,-124,1304,-188,-593,889,-8,28,-69,
4700557,5017988,5199915,4043886,4826891,4962084,-146,47,1334,-210,-535,836,8,10,-23,-112,-110,1306,-188,-593,889,-15,25,-66,
4700557,5017988,5178350,4043886,4826891,4962084,-135,51,1333,-210,-539,836,8,6,-21,-101,-111,1300,-188,-594,879,-12,24,-69,
4700557,5017988,5178350,4084613,4826891,4962084,-143,54,1335,-210,-542,839,16,2,-19,-110,-110,1299,-188,-594,879,-10,23,-70,
4700557,5017988,5178350,4084613,4820193,4962084,-135,64,1332,-210,-542,839,22,10,-23,-111,-105,1304,-189,-589,874,-12,25,-66,
4700557,5017988,5178350,4084613,4820193,4941376,-145,53,1346,-209,-542,842,26,6,-24,-95,-108,1296,-188,-592,875,-15,30,-76,
4700557,5017988,5178350,4084613,4820193,4941376,-142,69,1343,-209,-542,842,27,6,-23,-94,-115,1320,-188,-592,875,-21,35,-71,
4700557,5017988,5178350,4084613,4820193,4941376,-128,63,1338,-211,-543,839,24,14,-26,-105,-121,1297,-188,-593,875,-23,50,-65,
4913510,5017988,5178350,4084613,4820193,4941376,-156,55,1349,-211,-543,839,23,10,-15,-101,-115,1299,-188,-593,875,-24,52,-69,
4913510,4959311,5178350,4084613,4820193,4941376,-144,59,1352,-208,-542,832,19,9,-14,-104,-114,1294,-186,-586,882,-30,59,-74,
4913510,4959311,5170364,4084613,4820193,4941376,-136,61,1351,-207,-544,836,17,11,-23,-91,-126,1302,-186,-586,882,-27,51,-63,
4913510,4959311,5170364,4494707,4820193,4941376,-134,68,1332,-207,-544,836,1,13,-21,-103,-116,1300,-191,-589,881,-31,48,-66,
4913510,4959311,5170364,4494707,4735212,4941376,-146,65,1352,-209,-545,837,-10,13,-18,-102,-125,1315,-188,-590,880,-30,37,-66,
4913510,4959311,5170364,4494707,4735212,4886572,-154,46,1348,-209,-545,837,1,13,-17,-107,-118,1314,-188,-590,880,-22,36,-65,
4913510,4959311,5170364,4494707,4735212,4886572,-130,61,1329,-211,-535,835,4,9,-22,-108,-110,1304,-189,-595,878,-21,34,-61,
4913510,4959311,5170364,4494707,4735212,4886572,-152,71,1328,-211,-535,835,5,4,-19,-108,-127,1300,-189,-595,878,-27,32,-63,
4977587,4959311,5170364,4494707,4735212,4886572,-153,64,1319,-209,-532,840,9,10,-19,-97,-117,1320,-189,-589,882,-20,23,-61,
4977587,4912180,5170364,4494707,4735212,4886572,-159,51,1359,-211,-543,837,15,10,-20,-102,-114,1319,-189,-589,882,-24,22,-69,
4977587,4912180,5175661,4494707,4735212,4886572,-151,56,1355,-211,-543,837,18,6,-22,-109,-104,1314,-190,-595,863,-23,21,-65,
4977587,4912180,5175661,4673363,4735212,4886572,-142,58,1343,-211,-544,832,12,5,-14,-115,-125,1313,-186,-591,891,-20,22,-70,
4977587,4912180,5175661,4673363,4608045,4886572,-145,62,1329,-211,-544,832,13,12,-10,-116,-120,1314,-186,-591,891,-12,21,-68,
4977587,4912180,5175661,4673363,4608045,4751539,-141,67,1339,-209,-546,835,6,13,-16,-103,-114,1299,-191,-593,872,-7,12,-64,
4977587,4912180,5175661,4673363,4608045,4751539,-147,61,1342,-209,-546,835,-3,6,-11,-109,-123,1328,-191,-593,872,-11,22,-66,
4977587,4912180,5175661,4673363,4608045,4751539,-142,61,1336,-211,-538,829,4,9,-18,-105,-131,1298,-188,-588,874,-16,12,-60,
5023138,4912180,5175661,4673363,4608045,4751539,-156,57,1360,-211,-545,834,4,9,-18,-106,-113,1319,-188,-589,875,-16,17,-61,
5023138,4881981,5175661,4673363,4608045,4751539,-136,54,1314,-207,-545,834,3,6,-19,-90,-119,1307,-187,-589,875,-15,20,-70,
5023138,4881981,5190988,4673363,4608045,4751539,-149,50,1343,-208,-544,833,7,9,-19,-96,-105,1281,-191,-590,875,-27,15,-67,
5023138,4881981,5190988,4667828,4608045,4751539,-142,77,1344,-208,-544,833,5,14,-15,-97,-127,1290,-191,-590,875,-20,20,-70,
5023138,4881981,5190988,4667828,4522090,4751539,-130,69,1324,-210,-543,835,6,10,-18,-108,-126,1301,-189,-591,877,-15,24,-66,
5023138,4881981,5190988,4667828,4522090,4611768,-131,63,1331,-210,-543,835,0,9,-19,-117,-123,1297,-189,-591,877,-20,17,-68,
5023138,4881981,5190988,4667828,4522090,4611768,-146,74,1347,-209,-541,835,-1,9,-22,-106,-128,1305,-193,-587,870,-17,17,-74,
5023138,4881981,5190988,4667828,4522090,4611768,-159,69,1352,-209,-541,835,7,9,-22,-107,-118,1310,-189,-589,874,-13,21,-69,
5052724,4881981,5190988,4667828,4522090,4611768,-147,66,1329,-210,-541,841,4,11,-18,-96,-118,1314,-189,-589,874,-11,18,-74,
5052724,4872090,5190988,4667828,4522090,4611768,-130,57,1319,-210,-542,832,6,17,-24,-112,-115,1303,-187,-591,885,-12,27,-70,
5052724,4872090,5205001,4667828,4522090,4611768,-141,60,1345,-210,-542,832,14,9,-17,-114,-132,1308,-187,-591,885,-8,22,-70,
5052724,4872090,5205001,4610885,4522090,4611768,-140,53,1353,-209,-546,832,6,11,-21,-102,-124,1313,-190,-588,879,-6,17,-71,
5052724,4872090,5205001,4610885,4401362,4611768,-146,59,1339,-209,-546,832,6,9,-14,-105,-112,1304,-190,-588,879,-7,22,-75,
5052724,4872090,5205001,4610885,4401362,4533495,-145,77,1334,-209,-535,833,7,6,-23,-112,-125,1293,-188,-587,874,-10,21,-76,
5052724,4872090,5205001,4610885,4401362,4533495,-137,62,1333,-209,-535,833,4,8,-19,-100,-122,1311,-193,-591,872,-7,22,-72,
5052724,4872090,5205001,4610885,4401362,4533495,-152,57,1347,-208,-538,827,5,7,-21,-109,-131,1310,-193,-591,872,-14,26,-67,
5059503,4872090,5205001,4610885,4401362,4533495,-138,66,1323,-211,-548,836,6,5,-22,-95,-114,1297,-189,-591,872,-13,27,-75,
5059503,4881577,5205001,4610885,4401362,4533495,-146,63,1351,-211,-548,836,2,1,-16,-108,-122,1313,-189,-591,872,-13,28,-75,
5059503,4881577,5215193,4610885,4401362,4533495,-142,56,1355,-208,-546,843,-1,4,-14,-104,-118,1299,-192,-587,881,-9,25,-77,
5059503,4881577,5215193,4622955,4401362,4533495,-147,62,1328,-208,-546,843,6,9,-9,-108,-115,1322,-192,-587,881,-11,28,-73,
5059503,4881577,5215193,4622955,4330040,4533495,-143,72,1338,-209,-547,840,11,7,-15,-98,-118,1305,-190,-589,887,-1,32,-72,
5059503,4881577,5215193,4622955,4330040,4476354,-133,68,1307,-209,-547,840,10,3,-16,-102,-119,1298,-187,-589,877,-8,30,-67,
5059503,4881577,5215193,4622955,4330040,4476354,-148,73,1349,-210,-542,839,10,9,-18,-101,-114,1311,-187,-589,877,-18,38,-66,
5059503,4881577,5215193,4622955,4330040,4476354,-146,59,1340,-210,-540,829,4,9,-20,-104,-119,1313,-185,-590,880,-18,33,-66,
5058158,4881577,5215193,4622955,4330040,4476354,-141,64,1342,-210,-540,829,5,8,-10,-113,-126,1303,-185,-590,880,-14,37,-73,
5058158,4899630,5215193,4622955,4330040,4476354,-149,66,1340,-207,-545,829,-3,3,-16,-107,-124,1303,-191,-590,874,-9,34,-67,
5058158,4899630,5214365,4622955,4330040,4476354,-150,62,1346,-207,-545,829,2,6,-11,-94,-119,1307,-189,-585,876,-13,39,-63,
5058158,4899630,5214365,4674344,4330040,4476354,-141,60,1332,-210,-541,827,6,3,-12,-122,-128,1318,-189,-585,876,-19,36,-67,
5058158,4899630,5214365,4674344,4302981,4476354,-147,63,1341,-210,-541,827,10,4,-16,-95,-121,1302,-190,-591,871,-13,39,-66,
5058158,4899630,5214365,4674344,4302981,4499370,-136,60,1340,-214,-544,830,9,8,-15,-102,-119,1312,-190,-591,871,-9,37,-72,
5058158,4899630,5214365,4674344,4302981,4499370,-152,60,1364,-214,-544,830,7,2,-16,-95,-116,1298,-191,-594,880,-9,41,-73,
5058158,4899630,5214365,4674344,4302981,4499370,-146,56,1317,-210,-546,831,5,6,-15,-105,-111,1296,-191,-594,880,-9,41,-71,
5054047,4899630,5214365,4674344,4302981,4499370,-149,54,1327,-206,-541,833,14,5,-9,-98,-112,1309,-193,-587,875,-14,42,-67,
5054047,4922372,5214365,4674344,4302981,4499370,-144,66,1353,-206,-541,833,9,3,-15,-87,-109,1288,-190,-590,882,-12,39,-67,
5054047,4922372,5211329,4674344,4302981,4499370,-151,59,1335,-212,-546,837,7,3,-11,-95,-118,1298,-190,-590,882,-11,37,-65,
5054047,4922372,5211329,4703859,4302981,4499370,-151,77,1343,-212,-546,837,10,5,-15,-107,-112,1308,-186,-595,880,-9,47,-73,
5054047,4922372,5211329,4703859,4303215,4499370,-148,49,1353,-209,-538,831,6,9,-16,-99,-121,1301,-186,-595,880,-18,51,-65,
5054047,4922372,5211329,4703859,4303215,4508090,-156,67,1347,-209,-538,831,5,4,-19,-95,-115,1321,-190,-590,880,-17,51,-64,
5054047,4922372,5211329,4703859,4303215,4508090,-157,59,1343,-208,-539,834,9,1,-15,-104,-122,1320,-190,-590,880,-20,38,-67,
5054047,4922372,5211329,4703859,4303215,4508090,-128,71,1338,-209,-547,831,10,5,-9,-110,-123,1312,-194,-586,869,-17,40,-63,
5055139,4922372,5211329,4703859,4303215,4508090,-152,56,1362,-209,-547,831,4,0,-6,-110,-118,1295,-189,-591,868,-11,43,-59,
5055139,4929805,5211329,4703859,4303215,4508090,-150,66,1336,-207,-549,843,1,4,-10,-104,-108,1302,-189,-591,868,-15,34,-58,
5055139,4929805,5203985,4703859,4303215,4508090,-144,72,1353,-207,-549,843,4,8,-17,-90,-125,1291,-187,-594,880,-15,34,-62,
5055139,4929805,5203985,4777143,4303215,4508090,-159,59,1343,-210,-541,824,2,10,-15,-112,-112,1297,-187,-594,880,-20,37,-68,
5055139,4929805,5203985,4777143,4276418,4508090,-151,75,1338,-210,-541,824,8,4,-14,-115,-111,1309,-190,-590,875,-15,41,-60,
5055139,4929805,5203985,4777143,4276418,4507747,-151,52,1338,-208,-536,835,5,5,-11,-108,-115,1308,-190,-590,875,-15,41,-63,
5055139,4929805,5203985,4777143,4276418,4507747,-131,48,1324,-210,-544,841,8,4,-17,-104,-122,1306,-187,-592,873,-17,34,-65,
5055139,4929805,5203985,4777143,4276418,4507747,-153,63,1361,-210,-544,841,9,6,-19,-102,-114,1313,-186,-589,870,-12,43,-62,
5057962,4929805,5203985,4777143,4276418,4507747,-151,68,1361,-208,-544,837,1,3,-11,-108,-126,1316,-186,-589,870,-16,34,-62,
5057962,4914848,5203985,4777143,4276418,4507747,-132,56,1334,-208,-544,837,4,3,-13,-94,-121,1297,-191,-592,870,-19,42,-63,
5057962,4914848,5198086,4777143,4276418,4507747,-149,58,1355,-209,-545,835,6,-1,-14,-95,-123,1298,-191,-592,870,-13,36,-65,
5057962,4914848,5198086,4826554,4276418,4507747,-152,53,1350,-209,-545,835,3,-4,-11,-103,-116,1310,-191,-586,870,-18,43,-63,
5057962,4914848,5198086,4826554,4324061,4507747,-144,64,1340,-209,-544,838,7,1,-10,-104,-109,1308,-192,-585,879,-16,45,-59,
5057962,4914848,5198086,4826554,4324061,4501118,-136,67,1321,-209,-544,834,6,7,-13,-101,-124,1313,-192,-585,879,-14,43,-60,
5057962,4914848,5198086,4826554,4324061,4501118,-137,66,1352,-212,-546,834,2,4,-9,-111,-125,1303,-188,-589,877,-17,47,-61,
5057962,4914848,5198086,4826554,4324061,4501118,-142,72,1336,-206,-544,832,5,12,-18,-103,-124,1319,-188,-589,877,-17,43,-65,
5061083,4914848,5198086,4826554,4324061,4501118,-143,69,1346,-206,-544,832,1,4,-13,-97,-119,1303,-192,-593,881,-9,35,-62,
5061083,4920249,5198086,4826554,4324061,4501118,-140,66,1339,-206,-547,832,11,0,-10,-104,-114,1314,-192,-593,881,-11,40,-62,
5061083,4920249,5195724,4826554,4324061,4501118,-141,53,1348,-206,-547,832,3,8,-13,-106,-121,1299,-191,-584,876,-15,33,-66,
5061083,4920249,5195724,4845965,4324061,4501118,-153,56,1356,-209,-547,843,-2,1,-13,-97,-121,1309,-188,-584,873,-17,36,-62,
5061083,4920249,5195724,4845965,4302788,4501118,-156,60,1362,-209,-547,843,10,4,-10,-107,-118,1305,-188,-584,873,-15,37,-67,
5061083,4920249,5195724,4845965,4302788,4502828,-146,63,1338,-209,-541,841,7,2,-8,-104,-119,1317,-188,-591,874,-16,36,-61,
5061083,4920249,5195724,4845965,4302788,4502828,-142,60,1332,-209,-545,843,0,1,-11,-115,-119,1305,-188,-591,874,-18,42,-62,
5061083,4920249,5195724,4845965,4302788,4502828,-146,48,1351,-209,-545,843,4,6,-15,-100,-114,1316,-189,-585,870,-15,38,-64,
5060206,4920249,5195724,4845965,4302788,4502828,-139,58,1343,-211,-546,825,8,9,-22,-92,-124,1305,-189,-585,870,-21,32,-60,
5060206,4922882,5195724,4845965,4302788,4502828,-147,64,1339,-211,-546,825,8,12,-22,-103,-127,1307,-189,-587,865,-14,33,-57,
5060206,4922882,5190898,4845965,4302788,4502828,-148,55,1343,-211,-542,845,3,8,-16,-107,-102,1306,-189,-591,883,-11,30,-54,
5060206,4922882,5190898,4887988,4302788,4502828,-147,59,1350,-211,-542,845,9,9,-13,-103,-107,1305,-189,-591,883,-19,34,-59,
5060206,4922882,5190898,4887988,4328196,4502828,-153,64,1339,-210,-542,832,6,5,-13,-114,-116,1313,-185,-588,879,-13,28,-62,
5060206,4922882,5190898,4887988,4328196,4518763,-141,57,1333,-209,-546,837,8,1,-16,-108,-128,1308,-185,-588,879,-11,37,-61,
5060206,4922882,5190898,4887988,4328196,4518763,-131,64,1343,-209,-546,837,3,7,-17,-98,-119,1310,-189,-589,877,-11,35,-62,
5060206,4922882,5190898,4887988,4328196,4518763,-145,63,1346,-208,-544,831,1,5,-14,-110,-118,1308,-189,-589,877,-13,36,-59,
5061935,4922882,5190898,4887988,4328196,4518763,-149,55,1345,-208,-544,831,1,4,-21,-103,-121,1309,-189,-592,882,-16,28,-60,
5061935,4926299,5190898,4887988,4328196,4518763,-140,69,1330,-212,-545,835,3,4,-15,-102,-122,1305,-187,-590,873,-12,33,-62,
5061935,4926299,5190573,4887988,4328196,4518763,-154,59,1354,-212,-545,835,9,4,-13,-105,-115,1305,-187,-590,873,-9,30,-66,
5061935,4926299,5190573,4901265,4328196,4518763,-130,55,1341,-212,-543,835,10,7,-12,-106,-110,1314,-184,-589,881,-14,29,-57,
5061935,4926299,5190573,4901265,4303614,4518763,-137,52,1348,-212,-543,836,13,7,-18,-111,-121,1307,-184,-589,881,-10,25,-54,
5061935,4926299,5190573,4901265,4303614,4509749,-140,64,1339,-208,-543,836,7,3,-11,-102,-116,1308,-188,-584,883,-11,42,-56,
5061935,4926299,5190573,4901265,4303614,4509749,-140,69,1337,-209,-545,837,2,7,-13,-110,-129,1299,-185,-589,884,-12,35,-58,
5061935,4926299,5190573,4901265,4303614,4509749,-132,65,1345,-209,-545,837,0,7,-14,-113,-122,1306,-185,-589,884,-17,31,-66,
5063906,4926299,5190573,4901265,4303614,4509749,-158,54,1366,-208,-547,838,1,4,-19,-111,-134,1311,-189,-592,874,-12,27,-66,
5063906,4923101,5190573,4901265,4303614,4509749,-148,53,1352,-208,-547,838,10,2,-11,-102,-116,1323,-189,-592,874,-11,25,-58,
5063906,4923101,5188907,4901265,4303614,4509749,-146,66,1328,-211,-542,831,10,5,-8,-107,-127,1301,-188,-587,875,-15,29,-63,
5063906,4923101,5188907,4921369,4303614,4509749,-157,66,1356,-211,-542,831,10,7,-13,-108,-122,1311,-188,-587,875,-21,27,-63,
5063906,4923101,5188907,4921369,4261390,4509749,-151,73,1335,-209,-544,841,8,9,-18,-106,-120,1307,-188,-587,873,-13,27,-61,
5063906,4923101,5188907,4921369,4261390,4512011,-148,62,1352,-209,-547,838,-254,6,-15,-102,-119,1300,-187,-588,872,-12,37,-63,
5063906,4923101,5188907,4921369,4261390,4512011,-141,64,1332,-209,-547,838,5,7,-18,-115,-127,1318,-187,-588,872,-15,38,-62,
5063906,4923101,5188907,4921369,4261390,4512011,-146,56,1346,-210,-544,837,2,5,-15,-97,-121,1310,-187,-591,876,-16,40,-60,
5066717,4923101,5188907,4921369,4261390,4512011,-138,67,1337,-210,-544,837,7,4,-13,-105,-114,1299,-187,-591,876,-15,34,-60,
5066717,4914750,5188907,4921369,4261390,4512011,-158,62,1340,-207,-542,836,9,7,-17,-102,-112,1286,-187,-588,873,-13,26,-63,
5066717,4914750,5183330,4921369,4261390,4512011,-165,68,1393,-207,-542,836,7,8,-13,-103,-113,1293,-187,-588,873,-15,29,-64,
5066717,4914750,5183330,4927255,4261390,4512011,-148,57,1365,-210,-544,838,3,8,-17,-96,-125,1309,-191,-583,886,-19,41,-58,
5066717,4914750,5183330,4927255,4256171,4512011,-145,65,1334,-210,-544,825,2,2,-13,-97,-128,1301,-190,-590,882,-12,32,-56,
5066717,4914750,5183330,4927255,4256171,4512124,-142,66,1332,-210,-544,825,2,13,-15,-110,-110,1304,-190,-590,882,-11,34,-68,
5066717,4914750,5183330,4927255,4256171,4512124,-156,68,1332,-210,-546,837,7,9,-17,-107,-109,1300,-187,-590,879,-14,29,-64,
5066717,4914750,5183330,4927255,4256171,4512124,-144,73,1336,-210,-546,837,-1,3,-14,-103,-121,1316,-187,-590,879,-16,41,-61,
5069167,4914750,5183330,4927255,4256171,4512124,-140,61,1339,-209,-546,829,2,-1,-12,-111,-113,1297,-187,-586,881,-12,37,-61,
5069167,4906467,5183330,4927255,4256171,4512124,-141,62,1351,-209,-546,829,4,3,-16,-105,-116,1309,-187,-586,881,-18,28,-57,
5069167,4906467,5181887,4927255,4256171,4512124,-143,65,1340,-213,-540,844,5,10,-14,-114,-122,1308,-189,-590,872,-14,36,-62,
5069167,4906467,5181887,4944501,4256171,4512124,-161,62,1377,-210,-543,822,4,6,-15,-110,-121,1299,-187,-590,883,-14,39,-59,
5069167,4906467,5181887,4944501,4256867,4512124,-155,73,1335,-210,-543,822,9,3,-13,-113,-130,1306,-187,-590,883,-3,34,-58,
5069167,4906467,5181887,4944501,4256867,4511827,-150,60,1338,-209,-546,828,-1,9,-18,-111,-120,1313,-187,-587,874,-8,39,-67,
5069167,4906467,5181887,4944501,4256867,4511827,-135,65,1339,-209,-546,828,9,6,-18,-103,-120,1316,-187,-587,874,-8,42,-64,
5069167,4906467,5181887,4944501,4256867,4511827,-145,58,1346,-211,-549,837,-2,6,-22,-104,-125,1307,-191,-586,880,-14,33,-63,
5073165,4906467,5181887,4944501,4256867,4511827,-140,70,1334,-211,-549,837,-2,14,-19,-108,-134,1312,-187,-588,874,-11,30,-56,
5073165,4902200,5181887,4944501,4256867,4511827,-147,66,1343,-208,-542,839,1,9,-19,-101,-117,1296,-187,-588,874,-10,36,-56,
5073165,4902200,5177696,4944501,4256867,4511827,-149,64,1339,-208,-542,839,5,5,-16,-101,-118,1307,-187,-591,883,-16,39,-60,
5073165,4902200,5177696,4955021,4256867,4511827,-149,59,1351,-210,-546,839,6,6,-14,-113,-119,1312,-187,-591,883,-11,41,-62,
5073165,4902200,5177696,4955021,4269427,4511827,-153,52,1357,-209,-546,834,3,10,-19,-105,-124,1309,-191,-588,876,-15,35,-58,
5073165,4902200,5177696,4955021,4269427,4519584,-151,61,1352,-209,-546,834,0,5,-14,-113,-128,1301,-191,-588,876,-13,30,-61,
5073165,4902200,5177696,4955021,4269427,4519584,-151,70,1339,-212,-548,823,5,8,-17,-104,-128,1303,-188,-583,878,-12,28,-65,
5073165,4902200,5177696,4955021,4269427,4519584,-147,70,1348,-212,-548,823,9,9,-16,-100,-126,1303,-189,-592,888,-9,31,-60,
5076887,4902200,5177696,4955021,4269427,4519584,-148,66,1358,-211,-543,825,8,11,-17,-107,-112,1320,-189,-592,888,-13,31,-59,
5076887,4891822,5177696,4955021,4269427,4519584,-134,68,1348,-211,-543,825,7,4,-14,-107,-115,1310,-192,-589,873,-9,32,-56,
5076887,4891822,5173983,4955021,4269427,4519584,-139,61,1336,-211,-539,828,6,1,-12,-106,-118,1310,-192,-589,873,-11,36,-53,
5076887,4891822,5173983,4960505,4269427,4519584,-143,74,1345,-209,-545,832,2,4,-14,-102,-128,1317,-189,-589,878,-12,30,-55,
5076887,4891822,5173983,4960505,4235718,4519584,-146,64,1342,-209,-545,832,4,11,-20,-105,-118,1302,-189,-589,878,-9,30,-59,
5076887,4891822,5173983,4960505,4235718,4488259,-140,61,1352,-209,-548,838,3,1,-14,-106,-126,1294,-184,-588,882,-9,33,-58,
5076887,4891822,5173983,4960505,4235718,4488259,-128,61,1332,-209,-548,838,4,3,-12,-96,-120,1310,-187,-592,868,-15,44,-61,
5076887,4891822,5173983,4960505,4235718,4488259,-143,76,1334,-208,-544,829,7,9,-15,-106,-120,1304,-187,-592,868,-17,34,-62,
5080034,4891822,5173983,4960505,4235718,4488259,-152,55,1356,-208,-544,829,10,5,-11,-106,-129,1318,-189,-590,878,-5,35,-63,
5080034,4878678,5173983,4960505,4235718,4488259,-149,56,1334,-214,-540,833,9,0,-12,-106,-126,1305,-189,-590,878,-17,27,-61,
5080034,4878678,5169873,4960505,4235718,4488259,-146,63,1345,-210,-543,832,-2,6,-11,-117,-110,1314,-190,-586,873,-19,33,-57,
5080034,4878678,5169873,4984380,4235718,4488259,-144,67,1322,-210,-543,832,4,10,-13,-98,-114,1297,-190,-586,873,-12,41,-61,
5080034,4878678,5169873,4984380,4100187,4488259,-155,53,1360,-212,-551,833,11,9,-19,-101,-120,1307,-192,-587,871,-11,36,-59,
5080034,4878678,5169873,4984380,4100187,4499506,-164,45,1337,-212,-551,833,4,1,-12,-101,-128,1318,-190,-592,877,-17,31,-52,
5080034,4878678,5169873,4984380,4100187,4499506,-134,60,1313,-210,-549,831,8,1,-15,-102,-123,1310,-190,-592,877,-14,26,-61,
5080034,4878678,5169873,4984380,4100187,4499506,-149,63,1342,-210,-549,831,0,3,-12,-96,-128,1308,-189,-588,873,-10,21,-60,
5089112,4878678,5169873,4984380,4100187,4499506,-149,62,1327,-214,-543,825,2,6,-13,-105,-124,1306,-189,-588,873,-10,29,-57,
5089112,4855545,5169873,4984380,4100187,4499506,-143,67,1340,-214,-543,835,8,7,-17,-105,-117,1301,-190,-589,883,-12,26,-55,
5089112,4855545,5166955,4984380,4100187,4499506,-133,58,1340,-212,-546,835,8,9,-18,-98,-126,1310,-190,-585,867,-16,22,-57,
5089112,4855545,5166955,5025203,4100187,4499506,-139,64,1337,-208,-550,828,4,1,-16,-109,-114,1311,-190,-585,867,-5,22,-55,
5089112,4855545,5166955,5025203,3854084,4499506,-139,70,1323,-208,-550,828,10,2,-19,-98,-117,1295,-188,-586,888,-10,28,-61,
5089112,4855545,5166955,5025203,3854084,4297633,-129,64,1322,-209,-547,834,7,10,-22,-110,-124,1309,-188,-586,888,-5,29,-50,
5089112,4855545,5166955,5025203,3854084,4297633,-138,58,1331,-209,-547,834,4,10,-16,-102,-115,1311,-189,-592,880,-1,34,-59,
5089112,4855545,5166955,5025203,3854084,4297633,-140,62,1336,-210,-544,835,9,8,-18,-110,-123,1302,-189,-592,880,-10,29,-55,
5107500,4855545,5166955,5025203,3854084,4297633,-147,72,1342,-210,-544,835,7,3,-17,-108,-126,1304,-192,-585,883,-1,25,-50,
5107500,4831480,5166955,5025203,3854084,4297633,-145,58,1345,-209,-541,834,4,3,-12,-104,-124,1306,-190,-592,878,-5,35,-48,
5107500,4831480,5162709,5025203,3854084,4297633,-164,63,1366,-211,-546,841,12,2,-9,-107,-113,1314,-190,-592,878,-17,38,-48,
5107500,4831480,5162709,5035054,3854084,4297633,-143,50,1359,-211,-546,841,7,-2,-6,-110,-114,1307,-190,-591,883,-15,32,-54,
5107500,4831480,5162709,5035054,3667130,4297633,-146,66,1323,-212,-545,826,9,0,-5,-103,-115,1306,-190,-591,883,-15,31,-50,
5107500,4831480,5162709,5035054,3667130,4223320,-141,59,1343,-212,-545,826,5,7,-12,-101,-118,1302,-188,-590,876,-14,25,-48,
5107500,4831480,5162709,5035054,3667130,4223320,-153,67,1346,-211,-537,839,1,11,-18,-111,-127,1307,-188,-590,876,-11,23,-46,
5107500,4831480,5162709,5035054,3667130,4223320,-144,57,1350,-211,-537,839,7,5,-15,-97,-112,1314,-191,-587,870,-16,34,-53,
5119182,4831480,5162709,5035054,3667130,4223320,-136,73,1344,-215,-538,831,10,4,-14,-106,-122,1311,-189,-589,873,-10,26,-53,
5119182,4797499,5162709,5035054,3667130,4223320,-141,72,1328,-209,-545,830,4,10,-14,-99,-120,1304,-189,-589,873,-14,33,-55,
5119182,4797499,5162550,5035054,3667130,4223320,-131,67,1337,-209,-545,830,8,5,-18,-105,-124,1299,-188,-590,879,-15,26,-52,
5119182,4797499,5162550,5033578,3667130,4223320,-140,69,1327,-208,-551,832,6,2,-14,-101,-110,1287,-188,-590,879,-14,32,-57,
5119182,4797499,5162550,5033578,3696233,4223320,-144,71,1347,-208,-551,832,6,7,-9,-100,-116,1310,-189,-587,885,-19,33,-51,
5119182,4797499,5162550,5033578,3696233,4224003,-153,68,1351,-210,-544,848,2,5,-14,-95,-120,1299,-189,-587,885,-18,40,-56,
5119182,4797499,5162550,5033578,3696233,4224003,-158,60,1352,-210,-544,848,2,2,-12,-103,-128,1309,-190,-589,872,-13,39,-55,
5119182,4797499,5162550,5033578,3696233,4224003,-152,64,1354,-215,-541,814,9,5,-16,-99,-121,1301,-189,-589,877,-13,30,-58,
5124785,4797499,5162550,5033578,3696233,4224003,-139,56,1340,-215,-545,824,3,6,-20,-110,-116,1300,-189,-589,877,-16,30,-53,
5124785,4810567,5162550,5033578,3696233,4224003,-137,62,1342,-213,-545,824,0,5,-12,-109,-124,1309,-188,-586,884,-11,31,-51,
5124785,4810567,5163386,5033578,3696233,4224003,-140,69,1338,-209,-545,835,2,10,-17,-112,-122,1294,-188,-586,884,-11,39,-51,
5124785,4810567,5163386,5033259,3696233,4224003,-148,63,1342,-209,-545,835,8,12,-24,-93,-114,1300,-191,-584,878,-15,41,-55,
5124785,4810567,5163386,5033259,3685479,4224003,-139,70,1344,-209,-550,842,2,5,-14,-101,-118,1312,-188,-589,870,-17,41,-48,
5124785,4810567,5163386,5033259,3685479,4224932,-134,70,1351,-209,-550,842,3,12,-11,-101,-121,1310,-188,-589,870,-11,31,-52,
5124785,4810567,5163386,5033259,3685479,4224932,-143,64,1349,-210,-543,837,7,11,-14,-108,-123,1299,-188,-591,879,-13,30,-50,
5124785,4810567,5163386,5033259,3685479,4224932,-142,71,1330,-210,-543,837,5,3,-10,-114,-120,1309,-188,-591,879,-13,39,-54,
5125879,4810567,5163386,5033259,3685479,4224932,-152,74,1344,-213,-546,819,6,3,-17,-101,-128,1303,-192,-589,879,-11,29,-58,
5125879,4820616,5163386,5033259,3685479,4224932,-139,65,1323,-208,-547,842,7,5,-16,-98,-113,1314,-192,-589,879,-17,34,-58,
5125879,4820616,5163102,5033259,3685479,4224932,-145,65,1350,-208,-547,842,10,8,-10,-111,-120,1305,-193,-588,878,-5,29,-50,
5125879,4820616,5163102,5021672,3685479,4224932,-148,61,1338,-209,-546,835,5,5,-18,-93,-104,1309,-191,-595,876,-9,35,-46,
5125879,4820616,5163102,5021672,3725178,4224932,-148,66,1346,-209,-546,835,9,7,-12,-102,-117,1298,-191,-595,876,-9,34,-52,
5125879,4820616,5163102,5021672,3725178,4226757,-142,58,1335,-213,-543,833,2,11,-18,-101,-123,1308,-191,-587,879,-2,31,-51,
5125879,4820616,5163102,5021672,3725178,4226757,-141,65,1354,-213,-543,833,5,7,-21,-112,-111,1299,-191,-587,879,-9,26,-60,
5125879,4820616,5163102,5021672,3725178,4226757,-153,71,1331,-211,-542,832,6,5,-21,-99,-121,1300,-191,-591,877,-14,31,-58,
5129182,4820616,5163102,5021672,3725178,4226757,-147,57,1337,-211,-549,830,-1,5,-17,-113,-116,1308,-191,-591,877,-11,36,-55,
5129182,4837980,5163102,5021672,3725178,4226757,-148,73,1332,-211,-549,830,-1,5,-16,-108,-122,1302,-190,-589,883,-4,41,-56,
5129182,4837980,5164717,5021672,3725178,4226757,-142,58,1323,-211,-549,829,2,5,-17,-99,-120,1312,-190,-591,879,-9,33,-59,
5129182,4837980,5164717,5017372,3725178,4226757,-140,69,1349,-211,-549,829,7,10,-17,-97,-118,1306,-190,-591,879,-6,34,-53,
5129182,4837980,5164717,5017372,3741240,4226757,-157,59,1344,-216,-547,829,4,8,-17,-119,-121,1311,-192,-591,885,-11,33,-54,
5129182,4837980,5164717,5017372,3741240,4281612,-148,74,1355,-216,-547,829,2,13,-23,-109,-119,1312,-192,-591,885,-16,37,-54,
5129182,4837980,5164717,5017372,3741240,4281612,-142,66,1342,-214,-538,822,2,12,-13,-110,-134,1313,-195,-587,884,-18,44,-57,
5129182,4837980,5164717,5017372,3741240,4281612,-141,70,1349,-214,-542,838,-1,10,-13,-117,-123,1299,-195,-587,874,-11,34,-61,
5126216,4837980,5164717,5017372,3741240,4281612,-150,62,1349,-214,-542,838,-5,0,-17,-105,-109,1317,-193,-592,874,-13,30,-55,
5126216,4856817,5164717,5017372,3741240,4281612,-151,71,1348,-206,-548,827,2,10,-21,-121,-124,1321,-191,-589,873,-15,36,-54,
5126216,4856817,5165030,5017372,3741240,4281612,-130,55,1369,-206,-548,827,-3,14,-18,-102,-117,1287,-191,-589,873,-11,38,-59,
5126216,4856817,5165030,5014605,3741240,4281612,-142,72,1351,-206,-548,837,-1,10,-20,-98,-112,1310,-191,-594,872,-9,42,-59,
5126216,4856817,5165030,5014605,3846731,4281612,-142,69,1341,-206,-548,837,-6,8,-13,-104,-115,1307,-191,-594,872,-6,37,-57,
5126216,4856817,5165030,5014605,3846731,4314940,-157,55,1339,-211,-547,821,1,10,-13,-104,-126,1310,-191,-586,870,-14,34,-58,
5126216,4856817,5165030,5014605,3846731,4314940,-146,68,1346,-211,-547,821,8,5,-13,-106,-117,1312,-190,-590,888,-15,30,-51,
5126216,4856817,5165030,5014605,3846731,4314940,-133,65,1337,-212,-546,834,7,10,-14,-113,-116,1315,-190,-590,888,-18,27,-52,
5125188,4856817,5165030,5014605,3846731,4314940,-144,60,1341,-209,-544,834,0,1,-14,-105,-115,1310,-190,-590,888,-21,29,-48,
5125188,4857467,5165030,5014605,3846731,4314940,-148,53,1348,-209,-544,834,7,12,-15,-92,-119,1306,-190,-590,888,-13,43,-53,
5125188,4857467,5164620,5014605,3846731,4314940,-142,62,1338,-210,-548,837,13,8,-18,-95,-113,1298,-191,-585,879,-14,34,-56,
5125188,4857467,5164620,5016792,3846731,4314940,-151,55,1351,-210,-548,837,-2,2,-14,-103,-114,1306,-191,-585,879,-12,37,-55,
5125188,4857467,5164620,5016792,3922401,4314940,-150,61,1344,-213,-546,828,4,3,-13,-103,-117,1315,-191,-587,873,-11,38,-53,
5125188,4857467,5164620,5016792,3922401,4331553,-152,73,1348,-213,-546,828,4,8,-11,-95,-130,1311,-191,-595,875,-18,44,-55,
5125188,4857467,5164620,5016792,3922401,4331553,-142,56,1361,-210,-541,831,13,7,-12,-103,-118,1301,-191,-595,875,-13,32,-59,
5125188,4857467,5164620,5016792,3922401,4331553,-158,64,1336,-208,-550,838,-2,4,-15,-109,-114,1307,-189,-589,878,-18,32,-54,
5121187,4857467,5164620,5016792,3922401,4331553,-139,65,1348,-208,-550,838,-2,6,-14,-112,-128,1307,-189,-589,878,-20,31,-53,
5121187,4863177,5164620,5016792,3922401,4331553,-146,67,1332,-210,-547,827,-4,6,-15,-104,-125,1310,-194,-589,866,-15,33,-59,
5121187,4863177,5163853,5016792,3922401,4331553,-150,68,1336,-210,-547,827,-1,10,-11,-95,-120,1298,-194,-589,866,-13,37,-51,
5121187,4863177,5163853,5017813,3922401,4331553,-160,61,1362,-209,-543,831,6,5,-16,-101,-120,1299,-189,-585,879,-20,48,-49,
5121187,4863177,5163853,5017813,4014426,4331553,-136,49,1357,-209,-543,831,2,5,-10,-97,-117,1297,-189,-593,871,-9,36,-56,
5121187,4863177,5163853,5017813,4014426,4348722,-133,61,1354,-211,-539,829,1,11,-12,-108,-115,1303,-189,-593,871,-12,40,-57,
5121187,4863177,5163853,5017813,4014426,4348722,-148,71,1339,-211,-544,835,2,10,-18,-113,-118,1310,-192,-591,878,-13,42,-56,
5121187,4863177,5163853,5017813,4014426,4348722,-149,64,1333,-211,-544,835,4,11,-17,-110,-119,1303,-192,-591,878,-15,33,-56,
5117807,4863177,5163853,5017813,4014426,4348722,-155,60,1375,-208,-547,833,5,8,-17,-104,-121,1304,-192,-585,885,-12,38,-52,
5117807,4863321,5163853,5017813,4014426,4348722,-151,72,1342,-208,-547,833,8,6,-17,-112,-110,1305,-192,-585,869,-9,30,-56,
5117807,4863321,5163783,5017813,4014426,4348722,-143,67,1351,-213,-546,833,9,4,-17,-95,-125,1298,-191,-587,869,-23,33,-52,
5117807,4863321,5163783,5020009,4014426,4348722,-148,63,1331,-213,-546,833,9,5,-15,-94,-126,1310,-190,-592,875,-15,34,-54,
5117807,4863321,5163783,5020009,4100002,4348722,-144,66,1348,-212,-543,831,5,7,-18,-113,-116,1301,-190,-592,875,-8,24,-55,
5117807,4863321,5163783,5020009,4100002,4353528,-143,60,1334,-212,-543,835,5,3,-14,-108,-122,1308,-189,-592,873,-5,33,-54,
5117807,4863321,5163783,5020009,4100002,4353528,-138,67,1321,-212,-542,835,-4,8,-16,-103,-115,1305,-189,-592,873,-10,30,-50,
5117807,4863321,5163783,5020009,4100002,4353528,-136,77,1335,-210,-548,830,9,8,-18,-105,-122,1311,-190,-583,877,-13,35,-52,
5115387,4863321,5163783,5020009,4100002,4353528,-138,71,1348,-210,-548,830,5,6,-18,-99,-125,1311,-190,-591,865,-11,40,-57,
5115387,4873161,5163783,5020009,4100002,4353528,-137,62,1351,-207,-545,832,3,13,-13,-112,-120,1307,-190,-591,865,-18,36,-63,
5115387,4873161,5163773,5020009,4100002,4353528,-153,57,1344,-207,-545,832,6,7,-14,-97,-129,1312,-188,-590,889,-8,28,-52,
5115387,4873161,5163773,5021673,4100002,4353528,-150,63,1351,-209,-541,828,10,6,-14,-107,-114,1294,-188,-590,889,-7,32,-51,
5115387,4873161,5163773,5021673,4108677,4353528,-136,70,1346,-209,-541,828,4,9,-17,-115,-114,1302,-188,-584,879,-13,25,-46,
5115387,4873161,5163773,5021673,4108677,4371763,-152,55,1329,-210,-544,836,4,8,-17,-99,-114,1299,-188,-584,879,-11,38,-53,
5115387,4873161,5163773,5021673,4108677,4371763,-141,51,1340,-210,-546,831,2,3,-16,-108,-121,1299,-190,-586,870,-11,29,-52,
5115387,4873161,5163773,5021673,4108677,4371763,-136,63,1354,-210,-546,831,11,5,-20,-98,-123,1305,-187,-591,876,-18,35,-49,
5114800,4873161,5163773,5021673,4108677,4371763,-143,60,1357,-213,-550,838,4,8,-17,-95,-119,1301,-187,-591,876,-15,34,-55,
5114800,4876845,5163773,5021673,4108677,4371763,-151,68,1338,-213,-550,838,12,9,-12,-99,-118,1295,-189,-591,873,-14,28,-58,
5114800,4876845,5162489,5021673,4108677,4371763,-155,67,1346,-211,-533,836,14,7,-14,-99,-124,1305,-189,-591,873,-9,33,-53,
