0,0,0,0,0,0,-132,54,1361,286,292,761,0,7,-10,-103,-42,1269,-142,347,944,-22,41,-30,
5272378,0,0,0,0,0,-137,56,1337,286,297,752,2,8,-10,-109,-29,1262,-144,349,942,-18,45,-35,
5272378,4228063,0,0,0,0,-126,56,1305,287,294,756,4,5,-9,-121,-44,1310,-144,349,942,-13,44,-26,
5272378,4228063,5133907,0,0,0,-125,64,1336,287,294,756,4,5,-8,-109,-32,1319,-145,357,945,-18,43,-33,
5272378,4228063,5133907,5100126,0,0,-151,58,1334,285,292,761,-1,5,-14,-108,-42,1314,-145,347,945,-17,40,-28,
5272378,4228063,5133907,5100126,3816922,0,-144,51,1361,285,292,761,2,6,-20,-102,-34,1301,-144,347,945,-9,38,-29,
5272378,4228063,5133907,5100126,3816922,5008432,-131,74,1331,283,298,762,2,1,-14,-110,-46,1291,-145,347,938,-13,42,-31,
5272378,4228063,5133907,5100126,3816922,5008432,-156,45,1375,283,298,762,9,-2,-8,-96,-40,1300,-145,347,938,-13,34,-28,
5272378,4228063,5133907,5100126,3816922,5008432,-139,62,1359,288,301,763,-1,4,-9,-113,-38,1319,-147,345,947,-9,32,-28,
5272262,4228063,5133907,5100126,3816922,5008432,-138,49,1352,291,292,756,6,4,-15,-107,-39,1320,-147,345,947,-12,40,-35,
5272262,4228268,5133907,5100126,3816922,5008432,-123,52,1319,291,292,756,1,3,-17,-114,-48,1318,-145,352,930,-13,29,-28,
5272262,4228268,5134139,5100126,3816922,5008432,-106,71,1295,287,292,757,3,1,-8,-105,-41,1309,-142,348,932,-18,29,-32,
5272262,4228268,5134139,5099987,3816922,5008432,-145,59,1345,287,292,757,5,7,-10,-110,-49,1323,-142,348,932,-13,39,-27,
5272262,4228268,5134139,5099987,3840036,5008432,-118,51,1351,283,294,754,5,5,-10,-115,-42,1304,-144,350,936,-16,35,-29,
5272262,4228268,5134139,5099987,3840036,5011511,-134,46,1346,283,294,754,3,0,-10,-112,-32,1305,-144,350,936,-9,32,-27,
5272262,4228268,5134139,5099987,3840036,5011511,-135,55,1348,281,303,755,0,9,-10,-110,-41,1324,-145,351,942,-12,31,-35,
5272262,4228268,5134139,5099987,3840036,5011511,-130,66,1322,281,295,760,-3,-2,-5,-110,-35,1308,-145,351,942,-23,34,-39,
5271946,4228268,5134139,5099987,3840036,5011511,-131,59,1348,287,295,760,4,0,-4,-107,-36,1311,-143,357,937,-18,37,-25,
5271946,4227724,5134139,5099987,3840036,5011511,-131,60,1336,285,291,758,1,5,-13,-104,-49,1302,-144,346,938,-18,32,-31,
5271946,4227724,5134442,5099987,3840036,5011511,-155,61,1351,285,291,758,-1,5,-12,-111,-43,1302,-144,346,938,-16,31,-29,
5271946,4227724,5134442,5096848,3840036,5011511,-120,67,1321,285,291,757,3,4,-14,-99,-32,1301,-143,347,941,-6,28,-30,
5271946,4227724,5134442,5096848,3872056,5011511,-145,50,1343,285,291,757,0,1,-6,-122,-40,1321,-143,347,941,-9,27,-30,
5271946,4227724,5134442,5096848,3872056,5013816,-153,52,1371,285,296,759,2,6,-13,-109,-40,1305,-141,350,944,-6,34,-32,
5271946,4227724,5134442,5096848,3872056,5013816,-137,56,1349,285,296,759,5,1,-7,-100,-34,1307,-141,350,944,-12,39,-27,
5271946,4227724,5134442,5096848,3872056,5013816,-135,70,1321,284,298,748,1,-1,-4,-108,-27,1307,-145,347,950,-18,38,-25,
5271211,4227724,5134442,5096848,3872056,5013816,-117,63,1301,289,293,754,1,2,-9,-129,-43,1316,-146,348,944,-11,37,-29,
5271211,4228214,5134442,5096848,3872056,5013816,-126,65,1342,289,293,754,1,3,-15,-109,-39,1321,-146,348,944,-14,35,-28,
5271211,4228214,5134006,5096848,3872056,5013816,-138,55,1367,288,293,755,4,5,-15,-116,-37,1313,-145,347,946,-14,24,-30,
5271211,4228214,5134006,5096488,3872056,5013816,-144,53,1348,288,293,755,10,-2,-11,-119,-43,1306,-145,347,946,-14,32,-29,
5271211,4228214,5134006,5096488,3868111,5013816,-144,59,1348,288,298,748,6,6,-11,-118,-40,1311,-146,351,945,-7,38,-34,
5271211,4228214,5134006,5096488,3868111,5020559,-129,55,1358,288,298,748,2,4,-13,-115,-38,1308,-146,353,932,-6,29,-30,
5271211,4228214,5134006,5096488,3868111,5020559,-119,63,1331,285,300,768,0,8,-13,-108,-42,1306,-144,353,932,-7,31,-28,
5271211,4228214,5134006,5096488,3868111,5020559,-129,67,1331,288,291,755,-5,3,-12,-112,-40,1303,-145,351,947,-15,29,-26,
5269771,4228214,5134006,5096488,3868111,5020559,-134,60,1342,288,291,755,6,2,-8,-116,-46,1308,-145,351,947,-11,24,-29,
5269771,4232833,5134006,5096488,3868111,5020559,-148,65,1386,288,291,758,3,0,-14,-118,-34,1322,-144,348,943,-10,29,-30,
5269771,4232833,5134340,5096488,3868111,5020559,-127,55,1330,288,291,758,1,3,-8,-113,-50,1316,-144,348,943,-10,29,-33,
5269771,4232833,5134340,5098870,3868111,5020559,-130,60,1331,283,293,761,-3,2,-8,-108,-36,1317,-143,353,945,-14,35,-25,
5269771,4232833,5134340,5098870,3810825,5020559,-111,70,1305,283,293,761,7,2,-14,-113,-48,1317,-142,345,940,-8,42,-28,
5269771,4232833,5134340,5098870,3810825,5025043,-128,66,1323,284,298,752,2,6,-11,-111,-33,1303,-142,345,940,-11,30,-25,
5269771,4232833,5134340,5098870,3810825,5025043,-140,59,1347,286,299,761,3,5,-6,-109,-25,1324,-141,346,945,-11,26,-30,
5269771,4232833,5134340,5098870,3810825,5025043,-125,50,1351,286,299,761,2,13,-9,-111,-35,1312,-141,346,945,-12,36,-23,
5266517,4232833,5134340,5098870,3810825,5025043,-109,62,1308,290,292,762,3,9,-17,-101,-38,1315,-146,353,942,-5,33,-28,
5266517,4232042,5134340,5098870,3810825,5025043,-136,48,1359,290,292,762,6,7,-16,-110,-39,1310,-146,353,942,-5,34,-30,
5266517,4232042,5134245,5098870,3810825,5025043,-138,68,1358,287,288,759,-2,2,-11,-111,-37,1312,-143,353,938,-7,42,-29,
5266517,4232042,5134245,5101173,3810825,5025043,-131,59,1339,287,288,759,-4,5,-10,-104,-41,1313,-144,346,947,-6,38,-26,
5266517,4232042,5134245,5101173,3676393,5025043,-145,49,1356,284,298,759,-1,0,-7,-113,-35,1309,-144,346,947,-15,34,-25,
5266517,4232042,5134245,5101173,3676393,5030731,-130,76,1349,284,298,759,1,9,-15,-118,-34,1303,-141,347,935,-9,27,-28,
5266517,4232042,5134245,5101173,3676393,5030731,-128,61,1340,288,295,754,3,3,-16,-109,-35,1325,-141,347,935,-12,22,-23,
5266517,4232042,5134245,5101173,3676393,5030731,-133,44,1356,284,295,761,0,0,-10,-106,-30,1301,-147,351,949,-9,33,-24,
5265490,4232042,5134245,5101173,3676393,5030731,-125,62,1330,284,295,761,0,10,-13,-115,-43,1309,-147,351,949,-14,34,-27,
5265490,4230727,5134245,5101173,3676393,5030731,-116,51,1357,283,295,766,2,13,-13,-107,-36,1322,-143,343,927,-11,30,-24,
5265490,4230727,5132730,5101173,3676393,5030731,-130,61,1340,283,295,766,2,7,-9,-108,-29,1301,-145,347,953,-12,41,-21,
5265490,4230727,5132730,5104881,3676393,5030731,-126,54,1340,287,293,769,-1,3,-8,-112,-37,1314,-145,347,953,-7,38,-24,
5265490,4230727,5132730,5104881,3661391,5030731,-137,58,1356,287,293,769,2,3,-7,-106,-42,1306,-139,350,943,-12,38,-27,
5265490,4230727,5132730,5104881,3661391,5029757,-145,53,1367,289,302,758,3,8,-12,-108,-36,1318,-139,350,943,-18,27,-28,
5265490,4230727,5132730,5104881,3661391,5029757,-131,61,1340,290,292,756,0,-4,-8,-114,-48,1309,-143,351,945,-24,25,-24,
5265490,4230727,5132730,5104881,3661391,5029757,-138,65,1361,290,292,756,5,-4,-5,-117,-39,1307,-143,352,947,-20,29,-26,
5268236,4230727,5132730,5104881,3661391,5029757,-128,67,1349,287,292,762,2,-1,-11,-106,-38,1313,-142,352,947,-11,38,-17,
5268236,4213459,5132730,5104881,3661391,5029757,-144,63,1336,287,292,762,-1,1,-13,-113,-36,1302,-145,345,932,-12,34,-23,
5268236,4213459,5129908,5104881,3661391,5029757,-148,60,1349,290,299,760,5,0,-9,-120,-35,1316,-145,345,932,-23,40,-26,
5268236,4213459,5129908,5107256,3661391,5029757,-133,63,1342,290,299,760,9,0,-8,-111,-49,1315,-144,346,944,-18,32,-22,
5268236,4213459,5129908,5107256,3732557,5029757,-120,55,1313,284,302,763,9,4,-19,-124,-25,1309,-144,346,944,-23,31,-17,
5268236,4213459,5129908,5107256,3732557,5019532,-138,51,1349,284,299,757,9,-1,-11,-119,-26,1307,-147,348,935,-14,30,-24,
5268236,4213459,5129908,5107256,3732557,5019532,-131,57,1352,284,299,757,10,-3,-10,-106,-44,1314,-145,347,941,-16,30,-24,
5268236,4213459,5129908,5107256,3732557,5019532,-142,49,1331,289,291,762,13,5,-11,-105,-43,1319,-145,347,941,-26,29,-30,
5274463,4213459,5129908,5107256,3732557,5019532,-145,51,1362,289,291,762,12,-3,-6,-108,-38,1303,-142,345,941,-19,24,-29,
5274463,4155140,5129908,5107256,3732557,5019532,-140,54,1343,286,289,766,16,-2,-6,-103,-32,1305,-142,345,941,-18,34,-28,
5274463,4155140,5109316,5107256,3732557,5019532,-134,62,1344,286,289,766,13,7,-8,-103,-36,1303,-147,348,939,-19,34,-22,
5274463,4155140,5109316,5103967,3732557,5019532,-137,63,1333,280,299,755,21,6,-12,-118,-45,1302,-147,348,939,-27,23,-36,
5274463,4155140,5109316,5103967,3837153,5019532,-137,72,1340,280,299,758,3,3,-11,-107,-49,1307,-143,354,941,-32,27,-38,
5274463,4155140,5109316,5103967,3837153,5004567,-141,73,1336,286,293,758,4,1,-11,-106,-42,1309,-144,347,934,-29,21,-31,
5274463,4155140,5109316,5103967,3837153,5004567,-134,51,1339,289,290,765,3,1,-17,-111,-30,1304,-144,347,934,-25,16,-32,
5274463,4155140,5109316,5103967,3837153,5004567,-126,62,1343,289,290,765,0,3,-13,-111,-37,1318,-139,346,943,-29,16,-34,
5281230,4155140,5109316,5103967,3837153,5004567,-139,68,1354,291,291,763,-5,-3,-10,-112,-43,1318,-139,346,943,-29,12,-33,
5281230,4191133,5109316,5103967,3837153,5004567,-150,51,1380,291,291,763,-3,-3,-10,-104,-43,1314,-143,354,943,-30,20,-37,
5281230,4191133,5117913,5103967,3837153,5004567,-123,66,1332,285,295,753,-4,2,-15,-96,-30,1310,-143,354,943,-36,7,-37,
5281230,4191133,5117913,5041619,3837153,5004567,-133,68,1341,285,295,753,0,13,-20,-103,-41,1321,-146,349,949,-48,3,-39,
5281230,4191133,5117913,5041619,3974102,5004567,-143,56,1352,285,298,762,7,6,-13,-113,-43,1326,-147,351,934,-60,-5,-39,
5281230,4191133,5117913,5041619,3974102,4942992,-151,63,1353,288,292,754,14,12,-9,-106,-33,1326,-147,351,934,-71,-14,-37,
5281230,4191133,5117913,5041619,3974102,4942992,-127,53,1325,288,292,754,12,11,-9,-106,-37,1322,-146,347,930,-78,-29,-42,
5281230,4191133,5117913,5041619,3974102,4942992,-138,61,1341,284,290,755,5,14,-13,-86,-56,1319,-146,347,930,-86,-57,-48,
5288561,4191133,5117913,5041619,3974102,4942992,-151,65,1371,284,290,755,-3,12,-4,-105,-56,1326,-151,359,945,-110,-77,-51,
5288561,4245167,5117913,5041619,3974102,4942992,-150,62,1356,285,299,754,-6,14,-6,-99,-50,1320,-153,361,933,-122,-97,-59,
5288561,4245167,5180759,5041619,3974102,4942992,-142,44,1340,285,299,754,-1,6,-8,-98,-54,1327,-153,361,933,-138,-115,-64,
5288561,4245167,5180759,4329539,3974102,4942992,-135,65,1348,282,295,755,-10,8,-11,-99,-64,1326,-155,355,933,-146,-146,-49,
5288561,4245167,5180759,4329539,3945332,4942992,-131,65,1333,286,292,755,-9,5,-12,-71,-47,1325,-155,355,933,-141,-165,-51,
5288561,4245167,5180759,4329539,3945332,4384193,-148,62,1339,286,292,755,3,8,-16,-38,-14,1336,-161,364,934,-138,-182,-67,
5288561,4245167,5180759,4329539,3945332,4384193,-143,52,1340,288,296,756,7,3,-13,-26,217,1362,-161,364,934,-107,-173,-135,
5288561,4245167,5180759,4329539,3945332,4384193,-144,61,1328,288,296,756,5,0,-14,3,512,1647,-165,371,931,13,22,-409,
5298452,4245167,5180759,4329539,3945332,4384193,-148,68,1347,283,293,748,9,0,-11,63,251,1552,-166,362,937,-20,344,-670,
5298452,4340848,5180759,4329539,3945332,4384193,-140,64,1354,283,293,748,2,5,-17,26,348,1418,-166,362,937,-11,466,-885,
5298452,4340848,5213358,4329539,3945332,4384193,-127,62,1347,286,301,746,3,0,-8,17,342,1413,-164,357,924,49,513,-1111,
5298452,4340848,5213358,2942594,3945332,4384193,-133,57,1333,286,300,767,-1,-3,-16,64,221,1411,-164,357,924,83,566,-1303,
5298452,4340848,5213358,2942594,813982,4384193,-133,58,1342,286,300,767,-10,-3,-10,94,141,1381,-160,357,917,98,620,-1472,
5298452,4340848,5213358,2942594,813982,1550532,-158,53,1364,285,292,754,-13,-2,-16,163,103,1339,-160,357,917,113,643,-1602,
5298452,4340848,5213358,2942594,813982,1550532,-134,62,1354,285,292,754,-8,0,-15,337,5,1280,-164,355,907,130,626,-1676,
5298452,4340848,5213358,2942594,813982,1550532,-136,51,1346,286,294,762,-16,4,-14,484,24,1254,-164,334,918,152,559,-1684,
5309206,4340848,5213358,2942594,813982,1550532,-159,59,1374,286,294,762,-15,1,-18,592,163,1235,-164,334,918,237,438,-1630,
5309206,4310129,5213358,2942594,813982,1550532,-140,58,1349,285,298,751,-14,-5,-11,743,-165,1148,-173,326,910,372,308,-1535,
5309206,4310129,5225357,2942594,813982,1550532,-135,55,1352,285,298,751,-3,-3,-7,701,-213,1162,-173,326,910,316,104,-1375,
5309206,4310129,5225357,2588398,813982,1550532,-149,43,1336,286,300,754,3,2,-8,651,-144,1166,-186,321,896,127,-150,-1144,
5309206,4310129,5225357,2588398,166014,1550532,-149,56,1349,285,298,756,7,5,-10,597,-109,1169,-186,321,896,-11,-305,-952,
5309206,4310129,5225357,2588398,166014,1696268,-149,51,1324,285,298,756,9,0,-12,553,-124,1158,-200,318,885,-63,-418,-786,
5309206,4310129,5225357,2588398,166014,1696268,-148,51,1344,285,294,747,1,-5,-5,487,-148,1187,-214,319,887,-151,-424,-722,
5309206,4310129,5225357,2588398,166014,1696268,-147,49,1353,285,294,747,3,-6,0,423,-185,1234,-214,319,887,-196,-408,-644,
5313539,4310129,5225357,2588398,166014,1696268,-148,54,1334,287,300,756,4,0,-9,330,-149,1256,-225,317,876,-212,-384,-566,
5313539,4242147,5225357,2588398,166014,1696268,-147,65,1330,287,300,756,2,-1,-10,278,-109,1311,-225,317,876,-174,-369,-481,
5313539,4242147,5221236,2588398,166014,1696268,-158,59,1352,282,303,751,4,4,-7,256,-108,1322,-231,323,871,-77,-381,-400,
5313539,4242147,5221236,1839341,166014,1696268,-150,59,1342,285,295,755,-3,5,-12,292,-8,1343,-241,320,863,113,-461,-334,
5313539,4242147,5221236,1839341,166035,1696268,-149,61,1348,285,295,755,-1,6,-10,311,-3,1346,-241,320,863,407,-643,-291,
5313539,4242147,5221236,1839341,166035,1418553,-148,54,1330,286,291,752,12,-3,-12,273,-179,1365,-256,298,868,646,-892,-209,
5313539,4242147,5221236,1839341,166035,1418553,-132,52,1333,286,291,752,14,-1,-10,32,-483,1352,-256,298,868,673,-1113,-66,
5313539,4242147,5221236,1839341,166035,1418553,-130,50,1340,286,296,755,15,-3,-3,-149,-431,1346,-277,286,868,532,-1266,101,
5317675,4242147,5221236,1839341,166035,1418553,-142,70,1341,286,296,755,18,-7,-7,-313,-321,1344,-277,286,868,385,-1309,217,
5317675,4201259,5221236,1839341,166035,1418553,-141,62,1366,284,302,747,9,-3,-10,-846,-611,1837,-299,288,867,245,-1197,253,
5317675,4201259,5211604,1839341,166035,1418553,-151,69,1361,286,299,758,5,-6,-8,-976,-530,1144,-306,287,859,-45,-796,240,
5317675,4201259,5211604,3523561,166035,1418553,-140,54,1345,286,299,758,-1,3,-14,-1134,-407,1302,-306,287,859,-242,-457,139,
5317675,4201259,5211604,3523561,166071,1418553,-146,58,1340,283,294,757,-18,2,-10,-1196,-354,1248,-306,293,867,-266,-159,-70,
5317675,4201259,5211604,3523561,166071,1703726,-139,75,1342,283,294,757,-30,5,-16,-1426,-328,1288,-306,293,867,-276,83,-587,
5317675,4201259,5211604,3523561,166071,1703726,-147,55,1346,284,300,763,-31,8,-12,-1638,-117,1335,-305,296,866,-41,596,-938,
5317675,4201259,5211604,3523561,166071,1703726,-142,56,1356,284,300,763,-39,8,-10,-1193,-79,1352,-305,296,866,-47,856,-1319,
5308559,4201259,5211604,3523561,166071,1703726,-129,57,1359,281,298,770,-47,13,-4,-61,-101,1426,-295,295,862,-117,819,-1542,
5308559,4191187,5211604,3523561,166071,1703726,-146,46,1362,281,298,770,-46,21,-6,197,89,1324,-290,286,881,-149,782,-1527,
5308559,4191187,5226210,3523561,166071,1703726,-137,44,1350,285,300,756,-38,30,-2,-7,70,1257,-290,286,881,-224,959,-1428,
5308559,4191187,5226210,5013433,166071,1703726,-140,35,1353,285,304,758,-37,28,10,-53,26,1372,-278,283,887,-251,1070,-1297,
5308559,4191187,5226210,5013433,451814,1703726,-131,34,1361,285,304,758,-22,10,22,-104,-66,1400,-278,283,887,-155,986,-1163,
5308559,4191187,5226210,5013433,451814,2636372,-124,43,1394,289,300,754,-27,-16,34,-45,-28,1365,-269,284,893,-160,1005,-1106,
5308559,4191187,5226210,5013433,451814,2636372,-108,97,1471,289,300,754,-119,-43,47,-41,-30,1398,-269,284,893,-292,1041,-1099,
5308559,4191187,5226210,5013433,451814,2636372,-89,120,1631,290,305,754,-465,126,10,-154,196,1361,-262,285,886,-381,888,-1022,
3895645,4191187,5226210,5013433,451814,2636372,-87,55,1769,290,305,754,-791,283,-19,-436,226,1391,-253,285,888,-210,680,-496,
3895645,3554033,5226210,5013433,451814,2636372,-117,-425,3634,295,321,747,-282,681,13,-179,-197,1382,-253,285,888,-113,502,-13,
3895645,3554033,4879685,5013433,451814,2636372,147,-896,2769,336,310,729,97,1882,285,-143,-59,1366,-247,284,909,-78,348,24,
3895645,3554033,4879685,5262988,451814,2636372,297,-1218,2207,336,310,729,-287,2360,731,-121,-31,1330,-247,284,909,34,183,15,
3895645,3554033,4879685,5262988,4329127,2636372,681,-893,868,396,311,705,-855,2511,1196,-122,-31,1328,-242,294,891,61,105,3,
3895645,3554033,4879685,5262988,4329127,4947257,3286,68,669,396,311,705,-835,2011,1224,-116,-37,1334,-246,285,904,30,74,4,
3895645,3554033,4879685,5262988,4329127,4947257,3168,-227,407,426,323,688,-548,1001,675,-97,-48,1326,-246,285,904,17,64,-2,
3895645,3554033,4879685,5262988,4329127,4947257,2842,443,421,426,323,688,-529,21,417,-118,-52,1309,-244,286,877,-10,76,-22,
3126015,3554033,4879685,5262988,4329127,4947257,1990,-255,643,423,326,696,146,-849,362,-116,-59,1304,-244,286,877,-95,84,-30,
3126015,1730189,4879685,5262988,4329127,4947257,1704,-398,711,425,311,699,351,-1161,827,-113,-64,1312,-243,285,896,-71,82,-38,
3126015,1730189,4102890,5262988,4329127,4947257,1553,165,871,425,311,699,188,-1404,2107,-133,-41,1286,-243,285,896,-65,67,-45,
3126015,1730189,4102890,5169913,4329127,4947257,1211,311,1044,421,285,723,622,-2028,2310,-140,-24,1294,-243,291,893,-75,66,-48,
3126015,1730189,4102890,5169913,4907236,4947257,121,-186,1260,421,285,723,624,-2135,2357,-157,46,1280,-241,293,892,-169,99,-59,
3126015,1730189,4102890,5169913,4907236,5062147,-258,-182,1283,411,253,759,412,-2126,2236,-113,-62,1336,-241,293,892,-265,103,-83,
3126015,1730189,4102890,5169913,4907236,5062147,-708,-176,1296,411,253,759,219,-2077,1938,-110,-89,1297,-240,295,897,-188,37,-95,
3126015,1730189,4102890,5169913,4907236,5062147,-1069,-278,1269,403,244,776,-17,-1907,1564,-124,-48,1288,-240,295,897,-128,-8,-92,
4624187,1730189,4102890,5169913,4907236,5062147,-2860,-311,3847,403,244,796,-627,-1236,1187,-136,-51,1300,-241,302,892,-131,8,-88,
4624187,1589309,4102890,5169913,4907236,5062147,-4037,2635,1514,409,237,796,-1129,936,385,-109,-67,1304,-241,302,892,-132,22,-83,
4624187,1589309,4176245,5169913,4907236,5062147,-3720,1756,1860,434,245,788,-147,1498,-802,-124,-79,1301,-240,309,887,-112,7,-89,
4624187,1589309,4176245,5030120,4907236,5062147,-2674,933,1624,434,245,788,-57,673,-1330,-123,-76,1306,-240,300,888,-97,6,-87,
4624187,1589309,4176245,5030120,4988426,5062147,-2097,997,1186,440,258,784,41,351,-1013,-129,-81,1291,-240,300,888,-93,33,-73,
4624187,1589309,4176245,5030120,4988426,5038426,-1804,1289,1193,440,258,784,239,587,-242,-122,-79,1338,-242,304,884,-68,50,-60,
4624187,1589309,4176245,5030120,4988426,5038426,-887,531,1442,456,245,787,400,839,364,-101,-64,1328,-242,304,884,-33,49,-51,
4624187,1589309,4176245,5030120,4988426,5038426,-146,113,1382,456,245,787,315,615,571,-114,-63,1309,-245,308,882,-16,34,-56,
4941428,1589309,4176245,5030120,4988426,5038426,-140,-32,1337,467,246,776,71,190,408,-130,-90,1323,-245,308,882,-23,30,-75,
4941428,3404659,4176245,5030120,4988426,5038426,-12,-80,1362,474,235,784,73,143,-101,-129,-85,1328,-243,302,896,-2,35,-73,
4941428,3404659,4390057,5030120,4988426,5038426,-149,38,1378,474,235,784,142,127,-18,-110,-86,1321,-242,302,887,28,7,-63,
4941428,3404659,4390057,4637820,4988426,5038426,-139,58,1352,474,232,775,128,105,-16,-109,-86,1358,-242,302,887,27,-22,-56,
4941428,3404659,4390057,4637820,5040788,5038426,-165,52,1366,474,232,775,84,106,-16,-113,-96,1377,-242,303,894,36,-28,-76,
4941428,3404659,4390057,4637820,5040788,5109588,-128,54,1374,477,230,766,60,106,-6,-112,-134,1420,-242,303,894,85,0,-66,
4941428,3404659,4390057,4637820,5040788,5109588,-127,41,1375,477,230,766,47,106,11,-109,-96,1372,-246,303,885,237,82,-11,
4941428,3404659,4390057,4637820,5040788,5109588,-148,41,1380,479,233,774,49,98,21,-117,-32,1333,-240,298,894,229,129,-2,
4603505,3404659,4390057,4637820,5040788,5109588,-151,57,1331,479,226,777,93,73,26,-128,26,1351,-240,298,894,21,223,-43,
4603505,4959465,4390057,4637820,5040788,5109588,-154,85,1340,479,226,777,145,54,35,-130,-53,1223,-236,300,887,-100,237,-72,
4603505,4959465,4949913,4637820,5040788,5109588,-142,84,1360,480,222,772,171,42,21,-123,-97,1264,-236,300,887,-113,190,-74,
4603505,4959465,4949913,4074875,5040788,5109588,-150,107,1413,480,222,772,208,51,2,-137,-85,1214,-234,301,892,-66,164,-49,
4603505,4959465,4949913,4074875,5062876,5109588,-160,54,1420,480,215,783,296,107,-30,-134,-62,1194,-234,301,892,-13,131,-30,
4603505,4959465,4949913,4074875,5062876,5115478,-167,51,1486,480,215,783,327,171,-44,-133,-70,1258,-236,306,882,19,73,-28,
4603505,4959465,4949913,4074875,5062876,5115478,-157,89,1402,484,220,776,233,283,-30,-125,-90,1315,-234,300,893,46,33,-25,
4603505,4959465,4949913,4074875,5062876,5115478,-160,98,1465,484,220,770,162,348,-25,-122,-87,1373,-234,300,893,82,45,-17,
4250841,4959465,4949913,4074875,5062876,5115478,-153,109,1670,492,210,770,116,418,-21,-135,-86,1472,-231,297,892,99,90,13,
4250841,5174895,4949913,4074875,5062876,5115478,-146,118,1780,505,205,763,98,803,-37,-127,-78,1518,-231,297,892,108,259,30,
4250841,5174895,5033234,4074875,5062876,5115478,-155,109,1575,505,205,763,99,1039,-49,-136,-78,1558,-226,299,903,99,391,35,
4250841,5174895,5033234,3911305,5062876,5115478,-175,151,1659,521,202,747,62,1242,-68,-138,-57,1481,-226,299,903,65,522,44,
4250841,5174895,5033234,3911305,5133421,5115478,-195,142,1482,521,202,747,36,1382,-95,-121,-49,1465,-215,302,902,32,606,48,
4250841,5174895,5033234,3911305,5133421,5174559,-205,131,1288,550,211,725,21,1440,-115,-147,-70,1406,-204,299,897,20,682,58,
4250841,5174895,5033234,3911305,5133421,5174559,-260,149,1142,550,211,725,-22,1415,-121,-148,-114,1361,-204,299,897,68,728,74,
4250841,5174895,5033234,3911305,5133421,5174559,-297,180,1112,575,210,715,-74,1332,-146,-198,-89,1312,-183,301,898,106,759,112,
4013381,5174895,5033234,3911305,5133421,5174559,-306,192,1061,596,210,690,-141,1226,-190,-201,-56,1257,-183,301,898,106,758,143,
4013381,5200279,5033234,3911305,5133421,5174559,-326,180,1126,596,210,690,-149,1115,-235,-186,1,1338,-172,305,898,49,726,142,
4013381,5200279,4878519,3911305,5133421,5174559,-361,8,1155,616,216,675,-93,1005,-252,-212,7,1313,-172,305,901,-26,716,118,
4013381,5200279,4878519,3891724,5133421,5174559,-430,-90,1156,616,216,675,-16,895,-220,-216,17,1288,-156,307,901,-120,717,85,
4013381,5200279,4878519,3891724,5159363,5174559,-444,-130,1210,626,217,674,84,798,-155,-240,37,1216,-143,312,908,-203,674,48,
4013381,5200279,4878519,3891724,5159363,5047369,-464,-107,1238,626,217,674,198,716,-65,-254,-42,1211,-143,312,908,-284,611,-3,
4013381,5200279,4878519,3891724,5159363,5047369,-440,-7,1254,634,212,652,343,656,37,-279,-78,1256,-129,318,893,-318,553,-37,
4013381,5200279,4878519,3891724,5159363,5047369,-449,111,1239,641,199,657,443,612,92,-264,-66,1299,-129,318,893,-351,506,-39,
4038583,5200279,4878519,3891724,5159363,5047369,-453,129,1227,641,199,657,512,313,85,-275,-80,1299,-125,336,884,-358,480,-30,
4038583,5226749,4878519,3891724,5159363,5047369,-465,74,1198,652,183,642,673,447,106,-291,-15,1258,-112,343,891,-373,455,-27,
4038583,5226749,4390990,3891724,5159363,5047369,-454,249,1146,652,183,642,666,393,156,-312,8,1277,-112,343,891,-694,395,-89,
4038583,5226749,4390990,3997139,5159363,5047369,-446,372,1217,656,172,659,565,371,117,-300,-45,1258,-106,351,886,-564,365,-114,
4038583,5226749,4390990,3997139,5200746,5047369,-449,443,1233,656,172,659,407,389,10,-304,-166,1237,-106,351,886,-557,326,-91,
4038583,5226749,4390990,3997139,5200746,4750172,-447,422,1215,665,172,625,256,410,-119,-294,-172,1235,-100,365,878,-521,294,-52,
4038583,5226749,4390990,3997139,5200746,4750172,-450,365,1207,665,170,637,201,387,-224,-312,-162,1237,-100,365,878,-485,259,-23,
4038583,5226749,4390990,3997139,5200746,4750172,-465,274,1172,667,170,637,216,342,-286,-320,-87,1199,-98,381,875,-483,212,-13,
4252161,5226749,4390990,3997139,5200746,4750172,-471,288,1165,674,165,643,273,285,-324,-346,9,1177,-94,389,866,-528,153,-59,
4252161,5243252,4390990,3997139,5200746,4750172,-502,211,1169,674,165,643,338,215,-340,-340,16,1151,-94,389,866,-580,95,-148,
4252161,5243252,4288982,3997139,5200746,4750172,-546,80,1155,674,163,631,379,160,-336,-348,-97,1140,-96,398,871,-613,31,-218,
4252161,5243252,4288982,4087793,5200746,4750172,-597,-113,1118,674,163,631,421,100,-297,-329,-194,1176,-96,398,871,-609,-31,-256,
4252161,5243252,4288982,4087793,5232532,4750172,-648,-221,1048,673,163,637,460,20,-195,-312,-271,1174,-100,419,849,-546,-66,-264,
4252161,5243252,4288982,4087793,5232532,4517792,-667,-296,1041,673,163,637,515,-67,-47,-306,-334,1208,-100,419,849,-445,-89,-221,
4252161,5243252,4288982,4087793,5232532,4517792,-544,190,1156,671,150,637,517,-151,137,-312,-356,1242,-101,426,846,-285,-99,-141,
4252161,5243252,4288982,4087793,5232532,4517792,-508,348,1301,673,137,651,498,-200,168,-311,-309,1297,-103,416,845,-108,-82,-50,
4320614,5243252,4288982,4087793,5232532,4517792,-479,538,1436,673,137,651,182,-79,39,-311,-276,1326,-103,416,845,58,-52,9,
4320614,5233119,4288982,4087793,5232532,4517792,-491,316,1400,670,138,649,-8,33,-72,-323,-97,1248,-102,414,857,165,-16,38,
4320614,5233119,4127774,4087793,5232532,4517792,-509,181,1279,670,138,649,-122,107,-108,-338,-28,1216,-102,414,857,196,-23,-223,
4320614,5233119,4127774,4044469,5232532,4517792,-548,96,1216,672,144,646,-129,120,-70,-333,-40,1194,-105,413,851,169,-95,-105,
4320614,5233119,4127774,4044469,5218450,4517792,-540,142,1157,672,144,646,-107,91,-15,-338,-57,1157,-105,413,850,-6,-168,-180,
4320614,5233119,4127774,4044469,5218450,4553768,-546,136,1146,672,152,639,-82,43,26,-322,-113,1158,-109,412,850,-59,-229,-232,
4320614,5233119,4127774,4044469,5218450,4553768,-539,145,1127,672,143,641,-35,-7,75,-303,-172,1219,-114,411,856,-97,-267,-253,
4320614,5233119,4127774,4044469,5218450,4553768,-545,163,1174,672,143,641,9,-61,97,-298,-165,1320,-114,411,856,-114,-277,-256,
3948878,5233119,4127774,4044469,5218450,4553768,-536,177,1193,672,140,644,16,-99,119,-289,-185,1332,-123,411,842,-134,-264,-257,
3948878,5163070,4127774,4044469,5218450,4553768,-488,334,1237,672,140,644,10,-111,124,-269,-280,1384,-123,411,842,-92,-226,-250,
3948878,5163070,4119519,4044469,5218450,4553768,-497,360,1284,669,138,636,-18,-108,90,-242,-379,1407,-128,420,848,-11,-153,-195,
3948878,5163070,4119519,3928094,5218450,4553768,-499,334,1272,669,138,636,-70,-85,33,-232,-392,1383,-130,410,847,74,-80,-99,
3948878,5163070,4119519,3928094,5211149,4553768,-499,288,1261,667,145,643,-124,-48,-23,-267,-274,1364,-130,410,847,136,1,-11,
3948878,5163070,4119519,3928094,5211149,4521183,-496,221,1247,666,146,650,-165,-23,-54,-271,-194,1335,-131,405,847,173,40,25,
3948878,5163070,4119519,3928094,5211149,4521183,-514,179,1192,666,146,650,-192,-17,-61,-309,-52,1289,-131,405,847,133,51,1,
3948878,5163070,4119519,3928094,5211149,4521183,-518,191,1228,665,145,651,-187,-51,-54,-284,-97,1283,-130,413,855,45,32,-57,
3308482,5163070,4119519,3928094,5211149,4521183,-508,248,1278,665,145,651,-194,-45,-58,-276,-169,1284,-130,413,855,-55,5,-119,
3308482,5104402,4119519,3928094,5211149,4521183,-503,254,1287,665,153,647,-199,-36,-74,-276,-217,1285,-132,410,860,-99,3,-142,
3308482,5104402,4117773,3928094,5211149,4521183,-498,195,1243,665,153,647,-189,-32,-89,-265,-214,1234,-131,406,848,-95,14,-126,
3308482,5104402,4117773,3561686,5211149,4521183,-503,151,1179,662,162,650,-177,-37,-85,-286,-208,1216,-131,406,848,-69,12,-107,
3308482,5104402,4117773,3561686,5200825,4521183,-510,161,1209,662,162,650,-182,-56,-64,-271,-208,1270,-134,405,852,-46,-16,-78,
3308482,5104402,4117773,3561686,5200825,4407884,-502,165,1249,658,166,640,-179,-76,-48,-270,-244,1284,-134,405,852,49,-16,-67,
3308482,5104402,4117773,3561686,5200825,4407884,-506,207,1265,658,164,642,-186,-67,-46,-265,-220,1302,-133,408,860,108,22,-45,
3308482,5104402,4117773,3561686,5200825,4407884,-496,235,1257,658,164,642,-216,-50,-58,-264,-226,1289,-133,408,860,161,53,-15,
2842207,5104402,4117773,3561686,5200825,4407884,-496,172,1173,658,170,637,-244,-37,-75,-278,-203,1259,-135,404,843,197,67,-1,
2842207,5042496,4117773,3561686,5200825,4407884,-506,81,1110,658,170,637,-239,-59,-82,-285,-159,1185,-133,401,865,231,28,0,
2842207,5042496,4277098,3561686,5200825,4407884,-511,48,1076,657,175,638,-201,-119,-51,-286,-127,1168,-133,401,865,262,-31,-15,
2842207,5042496,4277098,3384921,5200825,4407884,-503,123,1119,657,175,638,-173,-189,4,-280,-150,1214,-133,390,850,273,-77,-35,
2842207,5042496,4277098,3384921,5197959,4407884,-494,181,1197,654,183,639,-148,-262,36,-282,-180,1265,-133,390,850,286,-106,-43,
2842207,5042496,4277098,3384921,5197959,4585377,-472,198,1233,649,181,651,-155,-302,8,-260,-157,1217,-138,388,858,322,-123,-37,
2842207,5042496,4277098,3384921,5197959,4585377,-470,186,1251,649,181,651,-231,-318,-8,-267,-176,1228,-138,388,862,350,-143,-30,
2842207,5042496,4277098,3384921,5197959,4585377,-469,155,1181,643,186,658,-278,-336,-9,-259,-162,1216,-140,376,862,399,-158,-12,
2664820,5042496,4277098,3384921,5197959,4585377,-457,183,1190,643,186,658,-327,-366,-21,-265,-143,1251,-143,368,860,435,-178,3,
2664820,5038382,4277098,3384921,5197959,4585377,-444,187,1241,636,193,661,-367,-402,-43,-4,-95,1332,-143,368,860,436,-208,0,
2664820,5038382,4666182,3384921,5197959,4585377,-439,150,1363,636,193,661,-395,-421,-70,-237,-113,1362,-149,356,889,424,-221,-11,
2664820,5038382,4666182,3395168,5197959,4585377,-452,111,1461,628,203,651,-369,-398,-72,-237,-119,1363,-149,356,889,398,-217,-18,
2664820,5038382,4666182,3395168,5168098,4585377,-457,41,1484,625,212,677,-303,-336,-60,-228,-89,1326,-153,351,886,369,-189,-24,
2664820,5038382,4666182,3395168,5168098,4873794,-427,39,1339,625,212,677,-230,-268,-29,-243,-59,1226,-156,343,891,327,-204,-47,
2664820,5038382,4666182,3395168,5168098,4873794,-426,82,1310,619,208,671,-179,-242,-9,-235,-42,1200,-156,343,891,191,-260,-79,
2664820,5038382,4666182,3395168,5168098,4873794,-419,103,1322,619,208,671,-167,-269,0,-246,-11,1223,-162,337,887,97,-318,-126,
2402712,5038382,4666182,3395168,5168098,4873794,-412,87,1302,615,214,674,-150,-302,6,-213,-110,1283,-162,337,887,33,-366,-168,
2402712,5052114,4666182,3395168,5168098,4873794,-404,73,1291,615,214,674,-97,-292,8,-202,-144,1329,-177,336,885,25,-378,-169,
2402712,5052114,4860370,3395168,5168098,4873794,-407,94,1293,610,222,679,-60,-305,17,-205,-140,1396,-177,336,885,75,-357,-137,
2402712,5052114,4860370,3468318,5168098,4873794,-409,126,1301,610,222,679,-36,-329,21,-202,-115,1377,-184,334,886,127,-309,-114,
2402712,5052114,4860370,3468318,5172885,4873794,-383,139,1336,603,213,676,-30,-348,17,-195,-107,1367,-191,324,888,155,-271,-90,
2402712,5052114,4860370,3468318,5172885,5020605,-387,115,1379,600,212,691,-37,-295,-2,-203,-93,1332,-191,324,888,152,-244,-86,
2402712,5052114,4860370,3468318,5172885,5020605,-376,110,1408,600,212,691,-52,-234,-11,-189,-88,1402,-194,321,877,158,-211,-80,
2402712,5052114,4860370,3468318,5172885,5020605,-374,123,1410,598,216,687,-86,-165,-26,-183,-68,1397,-194,321,877,147,-169,-74,
1806838,5052114,4860370,3468318,5172885,5020605,-371,116,1402,598,216,687,-114,-107,-35,-185,-92,1319,-198,319,889,154,-118,-73,
1806838,5040525,4860370,3468318,5172885,5020605,-365,123,1385,594,217,684,-149,-45,-46,-184,-97,1216,-198,319,889,157,-97,-68,
1806838,5040525,4910683,3468318,5172885,5020605,-368,135,1323,594,217,684,-201,-7,-54,-188,-99,1171,-201,315,884,173,-143,-63,
1806838,5040525,4910683,3608279,5172885,5020605,-366,131,1261,598,235,686,-246,15,-83,-178,-51,1111,-204,308,908,194,-224,-47,
1806838,5040525,4910683,3608279,5055916,5020605,-381,96,1131,591,227,696,-267,-27,-94,-181,20,1013,-204,308,908,177,-345,-67,
1806838,5040525,4910683,3608279,5055916,5097625,-362,82,1065,591,227,696,-253,-122,-103,-141,-27,1107,-219,306,887,113,-516,-114,
1806838,5040525,4910683,3608279,5055916,5097625,-384,-231,1149,590,233,689,-229,-236,-107,-122,-52,1178,-219,306,887,53,-833,-179,
1806838,5040525,4910683,3608279,5055916,5097625,-356,13,1243,590,233,689,-178,-336,-78,-108,-89,1293,-238,306,887,6,-922,-176,
2480036,5040525,4910683,3608279,5055916,5097625,-342,80,1288,582,239,698,-151,-406,-40,-108,-134,1883,-238,306,879,-166,-808,-158,
2480036,5033611,4910683,3608279,5055916,5097625,-348,77,1325,582,239,698,-140,-436,-32,-56,-129,1992,-256,307,879,-321,-193,-120,
2480036,5033611,5052663,3608279,5055916,5097625,-331,82,1355,572,251,695,-147,-443,-39,-71,-105,1526,-254,303,892,-10,84,-60,
2480036,5033611,5052663,4657910,5055916,5097625,-316,36,1287,565,249,704,-146,-434,-53,-84,-57,1311,-254,303,892,49,86,-35,
2480036,5033611,5052663,4657910,5057865,5097625,-314,24,1248,565,249,704,-135,-459,-46,-105,-76,1324,-250,299,892,37,89,-32,
2480036,5033611,5052663,4657910,5057865,5119367,-315,14,1324,557,250,708,-90,-481,-28,-96,-54,1322,-250,299,892,13,75,-27,
2480036,5033611,5052663,4657910,5057865,5119367,-296,55,1424,557,250,708,-49,-479,-19,-89,-61,1314,-251,311,882,-29,72,-32,
2480036,5033611,5052663,4657910,5057865,5119367,-301,29,1421,544,250,712,8,-449,-28,-97,-78,1318,-253,301,879,-49,66,-37,
3055439,5033611,5052663,4657910,5057865,5119367,-291,-49,1400,544,250,712,69,-413,-1,-107,-79,1319,-253,301,879,-45,58,-37,
3055439,5110900,5052663,4657910,5057865,5119367,-273,58,1436,537,255,728,89,-365,37,-96,-87,1316,-250,301,888,-36,53,-39,
3055439,5110900,5130996,4657910,5057865,5119367,-265,33,1420,537,255,726,84,-322,41,-105,-64,1298,-250,301,888,-31,42,-40,
3055439,5110900,5130996,4680316,5057865,5119367,-263,79,1408,534,254,726,56,-280,29,-115,-78,1295,-248,302,887,-25,32,-40,
3055439,5110900,5130996,4680316,5150166,5119367,-253,80,1399,532,247,736,23,-235,15,-105,-69,1304,-248,302,887,-29,44,-41,
3055439,5110900,5130996,4680316,5150166,5105525,-255,79,1361,532,247,736,-22,-205,1,-103,-72,1301,-249,304,880,-23,39,-42,
3055439,5110900,5130996,4680316,5150166,5105525,-260,56,1287,530,247,732,-48,-192,-7,-120,-81,1321,-249,308,887,-18,39,-38,
3055439,5110900,5130996,4680316,5150166,5105525,-258,42,1276,530,247,732,-57,-197,-8,-98,-76,1299,-249,308,887,-19,36,-38,
2557126,5110900,5130996,4680316,5150166,5105525,-247,18,1271,521,250,731,-53,-226,-13,-104,-84,1322,-250,304,893,1,35,-38,
2557126,5112913,5130996,4680316,5150166,5105525,-254,-13,1260,521,250,731,-11,-266,-4,-96,-72,1316,-250,304,893,3,26,-36,
2557126,5112913,5110936,4680316,5150166,5105525,-230,7,1223,516,254,744,61,-320,18,-106,-73,1321,-249,298,887,-3,7,-41,
2557126,5112913,5110936,4775971,5150166,5105525,-238,5,1247,511,245,756,148,-438,67,-105,-66,1314,-249,298,887,-22,-2,-41,
2557126,5112913,5110936,4775971,5126133,5105525,-227,37,1288,511,245,756,237,-459,80,-107,-78,1297,-251,309,897,-31,7,-35,
2557126,5112913,5110936,4775971,5126133,5054328,-218,137,1392,504,237,757,152,-443,80,-100,-76,1278,-249,301,889,-17,37,-40,
2557126,5112913,5110936,4775971,5126133,5054328,-195,129,1436,504,237,757,55,-400,50,-114,-84,1309,-249,301,889,1,46,-38,
2557126,5112913,5110936,4775971,5126133,5054328,-178,107,1418,496,245,748,-26,-349,19,-102,-74,1317,-251,301,891,12,34,-44,
3186666,5112913,5110936,4775971,5126133,5054328,-183,66,1369,496,245,748,-81,-310,-9,-100,-68,1306,-251,301,891,16,31,-37,
3186666,5081124,5110936,4775971,5126133,5054328,-187,39,1376,487,247,758,-106,-306,-15,-96,-67,1310,-253,304,892,11,29,-40,
3186666,5081124,5092033,4775971,5126133,5054328,-192,10,1381,485,246,771,-81,-297,-1,-107,-78,1315,-253,302,889,14,14,-33,
3186666,5081124,5092033,4816108,5126133,5054328,-162,39,1387,485,246,771,-38,-275,11,-108,-71,1312,-251,302,889,10,17,-33,
3186666,5081124,5092033,4816108,5056253,5054328,-162,45,1388,485,247,774,-7,-250,16,-118,-76,1292,-248,297,881,12,33,-32,
3186666,5081124,5092033,4816108,5056253,5054585,-173,51,1323,485,247,774,-2,-241,17,-107,-59,1304,-248,297,881,1,26,-31,
3186666,5081124,5092033,4816108,5056253,5054585,-147,67,1337,477,242,779,4,-234,14,-97,-78,1328,-252,303,887,-6,34,-32,
3186666,5081124,5092033,4816108,5056253,5054585,-146,73,1352,477,242,779,0,-242,14,-110,-72,1321,-252,303,887,-20,49,-38,
3736793,5081124,5092033,4816108,5056253,5054585,-151,53,1348,470,249,778,6,-228,2,-109,-66,1306,-248,306,889,-12,36,-38,
3736793,5023393,5092033,4816108,5056253,5054585,-152,44,1350,470,245,772,6,-230,-9,-99,-60,1294,-252,304,888,-21,32,-42,
3736793,5023393,5080455,4816108,5056253,5054585,-154,54,1457,468,245,772,11,-226,-7,-93,-65,1311,-252,304,888,1,30,-30,
3736793,5023393,5080455,4771757,5056253,5054585,-153,79,1523,469,239,785,-11,-30,-13,-111,-76,1309,-251,299,891,6,23,-32,
3736793,5023393,5080455,4771757,5058874,5054585,-116,59,1386,469,239,785,-20,-9,-8,-121,-64,1286,-251,299,891,-1,28,-33,
3736793,5023393,5080455,4771757,5058874,5069185,-126,50,1355,469,245,777,-11,-8,-9,-102,-66,1304,-249,303,883,-5,42,-32,
3736793,5023393,5080455,4771757,5058874,5069185,-150,57,1343,469,245,777,-5,-2,-16,-97,-69,1303,-249,303,883,-14,43,-37,
3736793,5023393,5080455,4771757,5058874,5069185,-142,71,1309,463,250,787,-14,-3,-14,-105,-52,1303,-249,304,884,-16,27,-41,
4174269,5023393,5080455,4771757,5058874,5069185,-147,41,1311,463,250,787,-24,-10,-13,-109,-56,1321,-249,298,884,-23,25,-38,
4174269,4998801,5080455,4771757,5058874,5069185,-138,53,1326,470,251,777,-19,-6,-21,-106,-68,1323,-249,298,884,-27,20,-40,
4174269,4998801,5060287,4771757,5058874,5069185,-138,40,1359,465,244,776,-14,-4,-21,-91,-69,1307,-247,301,890,-31,13,-42,
4174269,4998801,5060287,4744126,5058874,5069185,-151,56,1329,465,244,776,-11,-5,-10,-111,-67,1311,-247,301,890,-29,11,-35,
4174269,4998801,5060287,4744126,5091761,5069185,-143,50,1348,462,246,784,-6,1,-21,-114,-79,1311,-250,302,894,-36,18,-44,
4174269,4998801,5060287,4744126,5091761,5037263,-142,36,1355,462,246,784,-14,0,-13,-100,-68,1315,-250,302,894,-22,20,-38,
4174269,4998801,5060287,4744126,5091761,5037263,-143,44,1348,464,250,769,-18,1,-14,-106,-68,1312,-251,307,901,-16,22,-37,
4174269,4998801,5060287,4744126,5091761,5037263,-141,45,1332,464,250,769,-20,4,-23,-91,-70,1309,-253,302,872,-17,25,-39,
4610785,4998801,5060287,4744126,5091761,5037263,-138,50,1323,465,253,784,-6,1,-16,-96,-66,1302,-253,302,872,-2,23,-38,
4610785,4994459,5060287,4744126,5091761,5037263,-149,54,1318,468,249,781,-3,3,-16,-111,-64,1316,-250,300,893,254,8,-38,
4610785,4994459,5052937,4744126,5091761,5037263,-139,45,1333,468,249,781,-7,4,-25,-106,-59,1314,-250,300,893,14,11,-39,
4610785,4994459,5052937,4743579,5091761,5037263,-127,40,1354,465,247,780,-7,5,-24,-95,-62,1300,-253,306,889,23,6,-38,
4610785,4994459,5052937,4743579,5054914,5037263,-134,39,1365,465,247,780,-3,9,-19,-93,-68,1307,-253,302,895,30,17,-42,
4610785,4994459,5052937,4743579,5054914,5006397,-137,44,1341,464,249,789,17,9,-12,-112,-74,1294,-252,302,895,36,15,-37,
4610785,4994459,5052937,4743579,5054914,5006397,-152,65,1335,464,249,789,18,9,-18,-89,-63,1299,-252,297,891,38,21,-32,
4610785,4994459,5052937,4743579,5054914,5006397,-143,44,1332,464,257,776,23,13,-15,-114,-57,1314,-252,297,891,25,29,-31,
4778171,4994459,5052937,4743579,5054914,5006397,-152,49,1346,464,253,780,19,17,-20,-94,-62,1306,-254,299,900,14,26,-31,
4778171,5008606,5052937,4743579,5054914,5006397,-138,48,1343,467,253,780,20,24,-30,-99,-69,1319,-254,299,900,11,35,-33,
4778171,5008606,5057715,4743579,5054914,5006397,-136,44,1344,470,246,785,19,21,-25,-101,-58,1320,-251,304,883,14,43,-35,
4778171,5008606,5057715,4736383,5054914,5006397,-136,49,1354,470,246,785,21,21,-28,-110,-61,1308,-251,297,884,8,35,-33,
4778171,5008606,5057715,4736383,5016640,5006397,-144,49,1337,469,249,779,10,17,-19,-115,-59,1310,-251,297,884,1,33,-38,
4778171,5008606,5057715,4736383,5016640,4992310,-136,46,1339,469,249,779,5,15,-20,-99,-60,1306,-252,295,896,2,24,-35,
4778171,5008606,5057715,4736383,5016640,4992310,-146,61,1341,468,254,779,7,13,-23,-98,-60,1309,-252,295,896,-2,33,-39,
4778171,5008606,5057715,4736383,5016640,4992310,-145,62,1336,468,254,779,9,22,-29,-93,-59,1305,-247,302,891,-6,35,-45,
4918094,5008606,5057715,4736383,5016640,4992310,-141,45,1354,468,250,776,0,22,-22,-93,-57,1292,-247,302,891,-13,45,-37,
4918094,4998873,5057715,4736383,5016640,4992310,-128,52,1334,470,249,781,-6,11,-21,-109,-73,1319,-254,301,888,-20,39,-34,
4918094,4998873,5075379,4736383,5016640,4992310,-158,51,1360,470,249,781,-12,9,-18,-103,-64,1310,-246,298,891,-21,39,-34,
4918094,4998873,5075379,4807309,5016640,4992310,-144,50,1340,470,248,782,-13,5,-15,-104,-59,1309,-246,298,891,-8,31,-34,
4918094,4998873,5075379,4807309,4982626,4992310,-140,42,1341,470,248,782,-16,7,-13,-100,-59,1306,-250,294,891,1,22,-31,
4918094,4998873,5075379,4807309,4982626,4982574,-137,36,1344,467,249,773,-18,2,-13,-109,-55,1325,-250,294,891,1,28,-36,
4918094,4998873,5075379,4807309,4982626,4982574,-133,44,1340,467,249,773,-22,-4,-7,-106,-64,1311,-249,299,885,-7,35,-34,
4918094,4998873,5075379,4807309,4982626,4982574,-147,46,1325,467,255,775,-25,-5,-11,-113,-58,1321,-249,299,885,-14,35,-42,
4991409,4998873,5075379,4807309,4982626,4982574,-153,47,1342,470,251,777,-24,-1,-15,-103,-68,1312,-254,298,891,-9,31,-37,
4991409,4863575,5075379,4807309,4982626,4982574,-149,47,1345,470,251,777,-28,1,-23,-105,-64,1306,-251,296,895,4,32,-34,
4991409,4863575,5082856,4807309,4982626,4982574,-148,44,1337,471,250,773,-28,7,-30,-101,-72,1307,-251,296,895,1,47,-29,
4991409,4863575,5082856,4860217,4982626,4982574,-141,29,1342,471,250,773,-35,3,-32,-103,-53,1300,-251,296,894,8,49,-29,
4991409,4863575,5082856,4860217,4961178,4982574,-132,31,1343,469,256,771,-32,8,-28,-102,-69,1310,-251,296,894,10,40,-33,
4991409,4863575,5082856,4860217,4961178,5006851,-143,42,1337,469,256,771,-23,11,-26,-99,-70,1310,-255,296,893,8,39,-35,
4991409,4863575,5082856,4860217,4961178,5006851,-127,48,1361,465,257,778,-19,8,-25,-113,-51,1319,-255,296,896,7,52,-29,
4991409,4863575,5082856,4860217,4961178,5006851,-146,23,1360,469,255,769,-18,5,-19,-103,-59,1314,-249,296,896,2,50,-25,
5038151,4863575,5082856,4860217,4961178,5006851,-149,34,1351,469,255,769,-7,7,-12,-96,-48,1311,-251,291,904,-8,49,-29,
5038151,4841267,5082856,4860217,4961178,5006851,-141,32,1347,469,253,776,-3,5,-12,-106,-58,1307,-251,291,904,-10,44,-33,
5038151,4841267,5090947,4860217,4961178,5006851,-134,29,1338,469,253,776,0,9,-12,-98,-46,1306,-249,290,887,-9,33,-26,
5038151,4841267,5090947,4871471,4961178,5006851,-145,40,1346,468,252,777,1,3,-8,-105,-70,1317,-249,290,887,-8,31,-30,
5038151,4841267,5090947,4871471,4960896,5006851,-141,47,1355,468,252,777,0,1,-15,-104,-58,1317,-250,298,898,-3,41,-23,
5038151,4841267,5090947,4871471,4960896,5030429,-138,42,1356,467,264,779,6,2,-13,-118,-67,1315,-249,297,909,0,35,-18,
5038151,4841267,5090947,4871471,4960896,5030429,-157,48,1352,467,264,523,-4,2,-11,-105,-48,1309,-249,297,909,2,33,-25,
5038151,4841267,5090947,4871471,4960896,5030429,-151,36,1342,468,253,765,-8,-5,-1,-121,-57,1319,-250,294,889,15,36,-31,
5009301,4841267,5090947,4871471,4960896,5030429,-137,47,1356,470,253,778,-8,-9,-4,-119,-63,1300,-250,294,889,20,27,-25,
5009301,4843523,5090947,4871471,4960896,5030429,-144,47,1336,470,253,778,-14,-12,-5,-116,-56,1306,-252,298,893,16,24,-29,
5009301,4843523,5089593,4871471,4960896,5030429,-141,50,1332,468,254,771,-18,-6,-4,-116,-57,1301,-252,298,893,0,36,-26,
5009301,4843523,5089593,4877278,4960896,5030429,-137,34,1345,468,254,771,-3,-5,-5,-112,-46,1313,-251,301,880,-12,46,-25,
5009301,4843523,5089593,4877278,4918347,5030429,-146,41,1360,468,257,787,3,1,-9,-104,-49,1311,-248,291,890,-19,36,-22,
5009301,4843523,5089593,4877278,4918347,5052251,-141,45,1358,468,257,787,6,9,-8,-108,-64,1300,-248,291,890,-12,50,-26,
5009301,4843523,5089593,4877278,4918347,5052251,-143,50,1334,464,262,781,7,5,-12,-100,-50,1303,-248,292,889,-9,42,-30,
5009301,4843523,5089593,4877278,4918347,5052251,-147,36,1346,473,254,777,-3,14,-17,-101,-54,1317,-248,292,889,-14,44,-28,
5010741,4843523,5089593,4877278,4918347,5052251,-148,30,1350,473,254,777,-6,7,-13,-112,-66,1309,-249,293,894,-8,42,-30,
5010741,4846838,5089593,4877278,4918347,5052251,-144,34,1332,468,253,766,-9,5,-13,-114,-53,1294,-249,293,894,-7,38,-31,
5010741,4846838,5096310,4877278,4918347,5052251,-132,49,1305,468,253,766,-11,-10,-6,-104,-55,1312,-250,298,885,-2,32,-25,
5010741,4846838,5096310,4913399,4918347,5052251,-147,42,1351,469,258,778,-6,-4,-8,-117,-41,1314,-249,290,889,-4,36,-24,
5010741,4846838,5096310,4913399,4855762,5052251,-137,41,1330,469,258,778,-1,0,-10,-114,-60,1295,-249,290,889,3,32,-23,
5010741,4846838,5096310,4913399,4855762,5055761,-133,45,1333,468,261,767,8,-2,-11,-111,-60,1311,-252,287,894,1,36,-25,
5010741,4846838,5096310,4913399,4855762,5055761,-156,31,1359,467,259,778,-1,0,-10,-110,-59,1320,-252,287,894,-7,27,-19,
5010741,4846838,5096310,4913399,4855762,5055761,-149,44,1365,467,259,778,-5,-1,-11,-107,-48,1311,-247,296,887,-9,28,-18,
5034501,4846838,5096310,4913399,4855762,5055761,-136,42,1322,469,257,775,10,6,-15,-110,-57,1314,-250,288,883,-8,37,-20,
5034501,4830041,5096310,4913399,4855762,5055761,-147,40,1340,469,257,775,1,8,-12,-112,-62,1311,-250,288,883,-16,30,-23,
5034501,4830041,5096853,4913399,4855762,5055761,-148,32,1341,468,248,776,-2,1,-10,-112,-48,1295,-250,289,899,-8,36,-25,
5034501,4830041,5096853,4947585,4855762,5055761,-147,41,1338,468,248,776,-1,4,-15,-99,-57,1320,-250,289,899,-7,32,-24,
5034501,4830041,5096853,4947585,4831785,5055761,-157,48,1344,467,261,783,-2,1,-14,-111,-50,1316,-250,294,894,-11,38,-21,
5034501,4830041,5096853,4947585,4831785,5055899,-144,24,1355,467,5,783,0,-1,-9,-111,-43,1316,-250,294,894,-8,41,-20,
5034501,4830041,5096853,4947585,4831785,5055899,-148,41,1343,467,255,783,255,8,-15,-99,-67,1315,-250,299,896,-9,38,-22,
5034501,4830041,5096853,4947585,4831785,5055899,-142,52,1338,469,256,777,6,5,-14,-103,-45,1309,-246,292,887,-17,40,-23,
5048300,4830041,5096853,4947585,4831785,5055899,-160,45,1342,469,256,777,12,11,-16,-105,-42,1320,-246,292,887,-17,44,-16,
5048300,4817179,5096853,4947585,4831785,5055899,-149,33,1350,469,255,773,-1,6,-15,-114,-51,1313,-247,291,886,-12,48,-21,
5048300,4817179,5096672,4947585,4831785,5055899,-137,41,1348,469,255,773,7,3,-12,-113,-46,1316,-247,291,886,-11,33,-24,
5048300,4817179,5096672,4962666,4831785,5055899,-154,38,1349,465,259,758,13,9,-17,-109,-55,1309,-247,296,891,-11,28,-18,
5048300,4817179,5096672,4962666,4830985,5055899,-135,43,1336,465,259,758,11,9,-14,-115,-64,1311,-247,296,891,-15,34,-28,
5048300,4817179,5096672,4962666,4830985,5049989,-129,47,1351,468,258,762,5,3,-12,-116,-54,1304,-247,299,891,-9,28,-23,
5048300,4817179,5096672,4962666,4830985,5049989,-140,37,1333,470,253,772,3,9,-13,-120,-60,1309,-245,288,893,-7,27,-24,
5048300,4817179,5096672,4962666,4830985,5049989,-141,44,1340,470,253,772,3,7,-16,-103,-65,1317,-245,288,893,-17,31,-23,
5060660,4817179,5096672,4962666,4830985,5049989,-148,46,1336,467,253,775,-5,5,-10,-116,-57,1301,-245,291,892,-19,30,-23,
5060660,4816266,5096672,4962666,4830985,5049989,-162,50,1340,467,253,775,-4,-4,-13,-110,-52,1313,-245,291,892,-22,29,-22,
5060660,4816266,5099306,4962666,4830985,5049989,-149,39,1345,471,255,765,-5,-6,-8,-109,-57,1300,-249,291,893,-20,39,-26,
5060660,4816266,5099306,4974000,4830985,5049989,-142,29,1336,471,255,765,-5,1,-5,-102,-55,1316,-249,291,893,-18,40,-28,
5060660,4816266,5099306,4974000,4809679,5049989,-154,38,1342,464,257,780,2,1,-22,-110,-58,1310,-250,292,889,-17,43,-17,
5060660,4816266,5099306,4974000,4809679,5036501,-154,50,1334,470,257,771,8,3,-14,-114,-43,1315,-249,290,884,-13,44,-21,
5060660,4816266,5099306,4974000,4809679,5036501,-158,48,1365,470,257,771,10,4,-14,-113,-50,1314,-249,290,884,-14,42,-25,
5060660,4816266,5099306,4974000,4809679,5036501,-150,39,1342,469,250,770,12,3,-17,-100,-48,1301,-250,286,899,-11,35,-26,
5082117,4816266,5099306,4974000,4809679,5036501,-141,51,1349,469,250,770,18,10,-14,-104,-44,1302,-250,286,899,-5,38,-31,
5082117,4781930,5099306,4974000,4809679,5036501,-142,43,1354,464,252,785,11,5,-16,-99,-54,1305,-250,295,886,-1,43,-22,
5082117,4781930,5095801,4974000,4809679,5036501,-144,36,1356,464,252,785,8,12,-24,-104,-57,1309,-248,292,898,-4,24,-20,
5082117,4781930,5095801,4992871,4809679,5036501,-137,32,1341,466,263,783,5,12,-19,-114,-47,1298,-248,292,898,-6,34,-25,
5082117,4781930,5095801,4992871,4777964,5036501,-146,48,1343,466,255,776,0,9,-14,-108,-55,1298,-248,289,894,-13,37,-22,
5082117,4781930,5095801,4992871,4777964,5032736,-132,41,1338,472,255,776,-11,6,-8,-114,-73,1300,-248,289,894,-12,41,-26,
5082117,4781930,5095801,4992871,4777964,5032736,-155,34,1344,469,256,775,0,11,-18,-110,-49,1305,-250,288,896,-24,25,-24,
5082117,4781930,5095801,4992871,4777964,5032736,-147,47,1336,469,256,775,3,9,-18,-105,-56,1303,-250,288,896,-19,36,-29,
5086796,4781930,5095801,4992871,4777964,5032736,-138,38,1356,469,252,767,3,5,-12,-117,-47,1312,-247,299,897,-15,40,-31,
5086796,4783507,5095801,4992871,4777964,5032736,-141,34,1338,469,252,767,7,7,-13,-124,-53,1312,-247,290,892,-12,31,-31,
5086796,4783507,5099631,4992871,4777964,5032736,-145,37,1352,466,262,774,5,8,-9,-118,-56,1318,-247,290,892,-23,30,-27,
5086796,4783507,5099631,4998644,4777964,5032736,-142,36,1353,466,262,774,8,10,-11,-119,-51,1299,-248,294,891,-27,25,-23,
5086796,4783507,5099631,4998644,4810297,5032736,-141,34,1344,472,260,780,14,10,-10,-99,-44,1306,-248,294,891,-19,33,-23,
5086796,4783507,5099631,4998644,4810297,5033518,-142,54,1342,468,254,773,2,5,-12,-104,-50,1303,-249,294,893,-20,41,-23,
5086796,4783507,5099631,4998644,4810297,5033518,-147,54,1339,468,254,773,-5,3,-10,-121,-53,1320,-249,294,893,-16,45,-29,
5086796,4783507,5099631,4998644,4810297,5033518,-149,32,1362,471,253,778,-7,4,-8,-114,-55,1298,-252,297,889,-17,37,-27,
5064512,4783507,5099631,4998644,4810297,5033518,-135,44,1346,471,253,778,-2,8,-8,-115,-47,1301,-248,291,891,-20,24,-21,
5064512,4803729,5099631,4998644,4810297,5033518,-142,42,1342,468,257,770,-9,4,-11,-113,-64,1307,-248,291,891,-19,28,-28,
5064512,4803729,5106746,4998644,4810297,5033518,-151,42,1355,468,257,770,-9,6,-16,-104,-58,1298,-249,288,885,-19,33,-32,
5064512,4803729,5106746,4990185,4810297,5033518,-151,27,1355,464,259,778,-6,4,-11,-126,-54,1316,-249,288,885,-15,26,-22,
5064512,4803729,5106746,4990185,4836026,5033518,-144,34,1345,470,257,773,3,2,-3,-115,-65,1311,-249,293,883,-18,26,-29,
5064512,4803729,5106746,4990185,4836026,5035154,-142,35,1346,470,257,773,6,5,-14,-119,-58,1326,-249,293,883,-17,31,-27,
5064512,4803729,5106746,4990185,4836026,5035154,-141,35,1340,470,253,772,8,8,-13,-112,-55,1318,-253,290,892,-13,39,-28,
5064512,4803729,5106746,4990185,4836026,5035154,-139,29,1342,470,253,772,13,8,-14,-110,-46,1310,-247,288,900,-18,42,-34,
5058853,4803729,5106746,4990185,4836026,5035154,-142,37,1341,467,255,774,13,6,-10,-129,-52,1299,-247,288,900,-10,39,-33,
5058853,4813969,5106746,4990185,4836026,5035154,-134,41,1328,467,255,774,14,5,-12,-119,-54,1310,-249,289,887,-13,42,-32,
5058853,4813969,5108103,4990185,4836026,5035154,-152,47,1346,467,258,784,11,-2,-7,-115,-43,1319,-249,289,887,-19,42,-26,
5058853,4813969,5108103,4988242,4836026,5035154,-138,34,1344,467,260,767,9,4,-13,-101,-52,1304,-253,297,895,-13,34,-29,
5058853,4813969,5108103,4988242,4852600,5035154,-145,40,1352,470,260,767,2,-4,-9,-113,-47,1290,-249,295,892,-12,32,-25,
5058853,4813969,5108103,4988242,4852600,5040634,-137,48,1346,468,252,779,3,-3,-8,-122,-61,1308,-249,295,892,-9,32,-26,
5058853,4813969,5108103,4988242,4852600,5040634,-134,53,1327,468,252,779,9,4,-18,-110,-58,1307,-250,290,890,-13,23,-32,
5058853,4813969,5108103,4988242,4852600,5040634,-152,47,1362,468,251,776,7,3,-13,-110,-66,1313,-250,290,890,-10,23,-34,
5066080,4813969,5108103,4988242,4852600,5040634,-146,42,1345,468,251,776,6,3,-12,-107,-53,1286,-249,289,893,-18,39,-33,
5066080,4796798,5108103,4988242,4852600,5040634,-143,34,1333,466,262,772,5,5,-15,-111,-52,1318,-249,289,893,-17,26,-23,
5066080,4796798,5105971,4988242,4852600,5040634,-136,44,1353,466,262,772,0,-1,-8,-105,-49,1301,-252,294,905,-17,23,-36,
5066080,4796798,5105971,4988946,4852600,5040634,-146,46,1320,467,257,778,0,-3,-11,-116,-47,1311,-248,286,883,-13,29,-32,
5066080,4796798,5105971,4988946,4851780,5040634,-153,22,1346,471,252,774,7,-4,-12,-114,-46,1297,-248,286,883,-18,41,-25,
5066080,4796798,5105971,4988946,4851780,5039855,-139,40,1344,471,252,774,-3,2,-17,-108,-44,1315,-246,287,902,-14,26,-26,
5066080,4796798,5105971,4988946,4851780,5039855,-145,42,1344,470,253,776,0,-2,-10,-131,-55,1339,-246,287,902,-24,30,-26,
5066080,4796798,5105971,4988946,4851780,5039855,-139,46,1330,470,253,776,6,2,-8,-115,-57,1306,-250,293,888,-22,31,-19,
5093013,4796798,5105971,4988946,4851780,5039855,-143,55,1347,468,256,772,6,9,-14,-123,-58,1336,-250,293,888,-5,31,-30,
5093013,4775494,5105971,4988946,4851780,5039855,-147,42,1339,468,256,772,2,7,-16,-120,-68,1314,-250,300,897,-9,32,-26,
5093013,4775494,5101347,4988946,4851780,5039855,-137,33,1353,465,262,768,16,11,-15,-108,-49,1297,-249,292,890,-9,39,-28,
5093013,4775494,5101347,5007276,4851780,5039855,-146,30,1348,469,253,779,11,8,-19,-112,-53,1310,-249,292,890,-14,38,-32,
5093013,4775494,5101347,5007276,4843908,5039855,-154,36,1330,469,253,779,9,8,-20,-103,-48,1310,-251,290,900,-10,42,-29,
5093013,4775494,5101347,5007276,4843908,5031052,-136,45,1349,467,255,772,3,10,-15,-96,-51,1296,-251,290,900,-15,33,-32,
5093013,4775494,5101347,5007276,4843908,5031052,-144,35,1341,467,255,772,5,1,-9,-112,-47,1329,-250,293,886,-11,38,-35,
5093013,4775494,5101347,5007276,4843908,5031052,-154,36,1356,465,249,784,-5,0,-9,-102,-52,1304,-250,293,886,-14,27,-33,
5106904,4775494,5101347,5007276,4843908,5031052,-147,47,1345,465,249,784,-7,4,-12,-115,-52,1305,-250,289,884,-19,25,-27,
5106904,4774859,5101347,5007276,4843908,5031052,-142,28,1338,469,261,771,3,4,-18,-107,-48,1306,-246,292,893,-10,26,-24,
5106904,4774859,5103151,5007276,4843908,5031052,-153,39,1334,466,255,770,2,3,-17,-116,-49,1312,-246,292,893,-17,28,-26,
5106904,4774859,5103151,5008950,4843908,5031052,-137,48,1331,466,255,770,5,6,-23,-113,-52,1312,-250,287,894,-16,35,-28,
5106904,4774859,5103151,5008950,4835072,5031052,-132,31,1351,469,250,776,1,4,-19,-115,-49,1303,-250,287,894,-19,28,-27,
5106904,4774859,5103151,5008950,4835072,5026579,-138,33,1338,469,250,776,4,7,-14,-105,-57,1328,-247,301,897,-24,23,-26,
5106904,4774859,5103151,5008950,4835072,5026579,-150,26,1339,469,255,760,-2,4,-9,-107,-66,1317,-248,295,898,-16,26,-30,
5106904,4774859,5103151,5008950,4835072,5026579,-154,29,1347,469,255,760,1,1,-12,-109,-57,1298,-248,295,898,-17,35,-16,
5088231,4774859,5103151,5008950,4835072,5026579,-135,39,1350,465,259,768,-4,3,-14,-119,-53,1296,-246,291,885,-18,37,-32,
5088231,4786329,5103151,5008950,4835072,5026579,-141,33,1344,465,259,768,0,5,-16,-101,-50,1306,-246,291,885,-15,24,-26,
5088231,4786329,5110489,5008950,4835072,5026579,-156,34,1342,467,254,769,-1,8,-18,-119,-63,1310,-248,295,893,-19,28,-23,
5088231,4786329,5110489,4996791,4835072,5026579,-149,42,1353,467,253,775,2,2,-10,-110,-62,1311,-248,295,893,-20,35,-27,
5088231,4786329,5110489,4996791,4847984,5026579,-129,30,1349,467,253,775,3,3,-11,-99,-53,1306,-248,294,885,-12,44,-28,
5088231,4786329,5110489,4996791,4847984,5032502,-147,37,1325,470,252,771,5,6,-11,-114,-58,1313,-248,294,894,-20,36,-32,
5088231,4786329,5110489,4996791,4847984,5032502,-155,34,1363,470,252,771,-4,0,-7,-111,-55,1313,-248,294,894,-21,37,-27,
5088231,4786329,5110489,4996791,4847984,5032502,-145,30,1357,468,254,771,-10,3,-11,-111,-55,1326,-248,290,898,-17,32,-28,
5071412,4786329,5110489,4996791,4847984,5032502,-135,49,1341,468,254,771,-4,4,-17,-104,-59,1302,-248,290,898,-17,34,-28,
5071412,4818482,5110489,4996791,4847984,5032502,-145,52,1347,469,261,769,3,4,-13,-109,-61,1307,-249,292,894,-18,42,-28,
5071412,4818482,5115185,4996791,4847984,5032502,-146,51,1332,468,258,777,-3,6,-15,-120,-63,1325,-249,292,894,-16,31,-29,
5071412,4818482,5115185,4983325,4847984,5032502,-133,44,1346,468,258,777,2,1,-8,-102,-54,1303,-249,299,893,-14,35,-32,
5071412,4818482,5115185,4983325,4857552,5032502,-151,33,1347,472,253,787,5,2,-10,-103,-54,1300,-250,291,890,-12,36,-33,
5071412,4818482,5115185,4983325,4857552,5039053,-133,47,1341,472,253,787,9,6,-11,-125,-71,1324,-250,291,890,-19,40,-27,
5071412,4818482,5115185,4983325,4857552,5039053,-154,29,1337,468,259,779,4,4,-12,-109,-56,1316,-248,289,895,-19,40,-34,
5071412,4818482,5115185,4983325,4857552,5039053,-140,46,1343,468,259,779,-2,1,-15,-109,-62,1314,-248,289,895,-12,34,-35,
5054141,4818482,5115185,4983325,4857552,5039053,-139,50,1351,468,260,780,-3,8,-14,-119,-54,1311,-252,297,901,-15,45,-32,
5054141,4820475,5115185,4983325,4857552,5039053,-142,38,1341,467,260,769,7,6,-11,-102,-52,1311,-252,297,887,-12,25,-28,
5054141,4820475,5123136,4983325,4857552,5039053,-144,41,1349,467,260,769,18,7,-11,-118,-66,1312,-246,290,887,-14,34,-31,
5054141,4820475,5123136,4960684,4857552,5039053,-125,44,1333,470,251,778,11,6,-19,-108,-57,1308,-250,293,896,-8,27,-28,
5054141,4820475,5123136,4960684,4863253,5039053,-170,39,1328,470,251,778,9,5,-13,-106,-42,1310,-250,293,896,-8,37,-34,
5054141,4820475,5123136,4960684,4863253,5042699,-144,37,1345,469,255,784,5,8,-14,-109,-51,1292,-249,291,897,-14,42,-30,
5054141,4820475,5123136,4960684,4863253,5042699,-131,43,1352,469,255,784,-1,-2,-15,-111,-55,1298,-249,291,897,-19,37,-27,
5054141,4820475,5123136,4960684,4863253,5042699,-153,45,1346,469,258,761,1,-1,-18,-108,-58,1318,-251,296,895,-14,41,-36,
5054915,4820475,5123136,4960684,4863253,5042699,-157,44,1339,469,2,780,3,5,-13,-108,-48,1316,-249,298,898,-15,28,-32,
5054915,4824852,5123136,4960684,4863253,5042699,-146,32,1348,469,254,780,5,3,-14,-109,-45,1313,-249,298,898,-16,30,-29,
5054915,4824852,5126398,4960684,4863253,5042699,-141,51,1331,469,257,779,9,4,-13,-103,-62,1297,-249,289,894,-16,30,-33,
5054915,4824852,5126398,4955193,4863253,5042699,-144,40,1334,469,257,779,11,3,-9,-112,-60,1309,-249,289,894,-17,35,-32,
5054915,4824852,5126398,4955193,4863142,5042699,-145,39,1343,468,255,770,3,-3,-13,-109,-63,1300,-249,296,900,-14,43,-28,
5054915,4824852,5126398,4955193,4863142,5044018,-149,35,1361,468,255,770,4,1,-19,-103,-54,1319,-249,296,900,-16,38,-19,
5054915,4824852,5126398,4955193,4863142,5044018,-142,40,1337,465,256,768,2,7,-25,-98,-47,1302,-252,295,891,-16,38,-26,
5054915,4824852,5126398,4955193,4863142,5044018,-139,48,1336,465,256,768,-6,9,-16,-120,-56,1303,-250,291,905,-10,40,-24,
5055933,4824852,5126398,4955193,4863142,5044018,-149,41,1337,470,264,780,5,7,-15,-116,-51,1311,-250,291,905,-15,34,-24,
5055933,4824307,5126398,4955193,4863142,5044018,-148,34,1339,472,255,772,4,2,-14,-105,-62,1307,-249,289,892,-18,30,-30,
5055933,4824307,5124748,4955193,4863142,5044018,-157,32,1335,472,255,772,3,4,-9,-115,-59,1300,-249,289,892,-9,27,-32,
5055933,4824307,5124748,4958815,4863142,5044018,-130,31,1350,468,256,767,4,7,-19,-118,-56,1300,-250,293,889,-14,30,-25,
5055933,4824307,5124748,4958815,4861037,5044018,-139,51,1336,468,256,767,7,5,-21,-110,-48,1303,-250,293,889,-9,31,-25,
5055933,4824307,5124748,4958815,4861037,5045676,-155,39,1358,470,261,784,9,11,-17,-121,-59,1314,-251,295,896,-15,34,-23,
5055933,4824307,5124748,4958815,4861037,5045676,-147,36,1357,470,261,784,10,7,-14,-101,-59,1302,-248,291,883,-8,31,-30,
5055933,4824307,5124748,4958815,4861037,5045676,-146,40,1359,471,262,764,10,8,-12,-113,-49,1301,-248,291,883,-18,38,-28,
5062059,4824307,5124748,4958815,4861037,5045676,-139,42,1337,470,255,774,12,8,-15,-112,-63,1314,-248,295,901,-16,44,-28,
5062059,4825344,5124748,4958815,4861037,5045676,-140,47,1340,470,255,774,9,6,-14,-113,-61,1318,-248,295,901,-19,41,-31,
5062059,4825344,5124579,4958815,4861037,5045676,-145,38,1349,469,254,780,4,3,-20,-109,-61,1300,-250,297,890,-19,35,-32,
5062059,4825344,5124579,4966395,4861037,5045676,-143,38,1332,469,254,780,6,9,-16,-126,-57,1319,-250,293,893,-18,34,-31,
5062059,4825344,5124579,4966395,4863752,5045676,-144,44,1338,467,255,762,1,1,-13,-111,-65,1309,-251,293,893,-18,37,-26,
5062059,4825344,5124579,4966395,4863752,5045129,-145,37,1350,467,255,762,3,5,-14,-107,-46,1311,-245,290,892,-18,20,-25,
5062059,4825344,5124579,4966395,4863752,5045129,-133,32,1357,471,261,768,-2,2,-13,-114,-62,1306,-245,290,892,-23,31,-29,
5062059,4825344,5124579,4966395,4863752,5045129,-128,35,1329,471,260,773,-4,-3,-9,-112,-59,1302,-247,292,892,-23,34,-27,
5064073,4825344,5124579,4966395,4863752,5045129,-143,39,1341,471,260,773,-4,-5,-14,-112,-62,1320,-247,292,892,-16,32,-24,
5064073,4804555,5124579,4966395,4863752,5045129,-152,29,1345,469,254,777,1,4,-15,-114,-56,1312,-249,300,887,-14,29,-34,
5064073,4804555,5122106,4966395,4863752,5045129,-140,44,1351,469,254,777,-2,2,-12,-112,-61,1307,-243,293,886,-7,28,-37,
5064073,4804555,5122106,4967438,4863752,5045129,-153,44,1336,471,255,773,-6,-4,-7,-117,-52,1304,-243,293,886,-5,28,-30,
5064073,4804555,5122106,4967438,4860797,5045129,-144,48,1330,471,255,773,-1,10,-16,-113,-43,1297,-252,291,895,-8,30,-29,
5064073,4804555,5122106,4967438,4860797,5044052,-148,40,1343,468,258,767,4,6,-18,-121,-63,1305,-252,291,895,-12,30,-24,
5064073,4804555,5122106,4967438,4860797,5044052,-150,40,1345,468,258,767,6,9,-21,-111,-63,1310,-248,295,895,-9,40,-27,
5064073,4804555,5122106,4967438,4860797,5044052,-144,39,1355,470,259,780,8,10,-13,-116,-62,1298,-248,295,895,-12,31,-28,
5076610,4804555,5122106,4967438,4860797,5044052,-147,46,1326,467,255,773,8,11,-12,-112,-56,1318,-251,295,876,-13,39,-28,
5076610,4807076,5122106,4967438,4860797,5044052,-144,37,1346,467,255,773,0,10,-13,-111,-60,1315,-246,288,883,-17,35,-38,
5076610,4807076,5122934,4967438,4860797,5044052,-139,37,1361,472,253,776,-1,4,-9,-113,-52,1308,-246,288,883,-17,30,-31,
5076610,4807076,5122934,4973520,4860797,5044052,-149,38,1356,472,253,776,8,12,-17,-116,-53,1295,-250,291,903,-20,31,-33,
5076610,4807076,5122934,4973520,4860434,5044052,-151,43,1350,471,261,773,12,15,-21,-106,-58,1300,-250,291,903,-19,26,-32,
5076610,4807076,5122934,4973520,4860434,5041963,-130,45,1335,471,261,773,13,11,-13,-112,-55,1311,-251,291,886,-22,26,-31,
5076610,4807076,5122934,4973520,4860434,5041963,-157,31,1345,465,257,780,3,3,-12,-110,-60,1317,-251,291,886,-19,22,-28,
5076610,4807076,5122934,4973520,4860434,5041963,-138,37,1352,470,255,775,-5,-7,-5,-96,-55,1309,-250,292,881,-17,32,-26,
5076744,4807076,5122934,4973520,4860434,5041963,-137,42,1350,470,255,775,-6,-3,-6,-113,-60,1294,-248,292,887,-22,33,-35,
5076744,4801449,5122934,4973520,4860434,5041963,-143,38,1344,470,255,782,-3,0,-10,-111,-47,1309,-248,292,887,-20,35,-27,
5076744,4801449,5122513,4973520,4860434,5041963,-147,41,1340,470,255,782,4,3,-12,-99,-54,1298,-248,293,898,-16,39,-30,
5076744,4801449,5122513,4975926,4860434,5041963,-151,34,1337,468,253,787,11,7,-19,-114,-53,1307,-248,293,898,-16,34,-27,
5076744,4801449,5122513,4975926,4856797,5041963,-140,39,1354,468,253,787,14,0,-14,-111,-42,1309,-249,295,886,-10,37,-29,
5076744,4801449,5122513,4975926,4856797,5040140,-153,48,1354,467,261,780,9,11,-18,-105,-59,1311,-249,294,885,-15,37,-25,
5076744,4801449,5122513,4975926,4856797,5040140,-142,39,1355,467,260,775,10,15,-21,-103,-52,1286,-251,294,885,-14,43,-30,
5076744,4801449,5122513,4975926,4856797,5040140,-147,36,1338,471,260,775,5,8,-16,-108,-49,1308,-250,292,898,-15,31,-23,
5090032,4801449,5122513,4975926,4856797,5040140,-147,40,1346,471,255,772,6,10,-10,-111,-57,1326,-250,292,898,-15,39,-25,
5090032,4804171,5122513,4975926,4856797,5040140,-148,43,1331,471,255,772,9,11,-16,-111,-68,1309,-248,292,889,-22,31,-31,
5090032,4804171,5122613,4975926,4856797,5040140,-145,37,1332,470,251,769,3,7,-17,-116,-49,1326,-248,292,889,-10,37,-35,
5090032,4804171,5122613,4983137,4856797,5040140,-142,28,1351,470,251,769,1,-1,-13,-111,-60,1315,-248,299,895,-7,37,-31,
5090032,4804171,5122613,4983137,4857114,5040140,-143,45,1338,469,258,777,-7,3,-19,-117,-52,1305,-247,293,890,-13,29,-27,
5090032,4804171,5122613,4983137,4857114,5039528,-144,43,1335,469,258,777,-3,1,-17,-109,-48,1312,-247,293,890,-16,32,-30,
5090032,4804171,5122613,4983137,4857114,5039528,-154,42,1334,471,253,760,-5,-1,-16,-120,-33,1322,-248,293,901,-12,24,-27,
5090032,4804171,5122613,4983137,4857114,5039528,-153,46,1355,470,252,775,2,3,-18,-108,-57,1299,-248,293,901,-14,31,-28,
5090433,4804171,5122613,4983137,4857114,5039528,-136,41,1344,470,252,775,-4,-1,-14,-116,-48,1313,-250,298,894,-9,25,-30,
5090433,4789378,5122613,4983137,4857114,5039528,-145,47,1354,469,255,777,-5,1,-9,-109,-54,1306,-250,298,894,-6,27,-31,
5090433,4789378,5122025,4983137,4857114,5039528,-132,41,1338,469,255,777,3,6,-13,-108,-60,1313,-250,300,889,-2,31,-25,
5090433,4789378,5122025,4983989,4857114,5039528,-155,41,1344,470,261,774,8,4,-15,-109,-56,1313,-248,288,887,-3,21,-23,
5090433,4789378,5122025,4983989,4849242,5039528,-136,44,1346,470,261,774,14,5,-12,-108,-53,1301,-248,288,887,-7,21,-26,
5090433,4789378,5122025,4983989,4849242,5039256,-138,39,1340,469,261,771,17,12,-19,-96,-45,1311,-251,295,892,-10,27,-27,
5090433,4789378,5122025,4983989,4849242,5039256,-148,35,1351,467,258,777,8,11,-25,-113,-50,1318,-251,295,892,-5,31,-28,
5090433,4789378,5122025,4983989,4849242,5039256,-144,40,1359,467,258,777,5,9,-21,-114,-56,1321,-249,290,897,-13,37,-30,
5105904,4789378,5122025,4983989,4849242,5039256,-149,44,1343,469,255,770,16,10,-21,-114,-63,1312,-249,290,897,-15,38,-25,
5105904,4791856,5122025,4983989,4849242,5039256,-148,41,1343,469,255,770,5,6,-16,-101,-43,1317,-249,293,885,-17,40,-27,
5105904,4791856,5121682,4983989,4849242,5039256,-148,46,1347,468,254,769,1,5,-13,-107,-64,1319,-244,291,886,-17,36,-29,
5105904,4791856,5121682,4996352,4849242,5039256,-148,34,1352,468,254,769,-3,12,-20,-101,-60,1305,-244,291,886,-14,30,-31,
5105904,4791856,5121682,4996352,4849886,5039256,-156,45,1347,467,255,762,-3,1,-15,-110,-59,1317,-250,293,901,-19,34,-30,
5105904,4791856,5121682,4996352,4849886,5038792,-145,27,1344,466,260,772,0,5,-15,-111,-59,1306,-250,293,901,-9,36,-35,
5105904,4791856,5121682,4996352,4849886,5038792,-137,35,1340,466,260,772,3,-2,-12,-102,-42,1303,-248,294,898,-15,31,-32,
5105904,4791856,5121682,4996352,4849886,5038792,-146,37,1357,469,257,769,9,1,-14,-118,-46,1309,-248,295,877,-10,23,-30,
5105130,4791856,5121682,4996352,4849886,5038792,-134,27,1353,469,257,769,3,3,-16,-107,-53,1317,-251,295,877,-9,27,-25,
5105130,4775377,5121682,4996352,4849886,5038792,-150,27,1341,472,255,783,3,4,-18,-119,-57,1300,-249,290,894,-13,29,-28,
5105130,4775377,5118717,4996352,4849886,5038792,-149,34,1348,472,255,783,3,2,-13,-114,-49,1291,-249,290,894,-10,32,-28,
5105130,4775377,5118717,4988757,4849886,5038792,-138,34,1342,470,258,781,3,1,-11,-125,-61,1317,-248,289,893,-18,32,-28,
5105130,4775377,5118717,4988757,4847347,5038792,-144,64,1338,470,258,781,-9,4,-5,-106,-58,1312,-248,289,893,-17,34,-25,
5105130,4775377,5118717,4988757,4847347,5039802,-151,37,1334,465,259,780,-15,5,-15,-106,-62,1315,-250,297,894,-7,38,-24,
5105130,4775377,5118717,4988757,4847347,5039802,-140,50,1349,472,254,774,-16,7,-14,-115,-61,1313,-247,295,886,-14,39,-29,
5105130,4775377,5118717,4988757,4847347,5039802,-141,34,1364,472,254,774,-22,9,-21,-114,-57,1302,-247,295,886,-10,37,-25,
5107592,4775377,5118717,4988757,4847347,5039802,-146,33,1340,469,254,771,-23,6,-19,-120,-58,1297,-246,293,897,-15,33,-30,
5107592,4772758,5118717,4988757,4847347,5039802,-136,40,1332,469,254,771,-24,1,-15,-122,-44,1311,-246,293,897,-18,32,-28,
5107592,4772758,5139431,4988757,4847347,5039802,-146,39,1337,466,255,786,-19,1,-8,-108,-55,1315,-247,298,896,-14,28,-22,
5107592,4772758,5139431,5002785,4847347,5039802,-151,28,1355,466,255,786,-19,-3,-11,-97,-50,1317,-247,298,896,-11,36,-23,
5107592,4772758,5139431,5002785,4847110,5039802,-149,37,1347,466,263,769,-9,-2,-9,-111,-53,1306,-250,296,886,-14,25,-27,
5107592,4772758,5139431,5002785,4847110,5038891,-138,42,1341,471,254,772,-9,-5,-11,-118,-55,1317,-248,292,901,-12,22,-26,
5107592,4772758,5139431,5002785,4847110,5038891,-144,35,1353,471,254,772,-4,2,-14,-105,-50,1299,-248,292,901,-10,31,-24,
5107592,4772758,5139431,5002785,4847110,5038891,-132,35,1340,468,256,773,-4,2,-10,-114,-58,1318,-246,289,892,-14,31,-34,
5074333,4772758,5139431,5002785,4847110,5038891,-148,26,1344,468,256,773,6,0,-12,-108,-58,1304,-246,289,892,-17,27,-32,
5074333,4770407,5139431,5002785,4847110,5038891,-139,41,1354,467,259,769,4,6,-12,-103,-52,1307,-250,294,888,-14,45,-34,
5074333,4770407,5147137,5002785,4847110,5038891,-146,30,1338,467,259,769,4,5,-17,-109,-58,1300,-250,294,888,-9,37,-33,
5074333,4770407,5147137,4993613,4847110,5038891,-136,40,1331,469,269,770,8,3,-13,-107,-53,1322,-250,293,879,-8,32,-33,
5074333,4770407,5147137,4993613,4846717,5038891,-151,33,1360,469,259,773,8,6,-14,-110,-53,1308,-252,291,895,-16,31,-27,
5074333,4770407,5147137,4993613,4846717,5041261,-138,25,1338,469,259,773,4,6,-16,-126,-47,1311,-252,291,895,-13,25,-22,
5074333,4770407,5147137,4993613,4846717,5041261,-139,28,1340,466,253,768,9,4,-14,-124,-60,1302,-248,289,897,-4,38,-31,
5074333,4770407,5147137,4993613,4846717,5041261,-144,39,1357,466,253,768,19,1,-16,-111,-55,1294,-248,289,897,-8,34,-21,
5077910,4770407,5147137,4993613,4846717,5041261,-140,37,1329,468,257,774,11,8,-19,-115,-56,1312,-251,299,890,-11,41,-24,
5077910,4780774,5147137,4993613,4846717,5041261,-152,37,1332,468,257,774,9,3,-14,-112,-38,1306,-251,293,892,-14,34,-29,
5077910,4780774,5146925,4993613,4846717,5041261,-167,40,1353,466,261,772,10,5,-13,-117,-53,1306,-249,293,892,-14,37,-26,
5077910,4780774,5146925,5008098,4846717,5041261,-132,28,1336,466,261,762,9,7,-15,-115,-54,1310,-247,291,907,-10,30,-27,
5077910,4780774,5146925,5008098,4847125,5041261,-142,45,1362,468,253,762,1,2,-15,-108,-55,1311,-247,291,907,-12,27,-24,
5077910,4780774,5146925,5008098,4847125,5046650,-132,40,1334,467,251,774,-6,-3,-9,-117,-59,1315,-250,290,896,-14,35,-23,
5077910,4780774,5146925,5008098,4847125,5046650,-141,35,1336,467,251,774,-9,2,-7,-117,-57,1300,-250,290,896,-15,24,-24,
5077910,4780774,5146925,5008098,4847125,5046650,-149,37,1340,470,256,766,-7,-4,-15,-117,-50,1311,-250,294,898,-11,25,-29,
5065368,4780774,5146925,5008098,4847125,5046650,-148,26,1355,470,256,766,-7,-4,-12,-116,-51,1306,-249,286,891,-5,31,-30,
5065368,4774178,5146925,5008098,4847125,5046650,-146,36,1327,466,256,777,-2,-1,-11,-116,-54,1315,-249,286,891,-11,35,-29,
5065368,4774178,5144085,5008098,4847125,5046650,-147,34,1346,466,256,777,1,6,-9,-111,-55,1311,-247,291,894,-10,36,-26,
5065368,4774178,5144085,4999509,4847125,5046650,-134,35,1348,466,264,770,9,2,-13,-114,-55,1298,-247,291,894,-16,38,-25,
5065368,4774178,5144085,4999509,4844689,5046650,-145,29,1338,469,256,771,11,4,-7,-101,-67,1319,-250,296,898,-10,46,-26,
5065368,4774178,5144085,4999509,4844689,5052510,-142,31,1333,469,256,771,4,5,-3,-122,-57,1319,-250,296,898,-6,34,-21,
5065368,4774178,5144085,4999509,4844689,5052510,-131,32,1349,469,255,762,10,8,-3,-115,-47,1301,-246,297,887,-13,34,-21,
5065368,4774178,5144085,4999509,4844689,5052510,-145,36,1345,469,255,762,8,6,-10,-101,-57,1315,-248,291,893,-14,37,-20,
5065310,4774178,5144085,4999509,4844689,5052510,-139,33,1350,469,259,775,7,6,-13,-117,-52,1306,-248,291,893,-16,40,-34,
5065310,4781302,5144085,4999509,4844689,5052510,-136,33,1341,469,259,775,8,3,-8,-125,-68,1313,-248,289,902,-6,28,-26,
5065310,4781302,5145049,4999509,4844689,5052510,-149,24,1333,465,261,764,11,2,-11,-123,-59,1309,-248,289,902,-11,26,-27,
5065310,4781302,5145049,5007404,4844689,5052510,-145,26,1377,471,258,779,5,6,-12,-110,-58,1311,-248,291,895,-13,20,-27,
5065310,4781302,5145049,5007404,4846999,5052510,-154,35,1342,471,258,779,-7,-1,-14,-118,-52,1324,-248,291,895,-15,26,-29,
5065310,4781302,5145049,5007404,4846999,5056072,-142,30,1335,470,255,771,-4,11,-12,-103,-58,1310,-246,287,885,-14,21,-27,
5065310,4781302,5145049,5007404,4846999,5056072,-145,40,1336,470,255,771,-2,3,-12,-112,-51,1298,-248,290,897,-14,30,-26,
5065310,4781302,5145049,5007404,4846999,5056072,-143,38,1363,468,258,777,-3,-1,-6,-120,-57,1311,-248,290,897,-17,40,-26,
5056991,4781302,5145049,5007404,4846999,5056072,-145,42,1328,468,258,777,-7,7,-10,-118,-67,1297,-248,288,896,-14,37,-28,
5056991,4775597,5145049,5007404,4846999,5056072,-132,38,1322,468,267,772,-5,8,-9,-109,-65,1302,-248,288,896,-14,29,-21,
5056991,4775597,5144987,5007404,4846999,5056072,-149,35,1343,468,267,769,5,7,-8,-119,-50,1312,-246,295,894,-15,30,-28,
5056991,4775597,5144987,4999621,4846999,5056072,-150,31,1357,465,259,769,5,1,-10,-111,-54,1312,-246,292,895,-17,32,-25,
5056991,4775597,5144987,4999621,4845299,5056072,-137,24,1335,468,257,779,6,7,-18,-113,-51,1309,-247,292,895,-11,28,-26,
5056991,4775597,5144987,4999621,4845299,5056767,-146,37,1343,468,257,779,8,6,-15,-105,-58,1309,-248,289,889,-17,37,-25,
5056991,4775597,5144987,4999621,4845299,5056767,-139,45,1342,471,257,775,3,11,-18,-117,-51,1318,-248,289,889,-9,32,-26,
5056991,4775597,5144987,4999621,4845299,5056767,-147,34,1347,471,257,775,10,15,-20,-109,-67,1319,-251,289,896,-19,29,-32,
5065237,4775597,5144987,4999621,4845299,5056767,-137,36,1343,467,259,781,12,12,-18,-122,-54,1315,-251,289,896,-19,21,-26,
5065237,4778032,5144987,4999621,4845299,5056767,-150,21,1351,467,259,781,-245,5,-16,-114,-45,1319,-250,297,900,-13,34,-36,
5065237,4778032,5146575,4999621,4845299,5056767,-141,44,1340,469,262,776,2,6,-15,-116,-47,1309,-247,291,887,-19,29,-37,
5065237,4778032,5146575,4999272,4845299,5056767,-153,23,1342,473,257,783,0,6,-9,-111,-56,1319,-247,291,887,-19,26,-29,
5065237,4778032,5146575,4999272,4845367,5056767,-156,44,1347,473,257,783,1,1,-12,-107,-50,1304,-244,291,898,-23,28,-33,
5065237,4778032,5146575,4999272,4845367,5055800,-147,20,1345,471,253,771,5,5,-18,-104,-55,1299,-244,291,898,-20,32,-29,
5065237,4778032,5146575,4999272,4845367,5055800,-153,36,1341,471,253,771,3,5,-13,-114,-49,1310,-248,295,891,-19,35,-29,
