0,0,0,0,0,0,-172,50,1333,42,441,813,7,2,-14,-115,-67,1305,-456,360,778,-12,36,-15,
5266637,0,0,0,0,0,-173,38,1323,42,441,813,0,2,-17,-121,-56,1260,-456,360,778,-15,31,-20,
5266637,4238047,0,0,0,0,-178,54,1362,37,436,797,5,8,-21,-123,-59,1313,-458,361,767,-15,37,-25,
5266637,4238047,5100611,0,0,0,-169,39,1356,37,436,797,0,2,-15,-138,-67,1297,-458,361,767,-15,36,-23,
5266637,4238047,5100611,5157379,0,0,-177,44,1356,37,444,809,5,-3,-12,-124,-66,1295,-459,362,768,-18,43,-12,
5266637,4238047,5100611,5157379,4271173,0,-161,45,1333,37,444,809,3,-1,-10,-119,-64,1303,-459,362,767,-13,46,-18,
5266637,4238047,5100611,5157379,4271173,5046344,-173,56,1342,40,448,811,0,7,-14,-112,-75,1300,-458,360,767,-15,37,-12,
5266637,4238047,5100611,5157379,4271173,5046344,-167,43,1321,41,438,808,4,6,-13,-128,-64,1315,-455,361,780,-16,33,-18,
5266637,4238047,5100611,5157379,4271173,5046344,-167,35,1351,41,438,808,0,9,-26,-117,-66,1311,-455,361,780,-16,39,-20,
5265719,4238047,5100611,5157379,4271173,5046344,-169,43,1353,45,440,808,-1,9,-20,-128,-59,1312,-458,361,771,-10,31,-21,
5265719,4249781,5100611,5157379,4271173,5046344,-183,33,1382,45,440,808,3,10,-19,-124,-77,1311,-458,361,771,-12,31,-12,
5265719,4249781,5102844,5157379,4271173,5046344,-179,36,1342,42,448,798,6,4,-17,-123,-64,1312,-457,362,781,-18,39,-17,
5265719,4249781,5102844,5156269,4271173,5046344,-172,51,1317,42,448,798,9,-1,-15,-125,-68,1327,-458,365,770,-19,27,-17,
5265719,4249781,5102844,5156269,4279604,5046344,-158,52,1335,39,445,822,2,3,-16,-118,-74,1305,-458,365,770,-18,32,-22,
5265719,4249781,5102844,5156269,4279604,5046309,-166,42,1350,42,437,804,-2,3,-16,-127,-63,1313,-454,358,769,-23,31,-24,
5265719,4249781,5102844,5156269,4279604,5046309,-167,56,1329,42,437,804,7,5,-15,-125,-68,1322,-454,358,769,-21,33,-21,
5265719,4249781,5102844,5156269,4279604,5046309,-171,42,1347,40,438,809,8,-1,-11,-124,-69,1310,-460,364,773,-11,37,-17,
5264093,4249781,5102844,5156269,4279604,5046309,-172,41,1348,40,438,809,13,1,-12,-120,-66,1315,-460,364,773,-19,29,-20,
5264093,4251243,5102844,5156269,4279604,5046309,-162,60,1331,36,437,813,4,4,-11,-124,-66,1302,-459,366,778,-17,30,-19,
5264093,4251243,5106147,5156269,4279604,5046309,-191,32,1390,36,437,813,4,2,-12,-122,-66,1317,-456,362,782,-13,34,-20,
5264093,4251243,5106147,5156484,4279604,5046309,-173,56,1359,41,452,811,8,-3,-10,-125,-64,1310,-456,362,782,-12,36,-22,
5264093,4251243,5106147,5156484,4297612,5046309,-173,54,1325,41,445,809,6,-1,-10,-119,-48,1305,-458,363,768,-14,29,-16,
5264093,4251243,5106147,5156484,4297612,5046099,-171,52,1343,39,445,809,0,3,-10,-124,-65,1301,-458,363,768,-16,34,-17,
5264093,4251243,5106147,5156484,4297612,5046099,-163,50,1355,39,440,799,0,4,-11,-124,-65,1295,-460,363,770,-17,29,-18,
5264093,4251243,5106147,5156484,4297612,5046099,-170,47,1356,39,440,799,2,8,-11,-122,-68,1313,-460,363,770,-13,21,-15,
5263340,4251243,5106147,5156484,4297612,5046099,-175,45,1339,41,438,804,8,5,-17,-119,-65,1314,-456,364,774,-14,40,-18,
5263340,4252787,5106147,5156484,4297612,5046099,-162,44,1338,41,438,804,5,-1,-15,-126,-72,1306,-459,361,782,-18,34,-24,
5263340,4252787,5106676,5156484,4297612,5046099,-180,32,1341,39,443,812,6,3,-12,-117,-71,1306,-459,361,782,-20,31,-17,
5263340,4252787,5106676,5157071,4297612,5046099,-176,30,1338,39,443,812,8,2,-9,-140,-65,1285,-457,360,778,-16,39,-22,
5263340,4252787,5106676,5157071,4298368,5046099,-161,37,1330,40,442,808,5,5,-10,-135,-60,1304,-457,360,778,-9,33,-21,
5263340,4252787,5106676,5157071,4298368,5045231,-159,47,1319,41,439,808,1,-2,-13,-131,-69,1320,-457,368,768,-10,36,-21,
5263340,4252787,5106676,5157071,4298368,5045231,-178,40,1350,41,439,808,2,1,-19,-128,-68,1309,-457,368,768,-18,25,-19,
5263340,4252787,5106676,5157071,4298368,5045231,-170,63,1333,41,441,811,0,6,-18,-129,-62,1308,-460,361,768,-11,29,-20,
5263948,4252787,5106676,5157071,4298368,5045231,-169,54,1337,41,441,811,-2,7,-15,-123,-58,1297,-459,360,772,-12,28,-14,
5263948,4252884,5106676,5157071,4298368,5045231,-172,32,1337,40,439,813,-1,4,-14,-135,-65,1302,-459,360,772,-14,39,-18,
5263948,4252884,5106699,5157071,4298368,5045231,-178,49,1334,40,439,813,3,-6,-15,-114,-63,1298,-454,359,773,-10,39,-16,
5263948,4252884,5106699,5158285,4298368,5045231,-160,54,1333,38,445,810,5,1,-10,-121,-68,1297,-454,359,773,-14,33,-13,
5263948,4252884,5106699,5158285,4281770,5045231,-179,40,1345,37,440,808,1,-1,-9,-122,-63,1319,-456,365,771,-14,30,-23,
5263948,4252884,5106699,5158285,4281770,5044311,-176,37,1335,37,440,808,6,-2,-10,-111,-69,1298,-455,358,777,-8,30,-19,
5263948,4252884,5106699,5158285,4281770,5044311,-161,41,1348,39,438,806,7,8,-14,-125,-58,1304,-455,358,777,-13,27,-18,
5263948,4252884,5106699,5158285,4281770,5044311,-164,41,1349,39,438,806,7,6,-15,-124,-61,1320,-455,361,776,-15,33,-16,
5264338,4252884,5106699,5158285,4281770,5044311,-168,57,1341,38,444,810,6,5,-19,-107,-55,1298,-455,361,776,-22,33,-17,
5264338,4253126,5106699,5158285,4281770,5044311,-190,40,1360,38,444,810,8,0,-17,-133,-76,1324,-455,366,775,-20,26,-12,
5264338,4253126,5106616,5158285,4281770,5044311,-183,31,1366,39,448,810,3,1,-15,-130,-69,1324,-455,366,775,-17,24,-14,
5264338,4253126,5106616,5159174,4281770,5044311,-161,46,1329,41,445,805,-2,2,-13,-118,-50,1305,-457,362,775,-19,31,-20,
5264338,4253126,5106616,5159174,4272809,5044311,-175,36,1363,41,445,805,250,-1,-8,-124,-73,1317,-457,362,781,-11,24,-18,
5264338,4253126,5106616,5159174,4272809,5042225,-166,52,1343,40,438,806,5,9,-15,-111,-77,1288,-457,362,781,-20,19,-14,
5264338,4253126,5106616,5159174,4272809,5042225,-176,42,1385,40,438,806,3,8,-20,-122,-62,1325,-454,360,782,-19,27,-18,
5264338,4253126,5106616,5159174,4272809,5042225,-167,44,1349,41,440,810,4,9,-18,-122,-56,1315,-454,360,782,-14,31,-21,
5264736,4253126,5106616,5159174,4272809,5042225,-156,45,1331,41,440,810,-2,1,-9,-118,-68,1313,-458,360,776,-13,41,-20,
5264736,4253462,5106616,5159174,4272809,5042225,-179,27,1356,40,446,812,-1,2,-16,-125,-61,1306,-458,360,776,-22,38,-16,
5264736,4253462,5106294,5159174,4272809,5042225,-184,42,1338,40,446,814,2,4,-18,-136,-63,1328,-459,359,768,-9,30,-15,
5264736,4253462,5106294,5160495,4272809,5042225,-147,60,1323,41,437,814,-1,6,-16,-130,-65,1319,-457,360,776,-9,30,-16,
5264736,4253462,5106294,5160495,4273932,5042225,-163,53,1312,40,435,809,1,4,-14,-126,-67,1313,-457,360,776,-14,46,-18,
5264736,4253462,5106294,5160495,4273932,5042269,-168,46,1362,40,435,809,12,2,-9,-136,-58,1309,-457,361,771,-20,32,-18,
5264736,4253462,5106294,5160495,4273932,5042269,-179,45,1331,42,439,808,3,3,-12,-127,-55,1311,-457,361,771,-12,34,-15,
5264736,4253462,5106294,5160495,4273932,5042269,-160,38,1339,42,439,808,5,0,-14,-125,-73,1307,-457,367,782,-16,39,-16,
5264981,4253462,5106294,5160495,4273932,5042269,-152,49,1326,37,440,798,4,4,-8,-124,-65,1301,-457,362,784,-20,32,-16,
5264981,4253545,5106294,5160495,4273932,5042269,-178,37,1352,37,440,798,4,4,-10,-126,-61,1314,-460,362,784,-15,33,-14,
5264981,4253545,5104932,5160495,4273932,5042269,-156,41,1325,40,447,808,0,1,-6,-132,-59,1327,-460,359,772,-11,33,-19,
5264981,4253545,5104932,5161598,4273932,5042269,-169,53,1354,40,441,807,0,-3,-12,-116,-58,1296,-460,359,772,-17,41,-20,
5264981,4253545,5104932,5161598,4273111,5042269,-175,44,1334,40,441,807,0,-3,-9,-120,-62,1304,-456,363,774,-10,37,-12,
5264981,4253545,5104932,5161598,4273111,5040125,-166,49,1345,42,440,810,2,-3,-14,-119,-53,1309,-456,363,774,-6,41,-18,
5264981,4253545,5104932,5161598,4273111,5040125,-151,36,1336,42,440,810,-2,-4,-6,-121,-75,1318,-457,366,781,-9,34,-18,
5264981,4253545,5104932,5161598,4273111,5040125,-183,38,1337,43,441,802,4,-2,-5,-111,-60,1300,-458,358,778,-8,36,-15,
5263111,4253545,5104932,5161598,4273111,5040125,-181,34,1357,43,441,802,1,1,-5,-117,-63,1310,-458,358,778,-1,38,-9,
5263111,4232026,5104932,5161598,4273111,5040125,-184,43,1351,37,449,804,-2,-3,0,-117,-64,1303,-460,360,771,-7,29,-20,
5263111,4232026,5093880,5161598,4273111,5040125,-178,33,1351,43,437,807,-2,-5,-10,-119,-62,1305,-460,360,771,3,29,-11,
5263111,4232026,5093880,5171732,4273111,5040125,-178,53,1356,43,437,807,3,-5,-11,-135,-77,1316,-458,364,777,7,28,-9,
5263111,4232026,5093880,5171732,4116774,5040125,-173,45,1347,42,440,809,2,-6,-14,-131,-62,1312,-458,364,777,14,30,-5,
5263111,4232026,5093880,5171732,4116774,5060570,-167,48,1326,42,440,809,2,0,-16,-122,-56,1312,-460,365,775,14,28,-9,
5263111,4232026,5093880,5171732,4116774,5060570,-161,50,1334,38,438,806,5,1,-12,-133,-67,1310,-454,358,770,20,32,-3,
5263111,4232026,5093880,5171732,4116774,5060570,-192,31,1381,38,438,806,-4,-5,-14,-126,-63,1303,-454,358,770,29,31,-9,
5250232,4232026,5093880,5171732,4116774,5060570,-163,48,1319,39,442,802,-2,-4,-15,-121,-67,1301,-454,358,774,18,34,-9,
5250232,4166342,5093880,5171732,4116774,5060570,-170,35,1333,39,441,808,-1,-5,-7,-119,-65,1306,-454,358,774,24,38,-1,
5250232,4166342,5051899,5171732,4116774,5060570,-173,50,1351,39,441,808,1,0,-19,-120,-50,1309,-459,359,772,12,31,3,
5250232,4166342,5051899,5182396,4116774,5060570,-160,57,1330,38,439,807,8,6,-20,-120,-58,1317,-459,359,772,14,27,1,
5250232,4166342,5051899,5182396,3985686,5060570,-155,58,1330,38,439,807,4,1,-12,-123,-47,1296,-456,357,756,3,46,-3,
5250232,4166342,5051899,5182396,3985686,5084076,-162,49,1342,38,438,793,11,3,-16,-123,-53,1315,-456,354,776,3,41,-8,
5250232,4166342,5051899,5182396,3985686,5084076,-172,48,1355,38,438,793,10,2,-12,-115,-42,1312,-456,354,776,-1,35,-5,
5250232,4166342,5051899,5182396,3985686,5084076,-158,49,1312,41,449,815,-3,5,-13,-120,-53,1318,-454,359,780,-5,33,-8,
5220902,4166342,5051899,5182396,3985686,5084076,-164,44,1337,41,449,815,2,7,-12,-121,-57,1300,-454,359,780,-5,33,-7,
5220902,4234739,5051899,5182396,3985686,5084076,-173,40,1343,38,448,800,-3,7,-14,-129,-55,1309,-458,364,786,-9,44,-10,
5220902,4234739,5033916,5182396,3985686,5084076,-160,44,1337,38,439,804,2,11,-21,-128,-72,1305,-458,357,777,-18,38,0,
5220902,4234739,5033916,5184117,3985686,5084076,-158,46,1342,38,439,804,6,2,-16,-131,-48,1314,-457,357,777,-21,45,-5,
5220902,4234739,5033916,5184117,4091754,5084076,-168,46,1352,41,438,802,11,3,-19,-116,-50,1289,-459,356,773,-26,35,-5,
5220902,4234739,5033916,5184117,4091754,5088358,-176,33,1362,41,438,802,13,7,-14,-118,-54,1311,-459,356,773,-23,24,-6,
5220902,4234739,5033916,5184117,4091754,5088358,-175,59,1347,38,445,819,12,3,-13,-117,-58,1327,-458,358,773,-26,35,-11,
5220902,4234739,5033916,5184117,4091754,5088358,-193,48,1352,38,445,819,7,2,-11,-129,-64,1309,-458,358,773,-20,39,-11,
5218694,4234739,5033916,5184117,4091754,5088358,-181,47,1363,41,447,809,3,5,-11,-130,-55,1309,-458,362,773,-19,31,-9,
5218694,4229510,5033916,5184117,4091754,5088358,-160,41,1336,43,437,807,8,4,-14,-119,-51,1292,-456,356,778,-12,27,-15,
5218694,4229510,5024528,5184117,4091754,5088358,-165,46,1341,43,437,807,4,7,-10,-128,-55,1310,-456,356,778,-24,33,-11,
5218694,4229510,5024528,5184956,4091754,5088358,-172,44,1338,39,443,796,9,-1,-9,-132,-61,1318,-455,356,775,-21,22,-6,
5218694,4229510,5024528,5184956,4192250,5088358,-167,47,1341,39,443,796,12,4,-14,-128,-65,1323,-455,356,775,-22,31,-10,
5218694,4229510,5024528,5184956,4192250,5079218,-178,44,1352,36,440,801,12,4,-14,-124,-55,1308,-458,358,768,-18,29,-12,
5218694,4229510,5024528,5184956,4192250,5079218,-168,57,1337,36,440,801,11,15,-21,-131,-69,1329,-458,358,768,-18,28,-4,
5218694,4229510,5024528,5184956,4192250,5079218,-160,50,1346,37,441,814,7,6,-13,-118,-71,1294,-457,365,775,-22,21,-12,
5249275,4229510,5024528,5184956,4192250,5079218,-171,47,1363,40,440,813,9,7,-16,-133,-66,1323,-456,356,777,-31,23,-15,
5249275,4084675,5024528,5184956,4192250,5079218,-153,46,1319,40,440,813,7,8,-20,-140,-64,1330,-456,356,777,-27,24,-22,
5249275,4084675,5018697,5184956,4192250,5079218,-169,54,1349,40,437,812,9,4,-20,-130,-58,1314,-459,360,775,-26,21,-16,
5249275,4084675,5018697,5171510,4192250,5079218,-171,45,1326,40,437,812,16,5,-15,-129,-64,1317,-459,360,775,-34,14,-10,
5249275,4084675,5018697,5171510,4268112,5079218,-165,35,1352,38,438,807,14,9,-18,-110,-49,1308,-459,361,773,-47,12,-21,
5249275,4084675,5018697,5171510,4268112,5045316,-177,50,1343,38,438,807,15,6,-22,-111,-50,1289,-459,361,773,-42,17,-23,
5249275,4084675,5018697,5171510,4268112,5045316,-169,40,1328,39,443,824,13,2,-12,-111,-63,1310,-455,364,777,-42,14,-24,
5249275,4084675,5018697,5171510,4268112,5045316,-188,45,1347,39,443,824,10,3,-17,-125,-61,1298,-459,362,771,-61,5,-31,
5280364,4084675,5018697,5171510,4268112,5045316,-170,53,1338,39,443,806,7,9,-30,-118,-60,1313,-459,362,771,-67,-8,-34,
5280364,3976390,5018697,5171510,4268112,5045316,-172,59,1342,39,439,807,9,7,-19,-131,-70,1317,-458,359,769,-74,-18,-44,
5280364,3976390,5029629,5171510,4268112,5045316,-177,49,1332,39,439,807,14,5,-24,-105,-71,1344,-458,359,769,-89,-54,-57,
5280364,3976390,5029629,4728286,4268112,5045316,-176,58,1344,42,439,806,9,14,-30,-104,-77,1365,-461,365,767,-103,-91,-61,
5280364,3976390,5029629,4728286,4442135,5045316,-183,56,1334,42,439,806,0,15,-27,-111,-64,1361,-465,367,761,-145,-115,-72,
5280364,3976390,5029629,4728286,4442135,4824683,-178,44,1350,37,443,820,3,13,-33,-93,-93,1403,-465,367,761,-139,-183,-45,
5280364,3976390,5029629,4728286,4442135,4824683,-182,50,1336,37,443,820,15,19,-36,-37,-135,1440,-470,362,759,-31,-263,8,
5280364,3976390,5029629,4728286,4442135,4824683,-171,66,1324,38,447,805,22,12,-36,0,494,2264,-470,362,759,-37,-96,-6,
5317555,3976390,5029629,4728286,4442135,4824683,-163,45,1348,40,442,803,25,10,-33,-12,581,1714,-461,366,772,-243,667,-282,
5317555,4266654,5029629,4728286,4442135,4824683,-189,42,1352,40,442,803,26,14,-30,-64,475,1651,-461,366,772,-175,1031,-593,
5317555,4266654,5124058,4728286,4442135,4824683,-183,50,1357,40,439,805,11,9,-26,-7,178,1502,-447,365,787,-90,1184,-876,
5317555,4266654,5124058,3198980,4442135,4824683,-194,40,1360,40,439,805,19,5,-20,-2,-171,1344,-432,352,789,-94,1236,-986,
5317555,4266654,5124058,3198980,867286,4824683,-194,55,1354,35,441,807,16,6,-17,211,26,1232,-432,352,789,-231,1184,-840,
5317555,4266654,5124058,3198980,867286,1953321,-173,50,1343,35,441,807,11,7,-9,720,225,1023,-416,366,796,-349,731,509,
5317555,4266654,5124058,3198980,867286,1953321,-178,40,1346,40,443,818,4,10,-9,1146,1371,1214,-416,366,796,-845,-139,1493,
5317555,4266654,5124058,3198980,867286,1953321,-187,45,1348,43,439,806,6,22,-18,988,1544,1151,-405,388,785,194,-592,1822,
5322883,4266654,5124058,3198980,867286,1953321,-194,52,1343,43,439,806,0,26,-14,922,797,1001,-405,388,785,973,-770,1759,
5322883,4573834,5124058,3198980,867286,1953321,-190,47,1345,37,438,810,3,24,-11,944,190,913,-396,392,791,1079,-945,1651,
5322883,4573834,5140557,3198980,867286,1953321,-191,56,1350,37,438,810,7,27,-11,908,10,922,-407,373,792,901,-1258,1513,
5322883,4573834,5140557,3155870,867286,1953321,-185,45,1331,40,435,806,4,19,-9,739,-34,1008,-407,373,792,737,-1556,1329,
5322883,4573834,5140557,3155870,166004,1953321,-176,47,1334,40,435,806,1,15,-9,367,-148,1118,-427,371,785,643,-1777,1128,
5322883,4573834,5140557,3155870,166004,2073864,-198,55,1344,44,447,808,5,16,-10,242,-258,1134,-427,371,785,582,-1916,979,
5322883,4573834,5140557,3155870,166004,2073864,-181,51,1351,44,447,812,-9,15,-6,98,-341,1213,-460,376,774,500,-2026,959,
5322883,4573834,5140557,3155870,166004,2073864,-195,55,1328,41,440,812,-3,12,-4,-30,-348,1269,-460,376,756,371,-2107,1074,
5312124,4573834,5140557,3155870,166004,2073864,-192,68,1332,43,438,808,1,8,-6,-161,-167,1314,-484,376,756,248,-2143,1238,
5312124,4613875,5140557,3155870,166004,2073864,-172,48,1332,43,438,808,-3,2,-2,-326,29,1353,-507,385,746,223,-2095,1355,
5312124,4613875,5146594,3155870,166004,2073864,-178,45,1323,43,437,803,-2,0,-6,-538,210,1424,-507,385,746,268,-1974,1390,
5312124,4613875,5146594,2957886,166004,2073864,-197,43,1354,43,437,803,6,-6,-6,-963,246,1402,-522,391,728,314,-1745,1334,
5312124,4613875,5146594,2957886,166228,2073864,-183,40,1341,40,437,817,22,4,-4,-1681,-160,2140,-522,391,728,299,-1437,1192,
5312124,4613875,5146594,2957886,166228,2234188,-191,58,1336,40,437,817,25,2,0,-1986,-730,1441,-525,407,716,90,-863,1047,
5312124,4613875,5146594,2957886,166228,2234188,-188,50,1348,40,446,809,15,-3,-3,-2492,-542,1510,-499,438,711,-537,930,1155,
5312124,4613875,5146594,2957886,166228,2234188,-183,48,1336,42,437,806,2,3,-7,-2231,-794,1545,-499,438,711,-660,1310,1293,
5305435,4613875,5146594,2957886,166228,2234188,-198,41,1350,42,437,806,4,2,-3,-443,-234,1612,-460,451,712,28,1027,1342,
5305435,4612565,5146594,2957886,166228,2234188,-177,50,1335,44,436,818,12,3,2,176,-331,1348,-460,451,712,428,743,1202,
5305435,4612565,5126180,2957886,166228,2234188,-185,60,1350,44,436,818,12,8,-4,301,-392,1329,-436,462,732,298,846,791,
5305435,4612565,5126180,5066889,166228,2234188,-182,49,1361,44,443,813,11,7,-1,278,-342,1407,-436,462,732,24,948,258,
5305435,4612565,5126180,5066889,166237,2234188,-185,51,1359,44,443,813,13,6,-4,38,-260,1410,-420,460,732,0,921,-214,
5305435,4612565,5126180,5066889,166237,2603047,-190,62,1347,41,445,793,11,2,-5,59,-160,1341,-404,449,741,147,928,-489,
5305435,4612565,5126180,5066889,166237,2603047,-172,45,1332,46,438,808,19,0,-5,69,-75,1315,-404,449,741,226,963,-592,
5305435,4612565,5126180,5066889,166237,2603047,-175,61,1331,46,438,808,14,-5,-5,25,6,1225,-392,445,759,225,1094,-620,
5228686,4612565,5126180,5066889,166237,2603047,-177,46,1339,43,433,805,11,-10,3,5,33,1245,-392,445,759,141,1292,-600,
5228686,4606240,5126180,5066889,166237,2603047,-169,50,1340,43,433,805,1,-17,9,-61,61,1339,-371,442,761,1,1460,-541,
5228686,4606240,4984097,5066889,166237,2603047,-172,59,1341,40,437,818,-2,-20,4,-110,67,1431,-371,442,761,-147,1523,-411,
5228686,4606240,4984097,5144102,166237,2603047,-171,54,1351,40,437,818,5,-20,5,-146,58,1501,-349,449,770,-422,1375,-277,
5228686,4606240,4984097,5144102,333540,2603047,-181,56,1339,42,446,806,7,-19,4,-325,-5,1486,-340,454,768,-433,816,-98,
5228686,4606240,4984097,5144102,333540,4731579,-178,52,1361,42,446,808,-6,-29,255,-60,5,1361,-340,454,768,-206,416,56,
5228686,4606240,4984097,5144102,333540,4731579,-177,57,1333,39,443,808,-24,-49,5,-105,-36,1338,-334,455,765,-221,329,24,
5228686,4606240,4984097,5144102,333540,4731579,-176,56,1346,39,436,815,-21,-56,7,-119,-94,1333,-334,455,765,-241,21,-12,
5067756,4606240,4984097,5144102,333540,4731579,-174,33,1338,39,436,815,-18,-55,8,-119,-57,1312,-337,464,763,-71,138,-13,
5067756,4454612,4984097,5144102,333540,4731579,-185,42,1338,38,435,809,-13,-43,13,-120,-60,1318,-337,464,769,-52,119,-18,
5067756,4454612,4932331,5144102,333540,4731579,-165,47,1348,38,435,809,-9,-35,8,-112,-60,1318,-331,465,769,-49,106,-27,
5067756,4454612,4932331,5085099,333540,4731579,-164,50,1337,36,441,813,-7,-27,6,-101,-49,1313,-332,461,770,-75,122,-25,
5067756,4454612,4932331,5085099,4859458,4731579,-177,54,1361,36,441,813,-10,-36,-5,-112,-98,1318,-332,461,770,-98,112,-28,
5067756,4454612,4932331,5085099,4859458,5040363,-149,51,1337,38,446,816,-15,-41,-6,-113,-145,1306,-329,467,764,-96,102,-11,
5067756,4454612,4932331,5085099,4859458,5040363,-165,51,1319,39,438,802,-13,-23,-7,-112,-145,1305,-329,467,764,-103,103,18,
5067756,4454612,4932331,5085099,4859458,5040363,-163,60,1331,39,438,802,6,-3,-5,-113,-149,1309,-327,472,758,-110,97,46,
4832680,4454612,4932331,5085099,4859458,5040363,-168,49,1339,37,438,813,19,13,-11,-101,-111,1310,-326,473,757,-124,93,101,
4832680,4631310,4932331,5085099,4859458,5040363,-151,48,1338,37,438,813,25,19,-9,-105,-65,1323,-326,473,757,-135,69,118,
4832680,4631310,4967092,5085099,4859458,5040363,-158,47,1334,41,445,808,30,23,-13,-129,-46,1325,-323,474,772,-131,52,105,
4832680,4631310,4967092,4773088,4859458,5040363,-180,56,1366,41,445,808,42,28,-15,-133,-14,1302,-323,474,772,-133,42,78,
4832680,4631310,4967092,4773088,5151162,5040363,-157,51,1344,37,438,811,31,25,-14,-126,0,1292,-323,483,758,-127,27,48,
4832680,4631310,4967092,4773088,5151162,5081203,-164,39,1358,39,437,809,21,16,-8,-130,-13,1290,-323,483,758,-117,10,10,
4832680,4631310,4967092,4773088,5151162,5081203,-158,49,1356,39,437,809,4,12,-1,-125,-27,1301,-322,486,758,-124,14,-33,
4832680,4631310,4967092,4773088,5151162,5081203,-162,57,1340,37,435,819,4,3,-3,-126,-65,1323,-323,483,772,-133,5,-59,
4667572,4631310,4967092,4773088,5151162,5081203,-173,64,1325,37,435,819,4,7,5,-102,-74,1336,-323,483,772,-139,-253,-66,
4667572,4833332,4967092,4773088,5151162,5081203,-171,45,1352,36,435,812,5,12,1,-124,-93,1334,-323,482,749,-149,-21,-63,
4667572,4833332,5090793,4773088,5151162,5081203,-176,51,1329,36,435,812,0,18,-4,-107,-102,1315,-323,482,749,-153,-37,-51,
4667572,4833332,5090793,4686057,5151162,5081203,-172,64,1345,37,442,811,-3,12,-7,-113,-103,1323,-322,490,750,-150,-35,-39,
4667572,4833332,5090793,4686057,5213921,5081203,-175,58,1340,37,443,798,-11,9,-10,-101,-113,1323,-322,490,750,-157,-31,-32,
4667572,4833332,5090793,4686057,5213921,4997304,-168,44,1338,40,443,798,-2,6,-3,-104,-112,1358,-325,490,750,-195,-13,-19,
4667572,4833332,5090793,4686057,5213921,4997304,-166,45,1329,40,439,807,-8,6,-5,-118,-109,1371,-318,493,744,-273,58,-11,
4667572,4833332,5090793,4686057,5213921,4997304,-171,35,1343,40,439,807,-3,8,-11,-107,-101,1304,-318,493,744,-271,119,-3,
4727561,4833332,5090793,4686057,5213921,4997304,-161,45,1339,40,437,800,15,10,-14,-118,-113,1268,-319,498,748,-147,142,-6,
4727561,4866549,5090793,4686057,5213921,4997304,-175,52,1356,40,437,800,36,12,-12,-113,-99,1156,-319,498,748,-13,126,-18,
4727561,4866549,5123892,4686057,5213921,4997304,-166,54,1359,39,441,805,40,13,-14,-130,-72,1060,-315,509,744,17,31,-20,
4727561,4866549,5123892,4496828,5213921,4997304,-170,56,1349,39,441,805,32,10,-11,-140,-42,1181,-315,509,735,22,-100,-34,
4727561,4866549,5123892,4496828,5213438,4997304,-162,52,1342,41,440,813,6,-1,0,-115,-131,1339,-321,499,735,186,-152,-66,
4727561,4866549,5123892,4496828,5213438,5040380,-169,44,1353,42,435,812,7,-3,-2,-105,-109,1459,-322,490,748,294,-78,-71,
4727561,4866549,5123892,4496828,5213438,5040380,-170,42,1346,42,435,812,5,3,-9,-92,-76,1358,-322,490,748,184,18,-66,
4727561,4866549,5123892,4496828,5213438,5040380,-164,64,1326,41,435,814,5,7,-16,-103,-76,1361,-325,487,750,81,28,-74,
4654640,4866549,5123892,4496828,5213438,5040380,-174,54,1331,41,435,814,3,11,-15,-107,-87,1362,-325,487,750,1,23,-73,
4654640,4890607,5123892,4496828,5213438,5040380,-168,52,1328,38,443,805,-1,11,-9,-120,-89,1330,-326,497,742,-53,26,-69,
4654640,4890607,5132406,4496828,5213438,5040380,-169,62,1358,38,443,805,5,15,-9,-123,-102,1295,-321,495,748,-104,21,-71,
4654640,4890607,5132406,4700703,5213438,5040380,-180,46,1360,40,442,814,17,8,-5,-106,-95,1300,-321,495,748,-99,26,-66,
4654640,4890607,5132406,4700703,5213858,5040380,-182,54,1376,43,439,806,15,14,-8,-107,-104,1270,-325,490,740,-66,17,-71,
4654640,4890607,5132406,4700703,5213858,5023196,-169,61,1343,43,439,806,-7,3,-14,-95,-106,1294,-325,490,740,-6,14,-78,
4654640,4890607,5132406,4700703,5213858,5023196,-169,50,1343,43,438,809,-10,4,-17,-110,-106,1289,-323,494,749,29,16,-68,
4654640,4890607,5132406,4700703,5213858,5023196,-171,46,1321,43,438,809,-7,2,-10,-108,-95,1285,-323,494,749,43,19,-72,
4615422,4890607,5132406,4700703,5213858,5023196,-163,49,1326,43,438,813,11,1,-5,-99,-100,1288,-326,500,742,47,14,-71,
4615422,4900009,5132406,4700703,5213858,5023196,-168,56,1335,43,438,813,23,9,-5,-102,-106,1307,-322,494,734,55,8,-63,
4615422,4900009,5150757,4700703,5213858,5023196,-161,52,1322,40,445,815,40,7,-9,-105,-92,1310,-322,494,734,47,25,-61,
4615422,4900009,5150757,4847319,5213858,5023196,-168,71,1330,43,442,806,33,14,-10,-102,-93,1342,-326,491,754,27,36,-59,
4615422,4900009,5150757,4847319,5204918,5023196,-174,49,1371,43,442,806,11,12,-9,-103,-85,1328,-326,491,754,3,28,-62,
4615422,4900009,5150757,4847319,5204918,4997865,-162,57,1352,44,433,810,9,15,-13,-95,-96,1311,-328,494,756,-28,4,-57,
4615422,4900009,5150757,4847319,5204918,4997865,-169,67,1324,44,433,810,5,16,-10,-110,-104,1312,-328,494,756,-55,7,-62,
4615422,4900009,5150757,4847319,5204918,4997865,-173,65,1355,44,433,810,-10,16,-15,-104,-100,1320,-325,496,746,-48,17,-65,
4607035,4900009,5150757,4847319,5204918,4997865,-172,52,1363,44,433,810,-24,19,-17,-98,-87,1319,-324,487,739,-29,26,-63,
4607035,4917955,5150757,4847319,5204918,4997865,-168,54,1340,40,442,808,-34,13,-13,-113,-87,1297,-324,487,739,-21,35,-63,
4607035,4917955,5180291,4847319,5204918,4997865,-166,58,1340,40,442,808,-31,6,-12,-102,-91,1300,-324,493,752,-38,27,-65,
4607035,4917955,5180291,4765921,5204918,4997865,-156,35,1352,46,436,817,-26,3,-7,-109,-94,1318,-324,493,752,-61,27,-68,
4607035,4917955,5180291,4765921,5215312,4997865,-178,51,1342,44,436,813,-21,-3,1,-102,-107,1324,-323,497,748,-70,17,-58,
4607035,4917955,5180291,4765921,5215312,5015347,-167,43,1353,44,436,813,-34,-5,1,-94,-96,1329,-323,498,744,-104,15,-57,
4607035,4917955,5180291,4765921,5215312,5015347,-170,-7,1359,43,432,817,-36,-13,11,-93,-97,1331,-327,498,744,-152,39,-53,
4607035,4917955,5180291,4765921,5215312,5015347,-179,60,1340,43,432,817,-51,-28,39,-104,-96,1327,-323,496,739,-221,54,-56,
4170443,4917955,5180291,4765921,5215312,5015347,-163,65,1323,42,436,806,-45,-36,37,-121,-115,1278,-323,496,739,-221,58,-81,
4170443,4932805,5180291,4765921,5215312,5015347,-172,62,1320,42,436,806,-22,-14,30,-100,-117,1265,-322,502,740,-172,49,-81,
4170443,4932805,5210683,4765921,5215312,5015347,-178,56,1327,43,450,809,-15,-8,2,-126,-133,1294,-322,502,740,-99,29,-71,
4170443,4932805,5210683,4685759,5215312,5015347,-161,42,1335,43,437,812,-17,-3,-9,-99,-119,1283,-324,506,743,-22,21,-61,
4170443,4932805,5210683,4685759,5215080,5015347,-172,63,1338,43,437,812,-25,3,-15,-113,-121,1311,-325,498,736,22,13,-56,
4170443,4932805,5210683,4685759,5215080,4975874,-172,50,1341,45,439,804,-39,-3,-18,-125,-112,1306,-325,498,736,40,11,-62,
4170443,4932805,5210683,4685759,5215080,4975874,-159,41,1339,45,439,804,-58,-6,-18,-108,-113,1315,-325,498,744,45,18,-60,
4170443,4932805,5210683,4685759,5215080,4975874,-161,38,1323,44,444,811,-55,-5,-13,-111,-114,1316,-325,498,744,33,14,-54,
4168686,4932805,5210683,4685759,5215080,4975874,-174,33,1331,44,444,811,-38,-6,-16,-107,-124,1346,-323,508,747,27,20,-57,
4168686,4943772,5210683,4685759,5215080,4975874,-163,43,1350,39,447,804,-23,-6,-22,-98,-123,1350,-323,508,747,-7,38,-57,
4168686,4943772,5219638,4685759,5215080,4975874,-168,40,1358,44,445,815,-20,0,-22,-111,-92,1343,-324,511,733,-67,53,-48,
4168686,4943772,5219638,4473832,5215080,4975874,-170,54,1365,44,445,815,-40,-2,-23,-100,-114,1368,-319,497,742,-105,75,-44,
4168686,4943772,5219638,4473832,5203314,4975874,-158,39,1357,44,445,807,-60,-9,-24,-91,-104,1387,-319,497,742,-80,158,-58,
4168686,4943772,5219638,4473832,5203314,4904685,-144,29,1397,44,445,807,-76,-9,-26,-112,-106,1299,-317,500,744,-78,174,-56,
4168686,4943772,5219638,4473832,5203314,4904685,-176,33,1375,44,446,801,-74,6,-30,-111,-137,1282,-317,500,744,-65,177,-57,
4168686,4943772,5219638,4473832,5203314,4904685,-175,30,1357,44,446,801,-56,43,-38,-115,-135,1298,-317,506,742,-51,176,-54,
3847642,4943772,5219638,4473832,5203314,4904685,-168,31,1347,42,449,803,-38,52,-25,-119,-113,1283,-317,506,742,-49,168,-44,
3847642,4975240,5219638,4473832,5203314,4904685,-183,38,1331,42,449,799,-11,49,-28,-119,-118,1278,-313,503,739,-57,156,-43,
3847642,4975240,5210769,4473832,5203314,4904685,-178,34,1342,43,450,799,-3,36,-31,-111,-121,1277,-312,503,737,-49,145,-38,
3847642,4975240,5210769,4379864,5203314,4904685,-152,36,1300,45,448,805,3,29,-26,-128,-124,1269,-312,503,737,-43,129,-39,
3847642,4975240,5210769,4379864,5203347,4904685,-168,20,1322,45,448,805,11,25,-15,-122,-115,1276,-311,503,746,-44,108,-39,
3847642,4975240,5210769,4379864,5203347,4777530,-165,15,1382,45,447,805,12,19,-16,-142,-95,1281,-311,503,746,-57,87,-41,
3847642,4975240,5210769,4379864,5203347,4777530,-152,37,1359,45,447,805,10,34,-13,-126,-102,1304,-313,511,744,-82,66,-48,
3847642,4975240,5210769,4379864,5203347,4777530,-167,49,1350,45,451,798,10,52,-16,-141,-95,1321,-313,510,737,-114,52,-64,
3637030,4975240,5210769,4379864,5203347,4777530,-174,49,1322,45,451,798,-2,48,-21,-125,-150,1326,-308,510,737,-118,59,-78,
3637030,4974675,5210769,4379864,5203347,4777530,-172,40,1307,45,459,814,-6,34,-30,-122,-175,1321,-306,508,744,-85,80,-73,
3637030,4974675,5197709,4379864,5203347,4777530,-161,42,1295,47,445,803,-7,6,-23,-132,-136,1289,-306,508,744,-31,99,-49,
3637030,4974675,5197709,4315161,5203347,4777530,-180,27,1296,47,445,803,-4,-17,-21,-126,-133,1319,-306,504,741,9,91,-32,
3637030,4974675,5197709,4315161,5214388,4777530,-185,38,1344,46,448,810,15,-34,-13,-130,-114,1300,-306,504,741,11,86,-28,
3637030,4974675,5197709,4315161,5214388,4557550,-172,30,1369,46,448,810,23,-37,-18,-141,-105,1337,-307,515,739,-9,100,-30,
3637030,4974675,5197709,4315161,5214388,4557550,-180,39,1371,46,451,802,19,-30,-13,-139,-127,1315,-304,511,743,-17,99,-38,
3637030,4974675,5197709,4315161,5214388,4557550,-183,44,1366,46,451,802,17,-14,-4,-114,-108,1283,-304,511,743,-28,92,-52,
3712325,4974675,5197709,4315161,5214388,4557550,-175,49,1342,41,451,806,9,-13,-16,-132,-83,1278,-303,508,749,-43,67,-65,
3712325,4964455,5197709,4315161,5214388,4557550,-156,48,1307,42,449,807,-6,-19,-20,-144,-109,1257,-303,508,749,-48,42,-86,
3712325,4964455,5187273,4315161,5214388,4557550,-164,40,1313,42,449,807,-6,-27,-20,-140,-134,1281,-307,514,741,-42,16,-95,
3712325,4964455,5187273,4259504,5214388,4557550,-162,34,1333,43,445,806,-7,-42,-20,-132,-135,1274,-307,514,741,-16,2,-93,
3712325,4964455,5187273,4259504,5215143,4557550,-169,35,1305,43,445,806,-1,-48,-19,-135,-101,1269,-306,516,740,-1,-15,-90,
3712325,4964455,5187273,4259504,5215143,4265858,-157,31,1302,43,449,810,3,-63,-20,-140,-102,1273,-308,507,738,-2,-31,-108,
3712325,4964455,5187273,4259504,5215143,4265858,-179,24,1347,43,449,810,0,-84,-22,-129,-138,1275,-308,507,738,11,-46,-119,
3712325,4964455,5187273,4259504,5215143,4265858,-149,48,1381,39,450,803,6,-86,-21,-128,-172,1304,-308,505,743,53,-56,-111,
3760530,4964455,5187273,4259504,5215143,4265858,-164,34,1381,39,451,800,29,-69,-20,-120,-143,1331,-308,505,743,90,-46,-77,
3760530,4944369,5187273,4259504,5215143,4265858,-161,37,1389,37,451,800,34,-39,-17,-130,-98,1326,-309,506,744,93,-40,-56,
3760530,4944369,5167984,4259504,5215143,4265858,-155,43,1359,38,448,811,14,-9,-16,-139,-62,1296,-309,506,744,42,-46,-62,
3760530,4944369,5167984,4179682,5215143,4265858,-163,17,1340,38,448,811,10,-10,-14,-136,-96,1264,-308,506,737,0,-57,-101,
3760530,4944369,5167984,4179682,5224597,4265858,-159,44,1354,37,444,802,23,-4,-16,-116,-130,1259,-311,504,744,-44,-82,-116,
3760530,4944369,5167984,4179682,5224597,4395248,-156,33,1344,37,444,802,36,-1,-18,-119,-151,1318,-311,504,744,-36,-96,-105,
3760530,4944369,5167984,4179682,5224597,4395248,-158,46,1353,36,450,804,35,-5,-18,-116,-137,1341,-317,506,738,32,-92,-85,
3760530,4944369,5167984,4179682,5224597,4395248,-155,29,1349,36,450,804,14,-3,-14,-106,-121,1359,-317,506,738,40,-62,-70,
4028281,4944369,5167984,4179682,5224597,4395248,-146,43,1344,37,451,809,-6,-2,-10,-122,-109,1376,-318,505,737,30,-26,-74,
4028281,4912368,5167984,4179682,5224597,4395248,-170,59,1352,35,444,805,-12,-7,-16,-111,-111,1335,-318,503,733,22,-10,-85,
4028281,4912368,5139688,4179682,5224597,4395248,-159,52,1347,35,444,805,-11,-12,-19,-116,-130,1349,-322,503,733,5,5,-81,
4028281,4912368,5139688,4092555,5224597,4395248,-157,37,1365,34,447,799,-26,-20,-25,-118,-112,1335,-318,503,740,-11,32,-84,
4028281,4912368,5139688,4092555,5232000,4395248,-153,47,1362,34,447,799,-38,-13,-23,-108,-120,1315,-318,503,740,-11,31,-88,
4028281,4912368,5139688,4092555,5232000,4518611,-150,23,1331,35,448,809,-52,-14,-28,-113,-120,1307,-322,505,740,-12,40,-87,
4028281,4912368,5139688,4092555,5232000,4518611,-174,21,1323,35,448,809,-43,-13,-27,-112,-109,1325,-322,505,740,-11,42,-87,
4028281,4912368,5139688,4092555,5232000,4518611,-159,28,1320,34,451,813,-29,-8,-16,-134,-114,1312,-318,510,744,-21,42,-88,
4157440,4912368,5139688,4092555,5232000,4518611,-178,26,1328,35,448,803,-5,-12,-7,-108,-102,1268,-320,501,747,-16,41,-95,
4157440,4697621,5139688,4092555,5232000,4518611,-155,24,1325,35,448,803,13,-14,-4,-115,-108,1245,-320,501,747,-2,21,-104,
4157440,4697621,5049075,4092555,5232000,4518611,-166,33,1338,37,443,803,28,-14,-7,-114,-118,1200,-320,504,743,4,-7,-112,
4157440,4697621,5049075,3966166,5232000,4518611,-157,44,1344,37,443,803,46,-18,-3,-105,-122,1271,-320,504,743,39,-42,-121,
4157440,4697621,5049075,3966166,5229815,4518611,-163,24,1371,31,446,795,35,-18,-4,-104,-130,1342,-322,507,740,76,-61,-126,
4157440,4697621,5049075,3966166,5229815,4730381,-157,32,1351,31,446,795,6,-15,-5,-99,-142,1351,-322,507,740,110,-54,-122,
4157440,4697621,5049075,3966166,5229815,4730381,-145,29,1344,32,457,815,-8,1,-9,-107,-129,1370,-325,503,752,126,227,-89,
4157440,4697621,5049075,3966166,5229815,4730381,-140,13,1355,36,455,800,-4,14,-14,-106,-115,1376,-325,496,746,113,65,-81,
4397694,4697621,5049075,3966166,5229815,4730381,-156,40,1349,36,455,800,25,21,-13,-100,-101,1395,-325,496,746,86,98,-77,
4397694,4614704,5049075,3966166,5229815,4730381,-161,31,1321,35,444,802,49,24,-19,-113,-124,1358,-320,496,750,73,139,-74,
4397694,4614704,5089445,3966166,5229815,4730381,-150,34,1351,35,444,802,69,38,-20,-109,-123,1336,-320,496,750,90,168,-66,
4397694,4614704,5089445,3482520,5229815,4730381,-143,41,1350,36,446,808,55,47,-19,-108,-130,1306,-321,491,759,107,182,-57,
4397694,4614704,5089445,3482520,5212843,4730381,-154,39,1339,36,446,808,40,42,-22,-123,-114,1333,-321,491,759,118,183,-41,
4397694,4614704,5089445,3482520,5212843,4786500,-161,35,1346,31,448,801,36,49,-17,-116,-116,1285,-314,489,736,117,179,-37,
4397694,4614704,5089445,3482520,5212843,4786500,-150,29,1333,31,448,801,52,48,-22,-126,-84,1306,-310,484,757,117,158,-47,
4397694,4614704,5089445,3482520,5212843,4786500,-161,40,1332,36,445,807,64,50,-26,-139,-84,1300,-310,484,757,101,136,-62,
4635946,4614704,5089445,3482520,5212843,4786500,-165,46,1337,38,440,808,58,61,-27,-132,-74,1349,-313,480,753,91,121,-72,
4635946,4977718,5089445,3482520,5212843,4786500,-157,53,1340,38,440,808,52,76,-34,-121,-81,1367,-313,480,753,100,124,-96,
4635946,4977718,5176110,3482520,5212843,4786500,-170,45,1352,41,442,801,49,83,-35,-115,-70,1382,-308,490,760,94,140,-102,
4635946,4977718,5176110,2017920,5212843,4786500,-169,61,1354,41,442,801,51,87,-32,-127,-80,1405,-309,482,762,100,169,-99,
4635946,4977718,5176110,2017920,4731131,4786500,-159,59,1360,39,442,804,41,83,-40,-141,-57,1381,-309,482,762,108,207,-118,
4635946,4977718,5176110,2017920,4731131,3967219,-176,40,1362,39,442,804,10,72,-46,-141,-52,1379,-306,475,764,126,239,-131,
4635946,4977718,5176110,2017920,4731131,3967219,-154,53,1349,42,446,812,-32,50,-33,-156,-49,1368,-306,475,764,127,261,-153,
4635946,4977718,5176110,2017920,4731131,3967219,-173,25,1337,43,439,809,-46,28,-36,-224,106,1352,-300,473,762,94,269,-210,
4934986,4977718,5176110,2017920,4731131,3967219,-167,43,1321,43,439,809,-19,38,-35,-440,435,1355,-300,473,762,134,318,-406,
4934986,5014690,5176110,2017920,4731131,3967219,-170,49,1349,42,444,801,-22,40,-37,-732,126,1267,-302,477,785,216,353,-759,
4934986,5014690,5263516,2017920,4731131,3967219,-181,30,1374,42,444,801,-24,46,-36,-1001,-178,1171,-308,458,765,106,349,-1043,
4934986,5014690,5263516,456014,4731131,3967219,-157,33,1369,44,447,808,-17,38,-36,-1204,-154,1181,-308,458,765,70,330,-1269,
4934986,5014690,5263516,456014,666917,3967219,-161,30,1352,44,447,808,-27,25,-29,-1214,-379,1096,-316,448,780,255,254,-1444,
4934986,5014690,5263516,456014,666917,2214470,-152,40,1341,39,448,807,-40,21,-29,-766,-839,1122,-316,448,780,318,-61,-1456,
4934986,5014690,5263516,456014,666917,2214470,-177,52,1354,43,454,798,-72,20,-29,-815,-752,1225,-343,440,789,-42,-314,-1256,
4934986,5014690,5263516,456014,666917,2214470,-162,53,1346,43,454,798,-90,21,-31,-754,-385,1237,-343,440,789,-354,-294,-1088,
4999621,5014690,5263516,456014,666917,2214470,-170,37,1350,45,446,803,-107,18,-40,-653,-198,1247,-357,450,787,-345,-212,-1062,
4999621,4801669,5263516,456014,666917,2214470,-186,9,1326,45,446,803,-107,7,-37,-533,-250,1233,-370,436,770,-213,-161,-1110,
4999621,4801669,5311243,456014,666917,2214470,-174,16,1345,44,449,808,-80,5,-20,-452,-334,1190,-370,436,770,-162,-158,-1131,
4999621,4801669,5311243,813327,666917,2214470,-179,20,1339,44,449,808,-38,-1,-18,-384,-317,1222,-386,433,775,-229,-154,-1081,
4999621,4801669,5311243,813327,222234,2214470,-177,15,1337,45,461,805,1,-1,-14,-354,-214,1232,-386,433,775,-334,-115,-994,
4999621,4801669,5311243,813327,222234,1686725,-178,17,1337,45,461,798,52,6,-7,-323,-133,1253,-396,441,782,-400,-21,-899,
4999621,4801669,5311243,813327,222234,1686725,-173,34,1367,42,452,798,80,17,-4,-272,-20,1253,-396,441,772,-428,111,-827,
4999621,4801669,5311243,813327,222234,1686725,-165,40,1325,42,447,801,67,17,-14,-194,17,1280,-401,437,772,-382,231,-773,
5085693,4801669,5311243,813327,222234,1686725,-182,40,1341,42,447,801,64,8,-16,-97,-43,1274,-399,439,778,-268,336,-612,
5085693,4707684,5311243,813327,222234,1686725,-175,42,1332,44,447,799,55,9,-20,-9,-135,1255,-399,439,778,-116,341,-462,
5085693,4707684,5309446,813327,222234,1686725,-184,35,1344,44,447,799,56,18,-25,87,-121,1279,-398,440,780,-125,282,-326,
5085693,4707684,5309446,1062823,222234,1686725,-177,30,1356,44,448,789,57,12,-21,81,-51,1276,-398,440,780,-131,244,-247,
5085693,4707684,5309446,1062823,166227,1686725,-174,29,1341,44,448,789,55,12,-11,103,8,1274,-396,446,780,-95,206,-237,
5085693,4707684,5309446,1062823,166227,1584873,-178,35,1348,44,452,801,50,8,-14,111,62,1281,-393,450,779,-71,204,-293,
5085693,4707684,5309446,1062823,166227,1584873,-167,60,1329,45,443,811,51,14,-24,117,101,1272,-393,450,779,-34,217,-404,
5085693,4707684,5309446,1062823,166227,1584873,-174,44,1315,45,443,811,38,13,-17,105,71,1277,-393,438,783,6,233,-541,
5147559,4707684,5309446,1062823,166227,1584873,-185,28,1361,45,444,804,41,11,-15,110,-62,1261,-393,438,783,12,258,-640,
5147559,4760289,5309446,1062823,166227,1584873,-165,51,1337,45,444,804,28,9,-16,130,-53,1278,-394,435,788,-19,269,-670,
5147559,4760289,5302969,1062823,166227,1584873,-180,35,1332,47,448,794,18,8,-21,338,587,1348,-394,435,788,15,228,-635,
5147559,4760289,5302969,881667,166227,1584873,-176,47,1356,47,448,794,6,7,-21,219,-129,1229,-403,429,793,437,43,-697,
5147559,4760289,5302969,881667,166280,1584873,-169,38,1331,43,448,802,8,4,-15,164,-64,1287,-405,415,788,375,-78,-666,
5147559,4760289,5302969,881667,166280,1434400,-174,38,1326,46,439,809,12,7,-17,200,184,1256,-405,415,788,295,-113,-569,
5147559,4760289,5302969,881667,166280,1434400,-159,53,1336,46,439,809,21,3,-22,170,338,1279,-415,400,800,400,-153,-581,
5147559,4760289,5302969,881667,166280,1434400,-168,36,1328,47,441,817,24,6,-14,92,601,1318,-415,400,800,517,-133,-620,
5183882,4760289,5302969,881667,166280,1434400,-187,32,1346,47,441,817,23,4,-15,568,477,1318,-427,383,811,803,-44,-746,
5183882,4755344,5302969,881667,166280,1434400,-171,41,1316,47,440,811,25,1,-17,840,-1210,1059,-427,383,811,1087,-766,-671,
5183882,4755344,5283956,881667,166280,1434400,-178,46,1357,47,440,811,27,7,-19,545,426,1424,-441,369,821,13,-583,-357,
5183882,4755344,5283956,733869,166280,1434400,-188,46,1333,45,447,810,33,7,-23,661,298,1291,-460,364,811,174,-599,-326,
5183882,4755344,5283956,733869,2589686,1434400,-179,53,1354,45,446,808,28,3,-20,134,-81,1489,-460,364,811,49,-543,-194,
5183882,4755344,5283956,733869,2589686,2624959,-173,43,1339,41,446,808,18,5,-11,-88,-21,1367,-470,366,800,9,-489,-203,
5183882,4755344,5283956,733869,2589686,2624959,-164,51,1346,46,437,810,7,-2,-18,-53,-2,1432,-470,366,800,31,-479,-239,
5183882,4755344,5283956,733869,2589686,2624959,-172,38,1335,46,437,810,-2,-8,-19,-13,101,1378,-484,368,811,49,-410,-287,
5249339,4755344,5283956,733869,2589686,2624959,-169,53,1329,45,437,808,7,-9,-23,-102,-428,1761,-484,368,790,-132,-266,-295,
5249339,4599747,5283956,733869,2589686,2624959,-197,44,1335,45,437,808,13,-9,-21,-93,-78,1291,-487,366,790,-315,-91,-158,
5249339,4599747,5244224,733869,2589686,2624959,-182,42,1369,42,447,810,15,-14,-21,-87,-92,1360,-487,375,807,-334,-63,-137,
5249339,4599747,5244224,3784472,2589686,2624959,-173,46,1327,42,447,810,15,-15,-14,-66,-95,1370,-487,375,807,-348,-40,-125,
5249339,4599747,5244224,3784472,4085356,2624959,-179,44,1351,44,444,791,7,-19,-8,-74,-148,1433,-491,373,791,-327,11,-106,
5249339,4599747,5244224,3784472,4085356,4286765,-179,53,1328,43,434,812,15,-19,-14,-76,-110,1335,-491,373,791,-125,80,-71,
5249339,4599747,5244224,3784472,4085356,4286765,-191,54,1353,43,434,812,9,-19,-11,-72,-100,1315,-490,381,785,-22,117,-55,
5249339,4599747,5244224,3784472,4085356,4286765,-193,43,1327,43,438,815,-2,-19,-11,-79,-90,1316,-486,376,790,15,130,-50,
5275291,4599747,5244224,3784472,4085356,4286765,-181,40,1336,43,438,815,0,-19,-7,-81,-97,1314,-486,376,790,21,128,-41,
5275291,4039090,5244224,3784472,4085356,4286765,-185,63,1355,40,445,810,1,-23,-5,-83,-85,1301,-484,368,797,31,127,-35,
5275291,4039090,5151789,3784472,4085356,4286765,-183,56,1360,40,445,810,0,-25,-5,-91,-94,1324,-484,368,797,48,122,-35,
5275291,4039090,5151789,4786034,4085356,4286765,-169,59,1332,39,447,814,-1,-22,-2,-86,-74,1326,-487,380,794,50,122,-38,
5275291,4039090,5151789,4786034,4211435,4286765,-170,53,1358,42,445,812,0,-22,-8,-80,-102,1292,-487,380,794,58,120,-25,
5275291,4039090,5151789,4786034,4211435,4706064,-186,36,1354,42,445,812,-4,-16,-9,-91,-95,1303,-483,378,788,55,108,-24,
5275291,4039090,5151789,4786034,4211435,4706064,-171,44,1348,40,440,808,-15,-16,-13,-97,-84,1317,-485,371,783,55,103,-26,
5275291,4039090,5151789,4786034,4211435,4706064,-170,43,1362,40,440,808,-18,-21,-13,-103,-77,1312,-485,371,783,43,97,-18,
5284592,4039090,5151789,4786034,4211435,4706064,-168,42,1337,40,437,801,-6,-13,-10,-86,-77,1308,-481,369,804,35,88,-14,
5284592,3587798,5151789,4786034,4211435,4706064,-182,46,1349,40,437,801,1,-10,-3,-91,-81,1313,-481,369,804,24,78,-18,
5284592,3587798,5097692,4786034,4211435,4706064,-182,45,1350,33,447,810,14,-2,-253,-104,-81,1319,-477,374,792,22,65,-13,
5284592,3587798,5097692,4971728,4211435,4706064,-180,41,1345,33,446,814,16,4,-6,-95,-75,1307,-477,374,792,16,61,-12,
5284592,3587798,5097692,4971728,3922368,4706064,-173,53,1352,39,446,814,22,2,-2,-90,-79,1315,-482,374,802,-2,66,-11,
5284592,3587798,5097692,4971728,3922368,4810628,-159,57,1320,40,441,810,18,5,-5,-101,-67,1315,-477,368,795,-13,57,-12,
5284592,3587798,5097692,4971728,3922368,4810628,-165,52,1363,40,441,810,14,0,-5,-104,-70,1304,-477,368,795,-13,53,-10,
5284592,3587798,5097692,4971728,3922368,4810628,-171,45,1333,40,439,815,20,2,-3,-101,-78,1315,-478,371,808,-22,50,-11,
5285158,3587798,5097692,4971728,3922368,4810628,-162,59,1304,40,439,815,24,2,-6,-99,-89,1324,-478,371,808,-16,43,-8,
5285158,3739218,5097692,4971728,3922368,4810628,-158,51,1329,33,443,801,22,3,-12,-103,-81,1330,-478,375,804,-25,43,-13,
5285158,3739218,5064506,4971728,3922368,4810628,-173,48,1344,33,443,801,22,-4,-6,-104,-84,1304,-478,375,813,-25,50,-9,
5285158,3739218,5064506,5021206,3922368,4810628,-169,48,1330,36,438,812,20,2,-17,-104,-84,1320,-480,371,813,-18,49,-16,
5285158,3739218,5064506,5021206,3950821,4810628,-168,57,1320,41,438,807,12,9,-12,-106,-78,1321,-477,366,806,-12,47,-9,
5285158,3739218,5064506,5021206,3950821,4818006,-187,58,1351,41,438,807,6,11,-7,-99,-82,1299,-477,366,806,-12,43,-2,
5285158,3739218,5064506,5021206,3950821,4818006,-176,41,1340,42,441,807,18,4,-10,-102,-77,1302,-478,370,806,-6,40,-9,
5285158,3739218,5064506,5021206,3950821,4818006,-169,42,1341,42,441,807,10,8,-14,-90,-92,1311,-478,370,806,-2,35,-4,
5282461,3739218,5064506,5021206,3950821,4818006,-164,45,1339,38,441,801,13,10,-10,-99,-73,1320,-480,371,800,-14,45,-10,
5282461,3987293,5064506,5021206,3950821,4818006,-171,43,1349,38,441,801,11,2,-10,-98,-81,1302,-477,369,804,-21,47,-13,
5282461,3987293,5051512,5021206,3950821,4818006,-176,57,1332,37,443,812,2,3,-9,-110,-83,1310,-477,369,804,-27,49,-11,
5282461,3987293,5051512,5028436,3950821,4818006,-181,34,1358,41,438,818,14,8,-12,-107,-89,1304,-474,370,803,-28,44,-10,
5282461,3987293,5051512,5028436,4161404,4818006,-175,55,1324,41,438,818,12,-1,-9,-96,-79,1314,-474,370,803,-22,50,-12,
5282461,3987293,5051512,5028436,4161404,4830160,-158,50,1350,41,436,803,5,1,-6,-95,-85,1324,-476,373,803,-24,55,-15,
5282461,3987293,5051512,5028436,4161404,4830160,-169,60,1342,41,436,803,10,4,-5,-120,-87,1338,-476,373,803,-23,48,-11,
5282461,3987293,5051512,5028436,4161404,4830160,-171,53,1329,37,439,809,5,2,-8,-104,-85,1310,-480,371,797,-29,45,-17,
5277613,3987293,5051512,5028436,4161404,4830160,-173,52,1337,37,439,809,10,8,-7,-105,-84,1316,-476,368,800,-17,45,-16,
5277613,4151591,5051512,5028436,4161404,4830160,-175,66,1336,39,449,804,6,5,-13,-104,-69,1308,-476,368,800,-11,43,-10,
5277613,4151591,5032555,5028436,4161404,4830160,-174,52,1322,37,446,809,0,-1,-14,-105,-78,1314,-477,369,799,-14,52,-13,
5277613,4151591,5032555,5029418,4161404,4830160,-191,47,1357,37,446,809,-8,-4,-11,-103,-78,1305,-477,369,799,-16,50,-12,
5277613,4151591,5032555,5029418,4342091,4830160,-176,46,1347,40,438,812,-6,-2,-9,-101,-77,1302,-478,369,807,-13,47,-16,
5277613,4151591,5032555,5029418,4342091,4835778,-155,38,1360,40,438,812,1,5,-15,-94,-82,1292,-478,369,807,-19,48,-10,
5277613,4151591,5032555,5029418,4342091,4835778,-180,55,1340,38,438,811,-2,2,-11,-102,-83,1305,-477,376,799,-19,52,-17,
5277613,4151591,5032555,5029418,4342091,4835778,-180,48,1345,38,438,811,1,1,-15,-106,-79,1306,-475,368,789,-23,53,-21,
5277158,4151591,5032555,5029418,4342091,4835778,-180,43,1343,40,445,803,12,-1,-12,-100,-73,1325,-475,368,789,-20,53,-22,
5277158,4129356,5032555,5029418,4342091,4835778,-166,59,1324,40,445,814,7,1,-3,-93,-81,1313,-476,371,798,-27,50,-28,
5277158,4129356,5003457,5029418,4342091,4835778,-171,54,1342,36,438,814,3,0,-6,-114,-79,1317,-476,371,798,-37,46,-25,
5277158,4129356,5003457,5014545,4342091,4835778,-179,43,1357,39,441,809,16,2,-6,-104,-68,1312,-475,379,806,-32,48,-15,
5277158,4129356,5003457,5014545,4494588,4835778,-170,51,1338,39,441,809,8,7,-5,-98,-77,1309,-475,374,798,-33,45,-19,
5277158,4129356,5003457,5014545,4494588,4865820,-173,44,1349,39,440,810,11,10,-7,-106,-74,1294,-478,374,798,-28,53,-18,
5277158,4129356,5003457,5014545,4494588,4865820,-188,38,1374,39,440,810,11,3,-5,-104,-80,1305,-474,372,799,-24,44,-19,
5277158,4129356,5003457,5014545,4494588,4865820,-189,46,1353,39,438,792,17,5,-13,-109,-91,1308,-474,372,799,-13,48,-17,
5276578,4129356,5003457,5014545,4494588,4865820,-196,44,1340,39,438,792,6,11,-11,-116,-74,1319,-475,371,799,-15,31,-12,
5276578,4160725,5003457,5014545,4494588,4865820,-185,41,1340,38,447,820,1,5,-12,-97,-90,1325,-475,371,799,-17,39,-17,
5276578,4160725,5018741,5014545,4494588,4865820,-165,43,1352,39,438,801,2,-2,-16,-96,-81,1312,-475,376,788,-7,38,-18,
5276578,4160725,5018741,5014290,4494588,4865820,-176,66,1326,39,438,801,3,-1,-15,-103,-77,1316,-476,371,807,-8,39,-16,
5276578,4160725,5018741,5014290,4535599,4865820,-189,38,1367,41,434,815,3,7,-18,-116,-86,1312,-476,371,807,-1,36,-18,
5276578,4160725,5018741,5014290,4535599,4868828,-179,50,1357,41,434,815,1,5,-8,-105,-89,1322,-477,370,800,-16,34,-13,
5276578,4160725,5018741,5014290,4535599,4868828,-171,52,1326,38,444,807,1,3,-12,-99,-85,1317,-477,370,800,-17,41,-18,
5276578,4160725,5018741,5014290,4535599,4868828,-182,53,1343,38,444,807,0,-2,-16,-107,-71,1301,-476,376,794,-13,32,-20,
5278142,4160725,5018741,5014290,4535599,4868828,-181,50,1338,37,447,813,3,-2,-9,-104,-76,1313,-476,376,794,-19,31,-22,
5278142,4012159,5018741,5014290,4535599,4868828,-162,59,1321,39,437,811,-7,1,-13,-99,-79,1307,-477,381,811,-26,43,-19,
5278142,4012159,5036120,5014290,4535599,4868828,-161,57,1325,39,437,811,-9,-4,-13,-109,-82,1318,-473,373,804,-23,35,-18,
5278142,4012159,5036120,5011584,4535599,4868828,-157,52,1334,41,438,809,-11,-4,-17,-109,-86,1303,-473,373,804,-19,22,-23,
5278142,4012159,5036120,5011584,4516570,4868828,-157,45,1323,41,438,809,-9,-8,-10,-112,-75,1323,-476,372,804,-21,34,-20,
5278142,4012159,5036120,5011584,4516570,4870773,-185,38,1350,41,438,809,-7,-9,-13,-100,-82,1320,-476,372,804,-14,28,-22,
5278142,4012159,5036120,5011584,4516570,4870773,-183,43,1352,41,438,809,-4,-4,-11,-96,-85,1310,-476,370,798,-8,26,-27,
5278142,4012159,5036120,5011584,4516570,4870773,-165,57,1336,37,442,816,-6,0,-8,-107,-82,1312,-476,370,798,-8,22,-19,
5284132,4012159,5036120,5011584,4516570,4870773,-180,60,1344,37,446,812,-1,0,-11,-98,-75,1313,-477,372,797,-6,22,-21,
5284132,3897577,5036120,5011584,4516570,4870773,-166,53,1321,41,446,812,0,2,-13,-101,-82,1278,-475,370,808,-13,21,-18,
5284132,3897577,5046889,5011584,4516570,4870773,-192,41,1368,41,439,806,-4,6,-14,-91,-81,1305,-475,370,808,-16,20,-16,
5284132,3897577,5046889,5005368,4516570,4870773,-171,50,1332,41,439,806,-6,-2,-11,-103,-84,1316,-477,373,799,-13,27,-22,
5284132,3897577,5046889,5005368,4459763,4870773,-169,43,1336,43,441,813,-5,0,-15,-101,-89,1301,-477,373,799,-13,26,-23,
5284132,3897577,5046889,5005368,4459763,4857664,-184,48,1345,43,441,813,-6,6,-19,-107,-76,1303,-479,377,804,-10,20,-19,
5284132,3897577,5046889,5005368,4459763,4857664,-164,45,1334,39,444,809,0,-1,-15,-103,-74,1311,-479,372,792,-12,23,-22,
5284132,3897577,5046889,5005368,4459763,4857664,-163,51,1334,39,444,809,2,2,-10,-110,-60,1314,-479,372,792,-24,14,-21,
5285515,3897577,5046889,5005368,4459763,4857664,-174,50,1341,36,443,813,0,4,-10,-98,-84,1313,-478,368,799,-20,21,-15,
5285515,3914226,5046889,5005368,4459763,4857664,-171,55,1343,41,438,813,-4,2,-8,-97,-79,1310,-478,368,799,-7,25,-26,
5285515,3914226,5066946,5005368,4459763,4857664,-172,44,1341,41,438,813,-2,9,-8,-113,-86,1307,-474,370,805,-13,29,-22,
5285515,3914226,5066946,5003831,4459763,4857664,-175,40,1332,41,440,812,7,1,-14,-100,-82,1296,-474,370,805,-7,32,-17,
5285515,3914226,5066946,5003831,4411769,4857664,-167,51,1335,41,440,812,4,6,-11,-97,-72,1304,-478,377,787,-5,30,-16,
5285515,3914226,5066946,5003831,4411769,4825501,-190,45,1340,41,443,813,4,7,-12,-107,-77,1316,-474,372,796,-10,37,-21,
5285515,3914226,5066946,5003831,4411769,4825501,-187,41,1341,41,443,813,-1,4,-15,-108,-76,1314,-474,372,796,-11,25,-22,
5285515,3914226,5066946,5003831,4411769,4825501,-182,46,1356,40,444,820,-2,3,-18,-102,-72,1310,-477,373,807,-8,30,-14,
5287304,3914226,5066946,5003831,4411769,4825501,-173,45,1324,40,440,817,1,2,-15,-99,-78,1306,-477,373,807,-11,36,-17,
5287304,3952091,5066946,5003831,4411769,4825501,-175,34,1334,40,440,817,-4,6,-18,-105,-87,1316,-475,375,798,-13,34,-18,
5287304,3952091,5081105,5003831,4411769,4825501,-176,44,1343,40,442,806,5,6,-17,-110,-77,1313,-475,375,798,-27,39,-22,
5287304,3952091,5081105,4998692,4411769,4825501,-174,44,1352,40,442,806,-3,13,-22,-104,-87,1316,-477,379,799,-20,30,-20,
5287304,3952091,5081105,4998692,4405285,4825501,-176,43,1333,41,437,814,-5,11,-18,-102,-78,1314,-474,373,809,-28,23,-18,
5287304,3952091,5081105,4998692,4405285,4824751,-164,42,1337,41,437,814,-2,11,-21,-94,-87,1321,-474,373,809,-21,35,-19,
5287304,3952091,5081105,4998692,4405285,4824751,-171,43,1327,40,444,809,-2,14,-17,-102,-87,1304,-478,371,800,-20,36,-20,
5287304,3952091,5081105,4998692,4405285,4824751,-177,35,1348,42,447,817,-3,20,-26,-104,-83,1305,-478,371,800,-17,40,-24,
5279904,3952091,5081105,4998692,4405285,4824751,-183,38,1347,42,447,817,-9,10,-18,-108,-82,1318,-479,375,804,-11,28,-21,
5279904,4216132,5081105,4998692,4405285,4824751,-158,54,1322,41,442,804,3,12,-18,-98,-82,1303,-479,375,804,-10,25,-23,
5279904,4216132,5124819,4998692,4405285,4824751,-175,43,1356,41,442,804,5,10,-11,-108,-84,1305,-477,374,794,-16,31,-18,
5279904,4216132,5124819,4973312,4405285,4824751,-167,48,1347,40,439,810,3,10,-15,-114,-85,1321,-477,373,794,-16,26,-27,
5279904,4216132,5124819,4973312,4429474,4824751,-176,56,1340,40,439,810,5,11,-20,-109,-71,1313,-477,373,794,-15,27,-22,
5279904,4216132,5124819,4973312,4429474,4825713,-179,48,1340,37,445,799,5,10,-18,-101,-67,1311,-475,370,806,-20,27,-20,
5279904,4216132,5124819,4973312,4429474,4825713,-172,62,1328,37,445,799,0,11,-10,-97,-75,1300,-475,370,806,-21,28,-21,
5279904,4216132,5124819,4973312,4429474,4825713,-193,37,1358,37,443,803,0,5,-14,-104,-83,1316,-476,375,803,-16,30,-19,
5267085,4216132,5124819,4973312,4429474,4825713,-174,54,1321,43,438,813,9,10,-17,-102,-85,1311,-477,374,796,-16,26,-19,
5267085,4352021,5124819,4973312,4429474,4825713,-188,36,1351,43,438,813,10,13,-15,-99,-99,1316,-477,374,796,-22,26,-19,
5267085,4352021,5149124,4973312,4429474,4825713,-178,37,1348,40,439,811,0,9,-7,-104,-74,1308,-477,372,787,-24,36,-14,
5267085,4352021,5149124,4965408,4429474,4825713,-179,53,1352,40,439,811,-3,12,-14,-94,-82,1298,-477,372,787,-16,31,-20,
5267085,4352021,5149124,4965408,4430891,4825713,-163,44,1338,41,441,809,0,10,-18,-97,-79,1309,-475,372,800,-12,28,-22,
5267085,4352021,5149124,4965408,4430891,4825936,-182,38,1340,41,441,809,-3,10,-17,-115,-88,1316,-475,372,800,-11,29,-19,
5267085,4352021,5149124,4965408,4430891,4825936,-180,39,1338,38,448,803,1,4,-9,-100,-82,1304,-475,378,812,-10,27,-23,
5267085,4352021,5149124,4965408,4430891,4825936,-175,39,1346,43,442,811,6,1,-6,-105,-84,1315,-474,372,807,-15,29,-14,
5266603,4352021,5149124,4965408,4430891,4825936,-167,45,1349,43,442,811,9,2,-10,-96,-87,1318,-474,372,807,-16,32,-21,
5266603,4353394,5149124,4965408,4430891,4825936,-171,35,1346,44,438,808,9,-4,-6,-103,-85,1305,-477,373,797,-13,32,-21,
5266603,4353394,5149390,4965408,4430891,4825936,-182,53,1340,44,438,808,5,-2,-10,-94,-88,1311,-477,373,797,-19,36,-22,
5266603,4353394,5149390,4966613,4430891,4825936,-174,47,1348,37,440,804,3,-1,-17,-106,-82,1308,-476,375,800,-17,23,-22,
5266603,4353394,5149390,4966613,4399855,4825936,-172,52,1335,37,440,804,2,-1,-19,-107,-75,1306,-476,375,800,-13,39,-19,
5266603,4353394,5149390,4966613,4399855,4824215,-184,30,1349,38,446,804,11,-2,-14,-93,-78,1302,-478,378,803,-9,44,-16,
5266603,4353394,5149390,4966613,4399855,4824215,-164,28,1336,43,441,814,7,-3,-11,-112,-87,1319,-475,370,805,-18,30,-24,
5266603,4353394,5149390,4966613,4399855,4824215,-185,40,1348,43,441,814,2,-3,-13,-104,-80,1317,-475,370,805,-19,25,-31,
5270421,4353394,5149390,4966613,4399855,4824215,-165,43,1345,43,438,808,9,-8,-6,-104,-80,1321,-475,372,803,-20,40,-22,
5270421,4307723,5149390,4966613,4399855,4824215,-195,37,1357,43,438,808,5,1,-8,-102,-79,1307,-475,372,803,-15,39,-16,
5270421,4307723,5143881,4966613,4399855,4824215,-171,37,1343,42,440,809,4,6,-15,-108,-81,1315,-478,373,796,-17,34,-19,
5270421,4307723,5143881,4973058,4399855,4824215,-188,41,1348,42,440,809,7,3,-18,-108,-75,1303,-478,373,796,-14,41,-16,
5270421,4307723,5143881,4973058,4380620,4824215,-165,54,1347,40,448,807,7,1,-19,-103,-78,1305,-478,373,792,-9,44,-19,
5270421,4307723,5143881,4973058,4380620,4825236,-169,42,1331,40,448,809,2,-1,-11,-100,-86,1304,-474,370,789,-12,28,-19,
5270421,4307723,5143881,4973058,4380620,4825236,-167,51,1341,39,440,809,9,3,-13,-96,-85,1312,-474,370,789,-17,34,-19,
5270421,4307723,5143881,4973058,4380620,4825236,-170,45,1328,44,441,809,0,7,-16,-97,-81,1310,-475,368,797,-19,32,-14,
5272649,4307723,5143881,4973058,4380620,4825236,-174,42,1330,44,441,809,-2,2,-20,-109,-75,1310,-475,368,797,-20,31,-21,
5272649,4287470,5143881,4973058,4380620,4825236,-170,46,1352,40,440,812,-6,0,-16,-100,-91,1310,-479,375,803,-12,30,-18,
5272649,4287470,5138139,4973058,4380620,4825236,-171,49,1333,40,440,812,4,-5,-12,-106,-83,1305,-479,372,798,-11,33,-26,
5272649,4287470,5138139,4983343,4380620,4825236,-175,51,1362,40,440,808,4,0,-13,-106,-87,1306,-475,372,798,-13,33,-18,
5272649,4287470,5138139,4983343,4375035,4825236,-186,30,1353,40,440,808,2,3,-9,-101,-78,1302,-475,370,802,-16,33,-23,
5272649,4287470,5138139,4983343,4375035,4826106,-172,31,1339,42,450,802,7,2,-16,-102,-80,1299,-475,370,802,-9,31,-24,
5272649,4287470,5138139,4983343,4375035,4826106,-175,42,1347,40,441,809,5,0,-14,-100,-82,1307,-477,372,799,-12,38,-22,
5272649,4287470,5138139,4983343,4375035,4826106,-163,48,1344,40,441,809,7,3,-12,-111,-87,1303,-477,372,799,-14,38,-18,
5273446,4287470,5138139,4983343,4375035,4826106,-169,45,1331,43,441,808,5,-1,-9,-104,-74,1316,-478,375,790,-12,37,-17,
5273446,4280323,5138139,4983343,4375035,4826106,-185,38,1350,43,441,808,1,6,-18,-104,-75,1315,-476,374,798,-13,25,-15,
5273446,4280323,5134380,4983343,4375035,4826106,-169,49,1338,39,447,819,2,5,-18,-97,-82,1301,-476,374,798,-14,26,-21,
5273446,4280323,5134380,5001531,4375035,4826106,-182,56,1352,39,447,819,7,6,-10,-109,-95,1311,-477,371,804,-16,27,-25,
5273446,4280323,5134380,5001531,4349101,4826106,-164,44,1346,37,449,807,3,7,-16,-97,-84,1317,-477,371,804,-19,37,-19,
5273446,4280323,5134380,5001531,4349101,4830575,-164,51,1343,40,442,813,7,8,-16,-99,-84,1311,-478,376,800,-17,33,-17,
5273446,4280323,5134380,5001531,4349101,4830575,-162,48,1323,40,442,813,7,8,-17,-110,-82,1307,-478,376,800,-19,33,-16,
5273446,4280323,5134380,5001531,4349101,4830575,-174,33,1346,40,440,813,3,4,-14,-96,-79,1314,-476,381,795,-15,36,-16,
5273459,4280323,5134380,5001531,4349101,4830575,-180,42,1341,40,440,813,11,9,-16,-98,-71,1296,-477,372,804,-10,34,-15,
5273459,4268575,5134380,5001531,4349101,4830575,-181,45,1332,39,439,815,7,-2,-14,-99,-77,1316,-477,372,804,-11,33,-16,
5273459,4268575,5126819,5001531,4349101,4830575,-153,47,1322,39,439,815,7,0,-3,-101,-85,1307,-477,368,802,-14,45,-18,
5273459,4268575,5126819,5008043,4349101,4830575,-186,53,1336,39,447,813,10,7,-9,-102,-85,1302,-477,368,802,-16,32,-11,
5273459,4268575,5126819,5008043,4380176,4830575,-177,40,1364,39,447,808,2,2,-8,-105,-77,1315,-477,377,797,-17,36,-8,
5273459,4268575,5126819,5008043,4380176,4832712,-174,49,1332,39,442,808,1,9,-12,-105,-86,1320,-477,377,797,-16,34,-23,
5273459,4268575,5126819,5008043,4380176,4832712,-161,50,1336,37,439,813,10,4,-10,-99,-85,1312,-478,373,816,-24,40,-20,
5273459,4268575,5126819,5008043,4380176,4832712,-182,37,1342,37,439,813,7,9,-19,-107,-76,1310,-474,371,796,-17,38,-21,
5273570,4268575,5126819,5008043,4380176,4832712,-181,40,1335,41,435,814,0,0,-16,-105,-84,1310,-474,371,796,-14,41,-19,
5273570,4245929,5126819,5008043,4380176,4832712,-167,44,1336,41,435,814,6,2,-12,-101,-77,1303,-475,372,795,-18,33,-18,
5273570,4245929,5120172,5008043,4380176,4832712,-163,59,1328,39,442,814,9,6,-16,-111,-81,1322,-475,372,795,-13,30,-20,
5273570,4245929,5120172,5017094,4380176,4832712,-180,40,1340,39,442,814,6,6,-19,-100,-85,1315,-477,378,797,-20,30,-15,
5273570,4245929,5120172,5017094,4385670,4832712,-166,46,1326,41,443,809,7,1,-12,-101,-83,1311,-477,374,807,-17,29,-15,
5273570,4245929,5120172,5017094,4385670,4837596,-178,42,1348,40,441,808,11,4,-9,-97,-82,1297,-477,374,807,-18,37,-15,
5273570,4245929,5120172,5017094,4385670,4837596,-166,34,1335,40,441,808,6,7,-7,-107,-70,1303,-478,370,813,-19,38,-15,
5273570,4245929,5120172,5017094,4385670,4837596,-190,56,1337,42,436,811,7,9,-12,-106,-76,1306,-478,370,813,-10,35,-20,
5273710,4245929,5120172,5017094,4385670,4837596,-169,39,1330,42,436,811,4,12,-12,-106,-90,1305,-478,370,803,-9,38,-21,
5273710,4245249,5120172,5017094,4385670,4837596,-169,36,1327,38,445,814,10,6,-15,-114,-79,1303,-478,370,803,-12,35,-15,
5273710,4245249,5115305,5017094,4385670,4837596,-172,54,1338,38,445,814,5,6,-14,-97,-79,1307,-478,376,784,-14,38,-13,
5273710,4245249,5115305,5021591,4385670,4837596,-176,50,1340,38,446,805,5,5,-15,-97,-89,1307,-477,373,808,-16,30,-19,
5273710,4245249,5115305,5021591,4387500,4837596,-183,36,1350,42,439,811,-2,-1,-17,-94,-76,1299,-477,373,808,-13,24,-17,
5273710,4245249,5115305,5021591,4387500,4841260,-176,55,1351,42,439,811,8,5,-13,-98,-89,1306,-475,369,792,-14,28,-17,
5273710,4245249,5115305,5021591,4387500,4841260,-163,42,1331,39,440,810,-2,5,-12,-111,-86,1311,-475,369,792,-16,36,-16,
5273710,4245249,5115305,5021591,4387500,4841260,-181,41,1343,39,440,810,1,0,-8,-99,-84,1303,-477,374,799,-21,37,-10,
5273926,4245249,5115305,5021591,4387500,4841260,-179,53,1345,37,437,818,5,-1,-7,-99,-81,1304,-477,374,799,-18,29,-9,
5273926,4247420,5115305,5021591,4387500,4841260,-169,44,1344,37,437,818,2,0,-13,-100,-83,1316,-477,381,803,-11,27,-16,
5273926,4247420,5115173,5021591,4387500,4841260,-176,50,1330,40,450,813,9,1,-14,-102,-84,1296,-473,372,807,-10,25,-19,
5273926,4247420,5115173,5020960,4387500,4841260,-173,48,1354,40,445,808,2,7,-19,-103,-83,1319,-473,372,807,-15,28,-19,
5273926,4247420,5115173,5020960,4388798,4841260,-164,48,1325,43,445,808,6,1,-18,-118,-85,1311,-476,373,793,-16,37,-21,
5273926,4247420,5115173,5020960,4388798,4843271,-173,51,1333,37,439,804,6,-2,-17,-104,-73,1308,-476,373,793,-7,29,-20,
5273926,4247420,5115173,5020960,4388798,4843271,-184,42,1342,37,439,804,6,2,-15,-108,-75,1308,-476,373,797,-13,38,-16,
5273926,4247420,5115173,5020960,4388798,4843271,-175,53,1345,41,439,807,6,7,-12,-108,-78,1325,-476,373,797,-15,31,-19,
5273398,4247420,5115173,5020960,4388798,4843271,-173,46,1339,41,439,807,8,8,-18,-119,-85,1319,-478,372,797,-19,32,-15,
5273398,4249746,5115173,5020960,4388798,4843271,-179,37,1332,40,446,805,8,6,-9,-82,-84,1316,-474,371,807,-18,29,-17,
5273398,4249746,5115074,5020960,4388798,4843271,-168,59,1326,40,446,805,-1,6,-9,-97,-80,1308,-474,371,807,-15,32,-17,
5273398,4249746,5115074,5023547,4388798,4843271,-175,40,1335,38,441,807,5,10,-17,-102,-91,1296,-475,371,802,-5,30,-20,
5273398,4249746,5115074,5023547,4423063,4843271,-186,51,1351,40,439,811,2,11,-21,-112,-87,1316,-475,371,802,-15,36,-17,
5273398,4249746,5115074,5023547,4423063,4858524,-171,61,1330,40,439,811,-2,6,-15,-113,-78,1304,-478,377,800,-8,33,-14,
5273398,4249746,5115074,5023547,4423063,4858524,-168,44,1342,41,439,809,1,3,-11,-102,-89,1320,-475,370,800,-13,27,-17,
5273398,4249746,5115074,5023547,4423063,4858524,-181,47,1330,41,439,809,4,1,-17,-97,-71,1286,-475,370,800,-18,22,-16,
5272696,4249746,5115074,5023547,4423063,4858524,-183,56,1347,40,443,807,8,8,-19,-105,-70,1325,-474,372,798,-21,37,-15,
5272696,4252565,5115074,5023547,4423063,4858524,-188,53,1337,40,443,807,8,5,-15,-106,-62,1296,-474,372,798,-12,38,-19,
5272696,4252565,5115438,5023547,4423063,4858524,-175,35,1338,37,449,813,5,6,-13,-97,-77,1305,-476,370,799,-13,46,-17,
5272696,4252565,5115438,5024454,4423063,4858524,-162,55,1338,42,441,810,4,4,-18,-113,-82,1310,-476,370,799,-15,36,-22,
5272696,4252565,5115438,5024454,4432092,4858524,-156,46,1328,42,441,810,-2,5,-15,-112,-80,1311,-479,376,786,-16,37,-18,
5272696,4252565,5115438,5024454,4432092,4860222,-179,45,1345,43,436,819,2,3,-16,-102,-81,1303,-477,371,793,-10,32,-14,
5272696,4252565,5115438,5024454,4432092,4860222,-172,54,1339,43,436,819,3,6,-13,-99,-85,1315,-477,371,793,-18,29,-11,
5272696,4252565,5115438,5024454,4432092,4860222,-173,58,1340,40,442,806,2,-4,-7,-95,-75,1309,-475,373,796,-15,26,-15,
5271770,4252565,5115438,5024454,4432092,4860222,-173,56,1338,40,442,806,2,3,-9,-96,-88,1316,-475,373,796,-14,33,-17,
5271770,4256235,5115438,5024454,4432092,4860222,-176,51,1316,39,452,819,0,1,-1,-100,-85,1311,-478,373,800,-4,28,-19,
5271770,4256235,5115427,5024454,4432092,4860222,-174,47,1348,40,444,819,0,4,-12,-105,-86,1303,-478,373,800,-9,26,-20,
5271770,4256235,5115427,5025983,4432092,4860222,-182,48,1352,40,444,819,0,1,-9,-105,-76,1304,-476,381,806,-16,22,-17,
5271770,4256235,5115427,5025983,4434211,4860222,-167,44,1339,39,439,817,8,5,-11,-121,-73,1307,-472,371,795,-15,29,-24,
5271770,4256235,5115427,5025983,4434211,4861877,-176,41,1349,39,439,817,-2,4,-12,-104,-91,1302,-472,371,795,-12,33,-23,
5271770,4256235,5115427,5025983,4434211,4861877,-184,47,1333,40,438,804,-6,3,-9,-102,-79,1315,-471,369,798,-18,46,-16,
5271770,4256235,5115427,5025983,4434211,4861877,-176,53,1349,40,438,804,0,3,-7,-109,-76,1313,-471,369,798,-18,38,-25,
5269973,4256235,5115427,5025983,4434211,4861877,-167,43,1319,36,441,812,3,5,-13,-107,-80,1307,-476,377,810,-21,38,-20,
5269973,4287600,5115427,5025983,4434211,4861877,-172,45,1345,36,441,812,-2,-1,-12,-105,-77,1303,-476,377,810,-8,36,-18,
5269973,4287600,5119807,5025983,4434211,4861877,-175,48,1333,40,439,814,9,7,-17,-116,-72,1305,-477,373,812,-14,31,-21,
5269973,4287600,5119807,5025811,4434211,4861877,-182,56,1351,40,435,809,6,6,-14,-92,-88,1303,-474,375,798,-17,35,-22,
5269973,4287600,5119807,5025811,4447233,4861877,-181,51,1335,40,435,809,0,2,-10,-101,-84,1314,-474,375,798,-11,31,-18,
5269973,4287600,5119807,5025811,4447233,4862552,-175,54,1333,40,439,818,0,1,-11,-112,-74,1309,-477,368,799,-10,33,-21,
5269973,4287600,5119807,5025811,4447233,4862552,-159,52,1332,40,439,818,1,4,-7,-89,-79,1321,-477,368,799,-17,33,-22,
5269973,4287600,5119807,5025811,4447233,4862552,-164,44,1327,42,439,815,1,3,-12,-98,-78,1319,-475,376,798,-17,40,-20,
5267207,4287600,5119807,5025811,4447233,4862552,-168,52,1328,42,439,815,1,8,-19,-110,-80,1304,-475,370,806,-17,33,-21,
5267207,4308117,5119807,5025811,4447233,4862552,-172,48,1340,42,449,814,2,0,-10,-96,-76,1300,-475,370,806,-17,40,-20,
5267207,4308117,5121935,5025811,4447233,4862552,-166,44,1334,40,440,808,6,5,-7,-101,-87,1327,-473,373,800,-21,30,-22,
5267207,4308117,5121935,5025090,4447233,4862552,-163,45,1316,40,440,808,0,5,-10,-106,-87,1300,-473,373,800,-20,36,-18,
5267207,4308117,5121935,5025090,4459537,4862552,-166,39,1341,42,436,814,1,5,-11,-115,-80,1309,-479,371,800,-12,33,-22,
5267207,4308117,5121935,5025090,4459537,4862561,-180,38,1346,42,436,814,8,4,-10,-108,-70,1319,-479,371,800,-14,26,-25,
5267207,4308117,5121935,5025090,4459537,4862561,-168,57,1352,42,445,808,6,3,-6,-114,-86,1300,-481,375,799,-14,34,-21,
5267207,4308117,5121935,5025090,4459537,4862561,-172,45,1354,42,445,808,5,5,-16,-100,-87,1304,-476,371,796,-12,42,-23,
5266785,4308117,5121935,5025090,4459537,4862561,-157,41,1357,36,447,810,-8,4,-16,-108,-84,1304,-476,371,796,-14,32,-20,
5266785,4318403,5121935,5025090,4459537,4862561,-172,38,1337,40,443,816,-5,2,-17,-111,-85,1307,-476,370,792,-10,27,-15,
5266785,4318403,5124115,5025090,4459537,4862561,-170,39,1342,40,443,816,2,2,-11,-107,-74,1322,-476,370,792,-10,29,-23,
5266785,4318403,5124115,5023934,4459537,4862561,-170,42,1330,38,442,814,1,3,-8,-99,-83,1311,-475,374,798,-11,32,-20,
5266785,4318403,5124115,5023934,4461341,4862561,-163,54,1317,38,442,814,4,4,-12,-99,-82,1303,-475,374,798,-18,34,-23,
5266785,4318403,5124115,5023934,4461341,4864200,-166,48,1344,36,442,805,3,7,-9,-94,-76,1311,-473,376,794,-13,29,-25,
5266785,4318403,5124115,5023934,4461341,4864200,-162,51,1330,36,442,805,1,6,-14,-117,-87,1327,-475,372,796,-15,32,-23,
5266785,4318403,5124115,5023934,4461341,4864200,-166,46,1340,37,445,814,1,1,-16,-105,-85,1296,-475,372,796,-18,31,-22,
5267074,4318403,5124115,5023934,4461341,4864200,-184,51,1347,37,445,806,2,1,-14,-93,-76,1313,-477,367,795,-8,33,-18,
5267074,4318598,5124115,5023934,4461341,4864200,-170,45,1349,40,443,806,3,5,-9,-102,-89,1327,-477,367,795,-17,31,-26,
5267074,4318598,5125255,5023934,4461341,4864200,-167,44,1364,40,435,815,4,10,-13,-107,-73,1315,-477,374,796,-17,35,-21,
5267074,4318598,5125255,5024230,4461341,4864200,-172,51,1335,40,435,815,5,5,-15,-83,-80,1299,-477,374,801,-9,39,-27,
5267074,4318598,5125255,5024230,4459894,4864200,-173,50,1331,42,440,813,-2,5,-14,-105,-72,1308,-481,370,801,-6,41,-24,
5267074,4318598,5125255,5024230,4459894,4863983,-168,43,1337,42,440,813,5,3,-16,-99,-99,1305,-474,371,791,-16,43,-17,
5267074,4318598,5125255,5024230,4459894,4863983,-165,54,1330,36,442,813,6,5,-15,-122,-86,1313,-474,371,791,-16,32,-26,
5267074,4318598,5125255,5024230,4459894,4863983,-160,40,1346,36,442,813,2,0,-11,-101,-88,1297,-475,371,792,-21,34,-22,
5267068,4318598,5125255,5024230,4459894,4863983,-175,32,1354,42,444,813,10,8,-11,-108,-76,1310,-475,371,792,-5,33,-21,
5267068,4318185,5125255,5024230,4459894,4863983,-170,47,1324,41,440,802,8,9,-11,-103,-83,1312,-476,378,812,-19,35,-17,
5267068,4318185,5124429,5024230,4459894,4863983,-163,53,1336,41,440,802,3,5,-12,-97,-75,1303,-479,371,804,-17,28,-17,
5267068,4318185,5124429,5030110,4459894,4863983,-176,57,1333,42,439,811,-6,1,-17,-102,-87,1303,-479,371,804,-21,21,-21,
5267068,4318185,5124429,5030110,4453824,4863983,-174,55,1348,42,439,811,0,2,-13,-95,-82,1313,-478,373,809,-23,29,-16,
5267068,4318185,5124429,5030110,4453824,4865407,-176,32,1347,40,447,808,8,8,-10,-106,-70,1311,-478,373,809,-16,35,-19,
5267068,4318185,5124429,5030110,4453824,4865407,-175,62,1338,40,447,808,-2,0,-5,-102,-88,1320,-476,372,803,-11,27,-12,
5267068,4318185,5124429,5030110,4453824,4865407,-176,54,1334,39,445,812,-2,-5,-15,-97,-84,1314,-476,372,803,-13,33,-21,
5266964,4318185,5124429,5030110,4453824,4865407,-173,62,1319,42,443,813,8,2,-12,-107,-85,1303,-478,372,794,-11,34,-22,
5266964,4317267,5124429,5030110,4453824,4865407,-174,47,1367,42,443,813,5,3,-16,-99,-75,1298,-472,373,810,-18,25,-22,
5266964,4317267,5125736,5030110,4453824,4865407,-154,51,1314,40,438,813,4,1,-16,-96,-81,1291,-472,373,810,-10,31,-17,
5266964,4317267,5125736,5030774,4453824,4865407,-180,43,1340,40,438,813,1,-2,-12,-103,-70,1311,-474,372,795,-8,24,-20,
5266964,4317267,5125736,5030774,4441833,4865407,-175,40,1330,40,442,797,2,0,-17,-104,-78,1296,-474,372,795,-8,29,-24,
5266964,4317267,5125736,5030774,4441833,4845215,-173,50,1335,40,442,797,4,4,-9,-96,-72,1315,-477,373,805,-4,29,-27,
5266964,4317267,5125736,5030774,4441833,4845215,-164,48,1350,38,450,805,1,-2,-11,-105,-91,1313,-477,373,805,-10,26,-20,
5266964,4317267,5125736,5030774,4441833,4845215,-169,40,1335,38,445,806,7,6,-10,-107,-83,1302,-477,376,806,-6,25,-23,
5267566,4317267,5125736,5030774,4441833,4845215,-169,37,1329,43,445,806,3,6,-12,-91,-89,1312,-476,368,796,-15,33,-17,
5267566,4314122,5125736,5030774,4441833,4845215,-172,44,1339,41,439,803,2,3,-11,-105,-86,1312,-476,368,796,-12,37,-22,
5267566,4314122,5129355,5030774,4441833,4845215,-186,45,1337,41,439,803,1,3,-12,-108,-78,1307,-474,372,798,-10,30,-25,
5267566,4314122,5129355,5029740,4441833,4845215,-165,38,1342,40,437,816,7,8,-16,-98,-76,1305,-474,372,798,-19,32,-17,
5267566,4314122,5129355,5029740,4441147,4845215,-176,48,1329,40,437,816,5,8,-16,-101,-81,1308,-475,378,810,-6,37,-14,
5267566,4314122,5129355,5029740,4441147,4843194,-183,39,1340,39,452,799,11,10,-18,-107,-66,1312,-475,372,788,-13,30,-19,
5267566,4314122,5129355,5029740,4441147,4843194,-169,49,1345,39,452,799,3,2,-14,-101,-85,1289,-476,372,788,-13,40,-18,
5267566,4314122,5129355,5029740,4441147,4843194,-177,61,1331,39,443,810,8,2,-16,-102,-91,1312,-476,372,795,-13,40,-23,
5268654,4314122,5129355,5029740,4441147,4843194,-174,51,1355,38,440,810,4,4,-16,-108,-74,1292,-476,372,795,-19,36,-19,
5268654,4310391,5129355,5029740,4441147,4843194,-175,50,1339,38,440,810,4,3,-15,-99,-78,1320,-477,369,803,-11,27,-27,
5268654,4310391,5132372,5029740,4441147,4843194,-179,25,1372,42,439,818,2,3,-12,-100,-73,1315,-477,369,803,-6,38,-28,
5268654,4310391,5132372,5029330,4441147,4843194,-169,42,1338,42,439,818,-2,5,-12,-87,-71,1312,-477,374,801,-5,33,-21,
5268654,4310391,5132372,5029330,4440473,4843194,-178,35,1374,41,440,810,0,4,-11,-110,-85,1302,-477,374,796,-12,32,-21,
5268654,4310391,5132372,5029330,4440473,4840167,-168,46,1356,41,440,810,2,1,-1,-95,-93,1287,-477,374,796,-15,33,-17,
5268654,4310391,5132372,5029330,4440473,4840167,-175,53,1323,35,445,815,6,1,-10,-102,-82,1311,-475,368,806,-14,32,-25,
5268654,4310391,5132372,5029330,4440473,4840167,-187,31,1350,42,441,813,10,0,-8,-111,-81,1298,-475,368,806,-11,25,-20,
5269402,4310391,5132372,5029330,4440473,4840167,-180,37,1330,42,441,813,5,7,-15,-99,-72,1298,-477,377,791,-15,31,-22,
5269402,4309977,5132372,5029330,4440473,4840167,-160,45,1331,41,434,812,4,1,-11,-113,-76,1310,-477,377,791,-14,31,-24,
5269402,4309977,5133133,5029330,4440473,4840167,-184,43,1341,41,434,812,7,-2,-10,-99,-76,1318,-477,382,803,-17,32,-30,
5269402,4309977,5133133,5027951,4440473,4840167,-171,45,1338,41,441,813,-1,-3,-12,-110,-86,1319,-476,371,811,-16,38,-18,
5269402,4309977,5133133,5027951,4430368,4840167,-175,47,1337,41,441,813,2,2,-15,-108,-87,1309,-476,371,811,-15,35,-22,
5269402,4309977,5133133,5027951,4430368,4837732,-162,50,1345,37,448,807,-1,6,-14,-107,-66,1308,-476,370,802,-15,28,-23,
5269402,4309977,5133133,5027951,4430368,4837732,-171,40,1359,41,444,816,2,5,-12,-94,-88,1312,-476,370,802,-14,29,-18,
