0,0,0,0,0,0,-56,-151,1327,225,514,739,-49,7,-25,-66,19,1323,-238,305,1028,9,16,-36,
4788268,0,0,0,0,0,-47,-152,1511,225,514,739,-58,-2,-33,-52,21,1239,-240,315,1035,18,7,-33,
4788268,3736966,0,0,0,0,-38,-164,1333,217,513,741,-49,-1,-35,-71,24,1352,-240,314,1010,12,5,-32,
4788268,3736966,3619890,0,0,0,-40,-159,1340,217,513,741,-52,-5,-37,-65,26,1329,-237,314,1010,5,1,-42,
4788268,3736966,3619890,4557932,0,0,-44,-152,1310,215,526,740,-48,-1,-35,-52,34,1302,-236,306,1016,8,3,-43,
4788268,3736966,3619890,4557932,3697276,0,-36,-163,1340,218,520,739,-51,1,-37,-43,28,1321,-236,306,1016,-5,5,-34,
4788268,3736966,3619890,4557932,3697276,3702592,-56,-159,1299,218,520,739,-51,-1,-35,-65,24,1326,-237,309,1014,9,255,-33,
4788268,3736966,3619890,4557932,3697276,3702592,-50,-164,1292,221,515,741,-52,-9,-35,-42,34,1304,-237,309,1014,5,4,-43,
4788268,3736966,3619890,4557932,3697276,3702592,-32,-160,1289,221,515,741,-44,3,-33,-39,32,1325,-239,307,1036,6,1,-41,
4790147,3736966,3619890,4557932,3697276,3702592,-29,-162,1348,217,520,736,-54,-1,-37,-56,28,1303,-239,307,1036,-7,-7,-51,
4790147,3738181,3619890,4557932,3697276,3702592,-34,-153,1329,217,520,736,-58,-2,-38,-55,26,1326,-236,311,1035,9,2,-32,
4790147,3738181,3616001,4557932,3697276,3702592,-39,-168,1289,218,524,749,-50,1,-40,-44,33,1312,-235,304,1009,13,8,-36,
4790147,3738181,3616001,4568020,3697276,3702592,-58,-164,1298,220,517,739,-51,-5,-37,-25,30,1295,-235,304,1009,13,8,-36,
4790147,3738181,3616001,4568020,3698948,3702592,-47,-152,1342,220,517,739,-53,-4,-38,-70,16,1290,-238,307,1021,8,5,-39,
4790147,3738181,3616001,4568020,3698948,3685285,-37,-148,1329,219,519,738,-50,-6,-35,-58,33,1326,-238,307,1021,13,7,-35,
4790147,3738181,3616001,4568020,3698948,3685285,-40,-162,1332,219,519,738,-48,-6,-39,-49,30,1307,-240,313,1022,7,9,-36,
4790147,3738181,3616001,4568020,3698948,3685285,-46,-151,1328,218,523,743,-53,-8,-38,-47,26,1323,-240,313,1022,1,-4,-29,
4802664,3738181,3616001,4568020,3698948,3685285,-26,-158,1335,216,523,735,-55,-13,-40,-42,26,1295,-237,312,1040,2,-6,-36,
4802664,3676749,3616001,4568020,3698948,3685285,-33,-164,1285,216,523,735,-62,-12,-41,-50,26,1308,-238,305,1010,4,1,-38,
4802664,3676749,3513391,4568020,3698948,3685285,-42,-156,1315,216,516,734,-56,-16,-39,-61,22,1286,-238,305,1010,16,-6,-31,
4802664,3676749,3513391,4604899,3698948,3685285,-34,-169,1293,216,516,734,-65,-20,-45,-50,24,1315,-239,307,1024,-2,-3,-42,
4802664,3676749,3513391,4604899,3615926,3685285,-47,-171,1317,215,517,739,-67,-19,-48,-60,20,1313,-239,307,1024,3,-8,-40,
4802664,3676749,3513391,4604899,3615926,3595624,-39,-153,1309,215,517,739,-62,-16,-40,-60,19,1323,-239,305,1016,9,1,-38,
4802664,3676749,3513391,4604899,3615926,3595624,-33,-175,1296,215,523,728,-63,-13,-43,-39,36,1310,-239,305,1016,16,7,-34,
4802664,3676749,3513391,4604899,3615926,3595624,-26,-154,1351,220,518,738,-60,-8,-45,-67,14,1332,-241,309,1015,10,1,-35,
4830830,3676749,3513391,4604899,3615926,3595624,-31,-161,1287,220,518,738,-56,-8,-48,-54,26,1301,-241,309,1271,-3,2,-40,
4830830,3626064,3513391,4604899,3615926,3595624,-30,-155,1343,219,516,741,-53,-6,-45,-61,23,1297,-240,305,1036,2,5,-41,
4830830,3626064,3318680,4604899,3615926,3595624,-33,-166,1311,219,516,741,-55,-1,-44,-55,26,1326,-239,304,1024,5,-1,-34,
4830830,3626064,3318680,4647813,3615926,3595624,-24,-164,1295,214,523,740,-57,-2,-44,-38,32,1294,-239,304,1024,-1,-8,-44,
4830830,3626064,3318680,4647813,3550241,3595624,-37,-172,1326,216,518,738,-50,-6,-38,-64,23,1362,-240,303,1027,3,0,-40,
4830830,3626064,3318680,4647813,3550241,3523694,-34,-162,1316,216,518,738,-45,-7,-38,-59,23,1318,-240,303,1027,12,3,-39,
4830830,3626064,3318680,4647813,3550241,3523694,-4,-174,1291,213,520,736,-54,-11,-38,-61,22,1328,-237,310,1018,8,2,-36,
4830830,3626064,3318680,4647813,3550241,3523694,-37,-153,1341,213,520,736,-59,-5,-41,-60,27,1308,-237,310,1018,5,2,-34,
4845221,3626064,3318680,4647813,3550241,3523694,-34,-162,1293,215,518,732,-52,-2,-39,-39,34,1294,-243,306,1036,3,-7,-43,
4845221,3566632,3318680,4647813,3550241,3523694,-32,-158,1361,215,518,732,-53,-3,-30,-55,45,1296,-237,305,1020,6,12,-33,
4845221,3566632,3221120,4647813,3550241,3523694,-18,-166,1322,214,522,733,-48,1,-40,-46,28,1295,-237,305,1020,0,5,-36,
4845221,3566632,3221120,4665320,3550241,3523694,-43,-163,1322,215,520,734,-52,0,-33,-76,16,1341,-238,304,1026,10,-9,-36,
4845221,3566632,3221120,4665320,3548958,3523694,-15,-162,1327,215,520,734,-52,-3,-37,-77,20,1347,-238,304,1026,3,0,-37,
4845221,3566632,3221120,4665320,3548958,3482341,-21,-154,1315,215,519,741,-46,-1,-42,-67,22,1321,-240,303,1024,3,7,-41,
4845221,3566632,3221120,4665320,3548958,3482341,-46,-157,1331,215,519,741,-47,-1,-44,-60,35,1315,-240,303,1024,10,-4,-34,
4845221,3566632,3221120,4665320,3548958,3482341,-36,-155,1343,213,526,740,-49,-2,-45,-68,25,1336,-243,310,1026,11,0,-38,
4847483,3566632,3221120,4665320,3548958,3482341,-17,-156,1346,218,516,736,-42,-7,-34,-53,18,1321,-243,308,1014,13,-3,-37,
4847483,3536149,3221120,4665320,3548958,3482341,-47,-171,1295,218,516,736,-48,-5,-34,-41,30,1277,-241,308,1014,5,3,-41,
4847483,3536149,3196699,4665320,3548958,3482341,-28,-168,1314,215,519,736,-53,1,-36,-53,34,1322,-239,303,1015,4,5,-37,
4847483,3536149,3196699,4684153,3548958,3482341,-21,-156,1303,215,519,736,-45,-7,-36,-73,22,1301,-239,303,1015,16,3,-33,
4847483,3536149,3196699,4684153,3487171,3482341,-22,-169,1336,215,523,741,-44,-4,-34,-84,36,1328,-240,304,1023,13,2,-36,
4847483,3536149,3196699,4684153,3487171,3442931,-45,-166,1316,215,523,741,-43,-5,-40,-39,27,1306,-240,304,1023,8,0,-44,
4847483,3536149,3196699,4684153,3487171,3442931,-19,-160,1312,215,523,735,-47,0,-42,-49,27,1309,-237,309,1009,4,-2,-36,
4847483,3536149,3196699,4684153,3487171,3442931,-33,-157,1321,215,520,736,-51,-1,-36,-57,22,1324,-237,309,1009,16,-1,-37,
4849211,3536149,3196699,4684153,3487171,3442931,-37,-160,1310,215,520,736,-43,2,-38,-50,37,1281,-239,311,1007,4,2,-37,
4849211,3515846,3196699,4684153,3487171,3442931,-31,-151,1323,216,522,739,-44,-255,-41,-76,11,1338,-238,306,1028,-2,4,-42,
4849211,3515846,3182637,4684153,3487171,3442931,-37,-174,1293,216,522,739,-51,-5,-39,-56,29,1297,-238,306,1028,-3,1,-40,
4849211,3515846,3182637,4698884,3487171,3442931,-44,-157,1324,214,525,736,-51,-3,-45,-71,23,1325,-240,306,1022,3,0,-38,
4849211,3515846,3182637,4698884,3406435,3442931,-41,-157,1312,212,519,736,-49,2,-40,-52,41,1285,-240,306,1022,2,2,-38,
4849211,3515846,3182637,4698884,3406435,3352076,-29,-171,1299,212,519,736,-45,-2,-38,-51,23,1324,-243,315,1028,-3,-4,-41,
4849211,3515846,3182637,4698884,3406435,3352076,-44,-171,1302,214,520,739,-47,-8,-37,-38,34,1275,-243,315,1028,6,-11,-33,
4849211,3515846,3182637,4698884,3406435,3352076,-34,-160,1298,214,520,739,-49,-3,-36,-80,25,1324,-241,313,1014,-6,-2,-38,
4849518,3515846,3182637,4698884,3406435,3352076,-60,-173,1300,213,523,738,-51,4,-35,-62,20,1300,-235,306,1020,-8,-1,-34,
4849518,3501491,3182637,4698884,3406435,3352076,-23,-160,1349,213,523,738,-45,-3,-36,-41,26,1293,-235,306,1020,8,6,-33,
4849518,3501491,3177260,4698884,3406435,3352076,-27,-150,1343,213,519,743,-44,-5,-43,-48,27,1312,-240,301,1030,8,4,-35,
4849518,3501491,3177260,4699241,3406435,3352076,-27,-159,1293,215,521,738,-47,-1,-40,-62,31,1334,-240,301,1030,8,7,-37,
4849518,3501491,3177260,4699241,3383760,3352076,-27,-163,1321,215,521,738,-43,11,-30,-67,34,1318,-238,304,1033,4,3,-37,
4849518,3501491,3177260,4699241,3383760,3349988,-11,-160,1335,214,519,726,-39,8,-33,-51,21,1330,-238,304,1033,5,3,-37,
4849518,3501491,3177260,4699241,3383760,3349988,-23,-153,1319,214,519,726,-38,11,-32,-51,23,1308,-241,316,1015,5,10,-38,
4849518,3501491,3177260,4699241,3383760,3349988,-30,-163,1304,217,525,742,-38,12,-30,-62,26,1317,-241,316,1015,3,13,-36,
4839472,3501491,3177260,4699241,3383760,3349988,-30,-153,1292,216,519,739,-40,10,-24,-48,18,1305,-242,305,1032,12,7,-27,
4839472,3476469,3177260,4699241,3383760,3349988,-53,-164,1291,216,519,739,-38,5,-29,-55,31,1313,-238,301,1036,5,2,-31,
4839472,3476469,3231320,4699241,3383760,3349988,-45,-158,1325,215,519,729,-34,15,-28,-52,31,1316,-238,301,1036,253,10,-30,
4839472,3476469,3231320,4677036,3383760,3349988,-19,-159,1294,215,519,729,-40,19,-19,-55,24,1318,-240,303,1028,5,10,-32,
4839472,3476469,3231320,4677036,3324351,3349988,-24,-156,1320,215,521,735,-39,21,-20,-59,29,1324,-240,303,1028,10,8,-29,
4839472,3476469,3231320,4677036,3324351,3449113,-53,-151,1309,215,521,739,-40,23,-14,-48,44,1304,-239,309,1024,2,1,-32,
4839472,3476469,3231320,4677036,3324351,3449113,-40,-156,1328,217,520,739,-35,30,-5,-52,24,1310,-239,309,1024,-4,15,-31,
4839472,3476469,3231320,4677036,3324351,3449113,-45,-159,1316,220,516,738,-18,48,-1,-49,33,1296,-239,311,1038,2,12,-33,
4739087,3476469,3231320,4677036,3324351,3449113,-40,-163,1312,220,516,738,-14,61,12,-52,21,1312,-237,303,1030,-4,24,-39,
4739087,3163044,3231320,4677036,3324351,3449113,-42,-145,1340,220,517,729,-4,78,25,-42,32,1310,-237,303,1030,7,16,-30,
4739087,3163044,3431290,4677036,3324351,3449113,-53,-147,1337,220,517,729,2,86,41,-41,28,1321,-238,309,1039,-10,13,-45,
4739087,3163044,3431290,4474687,3324351,3449113,-40,-169,1292,221,517,730,10,103,49,-46,34,1294,-238,309,1039,-17,28,-44,
4739087,3163044,3431290,4474687,3168502,3449113,-53,-167,1341,228,513,738,16,121,63,-42,51,1310,-238,302,1024,-25,33,-56,
4739087,3163044,3431290,4474687,3168502,3727147,-60,-153,1302,228,513,738,23,130,77,-54,24,1312,-238,302,1024,-26,41,-63,
4739087,3163044,3431290,4474687,3168502,3727147,-58,-164,1310,229,513,734,15,128,74,-38,30,1297,-238,313,1019,-27,53,-73,
4739087,3163044,3431290,4474687,3168502,3727147,-71,-161,1345,229,513,734,11,119,71,-66,27,1334,-238,313,1020,-26,61,-81,
4383618,3163044,3431290,4474687,3168502,3727147,-56,-149,1304,229,518,733,2,116,67,-54,37,1296,-234,307,1020,-25,72,-96,
4383618,3653380,3431290,4474687,3168502,3727147,-56,-153,1325,229,510,730,-9,113,37,-73,29,1333,-230,304,1021,-34,88,-100,
4383618,3653380,3667497,4474687,3168502,3727147,-77,-144,1308,237,510,730,-12,126,31,-61,20,1297,-230,304,1021,-48,100,-110,
4383618,3653380,3667497,3986743,3168502,3727147,-62,-153,1304,238,504,739,-5,159,33,-81,19,1310,-232,312,1032,-60,125,-119,
4383618,3653380,3667497,3986743,3559982,3727147,-77,-186,1347,238,504,739,5,197,43,-77,14,1321,-232,312,1032,-77,141,-117,
4383618,3653380,3667497,3986743,3559982,3940023,-95,-202,1301,239,507,729,11,217,71,-87,21,1338,-230,311,1016,-75,147,-112,
4383618,3653380,3667497,3986743,3559982,3940023,-120,-158,1276,239,507,729,17,199,88,-95,9,1308,-230,311,1016,-58,162,-54,
4383618,3653380,3667497,3986743,3559982,3940023,-87,-113,1308,249,509,721,13,152,89,-88,8,1289,-223,318,1027,-35,144,-33,
4005462,3653380,3667497,3986743,3559982,3940023,-80,-66,1326,253,503,735,-14,88,65,-106,13,1294,-219,312,1029,-22,126,-20,
4005462,4097765,3667497,3986743,3559982,3940023,-107,-47,1318,253,503,735,-51,19,15,-127,11,1349,-219,312,1029,-34,135,-18,
4005462,4097765,3786451,3986743,3559982,3940023,-103,-132,1286,251,503,739,-83,-25,-35,-100,29,1324,-213,311,1008,-47,177,-24,
4005462,4097765,3786451,3578298,3559982,3940023,-109,-148,1339,251,503,739,-93,-26,-53,-122,28,1365,-213,311,1008,-68,228,-39,
4005462,4097765,3786451,3578298,3853344,3940023,-78,-152,1333,247,508,729,-43,70,-22,-98,29,1299,-205,318,1025,-80,271,-52,
4005462,4097765,3786451,3578298,3853344,3930238,-99,-161,1324,503,507,732,-15,111,-14,-136,14,1343,-205,318,1025,-79,289,-49,
4005462,4097765,3786451,3578298,3853344,3930238,-77,-137,1314,256,507,732,1,120,-7,-136,9,1297,-200,325,1026,-81,297,-44,
4005462,4097765,3786451,3578298,3853344,3930238,-108,-144,1269,257,504,736,-16,78,-4,-148,-27,1330,-190,324,1023,-85,267,-35,
3821245,4097765,3786451,3578298,3853344,3930238,-104,-158,1301,257,504,736,-36,28,-1,-125,-18,1284,-190,324,1023,-62,202,-14,
3821245,4260036,3786451,3578298,3853344,3930238,-98,-161,1326,253,503,735,-33,14,7,-138,-5,1253,-184,317,1027,-37,126,7,
3821245,4260036,3802107,3578298,3853344,3930238,-90,-145,1303,253,503,735,-35,10,13,-150,-2,1272,-184,317,1027,-7,44,17,
3821245,4260036,3802107,3306890,3853344,3930238,-103,-108,1309,256,509,737,-44,8,4,-153,4,1306,-188,320,1013,13,-27,25,
3821245,4260036,3802107,3306890,3970571,3930238,-88,-96,1299,258,500,730,-69,-2,-10,-139,21,1303,-188,320,1013,30,-81,28,
3821245,4260036,3802107,3306890,3970571,3790610,-113,-111,1304,258,500,730,-91,-22,-45,-101,21,1291,-191,325,1018,35,-95,29,
3821245,4260036,3802107,3306890,3970571,3790610,-86,-141,1336,256,503,735,-110,-42,-50,-153,-5,1353,-191,325,1018,24,-71,24,
3821245,4260036,3802107,3306890,3970571,3790610,-105,-158,1330,256,503,735,-73,-8,-36,-133,18,1319,-191,325,1039,13,-33,17,
3952645,4260036,3802107,3306890,3970571,3790610,-102,-148,1322,252,508,738,-54,10,-15,-129,16,1283,-194,319,1009,8,-12,12,
3952645,4342078,3802107,3306890,3970571,3790610,-102,-146,1317,255,504,737,-46,13,-9,-127,-5,1323,-194,319,1009,12,-7,11,
3952645,4342078,3916919,3306890,3970571,3790610,-90,-146,1322,255,504,737,-41,10,-9,-139,7,1292,-192,322,1021,29,-16,23,
3952645,4342078,3916919,3591293,3970571,3790610,-113,-137,1293,257,498,731,-50,-21,-20,-124,34,1277,-192,322,1021,33,-86,24,
3952645,4342078,3916919,3591293,3920717,3790610,-90,-135,1343,257,498,731,-69,-46,-25,-135,21,1333,-198,325,1024,32,-124,15,
3952645,4342078,3916919,3591293,3920717,3520993,-100,-151,1317,254,505,733,-72,-54,-26,-135,15,1329,-198,325,1024,36,-111,14,
3952645,4342078,3916919,3591293,3920717,3520993,-68,-145,1356,254,505,733,-72,-51,-24,-124,10,1301,-203,328,1034,36,-98,11,
3952645,4342078,3916919,3591293,3920717,3520993,-99,-151,1284,253,506,728,-70,-28,-19,-123,15,1319,-203,317,1019,32,-100,12,
4096037,4342078,3916919,3591293,3920717,3520993,-97,-138,1346,255,506,732,-71,-19,-15,-113,12,1285,-203,317,1019,54,-139,7,
4096037,4294121,3916919,3591293,3920717,3520993,-118,-140,1342,255,506,732,-69,-55,-7,-125,5,1312,-206,316,1023,72,-192,14,
4096037,4294121,3989359,3591293,3920717,3520993,-79,-119,1311,253,505,731,-111,-91,-18,-94,26,1301,-206,316,1023,80,-220,20,
4096037,4294121,3989359,4119969,3920717,3520993,-95,-132,1323,253,505,731,-128,-110,-41,-106,7,1360,-214,316,1033,78,-212,19,
4096037,4294121,3989359,4119969,3786943,3520993,-69,-141,1348,252,508,736,-142,-110,-41,-85,25,1289,-214,316,1033,69,-175,15,
4096037,4294121,3989359,4119969,3786943,3197157,-94,-151,1314,250,508,731,-135,-88,-43,-90,25,1328,-219,317,1024,42,-108,5,
4096037,4294121,3989359,4119969,3786943,3197157,-81,-151,1315,250,508,731,-118,-62,-37,-103,14,1327,-219,317,1037,14,-51,-10,
4096037,4294121,3989359,4119969,3786943,3197157,-101,-163,1352,250,508,736,-97,-25,-32,-89,18,1299,-221,317,1037,-20,27,-26,
4234811,4294121,3989359,4119969,3786943,3197157,-82,-158,1352,250,508,736,-79,11,-10,-82,24,1282,-216,313,1022,-41,79,-32,
4234811,3972092,3989359,4119969,3786943,3197157,-98,-143,1328,249,507,730,-56,57,7,-108,6,1322,-216,313,1022,-55,96,-26,
4234811,3972092,4282512,4119969,3786943,3197157,-92,-146,1305,249,507,730,-50,86,11,-109,-3,1336,-213,315,1016,-51,64,-15,
4234811,3972092,4282512,4243532,3786943,3197157,-83,-162,1276,253,517,728,-44,95,10,-111,11,1289,-213,315,1016,-31,36,-8,
4234811,3972092,4282512,4243532,3875215,3197157,-96,-159,1328,254,506,729,-44,50,9,-76,28,1293,-213,318,1017,-6,-16,-9,
4234811,3972092,4282512,4243532,3875215,2717930,-101,-145,1318,254,506,729,-44,39,10,-106,27,1315,-213,318,1017,3,-43,-10,
4234811,3972092,4282512,4243532,3875215,2717930,-96,-145,1345,256,504,725,-45,41,12,-98,23,1322,-214,326,1026,-27,254,-22,
4234811,3972092,4282512,4243532,3875215,2717930,-100,-161,1352,256,504,725,-36,65,14,-97,20,1314,-207,320,1032,-100,145,-33,
4048887,3972092,4282512,4243532,3875215,2717930,-102,-145,1291,255,516,721,-28,110,17,-113,24,1302,-207,320,1032,-120,182,-35,
4048887,4002343,4282512,4243532,3875215,2717930,-113,-149,1336,262,506,735,-28,125,27,-120,19,1332,-204,325,1035,-128,188,-34,
4048887,4002343,4434187,4243532,3875215,2717930,-108,-160,1294,262,506,735,-32,122,28,-130,-11,1287,-204,325,1035,-110,169,-14,
4048887,4002343,4434187,4213439,3875215,2717930,-101,-163,1304,263,501,727,-34,119,27,-137,9,1309,-203,326,1022,-63,115,-9,
4048887,4002343,4434187,4213439,4066032,2717930,-123,-182,1308,263,501,727,-22,140,40,-123,-10,1292,-203,326,1022,-27,60,4,
4048887,4002343,4434187,4213439,4066032,2963746,-83,-177,1337,265,502,728,-9,147,49,-130,1,1332,-201,334,1010,-26,44,9,
4048887,4002343,4434187,4213439,4066032,2963746,-125,-193,1277,265,502,728,1,133,102,-121,6,1302,-201,338,1023,-31,37,10,
4048887,4002343,4434187,4213439,4066032,2963746,-86,-185,1276,271,504,731,-16,53,118,-138,1,1331,-201,338,1023,-32,30,10,
3705021,4002343,4434187,4213439,4066032,2963746,-119,-143,1321,272,502,726,-31,1,120,-128,6,1321,-198,326,1031,-45,36,9,
3705021,4009573,4434187,4213439,4066032,2963746,-93,-99,1354,272,502,726,-48,-36,123,-134,7,1306,-198,326,1031,-24,4,12,
3705021,4009573,4491335,4213439,4066032,2963746,-127,-144,1285,270,498,729,-54,-40,106,-132,-16,1298,-202,325,1035,12,-63,12,
3705021,4009573,4491335,4290325,4066032,2963746,-110,-107,1354,270,498,729,-55,-34,94,-98,7,1324,-202,325,1035,68,-99,25,
3705021,4009573,4491335,4290325,4049338,2963746,-128,-89,1330,276,502,734,-55,-27,78,-121,22,1350,-203,328,1024,61,-70,28,
3705021,4009573,4491335,4290325,4049338,2552475,-122,-77,1318,278,495,735,-70,-24,36,-123,22,1349,-203,328,1024,-46,56,21,
3705021,4009573,4491335,4290325,4049338,2552475,-143,-77,1330,278,495,735,-77,-13,-6,-121,16,1314,-200,333,1019,-153,161,8,
3705021,4009573,4491335,4290325,4049338,2552475,-138,-143,1312,277,498,720,-75,-7,-31,-129,9,1350,-191,335,1030,-242,231,-6,
3610509,4009573,4491335,4290325,4049338,2552475,-108,-133,1346,277,498,720,-54,15,-42,-142,-15,1335,-191,335,1030,-297,287,4,
3610509,3955686,4491335,4290325,4049338,2552475,-130,-127,1334,276,499,718,-32,65,-47,-154,-6,1275,-187,341,1022,-237,254,-11,
3610509,3955686,4494902,4290325,4049338,2552475,-119,-141,1313,276,499,718,-34,55,-50,-134,-25,1240,-187,341,1022,-151,192,2,
3610509,3955686,4494902,3911674,4049338,2552475,-124,-135,1324,277,503,730,-34,30,-56,-161,-26,1265,-183,350,1016,18,76,10,
3610509,3955686,4494902,3911674,4106882,2552475,-127,-141,1246,279,495,723,-58,-8,-65,-146,-23,1284,-183,350,1016,79,31,9,
3610509,3955686,4494902,3911674,4106882,3004619,-111,-134,1340,279,495,723,-77,-44,-58,-168,-10,1356,-183,349,1024,77,39,18,
3610509,3955686,4494902,3911674,4106882,3004619,-125,-144,1328,276,501,728,-86,-85,-63,-138,5,1374,-180,349,1006,12,64,15,
3610509,3955686,4494902,3911674,4106882,3004619,-121,-151,1315,276,501,728,-83,-101,-56,-157,7,1375,-180,349,1006,-86,132,19,
3562321,3955686,4494902,3911674,4106882,3004619,-102,-151,1326,276,503,729,-78,-87,-39,-157,-14,1379,-175,351,1023,-182,173,5,
3562321,4036209,4494902,3911674,4106882,3004619,-112,-152,1331,274,502,725,-62,-58,-41,-159,-33,1355,-175,351,1023,-228,201,-5,
3562321,4036209,4464573,3911674,4106882,3004619,-107,-140,1368,274,502,725,-43,-11,-36,-165,-26,1359,-171,351,1019,-225,224,-2,
3562321,4036209,4464573,3035291,4106882,3004619,-105,-147,1317,275,498,733,-22,41,-31,-170,-57,1308,-171,351,1019,-222,252,8,
3562321,4036209,4464573,3035291,4203385,3004619,-111,-146,1320,275,498,733,3,87,-22,-179,-47,1304,-164,361,1020,-222,236,5,
3562321,4036209,4464573,3035291,4203385,2944872,-116,-144,1315,271,497,725,5,72,-20,-184,-50,1252,-164,361,1020,-192,203,1,
3562321,4036209,4464573,3035291,4203385,2944872,-144,-131,1282,271,497,735,-3,58,-26,-178,-33,1206,-157,366,1001,-121,171,1,
3562321,4036209,4464573,3035291,4203385,2944872,-96,-143,1338,275,500,735,-19,32,-28,-177,-32,1230,-156,364,1016,-40,120,2,
3157771,4036209,4464573,3035291,4203385,2944872,-123,-128,1303,278,499,727,-28,4,-37,-177,-25,1226,-156,364,1016,26,61,1,
3157771,4130914,4464573,3035291,4203385,2944872,-111,-124,1331,278,499,727,-40,-12,-42,-179,-39,1238,-153,362,1018,71,8,-6,
3157771,4130914,4368904,3035291,4203385,2944872,-119,-136,1310,275,497,738,-51,-32,-43,-193,-37,1308,-153,362,1018,102,-23,-21,
3157771,4130914,4368904,2807873,4203385,2944872,-123,-137,1345,275,497,738,-58,-55,-42,-171,-23,1287,-158,367,1008,114,-55,-24,
3157771,4130914,4368904,2807873,4141831,2944872,-113,-138,1335,275,504,732,-65,-66,-38,-178,-46,1315,-158,367,1008,133,-65,-24,
3157771,4130914,4368904,2807873,4141831,3140292,-105,-130,1306,275,493,736,-71,-69,-34,-159,-38,1262,-159,360,1025,157,-84,-16,
3157771,4130914,4368904,2807873,4141831,3140292,-88,-123,1322,275,493,736,-71,-58,-40,-167,-37,1329,-162,357,1025,168,-101,-8,
3157771,4130914,4368904,2807873,4141831,3140292,-125,-139,1333,271,498,730,-86,-58,-51,-176,-28,1344,-162,357,1025,160,-91,-11,
3523117,4130914,4368904,2807873,4141831,3140292,-111,-147,1321,271,498,730,-84,-53,-46,-171,-25,1329,-166,344,1030,120,-86,-6,
3523117,4127907,4368904,2807873,4141831,3140292,-106,-150,1308,270,502,735,-76,-60,-38,-159,-27,1330,-166,344,1030,83,-63,0,
3523117,4127907,4290772,2807873,4141831,3140292,-115,-134,1341,270,499,731,-72,-53,-35,-164,-34,1334,-167,347,1031,48,-26,-2,
3523117,4127907,4290772,3059049,4141831,3140292,-103,-156,1311,269,499,731,-59,-34,-43,-180,-28,1317,-167,347,1031,39,-18,-1,
3523117,4127907,4290772,3059049,4129889,3140292,-138,-146,1326,270,498,735,-53,-19,-40,-146,-13,1280,-171,346,1009,33,-30,5,
3523117,4127907,4290772,3059049,4129889,3381851,-81,-151,1317,270,498,735,-53,-14,-43,-166,-13,1289,-171,346,1022,38,-42,-6,
3523117,4127907,4290772,3059049,4129889,3381851,-89,-152,1343,268,500,733,-55,-23,-42,-178,-27,1309,-173,348,1022,64,-51,-6,
3523117,4127907,4290772,3059049,4129889,3381851,-116,-144,1293,268,500,733,-64,-49,-39,-163,-30,1325,-172,342,1010,77,-59,2,
3791349,4127907,4290772,3059049,4129889,3381851,-93,-136,1317,265,504,731,-77,-78,-37,-157,-7,1285,-172,342,1010,77,-68,8,
3791349,4078935,4290772,3059049,4129889,3381851,-90,-151,1280,268,500,730,-81,-78,-40,-184,-17,1370,-172,341,1032,70,-49,12,
3791349,4078935,4272272,3059049,4129889,3381851,-88,-130,1336,268,500,730,-65,-54,-40,-175,-12,1295,-172,341,1032,64,-44,4,
3791349,4078935,4272272,3226433,4129889,3381851,-96,-148,1327,264,499,728,-64,-40,-41,-157,1,1267,-173,340,1012,63,-39,0,
3791349,4078935,4272272,3226433,4135601,3381851,-91,-148,1289,264,499,728,-60,-24,-48,-158,-11,1316,-173,340,1012,78,-44,-7,
3791349,4078935,4272272,3226433,4135601,3428198,-95,-147,1343,261,503,727,-51,-16,-42,-157,1,1303,-177,343,1018,76,-52,-8,
3791349,4078935,4272272,3226433,4135601,3428198,-79,-151,1322,261,507,737,-46,-13,-39,-152,-4,1333,-174,336,1024,84,-59,-1,
3791349,4078935,4272272,3226433,4135601,3428198,-95,-133,1343,264,507,737,-43,-8,-43,-165,-21,1331,-174,336,1024,80,-56,4,
3955568,4078935,4272272,3226433,4135601,3428198,-101,-133,1336,263,495,734,-46,-17,-39,-154,-5,1284,-176,334,1029,64,-46,3,
3955568,4103411,4272272,3226433,4135601,3428198,-104,-143,1313,263,495,734,-58,-36,-40,-157,-15,1306,-176,334,1029,63,-45,-2,
3955568,4103411,4248794,3226433,4135601,3428198,-95,-133,1325,264,501,729,-59,-30,-35,-155,4,1305,-182,332,1023,71,-50,0,
3955568,4103411,4248794,3502399,4135601,3428198,-96,-140,1332,264,501,729,-61,-29,-34,-151,-9,1309,-182,332,1023,79,-59,-3,
3955568,4103411,4248794,3502399,4018903,3428198,-89,-141,1354,261,511,731,-52,-18,-36,-142,8,1274,-186,337,1007,97,-77,0,
3955568,4103411,4248794,3502399,4018903,3444264,-65,-135,1338,261,495,730,-51,-22,-42,-153,-2,1316,-186,328,1033,90,-88,2,
3955568,4103411,4248794,3502399,4018903,3444264,-81,-157,1289,261,495,730,-50,-18,-45,-121,21,1285,-186,328,1033,85,-96,-5,
3955568,4103411,4248794,3502399,4018903,3444264,-74,-146,1310,260,497,737,-59,-15,-44,-140,10,1290,-188,325,1016,79,-105,2,
3983394,4103411,4248794,3502399,4018903,3444264,-92,-156,1293,260,497,737,-53,-14,-46,-155,5,1300,-188,325,1016,88,-106,-2,
3983394,4116824,4248794,3502399,4018903,3444264,-80,-136,1337,261,507,731,-61,-14,-48,-136,7,1317,-192,327,1036,65,-97,-3,
3983394,4116824,4201349,3502399,4018903,3444264,-86,-153,1324,258,501,723,-51,-1,-44,-153,-12,1357,-192,327,1036,39,-63,-5,
3983394,4116824,4201349,3757512,4018903,3444264,-84,-156,1307,258,501,723,-46,10,-41,-147,6,1343,-194,329,1030,32,-51,-6,
3983394,4116824,4201349,3757512,3931426,3444264,-82,-134,1314,262,497,728,-44,12,-35,-131,16,1273,-194,329,1030,33,-39,-8,
3983394,4116824,4201349,3757512,3931426,3512733,-86,-150,1280,262,497,728,-41,6,-35,-153,5,1352,-195,324,1025,27,-46,-8,
3983394,4116824,4201349,3757512,3931426,3512733,-93,-147,1328,261,504,732,-56,-10,-46,-140,5,1323,-194,319,1032,32,-53,-4,
3983394,4116824,4201349,3757512,3931426,3512733,-82,-140,1307,261,504,732,-78,-56,-53,-122,11,1315,-194,319,1032,36,-45,-4,
4023300,4116824,4201349,3757512,3931426,3512733,-89,-134,1346,256,509,735,-88,-63,-56,-109,8,1326,-197,320,1032,39,-70,-3,
4023300,4036508,4201349,3757512,3931426,3512733,-80,-142,1318,257,501,736,-84,-65,-51,-130,3,1303,-197,320,1032,47,-88,5,
4023300,4036508,4128239,3757512,3931426,3512733,-89,-139,1280,257,501,736,-85,-56,-53,-133,12,1285,-202,323,1019,43,-102,5,
4023300,4036508,4128239,3976607,3931426,3512733,-81,-142,1340,259,500,741,-72,-46,-49,-119,10,1298,-202,323,1019,49,-123,-5,
4023300,4036508,4128239,3976607,3907111,3512733,-85,-140,1354,259,500,741,-70,-27,-43,-124,18,1316,-207,324,1007,51,-131,-4,
4023300,4036508,4128239,3976607,3907111,3542293,-82,-159,1296,255,507,736,-60,-17,-46,-111,12,1311,-210,321,1035,42,-109,-4,
4023300,4036508,4128239,3976607,3907111,3542293,-73,-154,1313,252,501,736,-56,-5,-39,-127,18,1331,-210,321,1035,35,-82,-8,
4023300,4036508,4128239,3976607,3907111,3542293,-73,-148,1341,252,501,736,-58,-6,-47,-131,10,1390,-206,319,1026,18,7,-10,
4131444,4036508,4128239,3976607,3907111,3542293,-86,-153,1321,259,502,735,-64,-11,-50,-121,14,1336,-206,319,1026,-9,23,-12,
4131444,4088089,4128239,3976607,3907111,3542293,-79,-136,1324,259,502,735,-56,-17,-47,-98,17,1304,-206,319,1015,-19,37,-15,
4131444,4088089,4128438,3976607,3907111,3542293,-80,-153,1291,254,505,733,-62,-25,-43,-139,3,1339,-206,319,1015,-20,55,-15,
4131444,4088089,4128438,4014580,3907111,3542293,-65,-150,1331,254,505,733,-72,-35,-46,-114,21,1284,-207,319,1031,-21,49,-13,
4131444,4088089,4128438,4014580,3979323,3542293,-88,-148,1296,253,509,728,-74,-36,-42,-128,12,1306,-207,319,1009,-22,27,-23,
4131444,4088089,4128438,4014580,3979323,3595067,-88,-154,1314,252,504,731,-81,-41,-47,-113,12,1306,-207,322,1009,-16,13,-18,
4131444,4088089,4128438,4014580,3979323,3595067,-72,-152,1318,252,504,731,-79,-40,-47,-115,8,1313,-203,322,1013,-11,17,-10,
4131444,4088089,4128438,4014580,3979323,3595067,-74,-147,1329,251,506,736,-74,-36,-44,-113,14,1301,-203,322,1013,-11,19,-15,
4252265,4088089,4128438,4014580,3979323,3595067,-83,-152,1314,251,506,736,-63,-35,-40,-106,20,1299,-205,320,1016,-3,16,-8,
4252265,4094759,4128438,4014580,3979323,3595067,-66,-147,1325,250,504,737,-55,-27,-43,-108,-7,1290,-205,320,1016,4,7,-3,
4252265,4094759,4117348,4014580,3979323,3595067,-64,-145,1314,249,504,730,-51,-29,-37,-127,-2,1333,-205,322,1014,23,-26,4,
4252265,4094759,4117348,3971772,3979323,3595067,-50,-156,1350,249,504,730,-55,-36,-40,-109,12,1283,-205,322,1014,44,-52,12,
4252265,4094759,4117348,3971772,4003722,3595067,-69,-140,1316,251,501,727,-70,-50,-45,-113,14,1301,-206,328,1023,51,-63,20,
4252265,4094759,4117348,3971772,4003722,3601744,-62,-156,1299,251,501,727,-77,-65,-54,-138,21,1317,-207,318,1034,43,-59,18,
4252265,4094759,4117348,3971772,4003722,3601744,-56,-146,1341,249,506,730,-88,-69,-59,-108,21,1276,-207,318,1034,50,-59,19,
4252265,4094759,4117348,3971772,4003722,3601744,-63,-147,1293,249,506,730,-90,-69,-53,-120,8,1354,-213,315,1041,37,-50,14,
4497558,4094759,4117348,3971772,4003722,3601744,-54,-153,1328,249,508,729,-89,-55,-53,-97,14,1331,-213,315,1041,30,-31,10,
4497558,3976815,4117348,3971772,4003722,3601744,-49,-152,1327,247,508,741,-87,-53,-50,-124,19,1292,-210,322,1023,20,-33,2,
4497558,3976815,4060280,3971772,4003722,3601744,-55,-152,1303,247,508,741,-89,-59,-56,-116,22,1327,-210,322,1023,22,-16,4,
4497558,3976815,4060280,4027456,4003722,3601744,-61,-154,1314,241,503,740,-82,-44,-51,-111,17,1308,-211,324,1027,24,251,4,
4497558,3976815,4060280,4027456,4032178,3601744,-63,-158,1338,241,503,740,-78,-44,-52,-105,24,1303,-211,320,1019,16,13,3,
4497558,3976815,4060280,4027456,4032178,3703873,-26,-149,1346,242,512,730,-76,-41,-47,-110,8,1307,-210,320,1019,11,8,0,
4497558,3976815,4060280,4027456,4032178,3703873,-52,-161,1296,242,508,732,-73,-41,-46,-104,24,1314,-209,314,1029,16,9,-5,
4497558,3976815,4060280,4027456,4032178,3703873,-45,-145,1335,242,508,732,-65,-29,-45,-100,12,1316,-209,314,1029,14,-12,-5,
4575813,3976815,4060280,4027456,4032178,3703873,-66,-153,1299,241,508,741,-67,-18,-47,-103,8,1293,-209,316,1028,23,-29,3,
4575813,3927860,4060280,4027456,4032178,3703873,-57,-158,1306,241,508,741,-63,-15,-48,-113,11,1311,-209,316,1028,32,-49,7,
4575813,3927860,4036877,4027456,4032178,3703873,-35,-151,1312,240,506,733,-58,-10,-49,-107,7,1309,-213,320,1025,32,-68,11,
4575813,3927860,4036877,4091143,4032178,3703873,-49,-150,1321,240,506,733,-50,3,-45,-112,20,1319,-213,320,1025,47,-71,15,
4575813,3927860,4036877,4091143,4036493,3703873,-48,-157,1336,244,511,732,-53,0,-44,-119,13,1315,-215,317,1034,51,-86,12,
4575813,3927860,4036877,4091143,4036493,3697560,-43,-152,1318,244,506,732,-60,-5,-44,-94,23,1300,-220,316,1031,54,-99,19,
4575813,3927860,4036877,4091143,4036493,3697560,-39,-163,1326,244,506,732,-56,-5,-47,-99,12,1298,-220,316,1031,63,-102,12,
4575813,3927860,4036877,4091143,4036493,3697560,-67,-149,1319,241,505,732,-54,-1,-43,-107,10,1313,-221,311,1024,72,-92,12,
4596771,3927860,4036877,4091143,4036493,3697560,-48,-151,1314,241,505,732,-56,2,-50,-94,25,1311,-221,311,1024,60,-87,13,
4596771,4003344,4036877,4091143,4036493,3697560,-42,-156,1360,238,514,729,-58,-1,-44,-101,25,1347,-224,314,1026,57,-88,11,
4596771,4003344,4023600,4091143,4036493,3697560,-56,-164,1294,242,511,734,-61,5,-51,-92,21,1301,-224,314,1026,59,-86,1,
4596771,4003344,4023600,4344570,4036493,3697560,-68,-151,1300,242,511,734,-62,7,-50,-99,24,1316,-231,316,1019,53,-76,0,
4596771,4003344,4023600,4344570,3938555,3697560,-50,-158,1315,242,508,735,-56,9,-36,-79,36,1316,-230,314,1031,51,-74,-5,
4596771,4003344,4023600,4344570,3938555,3554554,-60,-151,1311,242,508,735,-56,-4,-38,-75,23,1302,-230,314,1031,59,-73,-10,
4596771,4003344,4023600,4344570,3938555,3554554,-49,-148,1318,241,513,732,-55,-2,-40,-90,16,1333,-229,303,1037,56,-77,-10,
4596771,4003344,4023600,4344570,3938555,3554554,-45,-166,1320,241,513,731,-56,-4,-37,-78,18,1307,-229,303,1037,52,-73,-15,
4599793,4003344,4023600,4344570,3938555,3554554,-54,-156,1317,241,511,731,-53,-1,-41,-78,23,1350,-234,306,1034,38,-51,-19,
4599793,4062969,4023600,4344570,3938555,3554554,-50,-164,1298,244,508,735,-52,0,-36,-53,33,1314,-234,306,1034,30,-44,-24,
4599793,4062969,4066555,4344570,3938555,3554554,-62,-144,1288,244,508,735,-53,-2,-38,-78,21,1344,-237,310,1022,20,-37,-28,
4599793,4062969,4066555,4463024,3938555,3554554,-50,-148,1338,239,510,734,-52,5,-39,-65,17,1315,-237,310,1022,8,-20,-31,
4599793,4062969,4066555,4463024,3776944,3554554,-26,-163,1308,239,510,734,-55,1,-42,-67,30,1307,-238,308,1022,1,-7,-33,
4599793,4062969,4066555,4463024,3776944,3597664,-63,-154,1336,240,518,734,-45,0,-27,-56,25,1327,-238,307,1031,0,17,-33,
4599793,4062969,4066555,4463024,3776944,3597664,-49,-156,1312,241,505,732,-46,6,-32,-74,14,1331,-238,307,1031,0,19,-34,
4599793,4062969,4066555,4463024,3776944,3597664,-40,-168,1282,241,505,732,-45,9,-33,-51,26,1316,-233,307,1022,2,30,-31,
4598360,4062969,4066555,4463024,3776944,3597664,-60,-168,1346,243,510,735,-41,8,-32,-45,28,1282,-233,307,1022,-5,27,-26,
4598360,4062735,4066555,4463024,3776944,3597664,-49,-170,1282,243,510,735,-42,1,-33,-64,14,1309,-234,308,1026,-6,23,-28,
4598360,4062735,4054591,4463024,3776944,3597664,-53,-151,1336,240,511,732,-30,5,-34,-71,19,1303,-234,308,1026,0,23,-26,
4598360,4062735,4054591,4415778,3776944,3597664,-56,-160,1306,240,510,730,-35,0,-36,-79,20,1321,-236,310,1011,-1,14,-31,
4598360,4062735,4054591,4415778,3892841,3597664,-52,-161,1330,241,510,730,-40,-5,-39,-79,20,1288,-233,305,1031,13,8,-25,
4598360,4062735,4054591,4415778,3892841,3729194,-62,-150,1297,245,508,735,-39,-6,-40,-66,17,1315,-233,305,1031,12,1,-26,
4598360,4062735,4054591,4415778,3892841,3729194,-40,-162,1319,245,508,735,-41,-3,-47,-55,25,1341,-232,306,1045,1,2,-28,
4598360,4062735,4054591,4415778,3892841,3729194,-58,-156,1325,243,512,733,-56,-4,-40,-81,13,1341,-232,306,1045,2,-1,-26,
4616042,4062735,4054591,4415778,3892841,3729194,-47,-158,1338,243,512,733,-59,-8,-42,-77,23,1311,-233,305,1022,19,-2,-32,
4616042,4055678,4054591,4415778,3892841,3729194,-55,-161,1301,237,513,752,-54,-16,-44,-61,27,1311,-233,305,1022,17,-10,-29,
4616042,4055678,4003838,4415778,3892841,3729194,-62,-164,1313,242,509,730,-53,-14,-47,-60,20,1318,-238,310,1023,13,-12,-33,
4616042,4055678,4003838,4445971,3892841,3729194,-44,-157,1309,242,509,730,-53,-18,-51,-58,21,1333,-238,310,1018,20,-16,-28,
4616042,4055678,4003838,4445971,3857764,3729194,-37,-162,1309,240,511,735,-60,-25,-43,-62,15,1313,-237,310,1018,9,-16,-32,
4616042,4055678,4003838,4445971,3857764,3801910,-59,-158,1338,240,511,735,-57,-18,-42,-64,22,1327,-234,301,1038,14,-17,-32,
4616042,4055678,4003838,4445971,3857764,3801910,-40,-169,1310,238,512,743,-57,-25,-44,-60,29,1305,-234,301,1038,20,-9,-37,
4616042,4055678,4003838,4445971,3857764,3801910,-51,-163,1296,238,516,737,-58,-18,-47,-74,19,1334,-232,303,1027,18,-8,-35,
4686434,4055678,4003838,4445971,3857764,3801910,-45,-162,1317,242,516,737,-58,-17,-43,-70,29,1310,-232,303,1027,13,-10,-34,
4686434,3984455,4003838,4445971,3857764,3801910,-27,-149,1317,240,507,732,-56,-6,-43,-66,13,1321,-239,304,1031,-3,-14,-46,
4686434,3984455,3914798,4445971,3857764,3801910,-47,-156,1303,240,507,732,-44,-2,-40,-58,30,1325,-239,304,1031,6,-3,-39,
4686434,3984455,3914798,4458635,3857764,3801910,-21,-149,1359,242,513,744,-44,1,-40,-68,26,1345,-238,312,1015,6,0,-36,
4686434,3984455,3914798,4458635,3810637,3801910,-46,-148,1304,242,513,744,-45,-3,-37,-73,26,1309,-237,304,1041,8,-1,-35,
4686434,3984455,3914798,4458635,3810637,3844551,-29,-171,1305,237,513,737,-45,6,-41,-73,9,1301,-237,304,1041,6,-12,-35,
4686434,3984455,3914798,4458635,3810637,3844551,-68,-151,1326,239,507,733,-46,2,-40,-64,13,1316,-236,304,1033,2,-9,-40,
4686434,3984455,3914798,4458635,3810637,3844551,-39,-158,1301,239,507,733,-50,-5,-38,-86,26,1325,-236,304,1033,8,-5,-40,
4696900,3984455,3914798,4458635,3810637,3844551,-67,-146,1325,241,509,736,-51,0,-37,-53,31,1314,-237,305,1026,12,-6,-36,
4696900,3947555,3914798,4458635,3810637,3844551,-49,-160,1333,241,509,736,-56,-6,-40,-71,32,1302,-237,305,1026,16,-3,-30,
4696900,3947555,3846055,4458635,3810637,3844551,-48,-162,1282,238,518,731,-46,-6,-38,-68,17,1291,-240,309,1017,9,-1,-28,
4696900,3947555,3846055,4486868,3810637,3844551,-53,-149,1338,239,510,736,-49,-4,-52,-73,21,1317,-240,312,1025,10,-12,-31,
4696900,3947555,3846055,4486868,3796746,3844551,-42,-152,1360,239,510,736,-55,-8,-48,-54,21,1289,-237,312,1025,1,-10,-44,
4696900,3947555,3846055,4486868,3796746,3845327,-60,-155,1313,238,509,733,-53,-8,-49,-66,29,1299,-237,298,1047,3,-7,-40,
4696900,3947555,3846055,4486868,3796746,3845327,-41,-164,1327,238,509,733,-53,-12,-49,-65,21,1332,-237,298,1047,3,-16,-32,
4696900,3947555,3846055,4486868,3796746,3845327,-42,-156,1317,240,513,733,-53,-8,-50,-77,25,1290,-240,302,1017,7,-1,-28,
4716961,3947555,3846055,4486868,3796746,3845327,-54,-160,1316,240,513,733,-52,-9,-48,-69,22,1332,-240,302,1017,9,-4,-33,
4716961,3933257,3846055,4486868,3796746,3845327,-24,-161,1327,241,519,730,-50,-4,-42,-66,21,1306,-241,305,1023,15,14,-29,
4716961,3933257,3732832,4486868,3796746,3845327,-44,-157,1333,239,511,738,-54,-3,-36,-52,32,1305,-241,305,1023,-1,0,-32,
4716961,3933257,3732832,4509042,3796746,3845327,-42,-155,1326,239,511,738,-45,-2,-43,-58,24,1298,-234,311,1042,-2,1,-32,
4716961,3933257,3732832,4509042,3824831,3845327,-27,-155,1296,239,508,740,-41,-2,-38,-61,24,1326,-239,306,1015,1,-2,-38,
4716961,3933257,3732832,4509042,3824831,3867848,-45,-168,1342,239,508,740,-44,-3,-38,-65,28,1331,-239,306,1015,3,-3,-38,
4716961,3933257,3732832,4509042,3824831,3867848,-53,-167,1317,241,511,730,-50,-5,-40,-65,32,1316,-240,303,1035,6,5,-39,
4716961,3933257,3732832,4509042,3824831,3867848,-47,-165,1308,240,508,729,-44,-1,-40,-77,21,1300,-240,303,1035,-2,3,-41,
4720876,3933257,3732832,4509042,3824831,3867848,-36,-154,1346,240,508,729,-45,2,-46,-61,15,1302,-240,307,1023,1,-1,-35,
4720876,3948234,3732832,4509042,3824831,3867848,-45,-157,1342,241,508,727,-50,6,-42,-67,14,1334,-240,307,1023,-2,6,-39,
4720876,3948234,3682920,4509042,3824831,3867848,-28,-162,1322,241,508,727,-44,2,-42,-49,18,1315,-240,311,1006,-3,-1,-39,
4720876,3948234,3682920,4513323,3824831,3867848,-47,-157,1293,240,512,731,-45,-2,-46,-71,22,1321,-236,305,1028,-1,6,-34,
4720876,3948234,3682920,4513323,3877345,3867848,-57,-157,1348,240,512,731,-50,-3,-38,-59,27,1319,-236,305,1028,8,2,-33,
4720876,3948234,3682920,4513323,3877345,3877803,-52,-164,1278,238,518,728,-49,-2,-40,-48,32,1312,-240,303,1016,8,3,-39,
4720876,3948234,3682920,4513323,3877345,3877803,-48,-160,1343,239,509,736,-46,-4,-42,-44,32,1305,-240,303,1016,0,-1,-43,
4720876,3948234,3682920,4513323,3877345,3877803,-28,-151,1313,239,509,736,-46,-8,-41,-57,22,1334,-237,302,1022,-8,0,-45,
4726650,3948234,3682920,4513323,3877345,3877803,-40,-134,1318,239,511,732,-52,-11,-44,-71,22,1306,-237,302,1022,2,-6,-37,
4726650,3962647,3682920,4513323,3877345,3877803,-42,-143,1341,239,511,732,-53,-4,-41,-59,20,1320,-241,310,1013,4,1,-33,
4726650,3962647,3678077,4513323,3877345,3877803,-52,-166,1326,238,513,724,-51,-1,-42,-62,22,1309,-241,310,1013,2,6,-34,
4726650,3962647,3678077,4508371,3877345,3877803,-30,-171,1302,236,511,732,-53,0,-44,-51,31,1283,-238,308,1029,4,11,-27,
4726650,3962647,3678077,4508371,3932000,3877803,-33,-160,1341,236,511,732,-54,-3,-47,-66,16,1318,-236,303,1046,4,2,-31,
4726650,3962647,3678077,4508371,3932000,3902006,-46,-165,1303,239,514,730,-41,4,-41,-50,26,1302,-236,303,1046,3,6,-34,
4726650,3962647,3678077,4508371,3932000,3902006,-40,-165,1342,239,514,730,-43,6,-40,-97,14,1341,-237,304,1026,2,3,-35,
4726650,3962647,3678077,4508371,3932000,3902006,-38,-149,1321,238,509,734,-49,1,-34,-56,33,1308,-237,304,1026,8,-5,-33,
4737453,3962647,3678077,4508371,3932000,3902006,-41,-161,1288,238,509,734,-44,-4,-43,-61,24,1331,-238,308,1019,3,-7,-30,
4737453,3977553,3678077,4508371,3932000,3902006,-33,-162,1352,239,513,731,-51,-7,-45,-62,18,1322,-238,308,1019,12,-9,-30,
4737453,3977553,3664976,4508371,3932000,3902006,-22,-151,1350,237,507,730,-48,-1,-42,-58,29,1283,-239,311,1030,7,5,-31,
4737453,3977553,3664976,4522643,3932000,3902006,-44,-161,1340,237,507,730,-47,-2,-38,-60,31,1321,-236,307,1032,12,10,-29,
4737453,3977553,3664976,4522643,3952781,3902006,-37,-161,1298,240,510,733,-49,-3,-39,-47,27,1300,-236,307,1032,11,2,-35,
4737453,3977553,3664976,4522643,3952781,3932995,-35,-165,1306,240,510,733,-46,-1,-37,-66,23,1315,-239,304,1028,9,2,-33,
4737453,3977553,3664976,4522643,3952781,3932995,-39,-152,1358,237,512,738,-48,2,-40,-53,23,1316,-239,304,1028,9,3,-37,
4737453,3977553,3664976,4522643,3952781,3932995,-42,-157,1320,237,507,733,-51,-4,-38,-77,12,1352,-240,304,1023,8,1,-36,
4737353,3977553,3664976,4522643,3952781,3932995,-47,-159,1295,237,507,733,-61,-8,-43,-62,27,1306,-240,304,1023,1,-1,-35,
4737353,3966398,3664976,4522643,3952781,3932995,-42,-160,1304,239,507,746,-54,-4,-39,-82,26,1329,-242,307,1018,1,-4,-33,
4737353,3966398,3644340,4522643,3952781,3932995,-42,-162,1339,239,507,746,-50,5,-47,-62,21,1309,-242,307,1021,7,1,-35,
4737353,3966398,3644340,4535560,3952781,3932995,-46,-169,1310,239,512,730,-53,-3,-43,-78,14,1344,-242,308,1021,2,2,-35,
4737353,3966398,3644340,4535560,3992504,3932995,-55,-152,1298,239,512,730,-57,-6,-46,-55,16,1287,-236,305,1014,3,4,-38,
4737353,3966398,3644340,4535560,3992504,3963071,-33,-166,1330,239,514,734,-49,-4,-37,-59,30,1290,-236,305,1014,10,2,-36,
4737353,3966398,3644340,4535560,3992504,3963071,-47,-151,1310,242,511,737,-47,-1,-44,-67,25,1314,-239,303,1031,4,11,-36,
4737353,3966398,3644340,4535560,3992504,3963071,-31,-166,1295,242,511,737,-47,-2,-47,-64,33,1312,-239,303,1031,2,1,-41,
4747752,3966398,3644340,4535560,3992504,3963071,-51,-150,1324,240,511,743,-53,3,-43,-59,32,1339,-241,309,1026,6,-1,-35,
4747752,3971887,3644340,4535560,3992504,3963071,-55,-160,1329,240,511,743,-54,-2,-48,-58,25,1317,-241,309,1026,3,-1,-36,
4747752,3971887,3625998,4535560,3992504,3963071,-49,-158,1321,237,514,735,-47,-4,-50,-74,32,1315,-240,314,1010,6,2,-37,
4747752,3971887,3625998,4552656,3992504,3963071,-26,-162,1310,238,514,736,-57,1,-45,-71,23,1310,-235,302,1037,9,-2,-28,
4747752,3971887,3625998,4552656,3961239,3963071,-19,-162,1337,238,514,736,-54,-4,-43,-48,24,1298,-235,302,1037,7,-7,-28,
4747752,3971887,3625998,4552656,3961239,3938033,-47,-156,1309,238,512,735,-56,-4,-43,-71,21,1321,-240,302,1007,4,-2,-39,
4747752,3971887,3625998,4552656,3961239,3938033,-52,-163,1316,238,512,735,-56,-7,-44,-87,35,1322,-240,302,1007,0,2,-33,
4747752,3971887,3625998,4552656,3961239,3938033,-36,-152,1332,235,512,723,-54,-14,-47,-71,13,1313,-240,308,1023,5,-3,-29,
4762224,3971887,3625998,4552656,3961239,3938033,-40,-159,1343,235,512,733,-55,-8,-51,-59,24,1291,-240,308,1023,13,-10,-35,
4762224,3970243,3625998,4552656,3961239,3938033,-47,-151,1303,237,515,733,-53,-6,-47,-49,20,1306,-243,315,1011,13,-16,-32,
4762224,3970243,3590020,4552656,3961239,3938033,-41,-155,1344,240,508,740,-59,-8,-38,-60,26,1328,-238,311,1032,10,-9,-35,
4762224,3970243,3590020,4591995,3961239,3938033,-28,-163,1320,240,508,740,-59,-7,-41,-68,23,1326,-238,311,1032,12,-4,-31,
4762224,3970243,3590020,4591995,3894957,3938033,-32,-166,1328,237,510,724,-49,-2,-43,-64,29,1339,-240,303,1010,8,-7,-31,
4762224,3970243,3590020,4591995,3894957,3883819,-48,-153,1313,237,510,724,-44,1,-39,-74,20,1301,-240,303,1010,11,-1,-36,
4762224,3970243,3590020,4591995,3894957,3883819,-40,-155,1327,234,518,732,-53,-5,-37,-63,22,1341,-238,301,1032,7,-3,-42,
4762224,3970243,3590020,4591995,3894957,3883819,-37,-158,1332,238,507,732,-51,-6,-41,-67,22,1322,-238,301,1032,4,-6,-39,
4774176,3970243,3590020,4591995,3894957,3883819,-30,-164,1332,238,507,732,-54,-2,-42,-73,30,1323,-240,308,1025,5,-6,-33,
4774176,3972473,3590020,4591995,3894957,3883819,-45,-146,1346,238,510,727,-57,-1,-37,-53,36,1309,-240,308,1025,5,-2,-34,
4774176,3972473,3573531,4591995,3894957,3883819,-31,-161,1319,238,510,727,-52,5,-43,-54,29,1292,-239,305,1017,10,7,-41,
4774176,3972473,3573531,4612626,3894957,3883819,-40,-162,1360,236,515,736,-54,5,-41,-69,10,1301,-242,300,1037,2,3,-37,
4774176,3972473,3573531,4612626,3846935,3883819,-27,-151,1297,236,515,742,-56,2,-40,-46,36,1301,-242,300,1037,10,2,-28,
4774176,3972473,3573531,4612626,3846935,3848311,-39,-163,1318,240,514,742,-55,-4,-41,-64,27,1290,-237,303,1023,0,-3,-36,
4774176,3972473,3573531,4612626,3846935,3848311,-49,-157,1319,236,510,734,-51,1,-38,-62,26,1333,-237,303,1023,16,-7,-36,
4774176,3972473,3573531,4612626,3846935,3848311,-24,-160,1318,236,510,734,-47,2,-39,-60,20,1329,-240,307,1021,15,-5,-30,
4783751,3972473,3573531,4612626,3846935,3848311,-38,-155,1328,239,510,725,-45,0,-37,-56,31,1315,-240,307,1021,-2,-1,-33,
4783751,3970909,3573531,4612626,3846935,3848311,-25,-165,1318,239,510,725,-45,7,-40,-49,31,1276,-244,310,1032,0,0,-38,
4783751,3970909,3555940,4612626,3846935,3848311,-40,-165,1335,237,513,734,-48,5,-39,-63,26,1303,-240,304,1044,4,-7,-37,
4783751,3970909,3555940,4631890,3846935,3848311,-37,-155,1299,240,511,730,-46,-1,-36,-40,22,1291,-240,304,1044,7,-1,-33,
4783751,3970909,3555940,4631890,3830934,3848311,-35,-154,1332,240,511,730,-47,-2,-43,-55,17,1302,-238,303,1029,-3,0,-41,
4783751,3970909,3555940,4631890,3830934,3848857,-26,-165,1338,236,511,733,-49,2,-38,-69,28,1297,-238,303,1029,1,10,-37,
4783751,3970909,3555940,4631890,3830934,3848857,-29,-161,1349,236,511,733,-45,1,-38,-70,36,1308,-240,305,1032,2,0,-39,
4783751,3970909,3555940,4631890,3830934,3848857,-36,-160,1323,234,517,741,-51,6,-35,-62,24,1296,-240,305,1032,7,0,-39,
4782780,3970909,3555940,4631890,3830934,3848857,-34,-160,1304,234,514,732,-48,-2,-45,-49,31,1304,-244,309,1030,12,4,-37,
4782780,3968557,3555940,4631890,3830934,3848857,-48,-164,1301,237,514,732,-50,-1,-42,-79,14,1335,-244,309,1026,8,-1,-29,
4782780,3968557,3552484,4631890,3830934,3848857,-56,-150,1322,240,512,733,-49,-5,-35,-54,29,1296,-241,302,1026,2,-3,-38,
4782780,3968557,3552484,4622439,3830934,3848857,-30,-156,1333,240,512,733,-51,-1,-32,-63,13,1312,-239,302,1034,5,1,-35,
4782780,3968557,3552484,4622439,3857149,3848857,-31,-156,1302,238,513,735,-48,-4,-44,-56,30,1294,-239,302,1034,-5,1,-42,
4782780,3968557,3552484,4622439,3857149,3880853,-25,-169,1300,238,513,735,-46,-1,-44,-59,28,1308,-239,304,1018,-2,10,-41,
4782780,3968557,3552484,4622439,3857149,3880853,-24,-157,1317,236,517,732,-48,3,-41,-58,33,1326,-239,304,1018,1,8,-36,
4782780,3968557,3552484,4622439,3857149,3880853,-38,-152,1316,236,511,739,-46,3,-39,-58,25,1308,-241,308,1033,5,6,-32,
4781511,3968557,3552484,4622439,3857149,3880853,-45,-167,1328,236,511,739,-47,4,-36,-50,29,1312,-241,308,1033,-11,9,-43,
4781511,3970804,3552484,4622439,3857149,3880853,-28,-168,1323,238,509,737,-50,3,-34,-55,24,1292,-241,308,1035,-5,11,-43,
4781511,3970804,3574085,4622439,3857149,3880853,-38,-154,1312,238,509,737,-41,4,-33,-66,29,1329,-236,306,1023,1,-1,-36,
4781511,3970804,3574085,4570691,3857149,3880853,-27,-172,1336,236,517,739,-44,7,-35,-65,22,1298,-236,306,1023,-4,9,-37,
4781511,3970804,3574085,4570691,3912788,3880853,-35,-165,1323,236,516,731,-48,11,-32,-53,34,1318,-239,301,1032,5,5,-38,
4781511,3970804,3574085,4570691,3912788,3946785,-45,-158,1325,236,516,731,-44,7,-37,-45,20,1309,-239,301,1032,4,17,-33,
4781511,3970804,3574085,4570691,3912788,3946785,-34,-165,1325,239,510,735,-39,9,-35,-68,27,1327,-241,304,1026,6,20,-27,
4781511,3970804,3574085,4570691,3912788,3946785,-34,-175,1321,239,510,735,-44,13,-27,-58,20,1310,-241,304,1026,-3,15,-30,
4765512,3970804,3574085,4570691,3912788,3946785,-23,-165,1325,235,516,730,-43,10,-30,-59,23,1296,-241,309,1018,1,13,-37,
4765512,3995999,3574085,4570691,3912788,3946785,-44,-145,1321,235,516,730,-38,7,-30,-68,11,1325,-241,312,1011,5,5,-29,
4765512,3995999,3626629,4570691,3912788,3946785,-42,-154,1338,235,520,731,-45,11,-27,-48,25,1292,-241,312,1011,3,14,-32,
4765512,3995999,3626629,4512522,3912788,3946785,-41,-147,1297,236,510,736,-36,12,-33,-62,41,1322,-239,302,1017,11,12,-31,
4765512,3995999,3626629,4512522,3960956,3946785,-27,-155,1316,236,510,736,-40,13,-29,-61,24,1311,-239,302,1017,9,-1,-35,
4765512,3995999,3626629,4512522,3960956,4013027,-54,-160,1318,239,507,741,-39,6,-28,-46,33,1304,-236,303,1025,7,-2,-37,
4765512,3995999,3626629,4512522,3960956,4013027,-45,-154,1349,239,507,741,-41,-2,-30,-58,16,1298,-236,303,1025,7,2,-33,
4765512,3995999,3626629,4512522,3960956,4013027,-43,-161,1322,236,514,738,-42,0,-35,-52,28,1320,-238,305,1022,10,16,-31,
4735301,3995999,3626629,4512522,3960956,4013027,-48,-153,1341,241,511,732,-45,2,-36,-52,31,1318,-238,305,1022,7,12,-33,
4735301,4017647,3626629,4512522,3960956,4013027,-50,-149,1287,241,511,732,-42,3,-36,-67,31,1336,-241,309,1031,14,6,-30,
4735301,4017647,3668059,4512522,3960956,4013027,-41,-158,1339,241,508,729,-49,1,-32,-63,13,1297,-237,303,1032,10,7,-28,
4735301,4017647,3668059,4486412,3960956,4013027,-46,-145,1321,241,508,729,-44,5,-36,-67,24,1294,-237,303,1032,12,15,-25,
4735301,4017647,3668059,4486412,4004539,4013027,-62,-163,1309,244,516,734,-48,9,-35,-70,40,1311,-235,302,1007,3,13,-30,
4735301,4017647,3668059,4486412,4004539,4047343,-32,-153,1342,244,516,734,-50,9,-40,-63,20,1323,-235,302,1007,16,9,-27,
4735301,4017647,3668059,4486412,4004539,4047343,-46,-150,1331,238,517,724,-47,3,-41,-66,21,1304,-239,309,1024,8,3,-29,
4735301,4017647,3668059,4486412,4004539,4047343,-43,-160,1319,241,505,735,-49,0,-35,-57,16,1314,-239,309,1024,4,10,-27,
4732045,4017647,3668059,4486412,4004539,4047343,-33,-163,1316,241,505,735,-48,4,-41,-49,40,1282,-241,311,1031,6,8,-32,
4732045,4061357,3668059,4486412,4004539,4047343,-35,-161,1340,241,507,742,-45,9,-37,-62,23,1348,-240,311,1009,2,5,-36,
4732045,4061357,3690292,4486412,4004539,4047343,-45,-168,1311,241,507,742,-45,4,-30,-45,30,1294,-240,311,1009,-2,8,-38,
4732045,4061357,3690292,4472954,4004539,4047343,-45,-173,1311,236,515,731,-48,6,-40,-56,21,1337,-239,304,1015,6,4,-31,
4732045,4061357,3690292,4472954,4023910,4047343,-16,-173,1306,236,512,742,-54,4,-38,-69,34,1295,-239,304,1015,5,5,-30,
4732045,4061357,3690292,4472954,4023910,4064601,-49,-153,1336,236,512,742,-41,7,-35,-57,23,1320,-237,305,1022,3,8,-36,
4732045,4061357,3690292,4472954,4023910,4064601,-55,-151,1361,240,510,729,-46,6,-36,-77,16,1323,-237,305,1022,4,4,-29,
4732045,4061357,3690292,4472954,4023910,4064601,-42,-167,1288,240,510,729,-49,7,-36,-46,34,1266,-239,309,1033,5,-2,-34,
4723810,4061357,3690292,4472954,4023910,4064601,-54,-164,1326,239,508,733,-48,2,-41,-65,18,1314,-239,309,1033,10,1,-31,
4723810,4073533,3690292,4472954,4023910,4064601,-33,-160,1342,239,508,733,-48,3,-39,-54,25,1299,-240,307,1015,4,7,-33,
4723810,4073533,3705900,4472954,4023910,4064601,-62,-141,1327,239,513,736,-48,4,-40,-52,14,1317,-237,302,1011,5,5,-35,
4723810,4073533,3705900,4460663,4023910,4064601,-33,-159,1323,242,507,734,-44,5,-37,-65,19,1352,-237,302,1011,10,2,-26,
4723810,4073533,3705900,4460663,4037674,4064601,-51,-166,1304,242,507,734,-45,3,-42,-50,22,1319,-238,304,1024,6,1,-28,
4723810,4073533,3705900,4460663,4037674,4068717,-47,-153,1328,241,505,729,-54,3,-38,-68,19,1307,-238,304,1024,6,-3,-33,
4723810,4073533,3705900,4460663,4037674,4068717,-35,-169,1306,241,505,729,-47,-3,-44,-49,32,1299,-242,310,1039,4,3,-37,
4723810,4073533,3705900,4460663,4037674,4068717,-29,-161,1317,237,508,735,-49,-1,-43,-61,27,1321,-242,310,1039,10,4,-34,
4727021,4073533,3705900,4460663,4037674,4068717,-67,-158,1275,239,507,742,-51,-5,-37,-53,33,1291,-238,311,1028,18,8,-30,
4727021,4082630,3705900,4460663,4037674,4068717,-37,-165,1319,239,507,742,-55,2,-38,-58,16,1327,-236,306,1024,13,7,-27,
4727021,4082630,3710904,4460663,4037674,4068717,-51,-157,1289,238,510,734,-46,3,-38,-61,24,1324,-236,306,1024,13,1,-29,
4727021,4082630,3710904,4465153,4037674,4068717,-54,-146,1342,238,510,734,-46,0,-38,-68,30,1310,-238,304,1011,7,3,-31,
4727021,4082630,3710904,4465153,4042586,4068717,-35,-162,1355,239,515,728,-45,1,-37,-60,19,1324,-238,304,1011,-2,3,-35,
4727021,4082630,3710904,4465153,4042586,4071631,-40,-163,1312,239,515,728,-47,1,-41,-53,17,1289,-238,302,1022,8,1,-32,
4727021,4082630,3710904,4465153,4042586,4071631,-44,-157,1314,240,511,739,-47,-2,-40,-66,19,1304,-238,302,1022,9,-5,-34,
4727021,4082630,3710904,4465153,4042586,4071631,-52,-156,1296,237,509,737,-49,1,-28,-62,12,1323,-239,308,1019,13,4,-30,
4728522,4082630,3710904,4465153,4042586,4071631,-54,-159,1322,237,509,737,-40,3,-39,-53,35,1337,-239,308,1004,8,0,-27,
4728522,4087570,3710904,4465153,4042586,4071631,-43,-163,1319,239,508,733,-51,4,-30,-55,30,1291,-240,304,1004,5,2,-29,
4728522,4087570,3717248,4465153,4042586,4071631,-38,-157,1316,239,508,733,-47,2,-34,-75,23,1325,-237,307,1007,6,8,-35,
4728522,4087570,3717248,4473549,4042586,4071631,-48,-155,1297,239,515,736,-49,3,-36,-55,21,1322,-237,307,1007,0,14,-38,
4728522,4087570,3717248,4473549,4041966,4071631,-61,-149,1317,242,510,740,-52,-2,-35,-70,24,1308,-239,303,1027,1,4,-36,
4728522,4087570,3717248,4473549,4041966,4069255,-33,-158,1308,242,510,740,-49,2,-36,-60,31,1313,-239,303,1027,5,0,-35,
4728522,4087570,3717248,4473549,4041966,4069255,-35,-153,1347,240,509,738,-48,1,-39,-58,26,1307,-236,306,1035,9,-2,-34,
4728522,4087570,3717248,4473549,4041966,4069255,-31,-168,1298,240,509,738,-43,-1,-36,-70,17,1300,-236,306,1035,16,2,-33,
4727156,4087570,3717248,4473549,4041966,4069255,-30,-157,1362,242,513,740,-46,1,-34,-58,35,1303,-239,311,1027,15,10,-27,
4727156,4084950,3717248,4473549,4041966,4069255,-41,-163,1311,242,513,720,-45,1,-35,-77,30,1322,-239,303,1006,12,12,-26,
4727156,4084950,3717286,4473549,4041966,4069255,-55,-148,1340,241,508,720,-51,1,-35,-83,25,1334,-239,303,1006,10,2,-27,
4727156,4084950,3717286,4483391,4041966,4069255,-42,-171,1312,238,504,735,-47,4,-36,-56,21,1320,-235,300,1027,3,6,-31,
4727156,4084950,3717286,4483391,4042043,4069255,-49,-164,1270,238,504,735,-42,3,-44,-68,25,1311,-235,300,1027,8,-1,-27,
4727156,4084950,3717286,4483391,4042043,4072660,-58,-148,1346,237,509,730,-46,0,-38,-75,29,1347,-237,303,1024,2,2,-30,
4727156,4084950,3717286,4483391,4042043,4072660,-30,-170,1315,237,509,730,-44,3,-37,-64,20,1312,-237,303,1024,8,0,-30,
4727156,4084950,3717286,4483391,4042043,4072660,-55,-153,1286,239,511,734,-41,7,-34,-72,22,1310,-241,312,1009,9,-10,-32,
4718972,4084950,3717286,4483391,4042043,4072660,-62,-148,1327,240,504,737,-44,5,-35,-50,23,1300,-241,313,1035,13,3,-31,
4718972,4087555,3717286,4483391,4042043,4072660,-37,-158,1301,240,504,737,-52,-1,-37,-78,14,1354,-239,313,1035,8,-8,-31,
4718972,4087555,3716896,4483391,4042043,4072660,-33,-162,1343,241,509,730,-50,-1,-37,-67,39,1314,-237,303,1029,16,11,-32,
4718972,4087555,3716896,4486110,4042043,4072660,-55,-146,1345,241,509,730,-55,1,-37,-52,9,1323,-237,303,1029,6,3,-30,
4718972,4087555,3716896,4486110,4044185,4072660,-43,-150,1317,236,513,734,-48,3,-29,-66,16,1323,-239,299,1028,3,-8,-33,
4718972,4087555,3716896,4486110,4044185,4073131,-50,-160,1298,236,511,734,-49,4,-40,-61,31,1317,-239,299,1028,11,-1,-30,
4718972,4087555,3716896,4486110,4044185,4073131,-55,-156,1302,240,511,734,-52,-2,-43,-54,25,1298,-238,310,1019,13,6,-31,
4718972,4087555,3716896,4486110,4044185,4073131,-26,-163,1321,241,507,740,-53,-6,-42,-53,22,1320,-238,310,1019,15,7,-30,
4722521,4087555,3716896,4486110,4044185,4073131,-41,-150,1315,241,507,740,-53,2,-39,-70,37,1311,-237,307,1014,23,4,-32,
4722521,4089184,3716896,4486110,4044185,4073131,-58,-152,1291,239,511,741,-41,-3,-43,-67,40,1324,-237,303,1019,12,5,-27,
4722521,4089184,3718081,4486110,4044185,4073131,-44,-162,1325,239,511,741,-48,-3,-34,-59,25,1329,-237,303,1019,7,5,-25,
4722521,4089184,3718081,4487797,4044185,4073131,-47,-153,1321,240,514,727,-49,253,-41,-62,33,1322,-241,301,1020,7,0,-31,
4722521,4089184,3718081,4487797,4042941,4073131,-60,-167,1282,241,502,735,-44,0,-42,-62,21,1305,-241,301,1020,11,12,-36,
4722521,4089184,3718081,4487797,4042941,4076093,-51,-156,1328,241,502,735,-47,2,-41,-43,32,1325,-234,312,1020,5,3,-37,
4722521,4089184,3718081,4487797,4042941,4076093,-59,-155,1328,243,509,735,-49,2,-40,-69,25,1311,-234,312,1020,8,2,-28,
4722521,4089184,3718081,4487797,4042941,4076093,-28,-148,1321,243,509,735,-46,7,-36,-40,27,1306,-240,314,1031,0,8,-27,
4730108,4089184,3718081,4487797,4042941,4076093,-35,-157,1300,239,513,736,-49,4,-34,-73,32,1329,-238,309,1029,2,4,-39,
4730108,4093723,3718081,4487797,4042941,4076093,-27,-162,1325,239,511,739,-48,0,-41,-73,31,1334,-238,309,1029,1,9,-37,
4730108,4093723,3719313,4487797,4042941,4076093,-14,-155,1320,240,511,739,-43,4,-40,-54,34,1321,-236,303,1022,6,-2,-29,
4730108,4093723,3719313,4490678,4042941,4076093,-38,-168,1321,238,508,735,-51,2,-41,-79,29,1312,-236,303,1022,15,0,-32,
4730108,4093723,3719313,4490678,4042638,4076093,-43,-155,1333,238,508,735,-51,0,-43,-47,38,1321,-240,304,1031,5,7,-31,
4730108,4093723,3719313,4490678,4042638,4074536,-51,-166,1306,241,512,736,-47,-1,-38,-66,38,1328,-240,304,1031,-2,-3,-35,
4730108,4093723,3719313,4490678,4042638,4074536,-64,-147,1322,241,512,736,-46,2,-32,-59,30,1317,-239,310,1025,6,-5,-32,
4730108,4093723,3719313,4490678,4042638,4074536,-25,-156,1314,237,517,725,-45,-1,-37,-54,32,1305,-239,310,769,10,-3,-29,
4732952,4093723,3719313,4490678,4042638,4074536,-39,-159,1312,245,510,735,-45,-4,-38,-56,29,1302,-242,302,1004,2,6,-35,
4732952,4094694,3719313,4490678,4042638,4074536,-33,-155,1340,245,510,735,-49,3,-36,-70,18,1317,-236,306,1021,6,2,-31,
4732952,4094694,3720063,4490678,4042638,4074536,-67,-155,1315,237,508,744,-45,3,-38,-39,29,1288,-236,306,1021,6,6,-34,
4732952,4094694,3720063,4494227,4042638,4074536,-43,-155,1316,237,508,744,-48,-5,-38,-61,36,1280,-239,304,1027,5,-3,-34,
4732952,4094694,3720063,4494227,4039179,4074536,-37,-148,1338,241,516,723,-46,-2,-35,-69,21,1326,-239,304,1027,7,8,-30,
4732952,4094694,3720063,4494227,4039179,4071733,-30,-149,1331,236,511,742,-49,1,-32,-54,29,1307,-240,307,1030,14,4,-33,
4732952,4094694,3720063,4494227,4039179,4071733,-54,-157,1288,236,511,742,-46,-1,-32,-52,36,1294,-240,307,1030,10,13,-31,
4732952,4094694,3720063,4494227,4039179,4071733,-58,-152,1312,238,508,739,-54,-1,-40,-60,38,1302,-238,312,1035,10,5,-28,
4737365,4094694,3720063,4494227,4039179,4071733,-44,-155,1341,238,508,739,-52,-3,-34,-62,19,1324,-235,307,1015,-1,7,-37,
4737365,4095494,3720063,4494227,4039179,4071733,-66,-148,1326,238,510,744,-54,-4,-36,-72,21,1309,-235,307,1015,3,4,-34,
4737365,4095494,3716763,4494227,4039179,4071733,-36,-159,1290,238,510,744,-52,-4,-42,-56,25,1302,-240,305,1004,1,4,-37,
4737365,4095494,3716763,4501876,4039179,4071733,-39,-158,1333,241,514,741,-55,-5,-33,-70,17,1338,-240,305,1004,9,4,-30,
4737365,4095494,3716763,4501876,4035563,4071733,-27,-162,1321,240,509,732,-54,-3,-34,-52,36,1276,-242,302,1030,7,-3,-36,
4737365,4095494,3716763,4501876,4035563,4068113,-59,-149,1308,240,509,732,-51,-8,-35,-52,22,1315,-242,302,1030,10,2,-27,
4737365,4095494,3716763,4501876,4035563,4068113,-54,-154,1302,239,506,736,-49,-4,-40,-87,15,1339,-242,314,1014,6,0,-32,
4737365,4095494,3716763,4501876,4035563,4068113,-43,-159,1348,239,506,736,-46,1,-38,-48,31,1298,-242,311,1035,-2,-5,-40,
4741116,4095494,3716763,4501876,4035563,4068113,-59,-167,1286,240,518,744,-55,0,-39,-52,25,1314,-239,311,1035,-2,-4,-36,
4741116,4094835,3716763,4501876,4035563,4068113,-49,-152,1344,238,508,733,-58,1,-39,-59,26,1318,-236,301,1017,7,1,-29,
4741116,4094835,3710699,4501876,4035563,4068113,-49,-142,1347,238,508,733,-51,1,-38,-62,23,1323,-236,301,1017,9,-8,-31,
4741116,4094835,3710699,4509479,4035563,4068113,-41,-158,1315,240,507,742,-54,-1,-43,-60,32,1323,-235,303,1032,8,-4,-39,
4741116,4094835,3710699,4509479,4028721,4068113,-45,-164,1287,240,507,742,-47,-8,-38,-75,22,1329,-235,303,1032,8,-1,-36,
4741116,4094835,3710699,4509479,4028721,4064627,-59,-166,1282,239,513,730,-55,-3,-41,-79,18,1311,-238,305,1013,14,4,-31,
4741116,4094835,3710699,4509479,4028721,4064627,-40,-155,1341,239,513,730,-51,-2,-41,-49,32,1283,-238,305,1013,11,-2,-24,
4741116,4094835,3710699,4509479,4028721,4064627,-44,-162,1318,240,518,736,-55,-3,-39,-63,44,1314,-240,309,1027,8,4,-30,
4744936,4094835,3710699,4509479,4028721,4064627,-57,-158,1302,242,508,735,-56,-6,-43,-67,11,1317,-237,300,1015,2,0,-34,
4744936,4097076,3710699,4509479,4028721,4064627,-11,-168,1334,242,508,735,-48,-3,-39,-64,25,1283,-237,300,1015,11,8,-32,
4744936,4097076,3704807,4509479,4028721,4064627,-40,-163,1329,240,510,741,-46,-3,-38,-64,18,1268,-238,303,1035,5,8,-26,
4744936,4097076,3704807,4516032,4028721,4064627,-31,-158,1306,240,510,741,-49,-3,-37,-60,19,1314,-238,303,1035,3,5,-30,
4744936,4097076,3704807,4516032,4029352,4064627,-48,-153,1333,237,507,733,-45,0,-36,-72,17,1338,-240,307,1024,4,9,-30,
4744936,4097076,3704807,4516032,4029352,4062740,-42,-153,1315,242,513,732,-45,1,-39,-66,20,1342,-240,307,1024,8,9,-33,
4744936,4097076,3704807,4516032,4029352,4062740,-59,-157,1306,242,513,732,-49,3,-38,-68,25,1324,-240,315,1032,2,2,-37,
4744936,4097076,3704807,4516032,4029352,4062740,-38,-161,1322,238,507,740,-42,7,-33,-68,20,1326,-237,310,1030,1,-2,-39,
4745697,4097076,3704807,4516032,4029352,4062740,-44,-163,1338,238,507,740,-46,1,-37,-61,18,1310,-237,310,1030,0,6,-42,
4745697,4098059,3704807,4516032,4029352,4062740,-50,-161,1285,238,509,731,-50,2,-38,-80,17,1332,-236,301,1019,7,2,-31,
4745697,4098059,3697665,4516032,4029352,4062740,-52,-150,1349,238,509,731,-50,-3,-41,-55,30,1311,-236,301,1019,-2,-3,-41,
4745697,4098059,3697665,4516302,4029352,4062740,-55,-171,1286,238,513,733,-40,1,-34,-84,28,1338,-238,302,1023,7,-3,-30,
4745697,4098059,3697665,4516302,4031299,4062740,-51,-151,1314,239,508,736,-46,-1,-34,-55,37,1305,-238,302,1023,-4,-8,-37,
4745697,4098059,3697665,4516302,4031299,4064948,-49,-165,1311,239,508,736,-53,0,-34,-47,25,1280,-238,309,1022,-2,4,-41,
4745697,4098059,3697665,4516302,4031299,4064948,-39,-155,1333,239,508,743,-54,1,-37,-51,40,1308,-238,309,1022,18,6,-33,
4745697,4098059,3697665,4516302,4031299,4064948,-43,-163,1287,239,508,743,-57,-1,-36,-55,16,1315,-236,306,1019,13,8,-37,
4746103,4098059,3697665,4516302,4031299,4064948,-35,-160,1322,239,511,742,-53,-2,-41,-60,24,1309,-237,304,1018,3,-9,-37,
4746103,4098878,3697665,4516302,4031299,4064948,-50,-150,1312,240,510,735,-53,2,-40,-70,10,1313,-237,304,1018,7,5,-35,
4746103,4098878,3698348,4516302,4031299,4064948,-35,-156,1303,240,510,735,-50,1,-41,-59,23,1308,-237,305,1014,9,3,-34,
