0,0,0,0,0,0,-38,-148,1308,-2,-378,891,-49,-2,-36,-76,-1,1343,488,-251,849,9,-4,-21,
4793813,0,0,0,0,0,-28,-121,1285,-2,-379,901,-51,-4,-36,-76,-6,1282,488,-251,849,11,5,-26,
4793813,4040910,0,0,0,0,-27,-146,1336,-2,-379,901,-53,-4,-39,-51,18,1357,486,-252,862,8,3,-28,
4793813,4040910,2958168,0,0,0,-28,-135,1305,-1,-371,884,-53,-3,-38,-54,13,1307,486,-252,862,11,2,-26,
4793813,4040910,2958168,4273940,0,0,-43,-139,1331,-1,-371,894,-47,2,-37,-56,5,1337,489,-249,863,14,2,-29,
4793813,4040910,2958168,4273940,3847771,0,-18,-134,1312,-4,-378,894,-53,-3,-38,-46,2,1292,489,-249,863,6,2,-21,
4793813,4040910,2958168,4273940,3847771,3953272,-29,-140,1322,-3,-379,889,-51,-5,-36,-58,18,1334,489,-246,863,4,-3,-27,
4793813,4040910,2958168,4273940,3847771,3953272,-36,-133,1332,-3,-379,889,-45,-4,-42,-59,22,1320,489,-255,849,9,6,-25,
4793813,4040910,2958168,4273940,3847771,3953272,-27,-144,1333,-1,-380,886,-47,-5,-42,-67,-3,1311,489,-255,849,10,6,-23,
4800173,4040910,2958168,4273940,3847771,3953272,-30,-138,1316,-1,-380,886,-48,-1,-39,-56,13,1319,487,-254,867,14,-5,-29,
4800173,4033280,2958168,4273940,3847771,3953272,-20,-146,1333,-3,-373,900,-47,-6,-41,-45,11,1330,487,-254,867,10,-9,-29,
4800173,4033280,2870965,4273940,3847771,3953272,-24,-147,1292,-3,-373,894,-53,-9,-41,-48,8,1324,489,-252,858,10,9,-23,
4800173,4033280,2870965,4279969,3847771,3953272,-21,-147,1337,-3,-373,894,-50,-10,-40,-52,4,1284,489,-252,858,10,8,-23,
4800173,4033280,2870965,4279969,3830194,3953272,-29,-141,1338,-5,-382,886,-53,-3,-40,-66,8,1338,485,-240,871,9,4,-25,
4800173,4033280,2870965,4279969,3830194,3952064,-31,-148,1302,-5,-382,886,-49,-5,-39,-51,23,1318,485,-241,874,12,4,-33,
4800173,4033280,2870965,4279969,3830194,3952064,-21,-147,1347,-2,-371,896,-52,-4,-40,-72,14,1332,489,-241,874,6,4,-24,
4800173,4033280,2870965,4279969,3830194,3952064,-21,-145,1330,254,-372,887,-55,-6,-42,-35,12,1286,489,-253,863,1,4,-23,
4808669,4033280,2870965,4279969,3830194,3952064,-21,-143,1346,0,-372,887,-48,-7,-36,-64,12,1323,489,-253,863,-1,0,-26,
4808669,4013851,2870965,4279969,3830194,3952064,-21,-147,1323,-4,-378,888,-42,-3,-40,-59,16,1299,487,-249,868,11,-1,-33,
4808669,4013851,2863361,4279969,3830194,3952064,-28,-129,1316,-4,-378,888,-52,-3,-46,-55,9,1310,487,-249,868,11,11,-32,
4808669,4013851,2863361,4282137,3830194,3952064,-43,-145,1307,-2,-377,892,-46,-4,-38,-53,26,1297,485,-244,843,7,8,-24,
4808669,4013851,2863361,4282137,3817652,3952064,-30,-148,1307,-2,-377,892,-47,-3,-35,-62,7,1329,485,-244,843,6,0,-28,
4808669,4013851,2863361,4282137,3817652,3949734,-13,-154,1331,-4,-375,887,-48,-3,-39,-53,20,1288,487,-246,846,3,-2,-31,
4808669,4013851,2863361,4282137,3817652,3949734,-8,-157,1333,-2,-379,889,-54,-3,-35,-60,2,1320,488,-254,872,11,0,-27,
4808669,4013851,2863361,4282137,3817652,3949734,-25,-134,1319,-2,-379,889,-47,-3,-41,-54,12,1323,488,-254,872,-1,-7,-26,
4815978,4013851,2863361,4282137,3817652,3949734,-52,-146,1334,-4,-375,881,-50,-1,-43,-33,19,1341,491,-251,860,-1,0,-28,
4815978,3996361,2863361,4282137,3817652,3949734,-11,-148,1322,-4,-375,881,-52,5,-40,-49,15,1332,491,-251,860,1,4,-27,
4815978,3996361,2823474,4282137,3817652,3949734,-18,-153,1328,-6,-377,889,-50,3,-38,-30,12,1269,488,-245,862,7,6,-31,
4815978,3996361,2823474,4288130,3817652,3949734,-23,-149,1313,-2,-373,896,-52,-3,-41,-61,18,1309,488,-245,862,2,-1,-25,
4815978,3996361,2823474,4288130,3793675,3949734,-1,-141,1339,-2,-373,896,-47,-3,-42,-43,9,1283,481,-241,853,6,-3,-27,
4815978,3996361,2823474,4288130,3793675,3946570,-26,-132,1335,-3,-377,886,-52,-4,-38,-72,-4,1329,488,-251,849,-1,-3,-29,
4815978,3996361,2823474,4288130,3793675,3946570,-29,-152,1335,-3,-377,886,-54,-5,-44,-58,8,1316,488,-251,849,4,5,-27,
4815978,3996361,2823474,4288130,3793675,3946570,-30,-141,1310,-5,-377,898,-55,1,-40,-32,9,1297,487,-249,864,9,-2,-21,
4819323,3996361,2823474,4288130,3793675,3946570,-14,-131,1343,-5,-377,898,-57,3,-37,-56,24,1295,487,-249,864,2,-7,-30,
4819323,3989480,2823474,4288130,3793675,3946570,-21,-139,1342,-3,-370,891,-47,-5,-46,-58,10,1325,488,-253,862,6,0,-32,
4819323,3989480,2804427,4288130,3793675,3946570,-29,-148,1300,-7,-377,893,-51,-2,-44,-54,5,1312,488,-253,862,4,0,-34,
4819323,3989480,2804427,4292652,3793675,3946570,-33,-134,1345,-7,-377,893,-60,-5,-39,-60,12,1327,483,-242,854,3,0,-31,
4819323,3989480,2804427,4292652,3796115,3946570,-21,-142,1293,-4,-379,883,-52,-5,-42,-60,3,1305,483,-242,854,11,8,-32,
4819323,3989480,2804427,4292652,3796115,3950358,-20,-154,1338,-4,-379,883,-47,-5,-36,-59,1,1325,488,-246,868,3,3,-34,
4819323,3989480,2804427,4292652,3796115,3950358,-34,-137,1318,-5,-377,895,-43,2,-34,-39,11,1286,489,-247,857,-2,0,-25,
4819323,3989480,2804427,4292652,3796115,3950358,-5,-146,1337,-1,-378,885,-49,-3,-34,-46,1,1304,489,-247,857,7,-4,-29,
4823641,3989480,2804427,4292652,3796115,3950358,-26,-146,1326,-1,-378,885,-51,0,-46,-74,23,1348,487,-253,869,11,-1,-30,
4823641,3955773,2804427,4292652,3796115,3950358,-36,-143,1302,-3,-375,892,-48,-1,-41,-74,5,1347,487,-253,869,14,-5,-28,
4823641,3955773,2770130,4292652,3796115,3950358,-22,-139,1298,-3,-375,892,-53,0,-41,-63,7,1332,487,-243,870,14,-9,-25,
4823641,3955773,2770130,4302513,3796115,3950358,-29,-150,1327,-3,-370,895,-46,1,-46,-53,18,1317,487,-243,870,13,1,-22,
4823641,3955773,2770130,4302513,3808653,3950358,-34,-139,1347,-3,-370,895,-40,-6,-39,-81,9,1352,490,-240,844,3,4,-27,
4823641,3955773,2770130,4302513,3808653,3954501,-26,-143,1334,-3,-378,882,-53,0,-34,-47,3,1314,488,-252,869,3,6,-27,
4823641,3955773,2770130,4302513,3808653,3954501,-29,-155,1294,-3,-376,891,-47,5,-41,-20,19,1277,488,-252,869,5,4,-27,
4823641,3955773,2770130,4302513,3808653,3954501,-20,-148,1291,-3,-376,891,-48,4,-37,-70,8,1345,490,-252,860,6,5,-24,
4824746,3955773,2770130,4302513,3808653,3954501,-29,-140,1328,-1,-374,893,-45,5,-41,-68,19,1328,490,-252,860,10,-2,-20,
4824746,3943125,2770130,4302513,3808653,3954501,-28,-159,1331,-1,-374,893,-43,0,-42,-49,8,1326,486,-255,860,21,-1,-27,
4824746,3943125,2620993,4302513,3808653,3954501,-19,-138,1307,-3,-368,889,-39,-1,-39,-58,12,1294,486,-255,860,10,5,-21,
4824746,3943125,2620993,4320297,3808653,3954501,-34,-155,1323,-6,-375,893,-50,1,-35,-25,16,1280,484,-242,860,16,7,-22,
4824746,3943125,2620993,4320297,3815490,3954501,-13,-145,1364,-6,-375,893,-54,-2,-33,-39,15,1299,484,-248,857,13,4,-24,
4824746,3943125,2620993,4320297,3815490,3958023,-36,-150,1335,-5,-376,890,-53,0,-42,-58,16,1317,485,-248,857,0,-2,-23,
4824746,3943125,2620993,4320297,3815490,3958023,-11,-140,1336,-5,-376,890,-47,-4,-40,-53,13,1311,488,-254,858,7,3,-30,
4824746,3943125,2620993,4320297,3815490,3958023,-28,-151,1312,-5,-373,891,-43,6,-41,-71,-1,1352,488,-254,858,10,16,-30,
4822852,3943125,2620993,4320297,3815490,3958023,-6,-147,1319,-5,-373,891,-48,4,-39,-75,18,1328,490,-251,853,2,5,-30,
4822852,3933344,2620993,4320297,3815490,3958023,-37,-139,1334,-5,-374,890,-53,-1,-42,-58,13,1359,490,-251,853,7,10,-26,
4822852,3933344,2556034,4320297,3815490,3958023,-36,-145,1318,-1,-376,889,-50,-6,-42,-48,20,1304,488,-249,859,-4,3,-23,
4822852,3933344,2556034,4326695,3815490,3958023,-22,-138,1342,-1,-376,889,-55,-7,-39,-59,14,1312,488,-249,859,5,1,-27,
4822852,3933344,2556034,4326695,3819878,3958023,-27,-135,1326,-7,-376,893,-51,-2,-38,-47,17,1301,485,-243,860,6,12,-31,
4822852,3933344,2556034,4326695,3819878,3959406,-29,-162,1302,-7,-376,893,-49,-5,-39,-62,12,1307,486,-250,862,0,5,-28,
4822852,3933344,2556034,4326695,3819878,3959406,-27,-148,1292,-5,-375,895,-51,-3,-42,-62,4,1334,486,-250,862,1,7,-29,
4822852,3933344,2556034,4326695,3819878,3959406,-14,-134,1366,-2,-376,900,-54,-6,-37,-61,8,1373,487,-250,871,5,0,-32,
4828411,3933344,2556034,4326695,3819878,3959406,-31,-154,1333,-2,-376,900,-49,-5,-38,-45,10,1301,487,-250,871,8,-1,-28,
4828411,3920807,2556034,4326695,3819878,3959406,-23,-144,1332,-2,-378,894,-48,0,-34,-74,6,1374,485,-249,861,8,0,-29,
4828411,3920807,2463776,4326695,3819878,3959406,-5,-146,1301,-2,-378,894,-55,2,-39,-42,12,1303,485,-249,861,7,-3,-31,
4828411,3920807,2463776,4328035,3819878,3959406,-23,-130,1354,-5,-371,887,-53,-2,-42,-37,13,1302,486,-239,876,7,1,-25,
4828411,3920807,2463776,4328035,3811614,3959406,-11,-151,1290,-5,-371,887,-51,-8,-43,-68,2,1325,487,-242,860,6,5,-32,
4828411,3920807,2463776,4328035,3811614,3953896,-6,-146,1337,-6,-377,894,-50,-5,-38,-60,13,1273,487,-242,860,12,7,-31,
4828411,3920807,2463776,4328035,3811614,3953896,-26,-146,1333,-4,-377,887,-49,-1,-43,-62,11,1356,485,-250,873,8,-3,-28,
4828411,3920807,2463776,4328035,3811614,3953896,-31,-142,1328,-4,-377,887,-53,-5,-42,-55,19,1289,485,-250,873,3,-6,-31,
4834121,3920807,2463776,4328035,3811614,3953896,-28,-149,1336,-6,-378,898,-55,-4,-35,-52,22,1300,488,-251,858,3,5,-26,
4834121,3922221,2463776,4328035,3811614,3953896,-11,-145,1289,-6,-378,898,-52,-2,-41,-28,20,1286,488,-251,858,7,4,-21,
4834121,3922221,2440413,4328035,3811614,3953896,-19,-140,1327,-2,-371,890,-44,0,-43,-55,7,1300,482,-246,862,3,5,-26,
4834121,3922221,2440413,4328670,3811614,3953896,-12,-140,1346,-2,-382,892,-53,-3,-40,-70,8,1340,482,-246,862,5,-2,-26,
4834121,3922221,2440413,4328670,3805321,3953896,-15,-155,1306,-2,-382,892,-49,-10,-45,-35,20,1277,484,-244,857,9,2,-23,
4834121,3922221,2440413,4328670,3805321,3954875,-41,-140,1337,-2,-380,890,-50,-2,-43,-43,24,1291,489,-250,856,7,5,-29,
4834121,3922221,2440413,4328670,3805321,3954875,-20,-153,1305,-2,-380,890,-50,2,-43,-61,28,1320,489,-250,856,10,11,-23,
4834121,3922221,2440413,4328670,3805321,3954875,-21,-149,1313,-5,-375,894,-47,2,-39,-45,6,1343,487,-252,858,7,5,-26,
4837402,3922221,2440413,4328670,3805321,3954875,-28,-141,1343,-5,-375,894,-50,-7,-42,-52,20,1322,487,-252,858,2,10,-28,
4837402,3918977,2440413,4328670,3805321,3954875,-35,-143,1311,-6,-379,899,-47,-4,-40,-67,22,1342,482,-242,853,-5,3,-26,
4837402,3918977,2375371,4328670,3805321,3954875,-8,-151,1347,-6,-379,900,-39,5,-40,-58,15,1327,482,-242,853,3,4,-22,
4837402,3918977,2375371,4306656,3805321,3954875,-16,-142,1337,-6,-379,900,-44,6,-35,-60,5,1309,488,-248,855,8,7,-20,
4837402,3918977,2375371,4306656,3854973,3954875,-30,-134,1316,-6,-375,891,-42,6,-38,-66,8,1347,489,-251,843,8,13,-27,
4837402,3918977,2375371,4306656,3854973,3974388,-20,-136,1357,-6,-375,891,-47,11,-38,-38,14,1272,489,-251,843,4,3,-22,
4837402,3918977,2375371,4306656,3854973,3974388,-23,-147,1305,-4,-368,884,-50,15,-34,-71,7,1354,486,-250,839,0,6,-27,
4837402,3918977,2375371,4306656,3854973,3974388,-10,-147,1322,-5,-377,892,-43,13,-38,-46,22,1307,486,-250,839,4,14,-20,
4822058,3918977,2375371,4306656,3854973,3974388,-27,-145,1335,-5,-377,892,-38,14,-37,-40,37,1298,487,-251,862,1,1,-21,
4822058,3933490,2375371,4306656,3854973,3974388,-26,-155,1306,-4,-377,892,-42,6,-32,-60,9,1309,487,-251,862,4,13,-22,
4822058,3933490,2525417,4306656,3854973,3974388,-30,-139,1329,-4,-377,892,-43,7,-39,-74,6,1366,484,-239,858,1,15,-18,
4822058,3933490,2525417,4278453,3854973,3974388,-39,-141,1266,-3,-379,896,-49,10,-34,-76,10,1366,484,-239,848,1,15,-29,
4822058,3933490,2525417,4278453,3906709,3974388,-46,-126,1353,-3,-379,893,-44,16,-31,-45,25,1318,486,-248,848,-1,12,-25,
4822058,3933490,2525417,4278453,3906709,4007734,-25,-133,1327,-6,-371,893,-44,22,-25,-56,22,1302,488,-248,873,11,4,-19,
4822058,3933490,2525417,4278453,3906709,4007734,-8,-130,1322,-3,-379,894,-43,21,-23,-44,15,1306,488,-248,873,7,7,-27,
4822058,3933490,2525417,4278453,3906709,4007734,-64,-149,1325,-3,-379,894,-41,19,-28,-67,13,1321,489,-249,864,10,17,-24,
4777186,3933490,2525417,4278453,3906709,4007734,-30,-152,1327,-6,-377,893,-45,23,-21,-64,1,1350,489,-249,864,7,5,-26,
4777186,3996669,2525417,4278453,3906709,4007734,-37,-149,1312,-6,-377,893,-42,26,-22,-71,6,1312,487,-251,849,5,0,-27,
4777186,3996669,2722672,4278453,3906709,4007734,-51,-145,1338,-1,-376,899,-43,19,-30,-65,24,1319,487,-251,849,4,7,-24,
4777186,3996669,2722672,4257821,3906709,4007734,-30,-145,1352,1,-378,892,-50,21,-28,-72,0,1335,485,-246,862,5,9,-23,
4777186,3996669,2722672,4257821,3931881,4007734,-36,-145,1304,1,-378,892,-45,18,-27,-56,11,1322,487,-254,866,5,13,-28,
4777186,3996669,2722672,4257821,3931881,4035831,-54,-139,1304,0,-378,892,-41,24,-25,-49,24,1324,487,-254,866,12,22,-28,
4777186,3996669,2722672,4257821,3931881,4035831,-23,-142,1317,0,-378,892,-43,21,-22,-47,9,1313,489,-254,847,5,10,-27,
4777186,3996669,2722672,4257821,3931881,4035831,-59,-130,1315,1,-373,898,-44,17,-24,-45,22,1319,489,-254,847,7,1,-31,
4697470,3996669,2722672,4257821,3931881,4035831,-25,-144,1309,1,-378,890,-39,22,-26,-56,24,1317,488,-245,858,9,-1,-25,
4697470,4122989,2722672,4257821,3931881,4035831,-40,-140,1362,1,-378,890,-43,22,-25,-61,12,1339,488,-245,858,5,8,-23,
4697470,4122989,2977800,4257821,3931881,4035831,-39,-141,1296,1,-381,894,-48,21,-23,-42,17,1297,483,-239,841,5,3,-24,
4697470,4122989,2977800,4244093,3931881,4035831,-39,-144,1349,1,-381,894,-39,26,-22,-32,13,1292,489,-247,835,2,-2,-20,
4697470,4122989,2977800,4244093,3923082,4035831,-41,-135,1339,0,-377,890,-50,24,-21,-76,-9,1363,489,-247,835,6,8,-26,
4697470,4122989,2977800,4244093,3923082,4021484,-40,-131,1321,0,-377,890,-51,23,-23,-49,11,1292,488,-251,869,-2,3,-25,
4697470,4122989,2977800,4244093,3923082,4021484,-43,-141,1330,-1,-378,892,-49,27,-23,-78,0,1286,488,-251,869,5,8,-25,
4697470,4122989,2977800,4244093,3923082,4021484,-47,-150,1286,2,-378,888,-42,18,-25,-61,13,1332,489,-250,867,6,3,-15,
4581575,4122989,2977800,4244093,3923082,4021484,-54,-144,1304,2,-378,888,-49,19,-28,-59,13,1336,489,-250,867,-4,7,-17,
4581575,4254537,2977800,4244093,3923082,4021484,-37,-134,1340,2,-380,895,-43,21,-29,-42,26,1308,489,-244,862,2,6,-22,
4581575,4254537,3476661,4244093,3923082,4021484,-48,-135,1299,2,-380,895,-48,27,-24,-67,5,1339,489,-244,862,0,17,-29,
4581575,4254537,3476661,4166046,3923082,4021484,-46,-137,1307,-3,-377,895,-48,22,-24,-29,19,1304,490,-242,845,-11,22,-32,
4581575,4254537,3476661,4166046,3874359,4021484,-53,-144,1321,3,-373,885,-49,26,-22,-61,25,1313,489,-249,877,-4,26,-34,
4581575,4254537,3476661,4166046,3874359,3970706,-46,-127,1357,3,-373,885,-51,25,-16,-53,10,1321,489,-249,877,-20,37,-29,
4581575,4254537,3476661,4166046,3874359,3970706,-40,-134,1284,4,-379,889,-44,27,-23,-62,28,1296,490,-251,855,-21,52,-31,
4581575,4254537,3476661,4166046,3874359,3970706,-48,-133,1317,4,-379,889,-54,14,-27,-64,15,1309,490,-251,855,-19,75,-30,
4445071,4254537,3476661,4166046,3874359,3970706,-54,-135,1312,5,-373,892,-50,16,-27,-46,16,1323,492,-243,851,-28,96,-34,
4445071,4428856,3476661,4166046,3874359,3970706,-41,-126,1348,5,-373,892,-54,16,-27,-67,15,1282,492,-243,851,-32,105,-31,
4445071,4428856,3824584,4166046,3874359,3970706,-38,-152,1323,2,-378,877,-53,6,-34,-80,14,1334,492,-236,873,-29,113,-31,
4445071,4428856,3824584,3561006,3874359,3970706,-47,-134,1323,4,-380,890,-53,0,-38,-89,7,1328,498,-244,853,-30,127,-30,
4445071,4428856,3824584,3561006,3799780,3970706,-49,-137,1308,4,-380,890,-62,6,-33,-79,24,1317,498,-244,853,-27,157,-35,
4445071,4428856,3824584,3561006,3799780,3887432,-34,-143,1299,6,-379,890,-58,5,-36,-78,29,1284,498,-242,860,-36,192,-45,
4445071,4428856,3824584,3561006,3799780,3887432,-48,-137,1334,6,-379,890,-58,2,-33,-116,46,1366,498,-242,860,-50,209,-48,
4445071,4428856,3824584,3561006,3799780,3887432,-61,-134,1345,3,-369,883,-54,1,-34,-97,15,1287,506,-240,845,-60,195,-55,
4434431,4428856,3824584,3561006,3799780,3887432,-62,-137,1319,6,-376,891,-60,2,-35,-137,-18,1347,506,-240,845,-40,120,-70,
4434431,4528835,3824584,3561006,3799780,3887432,-59,-132,1302,6,-376,891,-50,-256,-39,-95,4,1297,504,-229,841,-3,60,-57,
4434431,4528835,4007158,3561006,3799780,3887432,-44,-135,1299,3,-379,888,-59,-8,-39,-107,-39,1308,504,-229,839,6,5,-38,
4434431,4528835,4007158,3105168,3799780,3887432,-55,-133,1306,3,-379,888,-55,-16,-38,-113,-7,1286,507,-239,839,25,-45,-13,
4434431,4528835,4007158,3105168,3723381,3887432,-62,-136,1322,3,-372,888,-54,-21,-37,-125,-22,1342,507,-242,853,32,-78,2,
4434431,4528835,4007158,3105168,3723381,3819295,-58,-154,1271,3,-372,888,-60,-24,-43,-91,20,1278,507,-242,853,42,-106,8,
4434431,4528835,4007158,3105168,3723381,3819295,-37,-132,1366,1,-372,888,-58,-21,-43,-87,3,1320,503,-246,852,42,-125,3,
4434431,4528835,4007158,3105168,3723381,3819295,-49,-147,1270,3,-376,889,-58,-20,-40,-102,-2,1344,503,-246,852,43,-98,-2,
4541050,4528835,4007158,3105168,3723381,3819295,-42,-152,1344,3,-376,889,-55,-20,-41,-89,15,1318,498,-243,860,27,-60,-1,
4541050,4523858,4007158,3105168,3723381,3819295,-46,-142,1321,5,-382,884,-50,-10,-33,-70,25,1281,498,-243,860,11,17,-5,
4541050,4523858,4014021,3105168,3723381,3819295,-43,-141,1352,5,-382,884,-50,0,-31,-104,10,1343,503,-234,838,-14,88,-15,
4541050,4523858,4014021,3258719,3723381,3819295,-29,-157,1289,3,-368,885,-51,4,-24,-99,9,1346,507,-243,840,-33,137,-20,
4541050,4523858,4014021,3258719,3622340,3819295,-69,-150,1323,3,-379,889,-42,17,-24,-88,11,1301,507,-243,840,-55,182,-25,
4541050,4523858,4014021,3258719,3622340,3874939,-61,-130,1302,3,-379,889,-50,26,-19,-110,64,1313,510,-242,857,-64,218,-34,
4541050,4523858,4014021,3258719,3622340,3874939,-39,-163,1288,4,-379,893,-40,43,-14,-113,130,1305,510,-242,857,-61,249,-69,
4541050,4523858,4014021,3258719,3622340,3874939,-49,-145,1330,4,-379,893,-34,42,-5,-115,146,1284,513,-238,841,-56,259,-117,
4326135,4523858,4014021,3258719,3622340,3874939,-35,-141,1330,6,-379,885,-31,64,-3,-137,156,1324,513,-238,841,-64,262,-193,
4326135,4545264,4014021,3258719,3622340,3874939,-53,-140,1342,6,-379,885,-17,108,3,-128,126,1364,527,-227,851,-53,268,-274,
4326135,4545264,4155880,3258719,3622340,3874939,-51,-125,1338,6,-371,882,0,165,12,-143,141,1347,532,-220,830,-31,270,-348,
4326135,4545264,4155880,1515489,3622340,3874939,-60,-143,1358,10,-381,887,20,247,21,-158,141,1356,532,-220,830,1,299,-693,
4326135,4545264,4155880,1515489,3439298,3874939,-70,-128,1361,10,-381,887,21,329,38,-140,110,1325,544,-222,853,-1,341,-571,
4326135,4545264,4155880,1515489,3439298,3972172,-87,-133,1341,20,-382,885,25,413,48,-171,130,1355,544,-222,853,-24,357,-643,
4326135,4545264,4155880,1515489,3439298,3972172,-106,-123,1349,20,-382,885,25,489,48,-158,106,1376,559,-211,816,-14,362,-714,
4326135,4545264,4155880,1515489,3439298,3972172,-137,-153,1593,29,-376,878,-108,558,49,-154,122,1389,559,-211,816,-11,353,-783,
1781247,4545264,4155880,1515489,3439298,3972172,-155,-188,1448,42,-379,879,-251,539,58,-196,57,1388,568,-197,826,-29,349,-840,
1781247,4672348,4155880,1515489,3439298,3972172,-110,-207,1494,42,-379,879,-304,586,73,-166,113,1362,568,-197,826,-48,369,-878,
1781247,4672348,4436357,1515489,3439298,3972172,-127,-181,1565,56,-377,884,-181,653,52,-180,17,1424,577,-183,840,-37,397,-911,
1781247,4672348,4436357,272160,3439298,3972172,-136,-174,1597,56,-377,884,-67,761,46,-166,-54,1417,597,-176,794,-58,427,-903,
1781247,4672348,4436357,272160,3723300,3972172,-166,-151,1581,72,-380,882,-40,873,59,-200,-79,1408,597,-176,794,-113,479,-842,
1781247,4672348,4436357,272160,3723300,3990672,-168,-150,1585,72,-380,882,-29,984,71,-199,-86,1425,611,-167,823,-143,541,-800,
1781247,4672348,4436357,272160,3723300,3990672,-184,-144,1534,90,-377,881,-29,1104,77,-209,-104,1381,611,-167,823,-178,594,-769,
1781247,4672348,4436357,272160,3723300,3990672,-190,-135,1538,115,-380,870,-44,1185,78,-241,-82,1404,628,-149,805,-203,632,-722,
1265478,4672348,4436357,272160,3723300,3990672,-206,-155,1401,115,-380,870,-29,1270,76,-240,-183,1375,628,-149,805,-203,673,-676,
1265478,4796025,4436357,272160,3723300,3990672,-256,-148,1386,141,-382,863,-7,1348,81,-225,-193,1397,646,-134,804,-229,707,-603,
1265478,4796025,4311202,272160,3723300,3990672,-268,-124,1361,141,-382,863,26,1412,81,-231,-268,1408,666,-125,769,-244,744,-510,
1265478,4796025,4311202,178590,3723300,3990672,-276,-148,1336,167,-373,859,24,1432,79,-248,-303,1432,666,-125,769,-283,785,-388,
1265478,4796025,4311202,178590,3984801,3990672,-316,-153,1326,196,-384,846,27,1430,89,-247,-254,1431,685,-118,778,-304,844,-269,
1265478,4796025,4311202,178590,3984801,3448892,-325,-157,1254,196,-384,846,45,1412,95,-482,-174,1416,685,-118,778,-287,906,-156,
1265478,4796025,4311202,178590,3984801,3448892,-372,-154,1212,224,-387,843,68,1379,110,-321,-112,1434,706,-116,765,-289,969,-69,
1265478,4796025,4311202,178590,3984801,3448892,-399,-148,1230,224,-387,843,98,1336,121,-323,-62,1334,706,-116,765,-273,1015,-26,
1064892,4796025,4311202,178590,3984801,3448892,-440,-120,1205,247,-390,833,116,1292,139,-357,-39,1331,731,-102,729,-288,1048,-23,
1064892,4903840,4311202,178590,3984801,3448892,-443,-111,1294,247,-390,819,130,1278,140,-355,11,1259,731,-102,729,-352,1041,-49,
1064892,4903840,3650224,178590,3984801,3448892,-467,-126,1215,269,-393,819,123,1259,140,-406,11,1294,754,-102,736,-407,1029,-95,
1064892,4903840,3650224,247190,3984801,3448892,-462,-87,1278,290,-400,814,116,1260,138,-389,-3,1234,772,-92,716,-451,999,-136,
1064892,4903840,3650224,247190,4025402,3448892,-490,-105,1301,290,-400,814,111,1267,131,-433,12,1204,772,-92,716,-463,965,-173,
1064892,4903840,3650224,247190,4025402,2755865,-560,-105,1316,313,-402,806,127,1284,134,-424,-119,1161,791,-80,680,-465,928,-195,
1064892,4903840,3650224,247190,4025402,2755865,-572,-145,1255,313,-402,806,152,1290,148,-432,-168,1187,791,-80,680,-464,888,-195,
1064892,4903840,3650224,247190,4025402,2755865,-590,-126,1248,338,-404,793,183,1301,163,-420,-196,1144,804,-69,671,-455,859,-171,
1023257,4903840,3650224,247190,4025402,2755865,-607,-142,1253,360,-416,771,228,1305,181,-434,-188,1114,804,-69,671,-426,836,-135,
1023257,4950880,3650224,247190,4025402,2755865,-626,-164,1205,360,-416,771,278,1310,212,-462,-238,1150,818,-62,681,-362,822,-98,
1023257,4950880,2964347,247190,4025402,2755865,-647,-122,1204,382,-429,764,330,1300,243,-462,-184,1134,833,-58,643,-330,799,-66,
1023257,4950880,2964347,293138,4025402,2755865,-690,-101,1222,382,-429,764,380,1288,256,-487,-208,1172,833,-58,643,-299,779,-35,
1023257,4950880,2964347,293138,4301499,2755865,-696,-133,1241,399,-436,741,413,1284,286,-506,-147,1154,850,-53,644,-277,779,-20,
1023257,4950880,2964347,293138,4301499,2815353,-721,-115,1214,399,-453,728,454,1289,305,-569,-153,1325,850,-53,644,-256,788,-18,
1023257,4950880,2964347,293138,4301499,2815353,-720,-89,1228,419,-453,728,489,1315,357,-547,-129,1334,861,-50,622,-275,817,-27,
1023257,4950880,2964347,293138,4301499,2815353,-744,-91,1217,438,-469,708,534,1375,378,-596,-149,1377,861,-50,622,-306,861,-48,
847385,4950880,2964347,293138,4301499,2815353,-775,-31,1198,438,-469,708,545,1412,386,-610,-133,1406,877,-40,604,-352,917,-55,
847385,4983200,2964347,293138,4301499,2815353,-761,-5,1238,453,-480,684,548,1445,391,-616,-125,1352,877,-33,589,-403,979,-76,
847385,4983200,2400947,293138,4301499,2815353,-815,26,1201,453,-480,684,548,1493,387,-626,-102,1369,897,-33,589,-466,1029,-101,
847385,4983200,2400947,315770,4301499,2815353,-840,4,1154,471,-493,655,557,1532,387,-661,-95,1330,916,-22,550,-525,1086,-143,
847385,4983200,2400947,315770,4607944,2815353,-839,7,1134,495,-516,633,563,1562,388,-690,-70,1189,916,-22,550,-592,1130,-248,
847385,4983200,2400947,315770,4607944,2852503,-853,10,1068,495,-516,633,558,1581,400,-710,-88,1185,932,-11,531,-719,1155,-321,
847385,4983200,2400947,315770,4607944,2852503,-860,28,933,513,-526,610,558,1580,411,-690,-99,1107,932,-11,531,-780,1160,-386,
847385,4983200,2400947,315770,4607944,2852503,-896,49,861,513,-526,610,561,1560,410,-727,-67,1068,947,7,507,-815,1156,-442,
969010,4983200,2400947,315770,4607944,2852503,-924,64,893,527,-538,591,544,1534,428,-736,-105,1081,947,7,507,-803,1144,-502,
969010,4996001,2400947,315770,4607944,2852503,-939,136,937,542,-551,559,531,1482,426,-708,-221,1083,965,35,499,-787,1151,-542,
969010,4996001,2513465,315770,4607944,2852503,-949,191,955,542,-551,559,467,1476,403,-687,-261,1012,982,46,449,-779,1153,-550,
969010,4996001,2513465,166569,4607944,2852503,-956,241,902,556,-573,531,420,1481,357,-719,-300,1043,982,46,449,-744,1155,-547,
969010,4996001,2513465,166569,4846940,2852503,-973,265,963,556,-573,531,376,1500,302,-670,-397,988,997,67,429,-698,1163,-521,
969010,4996001,2513465,166569,4846940,2677066,-1010,257,920,569,-577,508,342,1527,254,-700,-480,997,997,67,429,-672,1170,-464,
969010,4996001,2513465,166569,4846940,2677066,-1041,283,912,569,-577,508,292,1559,208,-730,-438,983,1008,83,415,-654,1180,-399,
969010,4996001,2513465,166569,4846940,2677066,-1049,275,944,585,-583,482,261,1596,168,-764,-383,944,1008,83,415,-642,1179,-366,
1025803,4996001,2513465,166569,4846940,2677066,-1084,290,883,599,-595,458,233,1635,122,-807,-350,972,1020,94,387,-632,1186,-347,
1025803,4974285,2513465,166569,4846940,2677066,-1118,262,889,599,-595,458,228,1661,81,-797,-396,948,1033,105,358,-621,1195,-348,
1025803,4974285,2750681,166569,4846940,2677066,-1134,117,750,619,-601,427,230,1667,65,-819,-455,959,1033,105,358,-630,1199,-351,
1025803,4974285,2750681,166501,4846940,2677066,-1150,84,783,619,-601,427,247,1663,74,-814,-501,972,1044,116,329,-609,1198,-314,
1025803,4974285,2750681,166501,4981355,2677066,-1188,95,759,632,-592,411,304,1657,154,-796,-557,1028,1044,116,329,-600,1223,-267,
1025803,4974285,2750681,166501,4981355,2789010,-1186,64,776,641,-607,379,340,1655,208,-876,-523,1043,1060,123,309,-635,1243,-208,
1025803,4974285,2750681,166501,4981355,2789010,-1217,96,778,641,-607,379,363,1678,262,-925,-487,1033,1060,123,309,-664,1289,-172,
1025803,4974285,2750681,166501,4981355,2789010,-1243,159,738,656,-621,331,388,1698,293,-938,-472,1050,1068,137,262,-691,1341,-149,
967802,4974285,2750681,166501,4981355,2789010,-1250,215,735,656,-621,331,406,1720,305,-932,-409,934,1068,137,262,-739,1370,-162,
967802,4941877,2750681,166501,4981355,2789010,-1259,303,704,659,-625,307,403,1752,305,-984,-316,951,1080,141,243,-888,1401,-211,
967802,4941877,2779810,166501,4981355,2789010,-1236,337,696,659,-625,307,405,1784,288,-1020,-282,891,1088,143,203,-978,1411,-299,
967802,4941877,2779810,166537,4981355,2789010,-1238,398,660,668,-631,283,397,1826,249,-1026,-256,844,1088,143,203,-1067,1420,-387,
967802,4941877,2779810,166537,5007109,2789010,-1292,413,643,678,-643,239,380,1862,202,-1048,-353,859,1094,158,162,-1150,1439,-478,
967802,4941877,2779810,166537,5007109,2378314,-1284,417,536,678,-643,239,350,1889,137,-1030,-433,897,1094,158,162,-1224,1471,-534,
967802,4941877,2779810,166537,5007109,2378314,-1264,318,496,687,-645,205,334,1923,59,-1038,-549,918,1099,175,129,-1297,1523,-570,
967802,4941877,2779810,166537,5007109,2378314,-1297,267,393,687,-645,205,306,1950,54,-1017,-592,921,1099,175,129,-1371,1575,-578,
1014590,4941877,2779810,166537,5007109,2378314,-1279,225,390,691,-641,167,301,1943,60,-965,-682,957,1099,198,76,-1456,1660,-563,
1014590,4888604,2779810,166537,5007109,2378314,-1317,155,351,699,-650,130,290,1942,88,-993,-711,928,1105,206,42,-1537,1760,-532,
1014590,4888604,2797187,166537,5007109,2378314,-1286,179,318,699,-650,130,272,1948,126,-1004,-715,884,1105,206,42,-1593,1858,-475,
1014590,4888604,2797187,166677,5007109,2378314,-1277,471,258,702,-658,94,275,1950,167,-1021,-812,939,1105,214,-9,-1658,1952,-407,
1014590,4888604,2797187,166677,4978883,2378314,-1228,341,238,702,-658,94,293,1955,186,-1035,-696,738,1105,214,-9,-1731,2026,-354,
1014590,4888604,2797187,166677,4978883,1090203,-1183,444,172,704,-653,59,318,1984,186,-1005,-663,654,1097,217,-74,-1762,2105,-305,
1014590,4888604,2797187,166677,4978883,1090203,-1170,364,389,704,-653,59,376,2019,163,-947,-654,541,1097,217,-74,-1771,2162,-271,
1014590,4888604,2797187,166677,4978883,1090203,-1750,-188,1002,701,-658,15,479,2089,170,-888,-729,329,1091,226,-122,-1793,2218,-254,
696603,4888604,2797187,166677,4978883,1090203,-2747,-765,2058,691,-676,-38,525,2323,316,-760,-929,92,1091,226,-186,-1790,2216,-198,
696603,4734016,2797187,166677,4978883,1090203,-3622,-288,1353,691,-676,-38,278,2970,985,-618,-1097,-61,1080,214,-186,-1791,2148,-69,
696603,4734016,2086762,166677,4978883,1090203,-1384,93,-215,669,-693,-91,-185,2939,1069,-529,-1105,-314,1074,194,-240,-1878,2021,90,
696603,4734016,2086762,166341,4978883,1090203,557,619,-1521,669,-693,-91,-522,2712,997,-683,-367,149,1074,194,-240,-2035,1832,207,
696603,4734016,2086762,166341,4792961,1090203,1482,1029,-2116,642,-709,-127,-582,2471,790,-3320,1971,1304,1059,188,-293,-1982,1733,-527,
696603,4734016,2086762,166341,4792961,537365,1240,2023,-2206,633,-724,-143,-560,2291,402,-3001,524,915,1059,188,-293,-261,2290,-1250,
696603,4734016,2086762,166341,4792961,537365,522,2895,-2142,633,-724,-143,-325,1902,-209,-1157,-839,-626,1031,221,-329,458,2207,-1459,
696603,4734016,2086762,166341,4792961,537365,-145,1677,-1693,643,-710,-157,242,1168,-832,768,-1885,-1671,1031,221,-329,758,1781,-1116,
457638,4734016,2086762,166341,4792961,537365,-1369,-86,-1449,643,-710,-157,837,300,-1213,1306,-2580,-1684,1012,254,-389,348,1320,-529,
457638,4544404,2086762,166341,4792961,537365,-1679,-1669,-1237,663,-679,-178,1074,-379,-1198,951,-2852,-1482,1003,241,-401,-196,921,102,
457638,4544404,2231399,166341,4792961,537365,-1617,-1953,-1084,663,-679,-178,590,-736,-856,64,-3033,-1478,1003,241,-401,-315,467,939,
457638,4544404,2231399,179903,4792961,537365,-1484,-1374,-948,678,-668,-164,-113,-921,140,-191,-2870,-865,1010,200,-400,-414,-12,1632,
457638,4544404,2231399,179903,4357905,537365,-1361,-655,-565,674,-680,-138,-400,-1224,460,-270,-1165,-477,1010,200,-400,-780,-424,2044,
457638,4544404,2231399,179903,4357905,464555,-1390,84,76,674,-680,-138,-284,-1232,692,-757,-320,-6,1021,146,-393,-1134,-554,2166,
457638,4544404,2231399,179903,4357905,464555,-1586,214,250,665,-698,-116,-175,-1150,829,-1549,429,374,1021,146,-393,-1372,-513,2026,
457638,4544404,2231399,179903,4357905,464555,-1779,354,473,665,-698,-116,-115,-987,904,-2129,782,437,1025,97,-399,-1165,-313,1757,
442503,4544404,2231399,179903,4357905,464555,-1824,592,576,649,-712,-103,-102,-750,926,-2252,517,495,1028,65,-403,-704,-127,1418,
442503,4502070,2231399,179903,4357905,464555,-1706,811,524,635,-734,-95,-52,-501,888,-2024,297,454,1028,65,-403,-449,-7,1043,
442503,4502070,2069636,179903,4357905,464555,-1460,920,483,635,-734,-95,55,-312,794,-1718,259,348,1029,41,-382,-361,80,717,
442503,4502070,2069636,166559,4357905,464555,-1373,814,466,624,-747,-96,131,-248,647,-1440,154,130,1029,41,-382,-317,214,438,
442503,4502070,2069636,166559,4200158,464555,-1377,731,399,624,-747,-96,136,-177,518,-1253,112,-25,1024,32,-413,-259,367,243,
442503,4502070,2069636,166559,4200158,520542,-1363,706,236,613,-756,-97,101,-59,388,-1301,-59,-36,1024,32,-413,-155,544,87,
442503,4502070,2069636,166559,4200158,520542,-1392,800,150,613,-756,-99,54,73,191,-1398,-155,-43,1010,41,-419,-48,692,-44,
442503,4502070,2069636,166559,4200158,520542,-1423,718,116,603,-757,-99,78,217,109,-1389,-246,-117,1010,41,-419,22,779,-158,
202486,4502070,2069636,166559,4200158,520542,-1436,614,42,605,-758,-103,62,253,57,-1330,-361,-204,1006,45,-431,97,820,-329,
202486,4324416,2069636,166559,4200158,520542,-1292,487,-115,605,-758,-103,13,303,23,-1299,-505,-214,999,46,-456,153,782,-375,
202486,4324416,1450067,166559,4200158,520542,-1232,472,-227,602,-762,-113,-17,335,9,-1224,-667,-319,999,46,-456,144,710,-387,
202486,4324416,1450067,166583,4200158,520542,-1231,508,-294,602,-762,-113,-2,334,10,-878,-770,-570,993,61,-468,101,611,-367,
202486,4324416,1450067,166583,3996687,520542,-1197,460,-389,602,-759,-115,51,303,17,-884,-857,-691,993,61,-468,80,501,-305,
202486,4324416,1450067,166583,3996687,555021,-1223,417,-469,598,-763,-122,38,253,23,-744,-994,-776,986,73,-481,28,360,-213,
202486,4324416,1450067,166583,3996687,555021,-1210,444,-452,598,-763,-122,-30,198,6,-683,-1023,-825,986,73,-481,-85,206,-102,
202486,4324416,1450067,166583,3996687,555021,-1186,611,-461,599,-762,-117,-82,124,-9,-780,-980,-790,979,71,-484,-197,45,21,
437150,4324416,1450067,166583,3996687,555021,-1249,632,-421,599,-762,-117,-70,43,-40,-857,-880,-738,987,58,-473,-291,-96,125,
437150,4312471,1450067,166583,3996687,555021,-1307,574,-343,600,-759,-114,-32,-135,-107,-977,-773,-584,987,58,-473,-368,-222,205,
437150,4312471,1420478,166583,3996687,555021,-1379,503,-283,600,-759,-131,-41,-213,-141,-1081,-539,-493,993,47,-470,-365,-280,234,
437150,4312471,1420478,166713,3996687,555021,-1346,448,-291,598,-760,-131,-79,-257,-154,-1243,-443,-314,993,47,-470,-294,-281,226,
437150,4312471,1420478,166713,4024105,555021,-1294,424,-240,607,-758,-117,-84,-277,-143,-1277,-407,-258,990,41,-464,-257,-281,199,
437150,4312471,1420478,166713,4024105,540513,-1226,369,-211,607,-758,-117,-96,-258,-118,-1329,-365,-174,990,41,-464,-238,-259,138,
437150,4312471,1420478,166713,4024105,540513,-1256,392,-197,608,-758,-111,-108,-217,-92,-1362,-332,-119,991,43,-458,-202,-228,81,
437150,4312471,1420478,166713,4024105,540513,-1344,453,-60,608,-758,-111,-121,-182,-75,-1369,-279,-130,991,43,-461,-129,-175,26,
431691,4312471,1420478,166713,4024105,540513,-1440,458,-9,605,-752,-115,-103,-152,-53,-1404,-314,-96,996,35,-461,-8,-100,-34,
431691,4422432,1420478,166713,4024105,540513,-1555,449,72,612,-759,-98,-91,-130,-46,-1366,-407,-113,993,37,-451,100,-39,-89,
431691,4422432,1481156,166713,4024105,540513,-1579,430,139,612,-759,-98,-86,-110,-36,-1348,-500,-69,993,37,-451,145,-5,-143,
431691,4422432,1481156,166572,4024105,540513,-1551,406,154,610,-755,-93,-92,-76,238,-1285,-577,-145,998,45,-450,135,29,-181,
431691,4422432,1481156,166572,4080834,540513,-1527,429,155,610,-755,-93,-76,19,34,-1196,-652,-199,998,45,-450,113,61,-205,
431691,4422432,1481156,166572,4080834,540471,-1493,438,78,608,-758,-112,-52,61,61,-1137,-703,-261,991,48,-456,93,73,-190,
431691,4422432,1481156,166572,4080834,540471,-1540,459,6,608,-753,-108,-38,79,80,-1151,-728,-242,991,48,-456,-9,92,-168,
431691,4422432,1481156,166572,4080834,540471,-1488,466,-38,605,-753,-108,-20,81,98,-1153,-704,-297,992,58,-474,-59,80,-136,
431081,4422432,1481156,166572,4080834,540471,-1423,454,-79,603,-763,-107,-2,80,106,-1161,-704,-297,991,54,-441,-94,67,-109,
431081,4437579,1481156,166572,4080834,540471,-1306,477,-168,603,-763,-107,5,75,120,-1181,-703,-310,991,54,-441,-112,48,-87,
431081,4437579,1403641,166572,4080834,540471,-1254,504,-236,596,-758,-108,2,65,119,-1107,-694,-389,991,49,-458,-137,14,-68,
431081,4437579,1403641,166742,4080834,540471,-1201,552,-301,596,-758,-108,18,53,120,-1097,-653,-419,991,49,-458,-188,-39,-52,
431081,4437579,1403641,166742,4111886,540471,-1219,564,-309,596,-762,-109,41,25,107,-1105,-605,-378,993,47,-463,-242,-88,-37,
431081,4437579,1403641,166742,4111886,541764,-1234,631,-245,595,-772,-118,69,0,86,-1196,-522,-372,993,47,-463,-273,-135,-42,
431081,4437579,1403641,166742,4111886,541764,-1257,683,-285,595,-772,-118,124,-56,39,-1246,-461,-342,995,51,-473,-234,-149,-48,
431081,4437579,1403641,166742,4111886,541764,-1392,457,-101,594,-768,-115,173,-138,20,-1284,-470,-310,995,49,-464,-150,-154,-72,
430603,4437579,1403641,166742,4111886,541764,-1394,474,-103,594,-768,-115,86,-127,0,-1256,-481,-280,995,49,-464,-87,-163,-96,
430603,4464521,1403641,166742,4111886,541764,-1400,537,-97,594,-757,-111,61,-122,-3,-1239,-483,-279,999,47,-453,-42,-162,-127,
430603,4464521,1403700,166742,4111886,541764,-1380,525,-76,598,-760,-120,81,-126,-5,-1228,-464,-232,999,47,-453,-6,-144,-142,
430603,4464521,1403700,166705,4111886,541764,-1407,465,-64,598,-760,-120,64,-123,-12,-1245,-622,-201,1001,52,-444,54,-106,-148,
430603,4464521,1403700,166705,4207439,541764,-1407,421,-66,598,-767,-117,15,-93,-21,-1253,-663,-155,1001,52,-444,78,-83,-152,
430603,4464521,1403700,166705,4207439,555778,-1413,469,-68,598,-767,-117,-35,-71,-13,-1279,-661,-139,1000,60,-441,41,-83,-156,
430603,4464521,1403700,166705,4207439,555778,-1431,470,-85,596,-768,-106,-48,-60,-3,-1237,-651,-147,1000,60,-441,17,-60,-150,
430603,4464521,1403700,166705,4207439,555778,-1385,458,7,596,-768,-106,-48,-47,2,-1261,-680,-110,1000,65,-461,0,-30,-152,
430587,4464521,1403700,166705,4207439,555778,-1419,453,-55,594,-764,-104,-60,-30,7,-1245,-665,-149,1000,59,-431,-11,6,-136,
430587,4490327,1403700,166705,4207439,555778,-1460,456,9,594,-771,-114,-81,13,25,-1257,-638,-160,1000,59,-431,0,50,-97,
430587,4490327,1388796,166705,4207439,555778,-1435,485,-37,594,-771,-114,-107,20,23,-1198,-726,-247,1000,61,-453,45,58,-66,
430587,4490327,1388796,166604,4207439,555778,-1360,513,-71,594,-772,-103,-99,28,21,-1140,-730,-272,1000,61,-453,23,67,-27,
430587,4490327,1388796,166604,4203255,555778,-1333,528,-57,594,-772,-103,-97,36,22,-1116,-728,-294,998,70,-445,1,60,13,
430587,4490327,1388796,166604,4203255,572274,-1322,556,-126,589,-760,-116,-95,49,9,-1121,-735,-310,998,70,-445,-14,61,48,
430587,4490327,1388796,166604,4203255,572274,-1315,592,-68,589,-768,-120,-72,49,-2,-1148,-729,-302,997,63,-468,-29,43,87,
430587,4490327,1388796,166604,4203255,572274,-1343,601,-113,589,-768,-120,-50,47,-22,-1187,-668,-314,1003,58,-450,-48,19,115,
430842,4490327,1388796,166604,4203255,572274,-1365,594,-113,589,-771,-113,-41,41,-48,-1167,-593,-327,1003,58,-450,-40,8,119,
430842,4495415,1388796,166604,4203255,572274,-1367,567,-105,589,-771,-113,-33,39,-62,-1210,-568,-292,1002,50,-471,-27,-11,118,
430842,4495415,1347902,166604,4203255,572274,-1358,533,-55,592,-770,-120,-22,29,-85,-1185,-505,-332,1002,50,-471,-2,-12,106,
430842,4495415,1347902,166665,4203255,572274,-1361,533,-125,592,-770,-120,-19,30,-106,-1186,-490,-333,999,49,-461,6,-20,72,
430842,4495415,1347902,166665,4189688,572274,-1355,513,-74,594,-766,-111,-30,25,-126,-1214,-499,-279,999,49,-461,-7,-30,37,
430842,4495415,1347902,166665,4189688,564229,-1337,491,-110,595,-765,-118,-31,25,-131,-1203,-476,-345,1001,61,-453,-6,-24,-4,
430842,4495415,1347902,166665,4189688,564229,-1376,507,-103,595,-765,-118,-30,28,-131,-1223,-484,-272,1001,61,-453,-3,-26,-32,
430842,4495415,1347902,166665,4189688,564229,-1409,467,-14,598,-763,-117,-28,36,-131,-1172,-511,-315,1000,50,-458,0,-31,-72,
429858,4495415,1347902,166665,4189688,564229,-1417,448,-134,598,-763,-117,-40,40,-125,-1163,-528,-276,1001,50,-458,-11,-34,-99,
429858,4503578,1347902,166665,4189688,564229,-1386,452,-94,600,-753,-114,-44,40,-117,-1243,-492,-260,1001,50,-458,-5,-14,-121,
429858,4503578,1369718,166665,4189688,564229,-1401,449,-92,599,-760,-117,-43,47,-105,-1185,-568,-301,1000,54,-454,24,-4,-149,
429858,4503578,1369718,166719,4189688,564229,-1354,457,-124,599,-760,-117,-52,55,-89,-1168,-613,-274,1000,54,-454,69,-6,-166,
429858,4503578,1369718,166719,4222909,564229,-1351,466,-154,602,-760,-115,-46,58,-80,-1162,-623,-270,1001,58,-439,68,-12,-177,
429858,4503578,1369718,166719,4222909,517073,-1342,471,-116,602,-760,-115,-27,64,-72,-1179,-679,-240,1001,58,-439,58,-5,-151,
429858,4503578,1369718,166719,4222909,517073,-1385,486,-150,601,-757,-115,-20,65,-64,-1189,-716,-279,996,68,-461,54,-20,-135,
429858,4503578,1369718,166719,4222909,517073,-1372,483,-130,601,-757,-115,-27,61,-62,-1214,-710,-239,1003,64,-454,30,-31,-115,
429962,4503578,1369718,166719,4222909,517073,-1378,489,-122,603,-758,-125,-21,57,-63,-1223,-680,-265,1003,64,-454,18,-46,-107,
429962,4509218,1369718,166719,4222909,517073,-1374,500,-89,606,-757,-121,-21,55,-74,-1227,-675,-229,1002,65,-451,19,-58,-96,
429962,4509218,1376851,166719,4222909,517073,-1386,462,-136,606,-757,-121,-29,42,-78,-1161,-669,-261,1002,65,-451,-3,-59,-82,
429962,4509218,1376851,166531,4222909,517073,-1353,478,-160,603,-758,-117,-35,39,-86,-1156,-636,-261,1002,64,-442,-13,-53,-72,
429962,4509218,1376851,166531,4273041,517073,-1385,480,-125,603,-758,-117,-37,31,-87,-1174,-625,-288,1002,64,-442,-20,-49,-61,
429962,4509218,1376851,166531,4273041,506934,-1354,456,-149,605,-749,-127,-36,21,-84,-1205,-609,-241,1001,73,-432,-1,-58,-49,
429962,4509218,1376851,166531,4273041,506934,-1387,473,-139,607,-755,-120,-34,25,-83,-1238,-594,-250,1001,73,-436,18,-59,-47,
429962,4509218,1376851,166531,4273041,506934,-1366,469,-112,607,-755,-120,-32,24,-76,-1220,-611,-246,1002,73,-436,21,-59,-64,
431883,4509218,1376851,166531,4273041,506934,-1395,470,-145,612,-754,-125,-30,23,-75,-1232,-640,-241,1005,69,-460,24,-64,-66,
431883,4520326,1376851,166531,4273041,506934,-1364,466,-104,612,-754,-125,-27,21,-79,-1229,-654,-237,1005,69,-460,32,-59,-69,
431883,4520326,1394795,166531,4273041,506934,-1379,468,-134,607,-751,-120,-28,16,-77,-1205,-685,-259,1004,71,-435,41,-78,-61,
431883,4520326,1394795,166646,4273041,506934,-1361,470,-117,607,-751,-120,-30,17,-72,-1194,-680,-199,1004,71,-435,18,-92,-49,
431883,4520326,1394795,166646,4312290,506934,-1352,472,-87,610,-757,-130,-24,22,-69,-1194,-662,-228,1007,69,-448,-6,-86,-36,
431883,4520326,1394795,166646,4312290,569306,-1344,445,-166,607,-751,-132,-17,29,-59,-1205,-659,-225,1007,69,-448,-11,-78,-24,
431883,4520326,1394795,166646,4312290,569306,-1404,473,-107,607,-751,-132,-18,41,-55,-1197,-661,-218,1007,85,-439,-13,-71,-9,
431883,4520326,1394795,166646,4312290,569306,-1418,469,-154,613,-749,-128,-16,44,-55,-1212,-647,-203,1009,69,-432,-19,-61,-8,
431759,4520326,1394795,166646,4312290,569306,-1444,459,-100,613,-749,-128,-13,39,-57,-1206,-666,-231,1009,69,-432,-21,-49,-3,
431759,4547937,1394795,166646,4312290,569306,-1421,448,-89,611,-741,-130,-10,38,-50,-1211,-647,-196,1011,70,-441,-35,-42,1,
431759,4547937,1406879,166646,4312290,569306,-1398,430,-139,615,-749,-135,-23,33,-51,-1210,-623,-225,1011,70,-441,-76,-23,-9,
431759,4547937,1406879,166672,4312290,569306,-1386,430,-110,615,-749,-135,-35,33,-39,-1214,-614,-221,1009,70,-432,-93,-24,-15,
431759,4547937,1406879,166672,4320803,569306,-1377,445,-178,616,-751,-126,-47,45,-33,-1222,-605,-224,1009,70,-432,-107,-23,-36,
431759,4547937,1406879,166672,4320803,577873,-1381,459,-124,616,-751,-126,-43,47,-32,-1202,-575,-231,1009,72,-435,-116,-25,-45,
431759,4547937,1406879,166672,4320803,577873,-1389,457,-106,612,-748,-130,-44,51,-29,-1221,-582,-229,1011,68,-453,-125,-19,-67,
431759,4547937,1406879,166672,4320803,577873,-1391,445,-148,612,-748,-141,-53,40,-24,-1238,-580,-222,1011,68,-453,-122,-8,-81,
431075,4547937,1406879,166672,4320803,577873,-1376,441,-144,610,-747,-141,-55,44,-20,-1221,-560,-230,1007,69,-442,-118,-9,-99,
431075,4562487,1406879,166672,4320803,577873,-1378,474,-104,614,-748,-135,-50,46,-23,-1212,-560,-261,1007,69,-442,-89,0,-113,
431075,4562487,1417506,166672,4320803,577873,-1387,470,-113,614,-748,-135,-48,47,-20,-1244,-546,-238,1007,69,-432,-44,6,-124,
431075,4562487,1417506,166687,4320803,577873,-1409,487,-169,613,-752,-133,-53,49,-15,-1242,-568,-249,1007,69,-432,36,30,-125,
431075,4562487,1417506,166687,4341561,577873,-1390,481,-120,613,-752,-133,-46,44,-11,-1183,-645,-228,1007,78,-439,119,53,-106,
431075,4562487,1417506,166687,4341561,554542,-1413,474,-148,613,-747,-129,-38,33,-13,-1141,-735,-224,1007,78,-439,131,66,-103,
431075,4562487,1417506,166687,4341561,554542,-1357,467,-107,612,-750,-144,-45,28,-26,-1132,-743,-232,1009,80,-432,100,70,-83,
431075,4562487,1417506,166687,4341561,554542,-1358,454,-112,612,-750,-144,-48,30,-28,-1151,-725,-235,1008,75,-429,60,54,-56,
431349,4562487,1417506,166687,4341561,554542,-1365,469,-106,615,-749,-138,-54,28,-35,-1138,-745,-250,1008,75,-429,47,41,-28,
431349,4571026,1417506,166687,4341561,554542,-1400,465,-162,615,-749,-138,-60,20,-38,-1161,-720,-261,1007,72,-446,27,40,4,
431349,4571026,1413211,166687,4341561,554542,-1363,473,-135,612,-744,-132,-65,12,-46,-1168,-682,-231,1007,72,-446,2,36,27,
431349,4571026,1413211,166657,4341561,554542,-1384,472,-120,612,-739,-134,-69,12,-42,-1172,-678,-244,1005,82,-430,-13,25,48,
431349,4571026,1413211,166657,4389516,554542,-1376,466,-141,612,-739,-134,-63,5,-41,-1180,-640,-245,1005,82,-430,-23,27,58,
431349,4571026,1413211,166657,4389516,575604,-1369,452,-118,611,-748,-134,-59,5,-39,-1204,-611,-238,1002,72,-425,-34,26,56,
431349,4571026,1413211,166657,4389516,575604,-1372,463,-134,611,-748,-134,-65,12,-40,-1192,-600,-254,1006,70,-435,-34,12,46,
431349,4571026,1413211,166657,4389516,575604,-1344,474,-95,613,-741,-134,-62,14,-43,-1200,-581,-257,1006,70,-435,-45,16,22,
429899,4571026,1413211,166657,4389516,575604,-1361,464,-136,613,-741,-134,-60,14,-42,-1185,-569,-286,1007,70,-428,-43,19,5,
429899,4577675,1413211,166657,4389516,575604,-1392,479,-139,613,-743,-128,-45,29,-41,-1201,-534,-280,1007,70,-428,-32,1,-16,
429899,4577675,1439264,166657,4389516,575604,-1374,497,-125,613,-743,-134,-43,30,-51,-1210,-545,-268,1006,67,-443,-29,-2,-46,
429899,4577675,1439264,166595,4389516,575604,-1399,482,-167,613,-743,-134,-43,13,-51,-1226,-554,-280,1006,67,-443,-42,-16,-90,
429899,4577675,1439264,166595,4421558,575604,-1374,459,-170,612,-747,-143,-38,7,-61,-1219,-535,-246,1005,76,-425,-46,-29,-135,
429899,4577675,1439264,166595,4421558,577036,-1353,461,-129,612,-747,-143,-37,4,-58,-1211,-569,-257,1005,76,-425,-47,-25,-157,
429899,4577675,1439264,166595,4421558,577036,-1354,443,-159,614,-739,-144,-30,14,-53,-1203,-590,-246,1005,69,-422,-53,-40,-182,
429899,4577675,1439264,166595,4421558,577036,-1385,456,-172,618,-740,-132,-35,16,-51,-1169,-611,-249,1014,72,-447,-64,-45,-194,
427207,4577675,1439264,166595,4421558,577036,-1365,458,-151,618,-740,-132,-30,21,-52,-1162,-631,-255,1014,72,-447,-73,-45,-198,
427207,4599717,1439264,166595,4421558,577036,-1394,459,-124,616,-743,-138,-26,25,-44,-1153,-690,-258,1007,77,-442,-77,-43,-191,
427207,4599717,1461865,166595,4421558,577036,-1393,465,-115,616,-743,-138,-19,31,-36,-1130,-689,-253,1007,77,-442,-89,-43,-188,
427207,4599717,1461865,166809,4421558,577036,-1398,466,-118,617,-737,-136,-15,36,-28,-1168,-699,-234,1011,81,-422,-98,-39,-171,
427207,4599717,1461865,166809,4439695,577036,-1374,475,-116,617,-737,-136,14,46,-23,-1199,-693,-231,1011,81,-422,-104,-41,-150,
427207,4599717,1461865,166809,4439695,552954,-1384,469,-114,615,-734,-132,22,44,-18,-1190,-704,-221,1005,85,-410,-87,-25,-125,
427207,4599717,1461865,166809,4439695,552954,-1392,470,-137,614,-742,-140,31,46,-19,-1194,-713,-243,1010,82,-426,-80,-26,-97,
427207,4599717,1461865,166809,4439695,552954,-1385,464,-136,614,-742,-140,26,46,-16,-1179,-710,-232,1010,82,-426,-80,-28,-85,
425014,4599717,1461865,166809,4439695,552954,-1394,449,-170,616,-745,-148,25,52,-17,-1192,-697,-219,1012,77,-436,-87,-19,-68,
425014,4628444,1461865,166809,4439695,552954,-1388,453,-172,616,-745,-148,22,53,-16,-1166,-672,-244,1012,77,-436,-84,-19,-38,
425014,4628444,1564927,166809,4439695,552954,-1391,451,-125,614,-733,-131,6,49,-14,-1205,-682,-222,1009,81,-429,-68,-16,-16,
425014,4628444,1564927,166789,4439695,552954,-1379,459,-176,614,-740,-142,6,45,-10,-1203,-655,-236,1009,81,-429,-16,-2,3,
425014,4628444,1564927,166789,4461375,552954,-1432,468,-118,614,-740,-142,4,46,-12,-1211,-667,-227,1009,84,-441,-5,5,12,
425014,4628444,1564927,166789,4461375,590788,-1413,456,-164,617,-744,-149,0,34,-11,-1179,-662,-238,1009,83,-434,-13,0,21,
425014,4628444,1564927,166789,4461375,590788,-1421,423,-161,617,-744,-149,-6,21,-11,-1178,-640,-257,1010,83,-434,-12,3,17,
425014,4628444,1564927,166789,4461375,590788,-1389,441,-153,615,-748,-154,-36,17,-9,-1179,-631,-245,1011,75,-436,-10,5,13,
424420,4628444,1564927,166789,4461375,590788,-1386,461,-168,615,-748,-154,-48,13,-9,-1178,-611,-283,1011,75,-436,-2,8,10,
424420,4654326,1564927,166789,4461375,590788,-1363,456,-154,611,-737,-153,-44,11,-10,-1185,-636,-229,1008,79,-437,1,9,12,
424420,4654326,1635552,166789,4461375,590788,-1397,449,-154,616,-744,-149,-46,13,-8,-1165,-628,-266,1008,79,-437,4,4,5,
424420,4654326,1635552,166681,4461375,590788,-1376,448,-144,616,-744,-149,-43,14,-5,-1198,-643,-241,1007,76,-437,-5,13,0,
424420,4654326,1635552,166681,4466106,590788,-1391,483,-124,615,-746,-161,-44,9,-14,-1161,-643,-270,1007,76,-437,4,13,-1,
424420,4654326,1635552,166681,4466106,581380,-1395,483,-188,615,-746,-161,-45,11,-13,-1205,-663,-252,1010,86,-433,13,12,3,
424420,4654326,1635552,166681,4466106,581380,-1400,484,-118,612,-739,-156,-46,10,-17,-1187,-650,-234,1006,73,-439,2,15,-5,
424420,4654326,1635552,166681,4466106,581380,-1370,455,-174,613,-741,-154,-34,8,-16,-1188,-651,-248,1006,73,-439,-1,10,-5,
423260,4654326,1635552,166681,4466106,581380,-1381,462,-183,613,-741,-154,-37,9,-18,-1192,-632,-266,1007,73,-436,3,11,-11,
423260,4665822,1635552,166681,4466106,581380,-1384,466,-167,614,-744,-142,-49,19,-24,-1181,-632,-239,1007,73,-436,-5,16,-10,
423260,4665822,1675886,166681,4466106,581380,-1400,477,-164,614,-744,-142,-50,23,-18,-1199,-632,-229,1008,77,-433,-10,19,-18,
423260,4665822,1675886,166834,4466106,581380,-1383,478,-130,613,-745,-155,-47,21,-22,-1209,-637,-238,1008,77,-433,-6,24,-16,
423260,4665822,1675886,166834,4469719,581380,-1382,468,-177,613,-745,-155,-43,19,-29,-1194,-635,-275,1009,80,-437,1,30,-16,
423260,4665822,1675886,166834,4469719,587938,-1399,474,-173,614,-737,-150,-47,18,-29,-1203,-641,-239,1007,75,-437,3,30,-21,
423260,4665822,1675886,166834,4469719,587938,-1357,448,-172,615,-744,-153,-45,15,-30,-1155,-636,-281,1007,75,-437,3,19,-19,
423260,4665822,1675886,166834,4469719,587938,-1377,438,-157,615,-744,-153,-41,19,-31,-1174,-631,-255,1005,74,-432,5,21,-28,
420662,4665822,1675886,166834,4469719,587938,-1388,451,-206,614,-744,-148,-37,21,-27,-1173,-637,-261,1005,74,-432,6,12,-17,
420662,4669244,1675886,166834,4469719,587938,-1375,456,-121,614,-744,-148,-40,16,-22,-1159,-643,-256,1008,77,-420,6,19,-25,
420662,4669244,1707180,166834,4469719,587938,-1386,459,-127,614,-740,-143,-39,11,-21,-1182,-626,-238,1008,77,-420,2,8,-26,
420662,4669244,1707180,166817,4469719,587938,-1393,472,-181,616,-745,-153,-39,8,-22,-1197,-638,-248,1006,79,-427,9,11,-28,
420662,4669244,1707180,166817,4471513,587938,-1387,473,-165,616,-745,-153,-45,-8,-18,-1185,-644,-254,1006,79,-427,-1,16,-35,
420662,4669244,1707180,166817,4471513,581012,-1384,450,-112,613,-747,-153,-39,-2,-26,-1189,-638,-281,1006,75,-440,6,3,-33,
420662,4669244,1707180,166817,4471513,581012,-1378,461,-186,613,-747,-153,-38,2,-26,-1190,-650,-273,1010,73,-442,9,9,-41,
420662,4669244,1707180,166817,4471513,581012,-1362,477,-119,609,-745,-153,-45,0,-24,-1184,-644,-288,1010,73,-442,-1,1,-37,
422146,4669244,1707180,166817,4471513,581012,-1386,460,-163,609,-745,-153,-37,1,-28,-1184,-652,-258,1005,75,-431,-5,-1,-28,
422146,4672575,1707180,166817,4471513,581012,-1368,478,-135,610,-748,-158,-36,1,-33,-1185,-654,-267,1005,75,-431,3,1,-23,
422146,4672575,1695352,166817,4471513,581012,-1367,476,-131,613,-739,-149,-37,-4,-40,-1185,-654,-273,1006,80,-424,7,5,-27,
422146,4672575,1695352,166667,4471513,581012,-1403,469,-191,613,-739,-149,-31,-3,-44,-1187,-648,-274,1006,80,-424,12,8,-18,
422146,4672575,1695352,166667,4470672,581012,-1405,467,-155,612,-743,-145,-30,0,-36,-1186,-646,-256,1005,76,-430,2,-1,-16,
422146,4672575,1695352,166667,4470672,557859,-1384,469,-153,612,-743,-145,-21,7,-39,-1204,-644,-232,1006,77,-432,5,-6,-10,
422146,4672575,1695352,166667,4470672,557859,-1389,470,-150,615,-739,-155,-25,3,-29,-1199,-645,-262,1006,77,-432,0,-4,-22,
422146,4672575,1695352,166667,4470672,557859,-1394,470,-161,611,-744,-154,7,-6,-26,-1184,-665,-248,1005,75,-440,1,4,-20,
420450,4672575,1695352,166667,4470672,557859,-1375,442,-188,611,-744,-154,18,-19,-15,-1182,-637,-252,1005,75,-440,2,-2,-10,
420450,4674027,1695352,166667,4470672,557859,-1364,416,-170,610,-745,-152,13,-18,1,-1184,-626,-237,1010,72,-432,3,-3,-14,
420450,4674027,1668761,166667,4470672,557859,-1398,430,-149,610,-745,-152,8,-22,5,-1165,-640,-234,1010,72,-432,15,2,-18,
420450,4674027,1668761,166738,4470672,557859,-1403,431,-185,613,-741,-160,-5,-17,10,-1184,-645,-271,1006,76,-426,4,6,-26,
420450,4674027,1668761,166738,4471094,557859,-1381,444,-152,613,-741,-163,-21,-23,16,-1194,-653,-268,1006,76,-420,2,2,-23,
420450,4674027,1668761,166738,4471094,558414,-1384,456,-169,608,-742,-163,-23,-22,15,-1179,-653,-267,1003,75,-420,-5,-8,-24,
420450,4674027,1668761,166738,4471094,558414,-1400,487,-130,612,-742,-153,-19,-15,14,-1188,-658,-271,1009,75,-448,-9,2,-21,
420450,4674027,1668761,166738,4471094,558414,-1396,480,-142,612,-742,-153,-17,-10,12,-1197,-656,-240,1009,75,-448,-13,11,-26,
420166,4674027,1668761,166738,4471094,558414,-1360,463,-171,612,-742,-156,-29,-11,-250,-1201,-637,-276,1010,73,-427,-28,16,-16,
420166,4674594,1668761,166738,4471094,558414,-1390,481,-158,612,-742,-156,-50,4,-13,-1201,-656,-254,1010,73,-427,-10,20,-12,
420166,4674594,1653366,166738,4471094,558414,-1374,496,-164,607,-740,-158,-47,2,-19,-1184,-648,-285,1007,76,-441,8,12,-3,
420166,4674594,1653366,166560,4471094,558414,-1377,478,-140,612,-743,-162,-43,5,-25,-1167,-633,-276,1007,76,-441,4,7,-6,
420166,4674594,1653366,166560,4470614,558414,-1383,478,-174,612,-743,-162,-43,11,-26,-1171,-629,-236,1006,76,-434,1,3,-16,
420166,4674594,1653366,166560,4470614,565418,-1381,462,-132,605,-746,-157,-51,15,-31,-1196,-625,-283,1008,76,-414,7,8,-19,
420166,4674594,1653366,166560,4470614,565418,-1373,473,-150,605,-746,-157,-50,14,-28,-1204,-637,-271,1008,76,-414,15,12,-19,
420166,4674594,1653366,166560,4470614,565418,-1397,468,-160,605,-742,-156,-53,15,-29,-1202,-622,-255,1008,72,-447,14,8,-22,
418853,4674594,1653366,166560,4470614,565418,-1361,444,-157,605,-739,-161,-52,21,-29,-1200,-630,-249,1008,72,-447,18,9,-36,
418853,4668753,1653366,166560,4470614,565418,-1378,463,-143,609,-739,-161,-49,18,-32,-1173,-635,-267,1006,76,-432,22,9,-42,
418853,4668753,1662202,166560,4470614,565418,-1369,456,-152,610,-741,-159,-57,16,-33,-1183,-636,-266,1006,76,-432,20,8,-39,
418853,4668753,1662202,166613,4470614,565418,-1378,460,-153,610,-741,-159,-55,17,-28,-1189,-648,-236,1007,81,-425,8,3,-42,
418853,4668753,1662202,166613,4469378,565418,-1386,457,-182,610,-743,-156,-51,18,-25,-1202,-665,-256,1007,77,-426,7,1,-30,
418853,4668753,1662202,166613,4469378,552760,-1377,466,-161,610,-743,-156,-52,18,-20,-1186,-640,-260,1007,77,-426,10,-1,-35,
418853,4668753,1662202,166613,4469378,552760,-1382,460,-158,608,-737,-158,-56,9,-23,-1169,-648,-252,1006,72,-437,17,2,-36,
418853,4668753,1662202,166613,4469378,552760,-1375,461,-157,610,-746,-153,-54,3,-22,-1170,-632,-270,1006,72,-437,10,6,-35,
210561,4668753,1662202,166613,4469378,552760,-1365,464,-157,610,-746,-153,-49,0,-22,-1171,-637,-270,1010,76,-444,8,3,-32,
210561,4667398,1662202,166613,4469378,552760,-1357,475,-136,608,-749,-151,-52,3,-21,-1186,-639,-248,1010,76,-444,14,11,-33,
210561,4667398,1652893,166613,4469378,552760,-1369,455,-179,608,-749,-151,-55,-2,-20,-1180,-651,-264,1006,77,-422,10,9,-32,
210561,4667398,1652893,166521,4469378,552760,-1389,470,-127,606,-739,-155,-51,-3,-18,-1171,-640,-270,1006,77,-422,8,6,-27,
210561,4667398,1652893,166521,4468803,552760,-1390,468,-152,608,-737,-168,-55,-1,-28,-1154,-644,-284,1005,85,-434,7,6,-32,
210561,4667398,1652893,166521,4468803,553376,-1396,459,-198,608,-737,-168,-58,-2,-24,-1188,-657,-259,1007,74,-437,8,9,-29,
210561,4667398,1652893,166521,4468803,553376,-1393,470,-161,608,-747,-156,-58,-10,-25,-1175,-651,-255,1007,74,-437,10,14,-30,
210561,4667398,1652893,166521,4468803,553376,-1388,459,-150,608,-747,-156,-48,-17,-20,-1181,-649,-258,1009,73,-441,15,8,-24,
199614,4667398,1652893,166521,4468803,553376,-1392,446,-180,608,-746,-153,-46,-14,-18,-1177,-649,-243,1009,73,-441,0,2,-30,
199614,4668452,1652893,166521,4468803,553376,-1398,453,-161,608,-746,-153,-47,-8,-15,-1179,-634,-299,1004,80,-434,3,-2,-24,
199614,4668452,1648782,166521,4468803,553376,-1368,463,-146,606,-744,-168,-50,-8,-15,-1177,-639,-281,1004,80,-434,6,-2,-23,
199614,4668452,1648782,166778,4468803,553376,-1389,470,-165,607,-744,-158,-53,-4,-12,-1184,-646,-274,1005,83,-423,11,5,-25,
199614,4668452,1648782,166778,4469129,553376,-1361,478,-101,607,-744,-158,-56,-4,-17,-1198,-658,-246,1007,81,-434,8,5,-25,
199614,4668452,1648782,166778,4469129,554077,-1381,491,-142,608,-749,-157,-57,-1,-23,-1180,-644,-272,1007,81,-434,8,-10,-25,
199614,4668452,1648782,166778,4469129,554077,-1373,482,-156,608,-749,-157,-55,-2,-28,-1176,-645,-244,1008,75,-428,17,-7,-27,
199614,4668452,1648782,166778,4469129,554077,-1393,490,-153,608,-736,-157,-48,4,-30,-1189,-648,-264,1008,75,-428,16,-8,-24,
405418,4668452,1648782,166778,4469129,554077,-1384,487,-136,608,-746,-150,-50,2,-30,-1179,-659,-228,1008,76,-432,4,-3,-21,
405418,4667776,1648782,166778,4469129,554077,-1399,489,-159,608,-746,-150,-41,-3,-38,-1182,-658,-261,1008,76,-432,6,1,-23,
405418,4667776,1643973,166778,4469129,554077,-1378,470,-156,608,-748,-159,-40,1,-34,-1166,-647,-269,1007,79,-421,11,11,-21,
405418,4667776,1643973,166731,4469129,554077,-1370,463,-137,608,-748,-159,-39,0,-32,-1193,-649,-247,1007,79,-421,2,4,-21,
405418,4667776,1643973,166731,4469703,554077,-1384,459,-154,610,-749,-149,-43,-2,-28,-1183,-637,-262,1007,77,-430,9,9,-20,
405418,4667776,1643973,166731,4469703,567015,-1394,456,-173,610,-749,-149,-52,0,-23,-1193,-640,-251,1009,77,-438,9,4,-21,
405418,4667776,1643973,166731,4469703,567015,-1382,458,-115,612,-742,-164,-52,1,-15,-1210,-649,-229,1009,77,-438,4,3,-16,
405418,4667776,1643973,166731,4469703,567015,-1372,456,-139,607,-749,-159,-54,-3,-8,-1198,-633,-287,1006,77,-440,14,11,-19,
404694,4667776,1643973,166731,4469703,567015,-1393,462,-123,607,-749,-159,-54,1,-18,-1192,-641,-257,1006,77,-440,18,13,-24,
404694,4666895,1643973,166731,4469703,567015,-1378,490,-154,606,-745,-155,-52,0,-18,-1163,-639,-268,1005,79,-423,18,5,-22,
404694,4666895,1586821,166731,4469703,567015,-1373,465,-164,606,-745,-155,-52,-1,-11,-1187,-652,-254,1005,79,-423,18,6,-27,
404694,4666895,1586821,166809,4469703,567015,-1380,468,-164,606,-744,-155,-43,-7,-20,-1167,-655,-237,1008,78,-422,22,6,-30,
404694,4666895,1586821,166809,4465017,567015,-1376,467,-173,606,-745,-160,-53,-2,-18,-1184,-652,-258,1007,84,-423,12,7,-34,
404694,4666895,1586821,166809,4465017,567833,-1386,486,-167,606,-745,-160,-57,-1,-20,-1182,-640,-264,1007,84,-423,11,11,-39,
404694,4666895,1586821,166809,4465017,567833,-1394,449,-154,605,-750,-160,-52,-3,-26,-1187,-646,-269,1006,77,-432,4,4,-39,
404694,4666895,1586821,166809,4465017,567833,-1378,473,-165,605,-750,-160,-53,-4,-24,-1169,-650,-257,1006,77,-432,0,-5,-34,
392394,4666895,1586821,166809,4465017,567833,-1378,464,-136,603,-752,-155,-50,1,-22,-1191,-653,-243,1006,78,-430,7,-13,-31,
392394,4665404,1586821,166809,4465017,567833,-1396,486,-148,603,-752,-155,-53,6,-28,-1181,-650,-252,1006,78,-430,13,-9,-28,
392394,4665404,1583480,166809,4465017,567833,-1397,481,-176,604,-747,-158,-52,8,-31,-1189,-645,-261,1006,84,-430,5,-2,-32,
392394,4665404,1583480,166678,4465017,567833,-1395,488,-113,605,-746,-159,-52,12,-30,-1196,-655,-256,1006,84,-430,2,-3,-36,
392394,4665404,1583480,166678,4465467,567833,-1383,474,-173,605,-746,-159,-56,6,-24,-1172,-653,-257,1006,80,-430,-5,3,-27,
392394,4665404,1583480,166678,4465467,563015,-1375,475,-163,606,-750,-160,-53,8,-35,-1204,-656,-247,1010,76,-444,5,4,-24,
392394,4665404,1583480,166678,4465467,563015,-1392,476,-168,606,-750,-160,-55,8,-31,-1166,-642,-273,1010,76,-444,13,10,-19,
392394,4665404,1583480,166678,4465467,563015,-1376,467,-167,603,-748,-148,-48,7,-29,-1200,-648,-248,1006,78,-439,7,1,-22,
387270,4665404,1583480,166678,4465467,563015,-1396,470,-186,608,-749,-156,-51,10,-25,-1187,-648,-259,1006,78,-439,16,-2,-23,
387270,4664599,1583480,166678,4465467,563015,-1399,454,-146,608,-749,-156,-59,6,-24,-1183,-640,-260,1008,82,-433,23,14,-27,
387270,4664599,1581621,166678,4465467,563015,-1385,462,-160,606,-750,-158,-66,4,-16,-1184,-646,-278,1008,82,-433,23,14,-23,
387270,4664599,1581621,166510,4465467,563015,-1382,468,-163,606,-750,-158,-70,-3,-23,-1156,-641,-290,1006,84,-438,9,8,-32,
387270,4664599,1581621,166510,4457383,563015,-1362,465,-177,606,-749,-156,-74,-3,-10,-1182,-650,-242,1009,80,-421,12,6,-29,
387270,4664599,1581621,166510,4457383,594190,-1365,478,-152,606,-749,-156,-69,-7,-8,-1171,-651,-276,1009,80,-421,11,2,-24,
387270,4664599,1581621,166510,4457383,594190,-1380,455,-157,602,-748,-158,-58,-11,-3,-1180,-648,-249,1010,79,-444,17,1,-28,
387270,4664599,1581621,166510,4457383,594190,-1367,465,-177,610,-752,-154,-76,-2,-4,-1167,-650,-246,1010,79,-444,11,1,-28,
368028,4664599,1581621,166510,4457383,594190,-1394,484,-141,610,-752,-154,-80,-4,-10,-1160,-649,-290,1006,84,-433,16,3,-26,
368028,4664750,1581621,166510,4457383,594190,-1362,496,-119,604,-751,-152,-68,-10,-13,-1185,-672,-234,1006,84,-433,20,6,-24,
368028,4664750,1579196,166510,4457383,594190,-1365,505,-154,604,-751,-152,-58,6,-18,-1161,-645,-283,1006,89,-436,16,5,-23,
368028,4664750,1579196,166722,4457383,594190,-1369,492,-194,604,-747,-149,-49,9,-21,-1189,-660,-224,1006,86,-446,14,2,-25,
368028,4664750,1579196,166722,4457321,594190,-1368,493,-151,603,-754,-153,-44,0,-27,-1150,-648,-276,1006,86,-446,12,6,-19,
368028,4664750,1579196,166722,4457321,584912,-1375,483,-183,603,-754,-153,-48,2,-31,-1184,-657,-243,1008,80,-429,2,4,-17,
368028,4664750,1579196,166722,4457321,584912,-1386,478,-136,606,-751,-152,-47,6,-36,-1186,-673,-263,1008,80,-429,-3,7,-14,
368028,4664750,1579196,166722,4457321,584912,-1382,470,-151,606,-751,-152,-45,4,-37,-1194,-648,-265,1008,82,-425,-1,7,-14,
166118,4664750,1579196,166722,4457321,584912,-1403,462,-205,604,-751,-158,-46,5,-38,-1177,-661,-265,1008,82,-425,11,3,-8,
166118,4664566,1579196,166722,4457321,584912,-1362,468,-129,604,-751,-153,-47,7,-36,-1182,-649,-218,1008,86,-436,14,9,-13,
166118,4664566,1572247,166722,4457321,584912,-1372,474,-159,604,-754,-153,-47,-1,-32,-1169,-634,-255,1008,86,-436,0,6,-4,
166118,4664566,1572247,166751,4457321,584912,-1360,465,-156,607,-752,-150,-43,-2,-26,-1178,-644,-266,1006,85,-439,6,5,-14,
166118,4664566,1572247,166751,4458933,584912,-1371,471,-123,607,-752,-150,-49,1,-25,-1188,-655,-244,1009,80,-433,-1,1,-10,
166118,4664566,1572247,166751,4458933,599777,-1407,474,-184,606,-753,-143,-48,9,-22,-1182,-660,-255,1009,80,-433,-7,0,-18,
166118,4664566,1572247,166751,4458933,599777,-1373,474,-116,606,-753,-143,-49,1,-25,-1182,-641,-259,1004,79,-431,-4,5,-14,
166118,4664566,1572247,166751,4458933,599777,-1385,474,-158,603,-747,-154,-56,-1,-22,-1202,-647,-247,1004,79,-431,0,11,-17,
166143,4664566,1572247,166751,4458933,599777,-1371,472,-133,603,-754,-151,-57,1,-15,-1196,-653,-216,1009,86,-435,7,15,-8,
166143,4663119,1572247,166751,4458933,599777,-1390,476,-159,603,-754,-151,-59,5,-13,-1186,-646,-259,1009,86,-435,9,6,-8,
166143,4663119,1539721,166751,4458933,599777,-1372,485,-161,603,-753,-155,-56,3,-20,-1183,-635,-258,1008,84,-443,6,9,-14,
166143,4663119,1539721,166707,4458933,599777,-1385,483,-193,603,-753,-155,-54,1,-25,-1187,-629,-262,1006,78,-439,8,6,-23,
166143,4663119,1539721,166707,4457578,599777,-1363,488,-129,602,-751,-164,-53,9,-20,-1168,-633,-279,1006,78,-439,5,9,-26,
166143,4663119,1539721,166707,4457578,597264,-1353,480,-148,602,-749,-158,-45,7,-28,-1181,-631,-249,1007,81,-423,12,14,-32,
166143,4663119,1539721,166707,4457578,597264,-1370,476,-141,604,-749,-158,-51,8,-33,-1190,-643,-243,1007,81,-423,14,8,-37,
166143,4663119,1539721,166707,4457578,597264,-1379,471,-199,601,-754,-154,-47,6,-35,-1178,-657,-283,1006,79,-440,12,5,-40,
166123,4663119,1539721,166707,4457578,597264,-1393,487,-148,601,-754,-154,-48,7,-29,-1186,-644,-254,1006,79,-440,21,7,-37,
166123,4662727,1539721,166707,4457578,597264,-1369,471,-179,599,-751,-153,-43,7,-34,-1185,-654,-250,1006,83,-432,21,4,-29,
166123,4662727,1549976,166707,4457578,597264,-1384,490,-155,599,-751,-153,-41,13,-36,-1176,-660,-261,1006,83,-432,15,2,-36,
166123,4662727,1549976,166705,4457578,597264,-1349,484,-136,602,-745,-165,-41,14,-30,-1185,-648,-258,1007,82,-435,9,2,-33,
166123,4662727,1549976,166705,4450204,597264,-1381,470,-173,602,-755,-147,-44,11,-38,-1168,-639,-261,1006,82,-424,6,8,-36,
166123,4662727,1549976,166705,4450204,604568,-1379,474,-226,602,-755,-147,-36,6,-40,-1180,-654,-251,1006,82,-424,10,6,-35,
166123,4662727,1549976,166705,4450204,604568,-1377,478,-175,605,-751,-166,-38,11,-37,-1140,-647,-262,1003,82,-442,12,8,-35,
166123,4662727,1549976,166705,4450204,604568,-1382,473,-166,605,-751,-166,-43,10,-34,-1185,-657,-279,1003,82,-442,4,4,-24,
166157,4662727,1549976,166705,4450204,604568,-1398,471,-151,604,-745,-164,-37,4,-37,-1182,-655,-253,1006,85,-427,8,11,-23,
166157,4662157,1549976,166705,4450204,604568,-1370,451,-183,604,-747,-156,-42,6,-35,-1172,-658,-264,1006,85,-427,9,10,-28,
166157,4662157,1547856,166705,4450204,604568,-1381,474,-164,602,-747,-156,-44,1,-36,-1183,-661,-267,1005,85,-435,10,-3,-20,
166157,4662157,1547856,166798,4450204,604568,-1382,465,-156,602,-752,-158,-43,9,-33,-1150,-647,-284,1010,82,-442,4,0,-23,
166157,4662157,1547856,166798,4448273,604568,-1377,467,-159,602,-752,-158,-48,3,-25,-1186,-659,-236,1010,82,-442,6,-10,-16,
166157,4662157,1547856,166798,4448273,612188,-1375,480,-98,605,-749,-159,-56,2,-22,-1178,-645,-258,1007,81,-425,9,0,-17,
166157,4662157,1547856,166798,4448273,612188,-1398,467,-176,605,-749,-159,-57,2,-19,-1180,-648,-268,1007,81,-425,3,3,-28,
166157,4662157,1547856,166798,4448273,612188,-1400,480,-147,606,-747,-155,-45,8,-20,-1184,-646,-243,1003,82,-439,2,0,-23,
166019,4662157,1547856,166798,4448273,612188,-1361,472,-127,602,-756,-154,-50,7,-19,-1185,-642,-240,1003,82,-439,2,-8,-22,
166019,4662399,1547856,166798,4448273,612188,-1374,465,-177,602,-756,-154,-62,3,-20,-1184,-641,-256,1007,88,-441,14,6,-21,
166019,4662399,1549519,166798,4448273,612188,-1381,491,-148,605,-753,-158,-57,2,-31,-1184,-647,-256,1007,89,-442,14,6,-20,
166019,4662399,1549519,166789,4448273,612188,-1369,488,-173,605,-753,-158,-52,0,-21,-1176,-645,-283,1003,89,-442,18,6,-24,
166019,4662399,1549519,166789,4449151,612188,-1368,477,-140,604,-742,-160,-42,-1,-21,-1182,-659,-242,1007,80,-426,20,-3,-21,
166019,4662399,1549519,166789,4449151,614483,-1391,475,-157,603,-751,-155,-39,-5,-24,-1191,-652,-261,1007,80,-426,2,2,-24,
166019,4662399,1549519,166789,4449151,614483,-1388,463,-170,603,-751,-155,-50,1,-18,-1185,-658,-260,1007,83,-440,-4,-4,-19,
166019,4662399,1549519,166789,4449151,614483,-1411,480,-154,606,-755,-156,-58,-2,-17,-1194,-661,-245,1007,83,-440,1,0,-22,
166116,4662399,1549519,166789,4449151,614483,-1384,492,-137,606,-755,-156,-50,-1,-21,-1191,-650,-260,1006,82,-423,3,1,-22,
166116,4663529,1549519,166789,4449151,614483,-1376,487,-182,600,-749,-154,-45,9,-29,-1189,-656,-218,1006,82,-423,5,1,-19,
166116,4663529,1553594,166789,4449151,614483,-1390,493,-158,600,-749,-154,-41,6,-32,-1168,-644,-248,1008,92,-458,15,9,-22,
166116,4663529,1553594,166475,4449151,614483,-1364,481,-121,602,-747,-153,-43,3,-35,-1202,-649,-234,1006,79,-413,12,2,-23,
166116,4663529,1553594,166475,4449569,614483,-1378,493,-168,603,-750,-156,-40,13,-37,-1180,-648,-270,1006,79,-413,5,4,-25,
166116,4663529,1553594,166475,4449569,632028,-1388,473,-188,603,-750,-156,-41,13,-37,-1191,-638,-264,1008,83,-430,12,5,-31,
166116,4663529,1553594,166475,4449569,632028,-1391,472,-158,606,-754,-168,-32,15,-36,-1178,-650,-238,1008,83,-430,15,9,-35,
166116,4663529,1553594,166475,4449569,632028,-1366,462,-127,606,-754,-168,-42,13,-45,-1184,-637,-259,1005,84,-433,10,4,-39,
166133,4663529,1553594,166475,4449569,632028,-1380,469,-178,606,-744,-159,-49,17,-33,-1185,-636,-279,1005,84,-433,18,0,-42,
166133,4662601,1553594,166475,4449569,632028,-1382,471,-170,603,-747,-161,-46,14,-33,-1167,-636,-286,1008,88,-453,29,3,-48,
166133,4662601,1551988,166475,4449569,632028,-1371,483,-135,603,-747,-161,-46,13,-38,-1179,-645,-261,1010,84,-449,20,3,-50,
166133,4662601,1551988,166833,4449569,632028,-1381,488,-191,604,-750,-159,-39,16,-43,-1178,-650,-247,1010,84,-449,21,0,-53,
166133,4662601,1551988,166833,4442341,632028,-1383,484,-180,604,-750,-159,-43,16,-48,-1165,-650,-252,1007,79,-427,26,2,-49,
166133,4662601,1551988,166833,4442341,625130,-1389,493,-141,606,-747,-163,-43,12,-49,-1183,-670,-277,1007,79,-427,8,-6,-51,
166133,4662601,1551988,166833,4442341,625130,-1362,496,-129,606,-747,-163,-44,14,-54,-1177,-660,-262,1007,86,-429,19,-1,-54,
166133,4662601,1551988,166833,4442341,625130,-1356,496,-164,605,-745,-160,-38,21,-58,-1190,-661,-248,1007,86,-429,25,-5,-47,
166170,4662601,1551988,166833,4442341,625130,-1386,516,-155,605,-747,-158,-39,23,-84,-1170,-662,-251,1008,90,-440,31,-10,-43,
166170,4655946,1551988,166833,4442341,625130,-1359,533,-139,605,-747,-158,-48,37,-93,-1174,-655,-269,1008,90,-440,23,-11,-47,
166170,4655946,1499543,166833,4442341,625130,-1352,552,-142,607,-752,-153,-34,40,-118,-1181,-649,-256,1011,88,-412,29,9,-45,
166170,4655946,1499543,166710,4442341,625130,-1334,549,-138,607,-752,-153,-23,50,-138,-1185,-664,-285,1009,86,-419,24,1,-42,
166170,4655946,1499543,166710,4439018,625130,-1356,541,-157,610,-740,-151,-14,62,-157,-1172,-645,-246,1009,86,-419,27,-1,-45,
166170,4655946,1499543,166710,4439018,615218,-1383,549,-155,615,-741,-161,-1,65,-181,-1174,-660,-275,1008,86,-432,18,-1,-44,
166170,4655946,1499543,166710,4439018,615218,-1346,536,-164,615,-741,-161,33,55,-201,-1171,-669,-274,1008,86,-432,23,0,-39,
166170,4655946,1499543,166710,4439018,615218,-1369,444,-194,616,-738,-158,56,47,-210,-1180,-655,-258,1006,94,-432,15,-3,-38,
166107,4655946,1499543,166710,4439018,615218,-1377,425,-178,616,-738,-158,38,33,-214,-1169,-669,-259,1006,94,-432,11,-4,-37,
166107,4639512,1499543,166710,4439018,615218,-1395,404,-195,619,-730,-170,28,30,-204,-1164,-654,-259,1009,90,-439,11,-2,-37,
166107,4639512,1507488,166710,4439018,615218,-1419,372,-207,619,-730,-170,29,27,-195,-1198,-663,-244,1009,92,-441,16,2,-37,
166107,4639512,1507488,166757,4439018,615218,-1389,347,-224,623,-725,-163,20,21,-152,-1159,-662,-234,1009,92,-441,15,-3,-31,
166107,4639512,1507488,166757,4434682,615218,-1403,352,-117,625,-725,-167,-6,21,-122,-1173,-672,-243,1010,88,-445,15,7,-33,
166107,4639512,1507488,166757,4434682,630989,-1421,318,-186,625,-725,-167,-17,10,-91,-1181,-658,-261,1010,88,-445,13,3,-29,
166107,4639512,1507488,166757,4434682,630989,-1417,299,-214,627,-726,-179,-27,3,-62,-1177,-663,-242,1013,89,-430,7,1,-28,
166107,4639512,1507488,166757,4434682,630989,-1431,334,-188,627,-726,-179,-48,-1,-30,-1176,-662,-277,1013,89,-430,19,6,-30,
166209,4639512,1507488,166757,4434682,630989,-1430,349,-215,625,-722,-172,-71,-4,0,-1186,-668,-230,1007,94,-437,12,7,-34,
166209,4636388,1507488,166757,4434682,630989,-1395,359,-179,624,-729,-167,-80,0,19,-1170,-647,-237,1007,94,-430,-1,5,-27,
166209,4636388,1549559,166757,4434682,630989,-1390,387,-147,624,-729,-167,-75,-3,48,-1176,-665,-241,1006,88,-430,7,-1,-17,
166209,4636388,1549559,166771,4434682,630989,-1398,428,-169,625,-731,-175,-76,-13,60,-1160,-667,-227,1010,86,-419,8,8,-18,
166209,4636388,1549559,166771,4438768,630989,-1394,423,-149,625,-731,-175,-78,-17,66,-1174,-668,-240,1010,86,-419,-4,11,-11,
166209,4636388,1549559,166771,4438768,625109,-1401,429,-233,618,-733,-164,-82,-5,77,-1162,-662,-255,1008,90,-421,6,8,-9,
166209,4636388,1549559,166771,4438768,625109,-1354,469,-109,618,-733,-163,-88,-1,78,-1163,-672,-258,1008,90,-421,1,6,-6,
166209,4636388,1549559,166771,4438768,625109,-1379,470,-168,616,-734,-163,-78,-7,88,-1176,-657,-231,1014,88,-423,1,8,-11,
166116,4636388,1549559,166771,4438768,625109,-1380,467,-187,619,-740,-166,-78,-7,76,-1166,-661,-235,1014,88,-423,1,13,-6,
166116,4638388,1549559,166771,4438768,625109,-1380,496,-194,619,-740,-166,-81,-7,60,-1188,-652,-258,1009,93,-428,3,9,-4,
166116,4638388,1504250,166771,4438768,625109,-1372,487,-165,614,-743,-164,-74,-8,47,-1167,-650,-255,1009,85,-433,6,8,-2,
166116,4638388,1504250,166506,4438768,625109,-1359,496,-130,614,-743,-164,-76,-9,39,-1180,-667,-269,1009,85,-433,12,14,-6,
166116,4638388,1504250,166506,4438743,625109,-1385,494,-208,611,-737,-162,-74,-5,30,-1171,-660,-260,1006,88,-420,4,15,-8,
166116,4638388,1504250,166506,4438743,630459,-1384,507,-165,616,-740,-161,-73,-9,19,-1173,-656,-281,1006,88,-420,6,17,-1,
166116,4638388,1504250,166506,4438743,630459,-1365,502,-139,616,-740,-161,-65,-11,3,-1164,-666,-245,1004,89,-433,7,9,1,
166116,4638388,1504250,166506,4438743,630459,-1378,497,-150,613,-742,-168,-63,-14,0,-1166,-661,-236,1004,89,-433,13,12,1,
166146,4638388,1504250,166506,4438743,630459,-1394,460,-208,613,-742,-168,-50,-24,-15,-1182,-637,-247,1010,98,-438,2,1,-4,
166146,4639786,1504250,166506,4438743,630459,-1405,439,-150,611,-739,-170,-48,-20,-21,-1202,-661,-248,1010,89,-414,7,2,-3,
166146,4639786,1502726,166506,4438743,630459,-1378,462,-162,611,-739,-172,-62,-9,-24,-1194,-654,-242,1008,89,-414,16,4,-8,
166146,4639786,1502726,166707,4438743,630459,-1396,466,-174,607,-742,-172,-54,-4,-27,-1179,-643,-254,1007,84,-426,15,-1,-10,
166146,4639786,1502726,166707,4438047,630459,-1395,464,-145,610,-743,-165,-56,-3,-28,-1192,-640,-253,1007,84,-426,9,3,-21,
166146,4639786,1502726,166707,4438047,627549,-1374,476,-185,610,-743,-165,-61,-3,-25,-1199,-646,-229,1009,84,-440,11,6,-28,
166146,4639786,1502726,166707,4438047,627549,-1384,478,-150,610,-744,-156,-58,5,-20,-1176,-640,-253,1009,84,-440,18,0,-33,
166146,4639786,1502726,166707,4438047,627549,-1379,473,-152,610,-744,-156,-50,4,-20,-1171,-637,-227,1008,90,-445,12,4,-52,
166264,4639786,1502726,166707,4438047,627549,-1370,464,-189,614,-739,-157,-51,7,-23,-1186,-631,-270,1008,90,-445,1,8,-53,
166264,4636447,1502726,166707,4438047,627549,-1393,482,-120,613,-751,-159,-52,13,-26,-1169,-649,-266,1010,97,-433,9,8,-58,
166264,4636447,1482956,166707,4438047,627549,-1339,444,-174,613,-751,-159,-52,5,-27,-1178,-657,-228,1011,88,-416,14,4,-57,
166264,4636447,1482956,166916,4438047,627549,-1391,469,-225,610,-746,-168,-55,9,-25,-1169,-661,-240,1011,88,-416,14,0,-55,
166264,4636447,1482956,166916,4434183,627549,-1374,473,-143,610,-746,-168,-48,1,-27,-1171,-671,-253,1007,91,-433,16,4,-51,
166264,4636447,1482956,166916,4434183,592693,-1394,466,-187,611,-737,-169,-49,-5,-33,-1175,-673,-249,1007,91,-433,16,-7,-54,
166264,4636447,1482956,166916,4434183,592693,-1374,457,-162,611,-737,-161,-58,-2,-30,-1179,-661,-243,1009,91,-427,14,-3,-47,
166264,4636447,1482956,166916,4434183,592693,-1369,456,-171,614,-737,-161,-60,-1,-30,-1167,-660,-221,1009,91,-427,15,-253,-27,
166246,4636447,1482956,166916,4434183,592693,-1366,463,-135,614,-743,-154,-57,-2,-28,-1157,-668,-261,1008,94,-425,8,-6,-21,
166246,4635120,1482956,166916,4434183,592693,-1373,450,-121,614,-743,-154,-51,2,-25,-1163,-669,-255,1007,95,-422,3,-3,-21,
166246,4635120,1479275,166916,4434183,592693,-1383,449,-171,612,-738,-171,-55,1,-28,-1175,-665,-237,1007,95,-422,7,-2,-17,
166246,4635120,1479275,166660,4434183,592693,-1377,454,-196,612,-738,-171,-54,-2,-26,-1164,-664,-261,1008,91,-438,4,7,-17,
166246,4635120,1479275,166660,4436382,592693,-1398,457,-179,612,-745,-164,-52,1,-25,-1184,-664,-221,1008,91,-438,-8,3,-20,
166246,4635120,1479275,166660,4436382,604073,-1387,453,-218,613,-744,-163,-54,0,-31,-1186,-652,-270,1011,91,-426,-4,8,-24,
166246,4635120,1479275,166660,4436382,604073,-1367,479,-141,613,-744,-163,-50,5,-21,-1185,-663,-230,1011,91,-426,4,6,-18,
166246,4635120,1479275,166660,4436382,604073,-1394,470,-168,611,-745,-164,-47,7,-21,-1181,-655,-247,1008,94,-423,10,-4,-12,
166190,4635120,1479275,166660,4436382,604073,-1381,471,-139,611,-745,-164,-46,2,-26,-1179,-658,-230,1008,94,-423,15,2,-21,
166190,4636123,1479275,166660,4436382,604073,-1367,473,-138,609,-736,-173,-43,5,-29,-1176,-654,-286,1007,93,-416,11,0,-17,
166190,4636123,1447336,166660,4436382,604073,-1403,490,-182,609,-736,-156,-44,8,-33,-1191,-663,-237,1010,89,-433,2,0,-20,
166190,4636123,1447336,166890,4436382,604073,-1377,459,-206,609,-736,-156,-40,6,-28,-1159,-654,-268,1010,89,-433,5,4,-19,
166190,4636123,1447336,166890,4441501,604073,-1378,473,-151,611,-740,-156,-41,5,-32,-1190,-654,-264,1007,89,-439,7,6,-17,
166190,4636123,1447336,166890,4441501,620019,-1377,461,-171,611,-740,-156,-44,-3,-38,-1188,-659,-234,1007,89,-439,0,0,-22,
166190,4636123,1447336,166890,4441501,620019,-1378,462,-149,612,-743,-156,-49,-7,-37,-1176,-650,-247,1014,95,-438,0,3,-22,
166190,4636123,1447336,166890,4441501,620019,-1377,451,-204,612,-743,-156,-48,2,-36,-1169,-665,-265,1014,95,-438,4,6,-23,
166287,4636123,1447336,166890,4441501,620019,-1386,454,-171,610,-734,-161,-52,3,-36,-1190,-663,-232,1007,91,-443,12,-2,-16,
166287,4636544,1447336,166890,4441501,620019,-1401,448,-147,609,-743,-162,-53,1,-30,-1166,-648,-264,1008,92,-430,17,-5,-14,
166287,4636544,1465797,166890,4441501,620019,-1397,454,-168,609,-743,-162,-53,-4,-27,-1189,-665,-262,1008,92,-430,10,-7,-22,
166287,4636544,1465797,166710,4441501,620019,-1384,467,-213,609,-742,-166,-56,-2,-26,-1170,-662,-250,1008,90,-430,5,249,-24,
166287,4636544,1465797,166710,4442635,620019,-1366,469,-143,609,-742,-166,-65,-4,-28,-1176,-659,-249,1008,90,-430,11,1,-25,
166287,4636544,1465797,166710,4442635,618235,-1364,459,-124,614,-736,-166,-61,-1,-21,-1180,-662,-241,1011,89,-419,4,4,-22,
166287,4636544,1465797,166710,4442635,618235,-1383,452,-187,609,-739,-164,-60,7,-25,-1182,-653,-238,1011,89,-419,0,7,-19,
166287,4636544,1465797,166710,4442635,618235,-1375,458,-161,609,-739,-164,-65,6,-23,-1190,-660,-235,1007,96,-441,-1,-2,-23,
166243,4636544,1465797,166710,4442635,618235,-1407,454,-150,610,-744,-162,-56,10,-17,-1189,-660,-232,1007,96,-420,-6,-1,-18,
166243,4636660,1465797,166710,4442635,618235,-1380,448,-195,610,-744,-162,-50,12,-16,-1190,-648,-248,1008,91,-420,0,4,-15,
166243,4636660,1442725,166710,4442635,618235,-1390,459,-148,608,-739,-160,-68,8,-15,-1184,-651,-265,1012,91,-427,-3,12,-29,
166243,4636660,1442725,166724,4442635,618235,-1373,464,-151,608,-739,-160,-71,5,-10,-1179,-643,-236,1012,91,-427,2,9,-25,
166243,4636660,1442725,166724,4441004,618235,-1361,450,-165,611,-739,-164,-60,9,-7,-1185,-668,-270,1008,91,-422,9,6,-22,
166243,4636660,1442725,166724,4441004,604295,-1396,450,-173,612,-747,-164,-65,10,-5,-1182,-655,-237,1008,91,-422,6,1,-20,
166243,4636660,1442725,166724,4441004,604295,-1391,445,-124,612,-747,-164,-70,15,2,-1164,-649,-242,1005,86,-431,9,2,-28,
166243,4636660,1442725,166724,4441004,604295,-1373,452,-162,607,-748,-174,-74,2,10,-1175,-662,-244,1005,86,-431,9,-5,-27,
166180,4636660,1442725,166724,4441004,604295,-1380,461,-172,607,-748,-174,-73,-1,9,-1177,-672,-233,1007,97,-426,6,2,-24,
166180,4634666,1442725,166724,4441004,604295,-1340,459,-142,606,-746,-158,-77,2,17,-1166,-665,-254,1008,88,-440,6,-2,-21,
166180,4634666,1398490,166724,4441004,604295,-1377,463,-189,605,-747,-164,-76,3,22,-1175,-674,-247,1008,88,-440,9,6,-27,
166180,4634666,1398490,166848,4441004,604295,-1368,473,-206,605,-747,-164,-73,2,17,-1185,-664,-288,1010,90,-427,1,14,-25,
166180,4634666,1398490,166848,4435861,604295,-1394,504,-155,606,-749,-160,-81,3,15,-1199,-672,-221,1010,90,-427,-5,6,-23,
166180,4634666,1398490,166848,4435861,589339,-1382,516,-148,606,-749,-160,-73,7,1,-1176,-654,-258,1008,91,-429,1,9,-25,
166180,4634666,1398490,166848,4435861,589339,-1368,469,-146,603,-748,-165,-58,-4,-11,-1168,-665,-244,1008,91,-429,7,7,-23,
166180,4634666,1398490,166848,4435861,589339,-1366,499,-205,603,-748,-165,-60,-1,-22,-1171,-657,-247,1008,99,-439,9,-5,-16,
166206,4634666,1398490,166848,4435861,589339,-1360,515,-137,599,-750,-161,-57,-4,-16,-1186,-652,-238,1011,95,-447,7,10,-12,
166206,4631215,1398490,166848,4435861,589339,-1383,492,-186,603,-748,-159,-45,-3,-31,-1160,-650,-239,1011,95,-447,2,6,-15,
166206,4631215,1367137,166848,4435861,589339,-1366,487,-138,603,-748,-159,-55,2,-27,-1183,-662,-240,1013,90,-444,5,10,-22,
166206,4631215,1367137,166870,4435861,589339,-1342,469,-159,607,-751,-167,-51,7,-37,-1161,-657,-292,1013,90,-444,0,11,-16,
166206,4631215,1367137,166870,4434486,589339,-1373,473,-167,607,-751,-167,-42,9,-40,-1180,-658,-238,1011,89,-431,-3,8,-14,
166206,4631215,1367137,166870,4434486,579642,-1380,460,-180,603,-747,-155,-40,12,-41,-1170,-655,-264,1011,89,-431,-2,-1,-16,
166206,4631215,1367137,166870,4434486,579642,-1381,471,-163,606,-753,-171,-45,9,-37,-1155,-661,-274,1007,95,-436,-1,7,-23,
166206,4631215,1367137,166870,4434486,579642,-1379,465,-196,606,-753,-171,-51,0,-33,-1183,-657,-241,1007,95,-436,9,4,-24,
166204,4631215,1367137,166870,4434486,579642,-1367,475,-170,608,-752,-161,-57,-256,-27,-1194,-661,-249,1008,92,-426,11,2,-22,
166204,4628757,1367137,166870,4434486,579642,-1398,470,-169,608,-752,-161,-62,-1,-28,-1162,-669,-262,1007,91,-439,7,1,-16,
166204,4628757,1363960,166870,4434486,579642,-1409,463,-214,603,-753,-171,-67,-14,-30,-1161,-652,-281,1007,91,-439,0,2,-12,
166204,4628757,1363960,166659,4434486,579642,-1419,479,-155,603,-753,-166,-69,-17,-36,-1164,-675,-240,1012,90,-438,2,5,-13,
166204,4628757,1363960,166659,4435161,579642,-1408,437,-196,603,-749,-166,-84,-15,-42,-1166,-666,-231,1012,90,-438,4,0,-15,
166204,4628757,1363960,166659,4435161,579802,-1406,478,-151,604,-750,-162,-95,-10,-45,-1176,-651,-263,1007,97,-433,4,-5,-11,
166204,4628757,1363960,166659,4435161,579802,-1350,459,-178,604,-750,-162,-108,-5,-34,-1185,-650,-254,1007,97,-433,-2,-3,-9,
166204,4628757,1363960,166659,4435161,579802,-1347,475,-136,606,-752,-148,-103,-18,-34,-1211,-665,-241,1009,93,-434,3,-2,-10,
166127,4628757,1363960,166659,4435161,579802,-1389,490,-179,606,-752,-148,-100,-16,-38,-1186,-654,-266,1010,89,-445,-1,-7,-17,
166127,4588446,1363960,166659,4435161,579802,-1363,485,-163,604,-745,-153,-96,-17,-37,-1168,-653,-244,1010,89,-445,3,-1,-14,
166127,4588446,1359406,166659,4435161,579802,-1383,481,-183,607,-744,-160,-88,-17,-44,-1173,-640,-257,1007,88,-444,8,2,-12,
166127,4588446,1359406,166814,4435161,579802,-1375,487,-165,607,-744,-160,-72,-10,-45,-1181,-661,-234,1007,88,-444,7,-2,-23,
166127,4588446,1359406,166814,4436244,579802,-1348,493,-142,607,-749,-156,-65,-2,-46,-1168,-659,-258,1010,88,-428,7,9,-16,
166127,4588446,1359406,166814,4436244,583646,-1360,493,-159,607,-749,-156,-49,1,-45,-1186,-667,-221,1010,88,-428,2,5,-17,
166127,4588446,1359406,166814,4436244,583646,-1359,482,-170,604,-747,-155,-38,11,-39,-1173,-656,-282,1007,94,-427,2,-1,-21,
166127,4588446,1359406,166814,4436244,583646,-1391,489,-152,604,-750,-151,-30,13,-38,-1179,-668,-216,1007,94,-427,8,9,-18,
166144,4588446,1359406,166814,4436244,583646,-1396,456,-165,606,-750,-151,-33,14,-37,-1185,-661,-234,1009,89,-430,2,6,-15,
166144,4576842,1359406,166814,4436244,583646,-1378,451,-157,607,-752,-158,-32,12,-28,-1175,-652,-268,1009,89,-429,3,0,-16,
166144,4576842,1433635,166814,4436244,583646,-1372,435,-143,607,-752,-158,-42,6,-22,-1175,-663,-243,1009,89,-429,4,6,-21,
166144,4576842,1433635,166556,4436244,583646,-1390,455,-203,603,-750,-155,-42,11,-22,-1168,-644,-262,1010,87,-422,-7,10,-23,
166144,4576842,1433635,166556,4434661,583646,-1386,463,-156,603,-750,-155,-53,8,-11,-1196,-652,-222,1010,87,-422,-2,12,-26,
166144,4576842,1433635,166556,4434661,589138,-1372,458,-182,606,-747,-164,-55,8,-2,-1190,-668,-252,1006,87,-422,2,6,-24,
166144,4576842,1433635,166556,4434661,589138,-1402,470,-204,604,-752,-153,-60,5,-5,-1172,-652,-252,1006,87,-422,-5,10,-35,
166144,4576842,1433635,166556,4434661,589138,-1400,464,-197,604,-752,-153,-65,3,-8,-1178,-670,-241,1005,91,-434,-5,11,-27,
166085,4576842,1433635,166556,4434661,589138,-1369,477,-208,605,-752,-154,-59,0,-7,-1175,-660,-261,1009,89,-429,-1,13,-22,
166085,4581979,1433635,166556,4434661,589138,-1379,481,-150,605,-752,-154,-56,-7,-9,-1179,-651,-265,1009,89,-429,0,18,-19,
166085,4581979,1425562,166556,4434661,589138,-1360,489,-112,605,-751,-160,-54,3,-13,-1166,-656,-265,1009,88,-438,0,3,-14,
166085,4581979,1425562,166678,4434661,589138,-1386,490,-211,605,-744,-160,-59,0,-17,-1168,-651,-288,1009,88,-438,2,-4,-15,
166085,4581979,1425562,166678,4430250,589138,-1381,509,-122,603,-744,-160,-67,-4,-22,-1151,-651,-276,1011,89,-432,1,-2,-10,
166085,4581979,1425562,166678,4430250,574857,-1372,490,-175,605,-755,-155,-58,0,-26,-1162,-659,-259,1011,89,-432,10,4,-12,
166085,4581979,1425562,166678,4430250,574857,-1370,475,-194,605,-755,-155,-48,0,-31,-1163,-656,-267,1009,97,-442,4,2,-14,
166085,4581979,1425562,166678,4430250,574857,-1345,484,-137,602,-747,-148,-51,-1,-28,-1174,-659,-248,1009,91,-423,11,-7,-10,
166170,4581979,1425562,166678,4430250,574857,-1364,490,-170,602,-747,-148,-45,1,-37,-1179,-667,-269,1009,91,-423,15,5,-18,
166170,4582076,1425562,166678,4430250,574857,-1386,489,-169,606,-752,-160,-44,0,-44,-1166,-664,-232,1010,88,-423,4,4,-13,
166170,4582076,1429076,166678,4430250,574857,-1352,464,-166,605,-753,-155,-46,1,-39,-1180,-664,-243,1010,88,-423,-5,0,-15,
166170,4582076,1429076,166711,4430250,574857,-1354,474,-130,605,-753,-155,-45,3,-36,-1179,-629,-250,1010,89,-425,3,-3,-25,
166170,4582076,1429076,166711,4432970,574857,-1356,478,-110,605,-751,-154,-49,1,-34,-1182,-641,-251,1010,89,-425,15,-2,-21,
166170,4582076,1429076,166711,4432970,582930,-1401,474,-190,605,-751,-154,-53,-1,-25,-1189,-678,-213,1007,92,-445,14,-4,-27,
166170,4582076,1429076,166711,4432970,582930,-1392,462,-187,607,-745,-156,-54,0,-34,-1171,-665,-267,1007,92,-445,-5,-1,-36,
166170,4582076,1429076,166711,4432970,582930,-1380,463,-177,607,-752,-157,-56,7,-28,-1193,-647,-227,1006,92,-414,0,-5,-20,
166178,4582076,1429076,166711,4432970,582930,-1394,467,-178,607,-752,-157,-56,0,-30,-1152,-652,-241,1012,88,-434,15,-1,-17,
166178,4585046,1429076,166711,4432970,582930,-1366,478,-116,607,-756,-150,-61,-5,-30,-1157,-673,-260,1012,88,-434,5,3,-18,
166178,4585046,1432538,166711,4432970,582930,-1361,467,-108,607,-756,-150,-58,-2,-23,-1187,-677,-252,1011,85,-428,0,-2,-18,
166178,4585046,1432538,166792,4432970,582930,-1351,473,-190,604,-752,-158,-56,1,-20,-1182,-668,-252,1011,85,-428,-3,3,-15,
166178,4585046,1432538,166792,4433718,582930,-1383,479,-161,604,-752,-158,-61,-6,-9,-1182,-670,-240,1009,91,-428,-3,3,-10,
166178,4585046,1432538,166792,4433718,604722,-1368,471,-207,602,-745,-159,-60,5,-12,-1175,-662,-256,1009,91,-428,-3,7,-7,
166178,4585046,1432538,166792,4433718,604722,-1376,475,-160,603,-759,-160,-60,1,-14,-1175,-676,-258,1009,88,-447,-10,4,-7,
166178,4585046,1432538,166792,4433718,604722,-1364,472,-156,603,-759,-160,-64,-6,-15,-1173,-644,-249,1012,89,-413,-3,1,-2,
166305,4585046,1432538,166792,4433718,604722,-1388,491,-174,607,-755,-161,-60,4,-21,-1183,-653,-259,1012,89,-413,-3,6,0,
166305,4586095,1432538,166792,4433718,604722,-1353,472,-147,607,-755,-161,-55,-2,-18,-1179,-641,-256,1007,86,-411,3,11,-2,
166305,4586095,1406335,166792,4433718,604722,-1365,476,-102,603,-750,-146,-52,-4,-21,-1182,-646,-251,1007,86,-411,3,1,-2,
166305,4586095,1406335,166813,4433718,604722,-1403,471,-205,603,-748,-154,-55,-5,-21,-1180,-648,-233,1010,82,-429,6,-1,-3,
166305,4586095,1406335,166813,4434764,604722,-1369,471,-163,603,-748,-154,-58,-7,-16,-1175,-645,-281,1010,82,-429,4,0,-7,
166305,4586095,1406335,166813,4434764,609390,-1408,479,-160,606,-753,-157,-56,-5,-14,-1194,-643,-253,1007,95,-424,16,5,-4,
166305,4586095,1406335,166813,4434764,609390,-1384,473,-150,606,-753,-157,-53,0,-10,-1186,-645,-242,1007,95,-424,12,3,-10,
166305,4586095,1406335,166813,4434764,609390,-1381,481,-129,601,-748,-161,-52,-5,-11,-1178,-650,-249,1010,86,-414,9,0,-17,
166234,4586095,1406335,166813,4434764,609390,-1396,483,-219,601,-748,-161,-53,-10,-13,-1188,-651,-237,1012,84,-439,19,-4,-20,
166234,4580337,1406335,166813,4434764,609390,-1374,489,-126,604,-752,-157,-52,-14,-7,-1172,-648,-286,1012,84,-439,15,10,-17,
166234,4580337,1377383,166813,4434764,609390,-1356,470,-185,602,-757,-156,-55,-16,-9,-1172,-679,-194,1012,86,-429,11,10,-23,
166234,4580337,1377383,166803,4434764,609390,-1375,464,-188,602,-757,-156,-58,-15,-9,-1165,-664,-251,1012,86,-429,13,-1,-15,
166234,4580337,1377383,166803,4435619,609390,-1395,488,-154,602,-757,-166,-64,-14,-7,-1179,-667,-246,1008,90,-433,-3,8,-12,
166234,4580337,1377383,166803,4435619,602711,-1364,483,-167,602,-757,-166,-62,-10,-5,-1169,-665,-262,1008,90,-433,8,10,-14,
166234,4580337,1377383,166803,4435619,602711,-1377,470,-196,600,-753,-161,-51,-8,-1,-1175,-659,-245,1005,91,-429,3,10,-11,
166234,4580337,1377383,166803,4435619,602711,-1375,477,-173,599,-757,-159,-54,-13,0,-1190,-653,-256,1012,87,-451,-2,7,-4,
166309,4580337,1377383,166803,4435619,602711,-1349,499,-141,599,-757,-159,-57,-14,-5,-1156,-647,-298,1012,87,-451,-2,20,-8,
166309,4572373,1377383,166803,4435619,602711,-1389,479,-167,600,-757,-154,-55,-17,-14,-1195,-660,-239,1010,85,-439,8,10,-4,
166309,4572373,1321046,166803,4435619,602711,-1386,477,-189,600,-757,-154,-59,-19,-17,-1164,-637,-285,1010,85,-439,2,2,-7,
166309,4572373,1321046,166838,4435619,602711,-1369,506,-109,602,-758,-155,-53,-9,-19,-1187,-645,-249,1007,86,-431,2,2,-8,
166309,4572373,1321046,166838,4433432,602711,-1349,494,-154,602,-758,-155,-46,-2,-20,-1183,-648,-267,1007,86,-431,9,7,-21,
166309,4572373,1321046,166838,4433432,560836,-1376,502,-165,600,-760,-150,-52,-1,-23,-1170,-654,-257,1005,90,-419,16,1,-25,
166309,4572373,1321046,166838,4433432,560836,-1354,497,-120,603,-760,-155,-55,4,-24,-1170,-656,-249,1005,90,-446,11,3,-22,
166309,4572373,1321046,166838,4433432,560836,-1365,483,-138,603,-760,-155,-57,2,-29,-1168,-651,-276,1011,85,-446,1,9,-20,
166285,4572373,1321046,166838,4433432,560836,-1380,488,-214,602,-757,-144,-45,8,-33,-1175,-643,-246,1007,86,-425,-3,5,-25,
166285,4574452,1321046,166838,4433432,560836,-1366,479,-157,602,-757,-144,-46,4,-35,-1157,-652,-271,1007,86,-425,2,4,-23,
166285,4574452,1230308,166838,4433432,560836,-1361,476,-163,595,-754,-157,-53,1,-39,-1183,-664,-239,1012,84,-421,-4,1,-20,
166285,4574452,1230308,166883,4433432,560836,-1377,469,-175,601,-759,-160,-50,7,-34,-1161,-660,-273,1012,84,-421,-11,2,-23,
166285,4574452,1230308,166883,4434304,560836,-1373,474,-134,601,-759,-160,-55,9,-26,-1162,-670,-255,1006,86,-423,-13,-3,-17,
166285,4574452,1230308,166883,4434304,567238,-1384,460,-178,601,-759,-159,-59,11,-26,-1165,-672,-240,1006,86,-423,-26,1,-15,
166285,4574452,1230308,166883,4434304,567238,-1369,487,-125,601,-759,-159,-66,7,-19,-1171,-655,-257,1008,89,-427,-34,0,-9,
166285,4574452,1230308,166883,4434304,567238,-1394,480,-203,597,-759,-166,-59,4,-21,-1179,-668,-230,1012,82,-428,-30,-1,-1,
166275,4574452,1230308,166883,4434304,567238,-1367,480,-146,597,-759,-164,-58,4,-18,-1191,-669,-240,1012,82,-428,-26,5,2,
166275,4577508,1230308,166883,4434304,567238,-1364,488,-157,595,-756,-164,-58,1,-20,-1187,-666,-241,1010,81,-419,-26,-8,0,
166275,4577508,1194407,166883,4434304,567238,-1367,471,-161,597,-763,-155,-58,-2,-16,-1174,-636,-273,1010,81,-419,-29,-6,0,
166275,4577508,1194407,166877,4434304,567238,-1357,491,-109,597,-763,-155,-56,0,-17,-1175,-629,-243,1009,83,-432,-20,-4,4,
166275,4577508,1194407,166877,4429246,567238,-1380,501,-162,593,-761,-155,-55,1,-21,-1170,-624,-244,1009,83,-432,-20,-2,1,
166275,4577508,1194407,166877,4429246,576166,-1362,486,-190,593,-761,-155,-58,-3,-17,-1180,-634,-273,1010,84,-443,-12,3,5,
166275,4577508,1194407,166877,4429246,576166,-1377,496,-155,597,-755,-160,-55,-6,-24,-1195,-644,-259,1010,81,-432,-1,-7,3,
166275,4577508,1194407,166877,4429246,576166,-1370,487,-160,597,-760,-155,-60,-4,-23,-1176,-627,-283,1010,81,-432,1,3,-5,
165975,4577508,1194407,166877,4429246,576166,-1380,498,-126,597,-760,-155,-56,-3,-27,-1188,-635,-246,1009,81,-441,1,-6,-16,
165975,4577265,1194407,166877,4429246,576166,-1395,493,-160,595,-762,-159,-45,5,-24,-1199,-635,-247,1009,81,-441,5,-5,-18,
165975,4577265,1212772,166877,4429246,576166,-1363,496,-156,595,-762,-159,-51,2,-27,-1182,-637,-253,1011,82,-420,18,9,-21,
165975,4577265,1212772,166867,4429246,576166,-1372,508,-129,596,-758,-153,-45,-3,-25,-1175,-633,-268,1011,82,-420,19,10,-32,
165975,4577265,1212772,166867,4429993,576166,-1355,488,-163,596,-760,-149,-52,-5,-27,-1188,-643,-250,1007,84,-436,21,7,-38,
165975,4577265,1212772,166867,4429993,566953,-1376,499,-145,597,-760,-149,-50,6,-34,-1179,-644,-244,1007,84,-436,20,10,-40,
165975,4577265,1212772,166867,4429993,566953,-1368,497,-165,599,-760,-155,-45,7,-35,-1185,-648,-273,1009,83,-425,23,-5,-41,
165975,4577265,1212772,166867,4429993,566953,-1379,489,-139,599,-760,-155,-42,4,-39,-1191,-662,-228,1011,82,-406,27,4,-40,
166266,4577265,1212772,166867,4429993,566953,-1383,472,-176,595,-755,-151,-43,1,-38,-1171,-641,-256,1011,82,-406,14,2,-33,
166266,4577645,1212772,166867,4429993,566953,-1384,480,-155,595,-755,-151,-40,5,-40,-1177,-661,-263,1013,81,-434,20,1,-28,
166266,4577645,1172717,166867,4429993,566953,-1356,471,-132,595,-751,-155,-42,4,-36,-1164,-666,-239,1013,81,-434,11,2,-32,
166266,4577645,1172717,166891,4429993,566953,-1375,470,-149,596,-759,-150,-57,1,-31,-1188,-660,-230,1008,85,-425,3,-1,-22,
166266,4577645,1172717,166891,4431180,566953,-1390,468,-169,596,-759,-150,-55,8,-23,-1177,-649,-242,1008,85,-425,6,5,-19,
166266,4577645,1172717,166891,4431180,576683,-1372,460,-161,596,-762,-157,-55,7,-22,-1175,-656,-246,1010,88,-443,-5,2,-19,
166266,4577645,1172717,166891,4431180,576683,-1368,470,-146,596,-762,-157,-57,6,-20,-1181,-657,-257,1012,88,-426,-5,3,-21,
166266,4577645,1172717,166891,4431180,576683,-1345,459,-124,596,-752,-148,-53,5,-17,-1178,-650,-264,1012,88,-426,9,4,-14,
165887,4577645,1172717,166891,4431180,576683,-1372,478,-161,596,-751,-157,-65,8,-14,-1187,-651,-240,1013,82,-442,9,2,-10,
165887,4578287,1172717,166891,4431180,576683,-1362,464,-139,595,-751,-157,-69,10,-14,-1175,-644,-236,1013,82,-442,9,5,-12,
165887,4578287,1160524,166891,4431180,576683,-1384,486,-151,598,-761,-153,-66,7,-11,-1190,-648,-231,1010,82,-422,13,4,-10,
165887,4578287,1160524,166700,4431180,576683,-1393,502,-131,598,-761,-153,-70,8,-10,-1187,-654,-240,1010,82,-422,14,6,-11,
165887,4578287,1160524,166700,4431362,576683,-1346,497,-180,596,-756,-152,-64,8,-8,-1200,-653,-259,1010,87,-424,19,6,-11,
165887,4578287,1160524,166700,4431362,584102,-1380,505,-198,596,-756,-152,-55,3,-6,-1168,-648,-262,1010,87,-424,9,5,-12,
165887,4578287,1160524,166700,4431362,584102,-1403,454,-179,595,-757,-153,-56,9,-15,-1179,-664,-238,1013,83,-431,2,8,-8,
165887,4578287,1160524,166700,4431362,584102,-1364,486,-139,596,-762,-154,-73,22,-18,-1180,-645,-236,1010,82,-430,2,6,-16,
166009,4578287,1160524,166700,4431362,584102,-1385,537,-182,596,-762,-154,-61,10,-15,-1165,-642,-281,1010,82,-430,10,9,-3,
166009,4578923,1160524,166700,4431362,584102,-1368,483,-124,593,-762,-154,-48,-2,-16,-1202,-648,-229,1014,83,-432,4,2,-17,
166009,4578923,1120805,166700,4431362,584102,-1340,488,-161,593,-762,-154,-53,0,-26,-1197,-639,-249,1014,83,-432,11,6,-20,
166009,4578923,1120805,166597,4431362,584102,-1369,500,-157,592,-749,-158,-55,7,-28,-1175,-639,-246,1009,82,-430,3,3,-23,
166009,4578923,1120805,166597,4425268,584102,-1354,506,-146,596,-756,-152,-51,6,-30,-1197,-650,-247,1009,82,-430,9,14,-21,
166009,4578923,1120805,166597,4425268,591633,-1378,501,-192,596,-756,-152,-51,6,-40,-1172,-635,-263,1010,86,-435,10,17,-19,
166009,4578923,1120805,166597,4425268,591633,-1368,491,-163,595,-763,-152,-48,11,-38,-1190,-647,-220,1012,82,-426,4,-1,-20,
166009,4578923,1120805,166597,4425268,591633,-1364,495,-187,595,-763,-152,-44,4,-39,-1174,-645,-270,1012,82,-426,7,-1,-22,
166217,4578923,1120805,166597,4425268,591633,-1361,479,-154,597,-753,-156,-37,11,-34,-1178,-649,-246,1010,80,-438,3,12,-32,
166217,4579600,1120805,166597,4425268,591633,-1367,493,-149,597,-753,-156,-42,10,-37,-1211,-644,-259,1010,80,-438,-4,11,-27,
166217,4579600,1094855,166597,4425268,591633,-1375,482,-156,596,-755,-154,-45,9,-32,-1178,-643,-259,1008,82,-430,6,3,-30,
166217,4579600,1094855,166820,4425268,591633,-1375,478,-189,593,-766,-160,-52,5,-32,-1203,-661,-239,1008,82,-430,3,6,-31,
166217,4579600,1094855,166820,4425612,591633,-1376,490,-162,593,-766,-160,-46,8,-22,-1172,-658,-239,1007,91,-421,1,9,-35,
166217,4579600,1094855,166820,4425612,571000,-1382,481,-157,595,-760,-146,-50,5,-29,-1168,-639,-272,1007,82,-445,6,5,-29,
166217,4579600,1094855,166820,4425612,571000,-1381,475,-176,595,-760,-146,-56,8,-27,-1164,-651,-238,1012,82,-445,14,-3,-23,
166217,4579600,1094855,166820,4425612,571000,-1358,472,-170,595,-749,-162,-65,5,-18,-1185,-655,-254,1011,82,-412,14,-6,-21,
166249,4579600,1094855,166820,4425612,571000,-1385,492,-191,594,-758,-154,-69,3,-16,-1185,-647,-21,1011,82,-412,9,-6,-25,
166249,4582135,1094855,166820,4425612,571000,-1351,486,-126,594,-758,-154,-61,3,-11,-1199,-631,-256,1011,84,-432,8,3,-23,
166249,4582135,1101763,166820,4425612,571000,-1376,497,-192,596,-763,-153,-55,-2,-6,-1189,-651,-247,1011,84,-432,7,4,-23,
166249,4582135,1101763,166765,4425612,571000,-1394,463,-147,596,-763,-153,-60,3,-9,-1168,-649,-223,1011,81,-431,11,2,-23,
166249,4582135,1101763,166765,4427089,571000,-1377,461,-254,592,-759,-155,-79,13,-9,-1174,-655,-249,1011,81,-431,22,7,-24,
166249,4582135,1101763,166765,4427089,566011,-1359,488,-156,592,-759,-155,-79,19,1,-1177,-656,-236,1010,89,-443,12,4,-22,
166249,4582135,1101763,166765,4427089,566011,-1376,507,-160,596,-761,-150,-53,15,7,-1180,-663,-227,1010,81,-414,5,6,-24,
166249,4582135,1101763,166765,4427089,566011,-1378,502,-171,592,-762,-152,-60,4,4,-1185,-663,-261,1010,81,-414,1,2,-22,
166199,4582135,1101763,166765,4427089,566011,-1389,484,-155,592,-762,-152,-57,13,1,-1194,-653,-260,1013,83,-419,4,2,-18,
166199,4588514,1101763,166765,4427089,566011,-1377,520,-117,594,-763,-148,-54,12,1,-1167,-651,-284,1013,83,-419,9,5,-18,
166199,4588514,1082554,166765,4427089,566011,-1379,503,-179,594,-763,-148,-54,9,-16,-1179,-645,-270,1011,83,-430,8,5,-22,
166199,4588514,1082554,166613,4427089,566011,-1361,522,-148,591,-759,-152,-54,3,-20,-1191,-655,-238,1011,83,-430,14,6,-27,
166199,4588514,1082554,166613,4427686,566011,-1337,497,-171,592,-762,-156,-50,5,-23,-1174,-647,-264,1016,92,-429,13,-5,-31,
166199,4588514,1082554,166613,4427686,587584,-1368,500,-163,592,-762,-156,-50,2,-31,-1171,-657,-264,1011,83,-422,7,0,-28,
166199,4588514,1082554,166613,4427686,587584,-1358,513,-140,589,-767,-165,-42,-2,-34,-1168,-649,-243,1011,83,-422,13,6,-24,
166199,4588514,1082554,166613,4427686,587584,-1354,498,-163,589,-767,-165,-43,3,-38,-1174,-660,-245,1009,83,-406,11,7,-23,
166387,4588514,1082554,166613,4427686,587584,-1345,473,-192,592,-762,-162,-41,0,-41,-1176,-655,-245,1009,83,-406,-2,7,-17,
166387,4588368,1082554,166613,4427686,587584,-1388,487,-151,592,-762,-162,-31,0,-38,-1195,-658,-262,1014,80,-423,4,3,-15,
166387,4588368,1125721,166613,4427686,587584,-1350,493,-148,593,-759,-154,-29,1,-37,-1166,-643,-245,1014,80,-423,-3,4,-19,
166387,4588368,1125721,166857,4427686,587584,-1366,485,-176,591,-765,-154,-28,1,-37,-1188,-657,-230,1013,86,-420,-5,-1,-17,
166387,4588368,1125721,166857,4432403,587584,-1373,487,-169,591,-765,-154,-42,-4,-42,-1190,-641,-263,1013,86,-420,-3,0,-19,
166387,4588368,1125721,166857,4432403,575837,-1370,486,-195,594,-763,-149,-42,-2,-32,-1181,-647,-261,1009,85,-426,-5,4,-27,
166387,4588368,1125721,166857,4432403,575837,-1374,483,-162,594,-763,-149,-50,1,-23,-1199,-636,-221,1010,84,-447,-3,4,-27,
166387,4588368,1125721,166857,4432403,575837,-1349,497,-133,593,-764,-157,-45,5,-28,-1188,-642,-238,1010,84,-447,2,10,-30,
166277,4588368,1125721,166857,4432403,575837,-1361,496,-160,592,-763,-156,-48,4,-31,-1179,-654,-225,1012,80,-429,5,8,-27,
166277,4590378,1125721,166857,4432403,575837,-1383,492,-159,592,-763,-156,-50,2,-34,-1179,-666,-279,1012,80,-429,11,7,-29,
166277,4590378,1106450,166857,4432403,575837,-1368,499,-147,590,-763,-155,-48,4,-29,-1182,-658,-260,1007,89,-433,10,7,-31,
166277,4590378,1106450,166517,4432403,575837,-1363,494,-154,590,-763,-155,-45,11,-31,-1183,-655,-254,1007,89,-433,7,8,-24,
166277,4590378,1106450,166517,4437155,575837,-1365,503,-159,593,-761,-155,-49,9,-30,-1173,-651,-283,1007,85,-444,15,8,-23,
166277,4590378,1106450,166517,4437155,448034,-1370,497,-196,593,-761,-159,-47,5,-32,-1188,-660,-238,1014,86,-431,22,13,-26,
166277,4590378,1106450,166517,4437155,448034,-1371,490,-154,594,-767,-159,-45,3,-33,-1172,-653,-260,1014,86,-431,26,15,-25,
