0,0,0,0,0,0,-61,-146,1314,217,522,662,-50,1,-35,-52,20,1318,-196,254,870,9,4,-41,
4593614,0,0,0,0,0,-51,-154,1295,214,525,658,-49,-2,-35,-78,5,1362,-195,254,872,7,-9,-29,
4593614,4186630,0,0,0,0,-55,-149,1231,214,525,658,-50,0,-35,-61,2,1244,-195,254,872,8,-3,-32,
4593614,4186630,3730736,0,0,0,-49,-141,1312,216,516,655,-55,-4,-37,-50,2,1314,-197,254,881,7,4,-35,
4593614,4186630,3730736,4295594,0,0,-60,-136,1338,216,516,655,-47,0,-39,-36,-2,1287,-197,254,881,9,1,-39,
4593614,4186630,3730736,4295594,3555772,0,-57,-151,1331,212,526,654,-44,-6,-35,-45,20,1310,-193,259,869,9,2,-33,
4593614,4186630,3730736,4295594,3555772,3868928,-60,-145,1307,212,526,654,-50,-5,-37,-53,7,1323,-193,259,869,11,2,-33,
4593614,4186630,3730736,4295594,3555772,3868928,-51,-138,1307,216,523,657,-47,-2,-41,-45,7,1353,-194,256,867,-3,-3,-32,
4593614,4186630,3730736,4295594,3555772,3868928,-53,-145,1326,216,523,657,-46,1,-39,8,38,1205,-194,256,867,4,14,-42,
4595691,4186630,3730736,4295594,3555772,3868928,-48,-147,1325,214,525,638,-49,3,-34,-74,3,1344,-196,257,868,-5,8,-44,
4595691,4183828,3730736,4295594,3555772,3868928,-64,-143,1317,214,526,656,-46,1,-36,-74,0,1355,-196,257,868,4,0,-31,
4595691,4183828,3731146,4295594,3555772,3868928,-53,-137,1346,216,526,656,-47,4,-31,-56,9,1303,-197,264,867,0,6,-35,
4595691,4183828,3731146,4297152,3555772,3868928,-51,-155,1302,214,522,656,-47,-3,-37,-83,-8,1361,-197,264,867,-3,12,-38,
4595691,4183828,3731146,4297152,3556302,3868928,-42,-137,1321,214,522,656,-44,1,-40,-34,25,1299,-196,260,863,9,-1,-32,
4595691,4183828,3731146,4297152,3556302,3867609,-53,-151,1335,212,523,660,-48,0,-36,-64,-2,1328,-196,260,863,-1,10,-48,
4595691,4183828,3731146,4297152,3556302,3867609,-49,-142,1312,212,523,660,-48,-5,-39,-45,25,1308,-198,256,862,2,7,-46,
4595691,4183828,3731146,4297152,3556302,3867609,-29,-150,1320,215,526,658,-46,-5,-39,-32,13,1301,-198,255,866,-5,4,-43,
4606189,4183828,3731146,4297152,3556302,3867609,-69,-145,1337,215,526,658,-52,-3,-43,-76,-2,1332,-198,255,866,-5,-6,-41,
4606189,4171465,3731146,4297152,3556302,3867609,-32,-144,1353,214,530,663,-52,-2,-45,-54,15,1319,-195,256,873,-3,1,-36,
4606189,4171465,3713150,4297152,3556302,3867609,-49,-152,1318,216,523,669,-49,-2,-37,-69,6,1330,-195,256,873,-1,12,-34,
4606189,4171465,3713150,4308871,3556302,3867609,-60,-149,1291,216,523,669,-56,-10,-35,-58,9,1330,-195,260,868,11,6,-34,
4606189,4171465,3713150,4308871,3556658,3867609,-63,-140,1332,215,522,652,-50,-6,-41,-45,11,1319,-195,260,868,11,-1,-32,
4606189,4171465,3713150,4308871,3556658,3866996,-35,-155,1336,215,522,652,-57,-11,-44,-53,17,1304,-196,257,871,11,6,-32,
4606189,4171465,3713150,4308871,3556658,3866996,-63,-147,1334,216,526,650,-52,-14,-42,-36,17,1286,-196,257,871,5,5,-33,
4606189,4171465,3713150,4308871,3556658,3866996,-51,-153,1304,216,526,650,-53,-24,-46,-55,8,1335,-192,261,865,4,4,-35,
4636006,4171465,3713150,4308871,3556658,3866996,-41,-144,1346,214,532,653,-61,-23,-47,-62,10,1321,-192,261,865,7,8,-30,
4636006,4136749,3713150,4308871,3556658,3866996,-52,-147,1338,214,532,653,-56,-15,-42,-58,14,1320,-201,259,868,0,-6,-27,
4636006,4136749,3655862,4308871,3556658,3866996,-60,-154,1308,214,528,652,-53,-9,-34,-58,-3,1336,-201,259,865,7,-2,-28,
4636006,4136749,3655862,4324014,3556658,3866996,-40,-157,1317,212,524,658,-52,-1,-41,-63,8,1331,-196,259,865,4,-3,-34,
4636006,4136749,3655862,4324014,3550477,3866996,-76,-140,1330,212,524,658,-49,-6,-37,-47,19,1326,-197,255,875,-5,-5,-39,
4636006,4136749,3655862,4324014,3550477,3808955,-30,-158,1343,214,529,657,-53,-6,-38,-59,19,1318,-197,255,875,1,-1,-42,
4636006,4136749,3655862,4324014,3550477,3808955,-58,-139,1343,214,529,657,-50,-1,-47,-65,13,1095,-197,258,865,-3,-2,-37,
4636006,4136749,3655862,4324014,3550477,3808955,-58,-150,1308,215,528,653,-51,0,-35,-91,-2,1379,-197,258,865,1,-5,-37,
4647334,4136749,3655862,4324014,3550477,3808955,-53,-152,1325,215,528,653,-50,-2,-37,-23,22,1260,-197,258,867,-7,-12,-40,
4647334,4134625,3655862,4324014,3550477,3808955,-50,-144,1304,212,529,657,-43,2,-40,-55,14,1326,-197,258,867,-1,-4,-35,
4647334,4134625,3645095,4324014,3550477,3808955,-54,-140,1359,214,524,649,-45,-1,-39,-82,-10,1358,-199,257,865,-12,-4,-40,
4647334,4134625,3645095,4347924,3550477,3808955,-51,-138,1323,214,524,649,-51,0,-42,-41,17,1279,-199,257,865,-7,3,-40,
4647334,4134625,3645095,4347924,3532812,3808955,-45,-148,1310,212,523,653,-48,1,-42,-60,0,1319,-198,258,868,-5,2,-37,
4647334,4134625,3645095,4347924,3532812,3690549,-52,-144,1298,212,523,653,-46,-6,-42,-51,14,1306,-198,258,868,-3,0,-36,
4647334,4134625,3645095,4347924,3532812,3690549,-47,-152,1332,211,523,661,-45,-3,-41,-54,6,1310,-198,260,870,4,8,-38,
4647334,4134625,3645095,4347924,3532812,3690549,-52,-146,1298,211,523,661,-46,-3,-35,-52,5,1307,-196,253,874,-3,6,-40,
4649654,4134625,3645095,4347924,3532812,3690549,-67,-138,1318,212,527,656,-48,-4,-38,-76,0,1361,-196,253,874,5,8,-39,
4649654,4143521,3645095,4347924,3532812,3690549,-32,-147,1342,212,527,656,-47,8,-42,-34,20,1299,-194,255,869,7,12,-38,
4649654,4143521,3656092,4347924,3532812,3690549,-39,-140,1330,211,530,656,-41,11,-32,-50,-7,1323,-194,255,869,2,12,-34,
4649654,4143521,3656092,4332243,3532812,3690549,-37,-151,1294,216,529,657,-46,5,-32,-57,13,1329,-196,254,867,-5,7,-38,
4649654,4143521,3656092,4332243,3551077,3690549,-43,-149,1352,216,529,657,-47,14,-34,-43,11,1315,-196,254,867,-1,13,-34,
4649654,4143521,3656092,4332243,3551077,3821170,-54,-140,1350,212,525,657,-49,15,-33,-56,10,1296,-198,256,868,-6,13,-35,
4649654,4143521,3656092,4332243,3551077,3821170,-47,-144,1281,212,525,657,-42,18,-31,-49,5,1319,-198,256,868,-9,20,-36,
4649654,4143521,3656092,4332243,3551077,3821170,-58,-137,1341,214,526,664,-43,27,-23,-67,-1,1347,-196,262,862,-5,16,-31,
4552096,4143521,3656092,4332243,3551077,3821170,-61,-137,1354,214,526,664,-31,52,-21,-55,7,1357,-196,262,862,-10,16,-37,
4552096,4155129,3656092,4332243,3551077,3821170,-52,-141,1304,213,528,659,-27,64,-15,-47,13,1308,-196,263,874,-18,20,-39,
4552096,4155129,3760652,4332243,3551077,3821170,-61,-143,1300,213,528,659,-32,66,-12,-59,17,1322,-196,260,869,-16,27,-36,
4552096,4155129,3760652,4178619,3551077,3821170,-80,-129,1332,217,530,653,-25,78,-14,-42,13,1304,-191,260,869,-23,40,-42,
4552096,4155129,3760652,4178619,3400054,3821170,-59,-134,1372,217,523,655,-26,77,-5,-37,11,1293,-192,260,869,-24,55,-47,
4552096,4155129,3760652,4178619,3400054,3885004,-63,-135,1303,217,523,655,-22,82,-7,-69,5,1326,-192,260,869,-23,55,-39,
4552096,4155129,3760652,4178619,3400054,3885004,-73,-132,1303,221,521,658,-23,82,-11,-50,8,1311,-193,253,864,-30,56,-40,
4552096,4155129,3760652,4178619,3400054,3885004,-81,-144,1310,221,521,658,-25,84,-14,-62,16,1310,-193,253,864,-35,63,-38,
4117729,4155129,3760652,4178619,3400054,3885004,-85,-139,1341,218,523,658,-22,84,-6,-86,1,1329,-188,258,869,-33,82,-50,
4117729,4348156,3760652,4178619,3400054,3885004,-75,-144,1322,218,523,658,-30,83,-5,-58,19,1294,-188,258,869,-33,89,-68,
4117729,4348156,3950118,4178619,3400054,3885004,-69,-133,1322,220,524,647,-21,94,-3,-68,17,1313,-190,262,868,-29,98,-75,
4117729,4348156,3950118,3820197,3400054,3885004,-89,-137,1330,225,522,646,-19,108,-1,-87,20,1324,-190,262,868,-38,106,-81,
4117729,4348156,3950118,3820197,3658612,3885004,-86,-145,1313,225,522,646,-27,116,2,-83,13,1327,-188,263,865,-39,108,-83,
4117729,4348156,3950118,3820197,3658612,3961278,-84,-143,1343,226,521,656,-34,110,-2,-77,5,1299,-188,263,865,-33,116,-74,
4117729,4348156,3950118,3820197,3658612,3961278,-112,-132,1312,226,521,656,-34,108,-2,-86,8,1305,-185,268,880,-26,132,-66,
4117729,4348156,3950118,3820197,3658612,3961278,-94,-141,1331,228,520,653,-32,105,2,-87,17,1323,-176,260,862,-22,145,-66,
3051813,4348156,3950118,3820197,3658612,3961278,-85,-133,1328,228,520,653,-33,104,-4,-106,-1,1324,-176,260,862,-29,171,-65,
3051813,4456435,3950118,3820197,3658612,3961278,-95,-136,1330,231,519,648,-40,96,-5,-104,-10,1347,-175,263,871,-29,186,-57,
3051813,4456435,4117683,3820197,3658612,3961278,-91,-140,1272,231,519,648,-39,99,-12,-105,7,1317,-175,263,871,-16,197,-51,
3051813,4456435,4117683,3249195,3658612,3961278,-98,-144,1328,233,524,653,-33,104,-12,-92,12,1275,-169,266,871,-16,200,-44,
3051813,4456435,4117683,3249195,3802202,3961278,-114,-122,1327,233,519,649,-41,77,-13,-142,-2,1370,-169,266,871,-9,208,-48,
3051813,4456435,4117683,3249195,3802202,4059299,-107,-132,1280,233,519,649,-49,60,-22,-90,3,1259,-169,265,871,-8,203,-48,
3051813,4456435,4117683,3249195,3802202,4059299,-108,-128,1358,232,519,658,-49,48,-24,-143,-4,1332,-169,265,871,-24,183,-44,
3051813,4456435,4117683,3249195,3802202,4059299,-102,-124,1312,232,519,658,-52,32,-18,-124,2,1283,-164,270,872,-21,161,-38,
2818590,4456435,4117683,3249195,3802202,4059299,-91,-136,1323,235,517,647,-56,19,-23,-90,2,1262,-164,270,872,-14,139,-33,
2818590,4479308,4117683,3249195,3802202,4059299,-82,-133,1332,235,517,647,-61,-1,-40,-125,4,1297,-165,272,875,-16,114,-28,
2818590,4479308,4180625,3249195,3802202,4059299,-114,-130,1297,233,523,649,-57,-10,-44,-135,-10,1299,-165,272,867,-15,100,-19,
2818590,4479308,4180625,2711112,3802202,4059299,-108,-145,1312,233,517,649,-56,-20,-35,-144,-10,1345,-161,265,867,2,86,-12,
2818590,4479308,4180625,2711112,3811183,4059299,-104,-138,1320,235,517,649,-56,-25,-32,-137,5,1320,-159,267,870,-1,70,-2,
2818590,4479308,4180625,2711112,3811183,4155434,-109,-146,1317,232,517,652,-54,-25,-37,-144,-13,1322,-159,267,870,-4,67,-4,
2818590,4479308,4180625,2711112,3811183,4155434,-93,-139,1317,232,517,652,-56,-20,-38,-148,-8,1349,-160,264,875,2,76,-9,
2818590,4479308,4180625,2711112,3811183,4155434,-99,-133,1315,235,523,652,-53,-15,-39,-140,-1,1310,-160,264,875,-1,74,-8,
2963979,4479308,4180625,2711112,3811183,4155434,-127,-124,1344,235,523,652,-53,-10,-39,-130,21,1291,-156,266,868,0,83,-14,
2963979,4493627,4180625,2711112,3811183,4155434,-93,-143,1331,233,522,648,-55,0,-34,-136,12,1317,-156,266,868,-10,92,-15,
2963979,4493627,4214404,2711112,3811183,4155434,-91,-126,1299,233,522,648,-53,2,-30,-137,5,1326,-153,265,873,-6,94,-19,
2963979,4493627,4214404,2378050,3811183,4155434,-109,-125,1314,234,526,655,-46,9,-34,-145,17,1314,-153,265,873,-9,100,-19,
2963979,4493627,4214404,2378050,3821000,4155434,-105,-130,1335,233,518,654,-43,21,-31,-141,2,1312,-155,271,875,-13,114,-20,
2963979,4493627,4214404,2378050,3821000,4223977,-99,-136,1313,233,518,654,-46,22,-30,-146,7,1318,-155,271,875,-4,124,-19,
2963979,4493627,4214404,2378050,3821000,4223977,-112,-137,1322,236,520,651,-46,29,-23,-151,7,1322,-149,272,875,-4,122,-24,
2963979,4493627,4214404,2378050,3821000,4223977,-97,-140,1329,236,520,651,-44,34,-22,-151,18,1305,-143,270,864,-2,119,-25,
2759457,4493627,4214404,2378050,3821000,4223977,-115,-123,1345,238,519,665,-51,27,-27,-167,7,1319,-143,270,864,-5,126,-30,
2759457,4514700,4214404,2378050,3821000,4223977,-124,-127,1313,238,519,665,-50,16,-30,-151,3,1319,-142,267,870,-3,115,-28,
2759457,4514700,4268035,2378050,3821000,4223977,-104,-136,1320,235,523,642,-52,11,-27,-156,-4,1326,-142,267,870,-11,109,-29,
2759457,4514700,4268035,1835905,3821000,4223977,-94,-137,1350,235,523,642,-56,0,-27,-151,-1,1318,-143,269,874,-13,104,-34,
2759457,4514700,4268035,1835905,3791157,4223977,-121,-132,1323,236,524,650,-48,2,-32,-144,2,1301,-143,269,874,-19,102,-25,
2759457,4514700,4268035,1835905,3791157,4232896,-102,-150,1272,234,520,653,-53,-4,-34,-150,-3,1308,-139,268,875,-12,93,-29,
2759457,4514700,4268035,1835905,3791157,4232896,-115,-134,1320,234,520,653,-51,-13,-32,-146,-5,1281,-139,268,875,-22,80,-26,
2759457,4514700,4268035,1835905,3791157,4232896,-107,-141,1276,234,518,652,-60,-25,-38,-166,2,1283,-140,270,867,-14,66,-26,
2850307,4514700,4268035,1835905,3791157,4232896,-119,-119,1332,234,518,652,-65,-34,-42,-175,-4,1297,-140,270,867,-7,56,-26,
2850307,4532861,4268035,1835905,3791157,4232896,-77,-126,1349,233,521,651,-70,-41,-39,-174,-8,1346,-140,274,878,-11,61,-15,
2850307,4532861,4298975,1835905,3791157,4232896,-95,-145,1312,233,521,651,-71,-44,-34,-160,2,1286,-140,274,878,-6,54,-19,
2850307,4532861,4298975,1631756,3791157,4232896,-84,-149,1338,229,521,649,-60,-49,-35,-166,-3,1314,-139,276,874,-3,60,-25,
2850307,4532861,4298975,1631756,3729411,4232896,-90,-130,1308,231,518,651,-57,-40,-36,-157,4,1292,-136,270,871,-8,58,-15,
2850307,4532861,4298975,1631756,3729411,4201582,-112,-139,1283,231,518,651,-63,-37,-39,-156,2,1322,-136,270,871,-12,64,-16,
2850307,4532861,4298975,1631756,3729411,4201582,-97,-137,1319,232,517,655,-61,-40,-37,-180,1,1336,-135,274,878,-11,84,-27,
2850307,4532861,4298975,1631756,3729411,4201582,-106,-134,1292,232,517,655,-57,-39,-34,-169,5,1293,-135,274,878,-10,100,-35,
3253146,4532861,4298975,1631756,3729411,4201582,-83,-146,1340,231,521,646,-64,-44,-41,-173,-12,1347,-130,266,872,-9,116,-41,
3253146,4539531,4298975,1631756,3729411,4201582,-103,-145,1317,231,521,646,-67,-48,-40,-150,6,1254,-130,266,872,2,126,-43,
3253146,4539531,4350465,1631756,3729411,4201582,-98,-149,1301,229,524,659,-67,-46,-39,-173,-13,1342,-131,271,870,4,133,-35,
3253146,4539531,4350465,769916,3729411,4201582,-82,-136,1321,229,524,659,-72,-39,-37,-190,-10,1327,-131,271,870,2,101,-40,
3253146,4539531,4350465,769916,3522006,4201582,-87,-129,1314,228,532,653,-61,-45,-39,-175,5,1291,-131,274,862,-7,108,-45,
3253146,4539531,4350465,769916,3522006,4072675,-88,-149,1299,227,519,650,-70,-64,-44,-195,13,1320,-131,274,862,1,101,-40,
3253146,4539531,4350465,769916,3522006,4072675,-101,-133,1315,227,519,650,-80,-79,-48,-194,19,1308,-127,281,882,2,103,-49,
3253146,4539531,4350465,769916,3522006,4072675,-84,-142,1328,226,523,652,-87,-97,-53,-184,19,1323,-124,275,875,8,106,-60,
3818942,4539531,4350465,769916,3522006,4072675,-70,-151,1325,226,523,652,-93,-91,-51,-182,31,1284,-124,275,875,16,105,-76,
3818942,4536863,4350465,769916,3522006,4072675,-73,-143,1326,228,519,649,-89,-91,-46,-188,17,1311,-126,272,875,32,101,-90,
3818942,4536863,4395821,769916,3522006,4072675,-85,-141,1323,228,519,649,-85,-92,-41,-184,24,1309,-126,272,875,21,100,-109,
3818942,4536863,4395821,667160,3522006,4072675,-64,-148,1328,224,523,657,-82,-78,-39,-179,34,1337,-120,272,879,8,101,-121,
3818942,4536863,4395821,667160,2911952,4072675,-87,-135,1325,224,523,652,-82,-68,-42,-193,47,1333,-120,272,879,-6,113,-143,
3818942,4536863,4395821,667160,2911952,3651874,-70,-135,1320,224,525,652,-84,-59,-44,-201,39,1345,-123,272,873,-4,118,-166,
3818942,4536863,4395821,667160,2911952,3651874,-75,-145,1332,223,523,655,-74,-51,-34,-198,71,1370,-123,272,873,-12,146,-209,
3818942,4536863,4395821,667160,2911952,3651874,-57,-142,1337,223,523,655,-73,-42,-40,-200,78,1335,-120,279,872,-17,173,-254,
4227651,4536863,4395821,667160,2911952,3651874,-77,-135,1294,221,525,648,-69,-38,-45,-208,88,1370,-120,279,872,-17,200,-308,
4227651,4556088,4395821,667160,2911952,3651874,-70,-148,1331,221,525,648,-65,-24,-43,-224,68,1396,-121,282,871,-13,234,-360,
4227651,4556088,4452672,667160,2911952,3651874,-63,-147,1331,218,527,667,-61,-18,-37,-225,72,1380,-121,282,871,-27,240,-404,
4227651,4556088,4452672,756397,2911952,3651874,-83,-133,1332,218,527,667,-51,-6,-26,-190,94,1310,-119,274,865,-35,271,-445,
4227651,4556088,4452672,756397,2329289,3651874,-67,-144,1305,218,526,645,-47,8,-34,-216,81,1352,-115,271,875,-13,287,-494,
4227651,4556088,4452672,756397,2329289,2533487,-82,-141,1283,220,521,650,-41,14,-31,-187,79,1330,-115,271,875,-7,293,-542,
4227651,4556088,4452672,756397,2329289,2533487,-71,-148,1335,220,521,650,-46,22,-20,-207,63,1340,-117,273,868,0,313,-578,
4227651,4556088,4452672,756397,2329289,2533487,-80,-139,1298,224,520,651,-50,20,-33,-208,71,1290,-117,273,868,17,328,-617,
4103142,4556088,4452672,756397,2329289,2533487,-68,-144,1298,224,520,651,-46,22,-25,-180,68,1292,-114,276,868,49,326,-673,
4103142,4599681,4452672,756397,2329289,2533487,-75,-148,1328,222,526,643,-47,17,-22,-184,65,1311,-114,276,868,91,331,-721,
4103142,4599681,4503416,756397,2329289,2533487,-70,-143,1339,222,526,643,-41,25,-24,-151,34,1296,-113,271,868,106,322,-773,
4103142,4599681,4503416,1103458,2329289,2533487,-81,-141,1318,225,528,645,-37,25,-25,-89,18,1277,-113,271,868,105,294,-818,
4103142,4599681,4503416,1103458,1028380,2533487,-66,-133,1321,225,528,645,-45,20,-22,-18,17,1275,-114,276,857,108,259,-868,
4103142,4599681,4503416,1103458,1028380,548751,-93,-144,1352,220,527,664,-41,22,-20,32,30,1258,-120,272,857,103,215,-918,
4103142,4599681,4503416,1103458,1028380,548751,-65,-151,1340,222,525,656,-38,26,-20,85,59,1273,-120,272,857,123,167,-956,
4103142,4599681,4503416,1103458,1028380,548751,-75,-142,1292,222,525,656,-39,30,-23,176,104,1213,-123,258,869,172,102,-947,
3728368,4599681,4503416,1103458,1028380,548751,-77,-155,1309,224,528,648,-36,41,-22,258,-60,1281,-123,258,869,243,3,-890,
3728368,4652927,4503416,1103458,1028380,548751,-81,-148,1323,224,528,648,-42,48,-18,244,-91,1231,-139,260,871,179,-172,-763,
3728368,4652927,4556281,1103458,1028380,548751,-88,-134,1299,221,533,655,-39,51,-19,86,75,1260,-139,260,871,3,-358,-576,
3728368,4652927,4556281,1506704,1028380,548751,-74,-149,1326,223,521,651,-31,60,-16,-4,223,1235,-148,262,855,-45,-416,-417,
3728368,4652927,4556281,1506704,491562,548751,-85,-148,1526,223,521,651,-35,63,-13,-4,202,1186,-157,252,865,48,-379,-320,
3728368,4652927,4556281,1506704,491562,243555,-92,-142,1305,225,522,653,-34,68,-17,2,74,1268,-157,252,865,171,-307,-255,
3728368,4652927,4556281,1506704,491562,243555,-81,-139,1323,225,522,653,-31,67,-17,55,16,1227,-162,245,861,222,-278,-95,
3728368,4652927,4556281,1506704,491562,243555,-85,-143,1335,227,533,645,-38,62,-17,39,44,1244,-162,245,861,191,-311,-36,
2879426,4652927,4556281,1506704,491562,243555,-103,-147,1298,230,524,664,-37,65,-15,-28,45,1269,-170,234,869,153,-299,-12,
2879426,4706653,4556281,1506704,491562,243555,-94,-142,1325,230,524,664,-35,66,-17,-46,26,1273,-170,234,869,165,-293,-22,
2879426,4706653,4605072,1506704,491562,243555,-93,-135,1318,231,519,652,-31,68,-16,-81,-2,1290,-176,235,882,153,-314,-69,
2879426,4706653,4605072,1494218,491562,243555,-105,-134,1329,231,519,652,-32,69,-21,-104,16,1335,-176,235,882,110,-367,-129,
2879426,4706653,4605072,1494218,449940,243555,-81,-129,1338,232,521,654,-29,79,-22,-119,49,1295,-182,229,873,92,-408,-209,
2879426,4706653,4605072,1494218,449940,233271,-109,-145,1284,232,521,654,-33,92,-8,-182,41,1346,-193,222,871,102,-438,-279,
2879426,4706653,4605072,1494218,449940,233271,-108,-129,1330,234,527,653,-27,123,-2,-203,42,1317,-193,222,871,107,-436,-337,
2879426,4706653,4605072,1494218,449940,233271,-103,-133,1352,236,520,652,-36,140,-7,-250,22,1271,-203,216,881,98,-411,-371,
1902791,4706653,4605072,1494218,449940,233271,-127,-147,1308,236,520,652,-30,156,-4,-258,29,1293,-203,216,881,100,-367,-366,
1902791,4787687,4605072,1494218,449940,233271,-132,-133,1377,239,517,648,-20,184,-10,-262,28,1315,-218,213,890,95,-325,-343,
1902791,4787687,4653170,1494218,449940,233271,-107,-151,1330,239,517,648,-25,205,-10,-296,22,1357,-218,213,890,102,-276,-303,
1902791,4787687,4653170,2138600,449940,233271,-118,-151,1381,241,524,649,-20,230,-7,-595,-741,1999,-227,214,892,-77,-356,-240,
1902791,4787687,4653170,2138600,668288,233271,-137,-141,1354,245,517,644,-33,249,-3,-682,-85,1232,-233,211,883,-262,-347,-192,
1902791,4787687,4653170,2138600,668288,252769,-125,-135,1374,245,517,644,-74,248,-2,-927,-251,1346,-233,211,883,-49,-140,-161,
1902791,4787687,4653170,2138600,668288,252769,-143,-160,1363,251,520,646,-120,262,3,-866,-487,1349,-231,202,879,-3,108,-167,
1902791,4787687,4653170,2138600,668288,252769,-159,-149,1378,251,520,646,-152,278,9,-699,-379,1359,-231,202,879,-38,320,-178,
1030994,4787687,4653170,2138600,668288,252769,-142,-159,1396,255,524,640,-176,295,27,-645,-268,1320,-228,208,879,-87,365,-233,
1030994,4846066,4653170,2138600,668288,252769,-147,-151,1418,255,524,640,-197,328,23,-496,-252,1287,-228,208,879,-142,335,-291,
1030994,4846066,4684958,2138600,668288,252769,-144,-132,1425,264,525,636,-139,367,20,-232,-283,1270,-219,215,885,-170,330,-29,
1030994,4846066,4684958,2080547,668288,252769,-152,-146,1464,270,520,641,-63,416,14,-150,-103,1239,-219,216,885,-189,169,-57,
1030994,4846066,4684958,2080547,2172455,252769,-170,-154,1414,270,520,641,-41,464,19,-133,13,1220,-216,216,885,-130,107,-57,
1030994,4846066,4684958,2080547,2172455,818311,-185,-147,1438,277,519,632,-34,511,18,-165,0,1232,-215,214,882,-89,63,-76,
1030994,4846066,4684958,2080547,2172455,818311,-171,-151,1397,277,519,632,-28,562,28,-157,-39,1493,-215,214,882,-74,16,-68,
1030994,4846066,4684958,2080547,2172455,818311,-203,-167,1370,287,529,639,-16,612,34,-160,-19,1293,-215,217,884,-57,-14,-67,
932104,4846066,4684958,2080547,2172455,818311,-216,-157,1439,298,521,629,9,656,40,-185,-41,1346,-215,217,884,-48,0,-58,
932104,4862488,4684958,2080547,2172455,818311,-198,-162,1433,298,521,629,52,707,49,-189,-31,1387,-218,223,890,-64,47,-52,
932104,4862488,4470869,2080547,2172455,818311,-228,-173,1452,312,519,627,79,757,61,-172,-39,1406,-218,223,890,-101,127,-43,
932104,4862488,4470869,1790781,2172455,818311,-268,-156,1462,312,519,627,123,871,83,-191,-38,1417,-214,229,896,-152,202,-29,
932104,4862488,4470869,1790781,3458845,818311,-238,-149,1398,326,509,631,143,937,89,-186,-29,1403,-206,228,884,-203,270,-27,
932104,4862488,4470869,1790781,3458845,2406383,-285,-149,1454,326,509,631,136,1002,98,-198,-46,1437,-206,228,884,-245,303,-24,
932104,4862488,4470869,1790781,3458845,2406383,-279,-127,1364,344,507,627,130,1059,110,-206,-61,1421,-201,229,871,-247,331,-23,
932104,4862488,4470869,1790781,3458845,2406383,-305,-122,1415,359,502,626,126,1088,115,-188,-35,1425,-201,229,871,-212,368,-22,
548477,4862488,4470869,1790781,3458845,2406383,-338,-131,1330,359,502,626,110,1110,117,-193,-37,1398,-193,245,879,-201,414,-28,
548477,4763424,4470869,1790781,3458845,2406383,-355,-96,1334,378,494,619,108,1136,124,-211,-40,1399,-193,245,879,-201,458,-30,
548477,4763424,3786382,1790781,3458845,2406383,-358,-64,1255,378,494,619,106,1145,115,-218,-40,1391,-180,253,891,-219,497,-32,
548477,4763424,3786382,318435,3458845,2406383,-405,-94,1186,396,499,610,121,1129,107,-230,-10,1359,-167,250,876,-249,517,-40,
548477,4763424,3786382,318435,3986056,2406383,-399,-59,1214,416,491,608,111,1095,103,-283,-15,1367,-167,250,876,-278,545,-60,
548477,4763424,3786382,318435,3986056,2829044,-430,-49,1233,416,491,608,103,806,77,-262,-4,1320,-159,261,866,-307,551,-89,
548477,4763424,3786382,318435,3986056,2829044,-440,-87,1274,431,486,596,94,990,75,-266,-25,1316,-159,261,866,-328,551,-120,
548477,4763424,3786382,318435,3986056,2829044,-465,-104,1276,431,486,596,117,976,82,-268,-29,1242,-151,272,883,-330,539,-160,
417973,4763424,3786382,318435,3986056,2829044,-484,-111,1359,451,482,603,152,986,89,-271,-81,1215,-151,272,883,-326,522,-173,
417973,4695992,3786382,318435,3986056,2829044,-505,-94,1365,451,482,603,177,1013,102,-293,-86,1255,-145,285,887,-304,496,-176,
417973,4695992,3074230,318435,3986056,2829044,-526,-102,1493,466,477,583,215,1062,118,-298,-103,1194,-145,285,887,-269,472,-173,
417973,4695992,3074230,182534,3986056,2829044,-547,-90,1466,488,472,585,254,1137,133,-307,-109,1237,-134,282,876,-254,442,-169,
417973,4695992,3074230,182534,4169294,2829044,-556,-67,1540,488,472,585,304,1227,131,-309,-100,1249,-125,288,880,-240,425,-165,
417973,4695992,3074230,182534,4169294,2956263,-581,-69,1477,504,464,566,369,1324,139,-304,-124,1252,-125,288,880,-243,425,-165,
417973,4695992,3074230,182534,4169294,2956263,-602,-78,1451,504,464,566,441,1408,152,-319,-103,1349,-116,298,876,-244,424,-168,
417973,4695992,3074230,182534,4169294,2956263,-621,-53,1367,535,458,559,499,1481,166,-347,-111,1351,-116,298,876,-251,425,-177,
424098,4695992,3074230,182534,4169294,2956263,-607,-66,1349,556,443,556,560,1577,195,-358,-91,1356,-112,308,876,-255,454,-190,
424098,4674545,3074230,182534,4169294,2956263,-639,-65,1273,556,443,556,625,1611,210,-380,-59,1362,-112,308,876,-270,462,-205,
424098,4674545,2085546,182534,4169294,2956263,-666,-22,1091,586,428,546,635,1615,218,-389,-52,1362,-102,314,873,-291,488,-223,
424098,4674545,2085546,165545,4169294,2956263,-670,26,986,586,428,546,616,1580,225,-377,-35,1319,-96,316,862,-293,527,-262,
424098,4674545,2085546,165545,4262366,2956263,-708,26,911,605,422,535,618,1511,210,-393,-39,1271,-96,316,862,-296,547,-298,
424098,4674545,2085546,165545,4262366,2952068,-713,25,897,605,422,514,600,1435,205,-403,-36,1282,-87,323,876,-295,563,-339,
424098,4674545,2085546,165545,4262366,2952068,-750,50,845,629,409,514,568,1355,205,-432,-61,1251,-87,323,876,-284,566,-375,
424098,4674545,2085546,165545,4262366,2952068,-784,81,835,652,396,509,524,1266,191,-406,-93,1192,-80,327,859,-260,561,-421,
433366,4674545,2085546,165545,4262366,2952068,-788,93,826,652,396,509,486,1182,177,-418,-108,1226,-80,327,859,-246,547,-450,
433366,4724351,2085546,165545,4262366,2952068,-798,141,820,666,390,503,441,1099,153,-393,-158,1119,-75,340,874,-239,522,-475,
433366,4724351,1907158,165545,4262366,2952068,-843,206,953,666,390,503,367,1051,139,-431,-178,1197,-75,340,877,-225,494,-490,
433366,4724351,1907158,165684,4262366,2952068,-867,217,995,674,384,476,322,980,59,-406,-194,1130,-72,341,877,-214,459,-491,
433366,4724351,1907158,165684,4426804,2952068,-870,223,1079,693,377,479,335,991,31,-419,-204,1166,-69,343,855,-173,417,-486,
433366,4724351,1907158,165684,4426804,2937400,-917,210,1201,693,377,479,378,1024,9,-395,-243,1199,-69,343,855,-168,400,-464,
433366,4724351,1907158,165684,4426804,2937400,-960,155,1292,705,368,461,427,1087,10,-426,-320,1347,-63,348,849,-175,418,-435,
433366,4724351,1907158,165684,4426804,2937400,-979,115,1273,705,368,461,502,1163,9,-411,-335,1372,-63,348,849,-185,449,-392,
450606,4724351,1907158,165684,4426804,2937400,-993,59,1243,722,366,441,567,1247,21,-451,-303,1437,-57,351,861,-204,489,-341,
450606,4818946,1907158,165684,4426804,2937400,-1013,66,1236,722,359,439,593,1344,44,-436,-287,1375,-57,351,861,-236,549,-307,
450606,4818946,2067578,165684,4426804,2937400,-1019,93,1177,738,359,439,604,1423,74,-479,-253,1359,-49,365,850,-265,604,-288,
450606,4818946,2067578,166753,4426804,2937400,-1026,102,1143,759,344,416,624,1485,98,-473,-269,1395,-36,361,844,-273,661,-280,
450606,4818946,2067578,166753,4575979,2937400,-1012,105,904,759,344,416,653,1524,114,-503,-263,1373,-36,361,844,-300,706,-272,
450606,4818946,2067578,166753,4575979,2888327,-1029,103,819,773,342,393,692,1283,159,-509,-173,1292,-28,374,839,-327,744,-289,
450606,4818946,2067578,166753,4575979,2888327,-1054,52,711,773,342,393,722,1489,196,-537,-166,1239,-28,374,839,-343,770,-315,
450606,4818946,2067578,166753,4575979,2888327,-1041,2,624,795,332,379,696,1457,241,-550,-146,1229,-17,387,846,-367,775,-357,
465141,4818946,2067578,166753,4575979,2888327,-1073,17,668,813,314,358,660,1421,298,-561,-109,1221,-17,387,846,-383,775,-407,
465141,4868904,2067578,166753,4575979,2888327,-1084,65,650,813,314,358,611,1415,347,-575,-204,1195,-2,401,835,-382,782,-454,
465141,4868904,1887402,166753,4575979,2888327,-1114,291,796,825,299,338,576,1435,373,-549,-190,1159,5,403,832,-366,789,-501,
465141,4868904,1887402,189510,4575979,2888327,-1148,409,900,825,299,338,535,1477,365,-568,-180,1143,5,403,832,-371,788,-535,
465141,4868904,1887402,189510,4696368,2888327,-1153,484,945,842,299,312,515,1526,317,-575,-187,1162,12,415,838,-382,775,-574,
465141,4868904,1887402,189510,4696368,2595800,-1137,493,847,857,288,293,512,1578,256,-579,-108,1140,12,415,838,-396,772,-628,
465141,4868904,1887402,189510,4696368,2595800,-1110,544,803,857,288,293,508,1633,181,-616,-87,1094,16,422,825,-397,751,-696,
465141,4868904,1887402,189510,4696368,2595800,-1117,557,771,874,280,261,501,1688,105,-640,-142,1083,16,422,825,-385,727,-866,
538220,4868904,1887402,189510,4696368,2595800,-1124,709,745,874,280,261,472,1809,-105,-638,-62,1010,15,437,826,-398,679,-958,
538220,4902630,1887402,189510,4696368,2595800,-1095,752,663,886,283,241,483,1865,-240,-654,-118,1031,15,437,826,-335,652,-1056,
538220,4902630,2004765,189510,4696368,2595800,-1138,730,682,886,283,241,514,1909,-371,-622,-181,1003,17,443,837,-286,606,-1135,
538220,4902630,2004765,290515,4696368,2595800,-1175,655,600,897,292,198,531,1951,-499,-589,-279,967,11,442,833,-249,558,-1180,
538220,4902630,2004765,290515,4842726,2595800,-1170,588,559,905,301,161,534,1995,-610,-565,-396,977,11,442,833,-228,505,-1190,
538220,4902630,2004765,290515,4842726,2191191,-1148,599,256,905,301,161,548,2028,-697,-545,-460,909,-3,449,809,-201,439,-1183,
538220,4902630,2004765,290515,4842726,2191191,-1232,413,421,909,311,130,587,2040,-775,-500,-563,905,-3,449,809,-167,377,-1157,
538220,4902630,2004765,290515,4842726,2191191,-1271,291,366,909,311,130,606,2041,-818,-549,-503,938,-6,455,813,-176,308,-1115,
618865,4902630,2004765,290515,4842726,2191191,-1322,284,353,910,336,85,606,2023,-843,-509,-539,904,-6,455,813,-136,245,-1085,
618865,4871144,2004765,290515,4842726,2191191,-1293,181,258,909,348,55,646,1998,-830,-540,-619,1061,-22,454,803,-104,203,-1048,
618865,4871144,2629033,290515,4842726,2191191,-1306,113,243,909,348,55,691,1959,-752,-500,-706,1092,-30,455,803,-106,174,-984,
618865,4871144,2629033,487678,4842726,2191191,-1339,56,166,909,354,22,656,1870,-718,-530,-675,1187,-30,455,803,-116,182,-901,
618865,4871144,2629033,487678,4918946,2191191,-1320,179,151,909,354,22,650,1831,-678,-493,-753,1225,-36,453,799,-113,222,-809,
618865,4871144,2629033,487678,4918946,2001128,-1303,152,88,907,379,-21,687,1790,-661,-524,-760,1320,-36,453,799,-133,275,-712,
618865,4871144,2629033,487678,4918946,2001128,-1288,275,38,907,379,-21,706,1776,-647,-508,-755,1327,-42,457,809,-156,350,-621,
618865,4871144,2629033,487678,4918946,2001128,-1282,326,81,900,393,-45,776,1768,-661,-540,-696,1270,-42,457,809,-220,411,-527,
616210,4871144,2629033,487678,4918946,2001128,-1338,299,67,892,406,-68,802,1765,-693,-549,-630,1210,-42,469,792,-301,465,-454,
616210,4830519,2629033,487678,4918946,2001128,-1250,384,908,892,406,-68,834,1783,-743,-568,-563,1048,-42,469,791,-388,494,-417,
616210,4830519,2741178,487678,4918946,2001128,-2855,-1534,3055,889,423,-103,897,1909,-740,-530,-561,641,-36,475,791,-447,481,-398,
616210,4830519,2741178,644946,4918946,2001128,-3993,-373,2253,889,423,-103,577,2460,-594,-446,-709,248,-33,480,775,-436,345,-301,
616210,4830519,2741178,644946,4841332,2001128,-2167,900,-76,877,441,-161,232,2994,-294,-398,-860,429,-33,480,775,-246,-146,-169,
616210,4830519,2741178,644946,4841332,1047558,161,600,-2356,873,445,-187,515,1844,-291,-599,-555,958,-40,484,788,-219,-263,-71,
616210,4830519,2741178,644946,4841332,1047558,1525,227,-3406,873,445,-187,93,1457,-620,-618,-476,978,-40,484,788,-196,-325,-72,
616210,4830519,2741178,644946,4841332,1047558,1251,1704,-1921,858,459,-212,-291,1039,-1013,-568,-544,747,-47,488,793,-159,-364,-105,
452995,4830519,2741178,644946,4841332,1047558,-1265,1712,-1004,858,459,-212,-104,610,-1405,-454,-761,618,-47,488,793,-37,-443,-74,
452995,4636589,2741178,644946,4841332,1047558,-1818,1077,-702,837,491,-217,285,219,-1743,-349,-997,625,-62,493,756,176,-546,74,
452995,4636589,2859649,644946,4841332,1047558,-1634,365,-670,837,491,-217,568,-86,-1907,-335,-1013,744,-69,477,795,344,-647,282,
452995,4636589,2859649,847321,4841332,1047558,-1159,-231,-635,817,539,-201,802,-300,-1884,-418,-829,863,-69,477,795,409,-733,434,
452995,4636589,2859649,847321,4535380,1047558,-1034,-590,-450,798,566,-194,868,-383,-1766,-438,-751,1232,-77,475,771,304,-842,478,
452995,4636589,2859649,847321,4535380,629051,-1220,-666,15,798,566,-194,736,-349,-1650,-604,-327,1077,-77,475,771,84,-945,428,
452995,4636589,2859649,847321,4535380,629051,-2143,-456,135,782,595,-174,491,-300,-1538,-793,-238,1201,-92,477,781,-3,-952,295,
452995,4636589,2859649,847321,4535380,629051,-2367,-490,250,782,595,-174,355,-163,-1425,-881,-518,1175,-92,477,781,-19,-878,-30,
453372,4636589,2859649,847321,4535380,629051,-2033,-644,278,761,628,-173,21,751,-1311,-757,-993,1085,-112,473,786,-211,-764,-699,
453372,4289675,2859649,847321,4535380,629051,-1578,-377,398,740,644,-199,-143,1051,-1278,-677,-1302,964,-112,487,764,-662,-750,-1477,
453372,4289675,3240786,847321,4535380,629051,-1070,-168,493,740,644,-199,-13,947,-1216,-487,-1487,798,-151,487,764,-1172,-846,-2095,
453372,4289675,3240786,1304447,4535380,629051,-1112,-532,615,718,663,-214,169,650,-1146,-357,-1487,729,-200,505,745,-1577,-980,-2384,
453372,4289675,3240786,1304447,3841261,629051,-1812,-575,464,718,663,-214,203,545,-1061,-220,-1699,649,-200,505,745,-1868,-1092,-2515,
453372,4289675,3240786,1304447,3841261,285436,-1707,-507,218,703,684,-209,193,591,-962,-15,-1555,516,-257,533,709,-2273,-1208,-2668,
453372,4289675,3240786,1304447,3841261,285436,-1468,-436,63,703,684,-209,231,650,-868,69,-1439,479,-257,533,709,-2615,-1282,-2738,
453372,4289675,3240786,1304447,3841261,285436,-1256,-341,-210,683,699,-208,272,698,-803,136,-1158,339,-317,570,656,-2780,-1307,-2463,
164928,4289675,3240786,1304447,3841261,285436,-1105,-174,-428,667,712,-217,357,705,-748,142,-1047,424,-317,570,656,-2771,-1207,-2147,
164928,4021740,3240786,1304447,3841261,285436,-1129,168,-709,667,712,-217,489,686,-736,138,-863,395,-362,599,627,-2276,-1179,-1771,
164928,4021740,2485041,1304447,3841261,285436,-1055,56,-711,653,725,-216,675,649,-854,71,-733,479,-397,609,583,-1909,-1152,-1483,
164928,4021740,2485041,596234,3841261,285436,-1091,-282,-790,653,725,-216,842,449,-963,13,-610,661,-397,609,583,-1519,-1139,-1314,
164928,4021740,2485041,596234,1517285,285436,-951,-294,-904,631,753,-209,654,334,-1037,77,-962,795,-426,620,544,-1220,-1210,-1290,
164928,4021740,2485041,596234,1517285,183897,-1030,-197,-736,615,764,-205,621,227,-1078,70,-1037,834,-426,620,544,-1155,-1261,-1328,
164928,4021740,2485041,596234,1517285,183897,-1077,-409,-609,615,764,-205,624,165,-1104,116,-1117,887,-459,628,521,-1142,-1264,-1347,
164928,4021740,2485041,596234,1517285,183897,-1342,-447,-564,598,783,-191,541,138,-1092,87,-1053,898,-459,628,521,-1124,-1248,-1267,
225713,4021740,2485041,596234,1517285,183897,-1377,-566,-524,598,783,-191,551,150,-1038,61,-1178,952,-490,633,495,-982,-1143,-1154,
225713,3742544,2485041,596234,1517285,183897,-1392,-820,-584,578,801,-179,635,160,-963,46,-1126,991,-511,640,472,-804,-961,-980,
225713,3742544,2507199,596234,1517285,183897,-1388,-990,-530,578,801,-183,628,142,-843,94,-1394,1104,-511,640,472,-662,-804,-827,
225713,3742544,2507199,583950,1517285,183897,-1392,-1102,-409,560,814,-183,462,157,-715,242,-1423,1125,-532,634,474,-832,-701,-735,
225713,3742544,2507199,583950,564211,183897,-1388,-832,-332,551,819,-167,134,220,-622,376,-1685,809,-532,634,474,-1033,-865,-664,
225713,3742544,2507199,583950,564211,163961,-1175,-280,-302,551,819,-167,-64,204,-595,260,-1144,1241,-555,650,432,-1383,-1074,-565,
225713,3742544,2507199,583950,564211,163961,-1184,-310,-255,538,827,-181,75,189,-639,334,-453,764,-555,650,432,-1310,-989,-443,
225713,3742544,2507199,583950,564211,163961,-1088,-225,-238,538,827,-181,107,254,-691,398,-1149,973,-574,663,407,-377,-938,-316,
187397,3742544,2507199,583950,564211,163961,-1064,-2,-211,518,833,-178,188,248,-798,245,-1398,1070,-574,663,407,75,-957,-8,
187397,3491483,2507199,583950,564211,163961,-1379,34,-121,502,847,-178,236,261,-1007,146,-957,1046,-580,664,423,-61,-820,347,
187397,3491483,2191361,583950,564211,163961,-1395,150,-67,502,847,-178,154,436,-1195,57,-737,1010,-577,683,400,-95,-599,560,
187397,3491483,2191361,2040611,564211,163961,-1033,793,255,474,867,-169,287,463,-1415,-123,-620,1045,-577,683,400,-48,-394,323,
187397,3491483,2191361,2040611,165854,163961,-1141,440,345,474,867,-169,652,359,-1754,-343,-253,1147,-571,689,401,-87,214,415,
187397,3491483,2191361,2040611,165854,164127,-1202,2,427,424,887,-146,912,334,-2105,-409,-88,1224,-571,689,401,-58,504,411,
187397,3491483,2191361,2040611,165854,164127,-1183,-562,308,424,887,-130,1071,413,-2360,-331,1057,1663,-558,699,412,729,651,319,
187397,3491483,2191361,2040611,165854,164127,-1115,-1222,61,369,919,-130,1115,490,-2480,-615,-55,1376,-558,699,412,2364,583,-353,
546464,3491483,2191361,2040611,165854,164127,-1054,-1716,-106,317,928,-128,617,526,-2230,-137,-1143,1570,-560,676,451,2142,453,-771,
546464,2907968,2191361,2040611,165854,164127,-898,-1555,-73,317,928,-128,376,497,-2031,-167,-956,1697,-566,640,511,1526,389,-816,
546464,2907968,2726734,2040611,165854,164127,-846,-1459,-253,269,945,-122,258,481,-1868,731,-2401,2201,-566,640,511,941,306,-477,
546464,2907968,2726734,2970038,165854,164127,-793,-1518,-419,269,945,-122,192,460,-1700,491,-763,1531,-565,637,507,184,103,-50,
546464,2907968,2726734,2970038,1197632,164127,-757,-1520,-603,225,953,-119,41,424,-1540,35,-763,1587,-565,637,507,-388,-90,127,
546464,2907968,2726734,2970038,1197632,164025,-729,-1209,-726,197,956,-116,-143,401,-1391,28,-794,1337,-566,651,478,-859,-178,39,
546464,2907968,2726734,2970038,1197632,164025,-655,-884,-777,197,956,-116,-165,365,-1320,-51,-637,1273,-566,651,478,-1345,-243,-114,
546464,2907968,2726734,2970038,1197632,164025,-657,-777,-691,162,959,-114,-139,350,-1352,-113,-751,1232,-574,667,436,-1637,-265,-288,
708969,2907968,2726734,2970038,1197632,164025,-716,-819,-572,162,959,-114,-96,326,-1400,-390,-610,1211,-574,676,436,-1737,-226,-382,
708969,2591502,2726734,2970038,1197632,164025,-829,-897,-490,127,971,-130,-33,303,-1460,-309,-399,998,-579,676,436,-1445,-151,-338,
708969,2591502,2331784,2970038,1197632,164025,-868,-1028,-441,127,966,-124,44,285,-1485,-314,-126,898,-583,670,397,-746,-215,-272,
708969,2591502,2331784,3056105,1197632,164025,-875,-1196,-315,89,966,-124,159,208,-1443,-149,-624,757,-583,670,397,21,-365,-238,
708969,2591502,2331784,3056105,279505,164025,-893,-1373,-288,53,966,-114,124,202,-1341,451,-2852,988,-594,661,388,35,-556,-359,
708969,2591502,2331784,3056105,279505,163952,-933,-1320,-161,53,966,-114,23,224,-1203,14,-808,808,-594,661,388,-717,-644,-458,
708969,2591502,2331784,3056105,279505,163952,-890,-1238,-261,22,977,-128,-66,255,-1088,382,-1329,542,-607,669,356,-1992,-781,-367,
708969,2591502,2331784,3056105,279505,163952,-870,-1118,-323,22,977,-128,-104,294,-1004,350,-1343,586,-607,669,356,-1702,-811,-1487,
670709,2591502,2331784,3056105,279505,163952,-824,-1011,-365,3,977,-128,-80,311,-954,425,-1304,447,-634,659,293,-1543,-1053,-1946,
670709,1983979,2331784,3056105,279505,163952,-793,-889,-460,-23,966,-118,-13,325,-943,501,-1333,388,-689,625,269,-1420,-1173,-2342,
670709,1983979,1201265,3056105,279505,163952,-852,-1033,-509,-23,966,-118,103,332,-956,506,-1280,264,-689,625,269,-1219,-1265,-2377,
670709,1983979,1201265,3645774,279505,163952,-795,-1081,-549,-43,965,-110,167,333,-919,365,-1268,245,-740,592,214,-988,-1259,-2085,
670709,1983979,1201265,3645774,185056,163952,-757,-1044,-518,-43,965,-110,222,324,-880,309,-976,251,-740,592,214,-747,-1159,-1624,
670709,1983979,1201265,3645774,185056,173649,-675,-959,-428,-68,969,-101,286,284,-887,448,-1140,232,-766,571,183,-531,-1037,-1184,
670709,1983979,1201265,3645774,185056,173649,-627,-954,-390,-92,963,-93,441,281,-940,568,-1173,228,-766,571,183,-410,-998,-930,
670709,1983979,1201265,3645774,185056,173649,-589,-947,-328,-92,963,-93,558,271,-1002,724,-1245,209,-785,557,165,-337,-979,-966,
748246,1983979,1201265,3645774,185056,173649,-568,-1121,-21,-116,961,-70,686,241,-1041,858,-1283,235,-813,526,144,-249,-1020,-1233,
748246,1816703,1201265,3645774,185056,173649,-491,-1646,-300,-116,961,-70,771,188,-1010,758,-1295,291,-813,526,144,-110,-1029,-1659,
748246,1816703,562083,3645774,185056,173649,-424,-1435,-239,-142,961,-54,668,177,-895,602,-1292,446,-846,474,139,48,-939,-2174,
748246,1816703,562083,3855290,185056,173649,-302,-947,-116,-142,961,-54,566,214,-823,584,-1395,591,-846,474,139,277,-818,-2651,
748246,1816703,562083,3855290,217659,173649,-100,-585,-216,-167,960,-39,580,277,-989,900,-2270,690,-890,411,105,342,-763,-2899,
748246,1816703,562083,3855290,217659,466536,-46,104,47,-208,944,-22,591,380,-1369,779,-2014,624,-890,411,105,-51,-815,-2674,
748246,1816703,562083,3855290,217659,466536,-741,244,590,-208,944,-22,607,715,-1937,424,-1834,356,-927,373,86,-470,-919,-1962,
748246,1816703,562083,3855290,217659,466536,-235,-3056,-1074,-270,924,4,649,1308,-2774,-38,-1618,184,-927,373,86,-503,-858,-652,
1855152,1816703,562083,3855290,217659,466536,694,-6174,-2059,-270,924,4,1767,714,-1638,-273,-883,183,-927,374,51,-478,-443,1150,
1855152,2116841,562083,3855290,217659,466536,71,-7132,-1246,-302,917,53,1160,-38,649,42,-1073,329,-890,423,60,-43,257,2581,
1855152,2116841,448035,3855290,217659,466536,47,-5803,-753,-229,941,35,-247,-359,3038,641,-1164,535,-890,423,60,200,774,3130,
1855152,2116841,448035,3916194,217659,466536,-126,-2803,2,-229,941,35,-783,-481,4181,1472,-1510,600,-861,462,74,238,871,2721,
1855152,2116841,448035,3916194,261121,466536,-418,-968,781,-123,960,29,-437,-410,4152,1550,-1578,488,-861,462,74,133,395,327,
1855152,2116841,448035,3916194,261121,695608,-159,142,689,-123,960,29,37,-159,3430,1562,-1473,412,-868,462,74,-332,210,-791,
1855152,2116841,448035,3916194,261121,695608,67,374,408,-61,971,32,73,111,2101,1619,-1509,315,-868,462,74,-393,60,-1512,
1855152,2116841,448035,3916194,261121,695608,119,548,231,-61,971,32,-54,205,935,1522,-1388,224,-902,433,68,-465,-91,-1842,
1653972,2116841,448035,3916194,261121,695608,48,408,121,-47,974,31,6,218,-59,1327,-1209,143,-932,386,44,-487,-187,-1933,
1653972,1741939,448035,3916194,261121,695608,-9,205,123,-74,963,39,45,274,-781,1129,-1060,44,-932,386,44,-498,-192,-1874,
1653972,1741939,215571,3916194,261121,695608,-18,229,17,-74,963,39,117,331,-1395,949,-986,44,-958,350,43,-519,-130,-1668,
1653972,1741939,215571,3956931,261121,695608,-217,-255,9,-105,962,49,941,140,-1274,763,-797,84,-958,350,43,-519,-30,-1307,
1653972,1741939,215571,3956931,257386,695608,-435,-737,46,-105,962,49,1312,-71,-876,721,-822,202,-974,334,46,-489,77,-807,
1653972,1741939,215571,3956931,257386,1122017,-632,-1083,87,-124,960,81,1365,-257,-337,687,-775,288,-974,334,46,-506,140,-269,
1653972,1741939,215571,3956931,257386,1122017,-705,-1209,146,-117,948,110,1233,-378,185,701,-714,320,-980,343,43,-494,196,186,
1653972,1741939,215571,3956931,257386,1122017,-735,-1220,140,-117,948,110,1019,-421,540,814,-792,420,-980,353,45,-443,232,488,
2286755,1741939,215571,3956931,257386,1122017,-730,-4292,650,-100,949,134,790,-397,687,874,-845,365,-980,353,45,-450,208,623,
2286755,2481267,215571,3956931,257386,1122017,139,-1540,-983,-100,949,134,-467,353,-25,874,-836,404,-975,360,28,-518,178,592,
2286755,2481267,174593,3956931,257386,1122017,-740,-308,128,-103,954,82,-2324,1178,-99,910,-868,479,-975,360,28,-557,195,395,
2286755,2481267,174593,3986707,257386,1122017,-978,-549,-16,-103,954,82,-1123,1249,-133,1003,-888,478,-977,366,27,-635,145,130,
2286755,2481267,174593,3986707,293138,1122017,-497,-1507,-189,-106,956,89,154,1191,-346,985,-949,498,-977,366,27,-699,81,-150,
2286755,2481267,174593,3986707,293138,1522125,-362,-2322,-355,-101,953,92,-258,988,46,989,-1021,536,-988,356,25,-752,66,-351,
2286755,2481267,174593,3986707,293138,1522125,-248,-1479,-385,-101,953,92,-941,868,323,1054,-997,518,-988,356,25,-785,85,-436,
2286755,2481267,174593,3986707,293138,1522125,-122,-1291,-537,-91,962,57,-1024,732,414,1102,-1023,548,-994,358,30,-793,110,-415,
2422042,2481267,174593,3986707,293138,1522125,-121,-991,-588,-91,962,57,-805,571,356,1141,-1046,584,-1001,340,16,-750,157,-246,
2422042,2101533,174593,3986707,293138,1522125,-117,-847,-699,-79,967,44,-387,380,183,1318,-1030,543,-1001,340,16,-690,172,-209,
2422042,2101533,186625,3986707,293138,1522125,-182,-885,-613,-81,967,60,31,174,-37,1521,-1142,471,-1002,342,27,-674,33,-189,
2422042,2101533,186625,4041327,293138,1522125,-344,-1021,-495,-81,967,60,383,21,-213,1685,-1348,500,-1002,342,27,-690,-135,-206,
2422042,2101533,186625,4041327,286552,1522125,-492,-1492,-450,-85,960,70,638,-64,-283,1727,-1267,464,-1005,338,7,-734,-271,-258,
2422042,2101533,186625,4041327,286552,1824498,-625,-1678,-416,-85,960,70,823,-97,-232,1825,-1300,424,-1005,338,7,-660,-388,-349,
2422042,2101533,186625,4041327,286552,1824498,-587,-1675,-428,-88,956,95,872,-141,-53,1806,-1303,409,-1017,335,-21,-599,-552,-492,
2422042,2101533,186625,4041327,286552,1824498,-538,-1550,-402,-88,956,95,864,-243,406,1759,-1336,404,-1025,319,-20,-489,-671,-677,
2366977,2101533,186625,4041327,286552,1824498,-472,-1304,-351,-79,959,113,928,-632,374,1817,-1525,456,-1025,319,-20,-385,-779,-882,
2366977,2487432,186625,4041327,286552,1824498,-504,-1135,-224,-72,955,139,1065,-869,358,1827,-1688,530,-1038,292,-62,-384,-957,-1044,
2366977,2487432,172608,4041327,286552,1824498,-559,-1516,-79,-72,955,139,1054,-1039,320,1778,-1862,573,-1038,292,-62,-435,-1133,-1134,
2366977,2487432,172608,4005615,286552,1824498,-830,-1693,-76,-69,945,153,763,-1090,273,1592,-1916,612,-1044,266,-95,-515,-1270,-1135,
2366977,2487432,172608,4005615,250618,1824498,-963,-1596,-7,-69,945,153,305,-1028,209,1353,-1846,511,-1044,266,-95,-660,-1447,-1102,
2366977,2487432,172608,4005615,250618,1465955,-959,-1486,82,-67,953,159,-65,-928,138,985,-1550,368,-1054,246,-127,-856,-1576,-1059,
2366977,2487432,172608,4005615,250618,1465955,-961,-1350,109,-64,947,144,-357,-846,74,567,-1279,272,-1054,246,-127,-975,-1583,-1034,
2366977,2487432,172608,4005615,250618,1465955,-929,-1175,179,-64,947,144,-593,-789,16,222,-883,185,-1057,215,-187,-1036,-1451,-1010,
2190147,2487432,172608,4005615,250618,1465955,-633,-901,84,-68,954,134,-738,-795,-3,-22,-363,66,-1060,185,-213,-1047,-1271,-943,
2190147,2511982,172608,4005615,250618,1465955,-594,-905,105,-68,954,134,-733,-892,43,-181,-196,-26,-1060,185,-213,-922,-1138,-815,
2190147,2511982,166718,4005615,250618,1465955,-623,-789,100,-66,961,123,-754,-1094,424,-373,-38,-68,-1054,172,-227,-859,-1030,-599,
2190147,2511982,166718,3812387,250618,1465955,-726,-559,200,-66,961,96,-867,-1334,676,-466,64,-89,-1054,172,-227,-858,-874,-310,
2190147,2511982,166718,3812387,165305,1465955,-815,-387,204,-53,961,96,-836,-1240,924,-439,43,-21,-1051,170,-240,-771,-721,209,
2190147,2511982,166718,3812387,165305,976476,-840,-203,157,-29,962,83,-777,-1058,1131,-389,111,-57,-1051,170,-240,-704,-677,316,
2190147,2511982,166718,3812387,165305,976476,-571,273,-69,-29,962,83,-638,-825,1200,-444,147,-55,-1049,172,-261,-709,-712,329,
2190147,2511982,166718,3812387,165305,976476,-310,517,-204,0,966,65,-466,-617,1192,-479,204,-187,-1039,171,-275,-724,-668,266,
3109591,2511982,166718,3812387,165305,976476,-3854,-1871,159,0,966,65,-264,-408,870,-560,241,-219,-1039,171,-275,-703,-536,201,
3109591,2746052,166718,3812387,165305,976476,-536,-19,-1279,-3,970,47,-1759,770,-791,-501,272,-306,-1032,168,-298,-633,-349,185,
3109591,2746052,167322,3812387,165305,976476,-850,2415,-222,-41,966,39,-1558,1057,-1346,-292,225,-343,-1032,168,-298,-538,-156,243,
3109591,2746052,167322,3634891,165305,976476,-1472,-278,-610,-41,966,39,817,872,-2266,-191,238,-375,-1035,172,-291,-478,-17,372,
3109591,2746052,167322,3634891,165274,976476,-342,-1740,-689,-97,956,67,1163,740,-2419,-97,280,-375,-1035,172,-291,-433,45,537,
3109591,2746052,167322,3634891,165274,769980,-439,-2201,-564,-97,956,67,468,-19,-1891,-49,334,-412,-1030,192,-303,-379,86,691,
3109591,2746052,167322,3634891,165274,769980,-307,-2215,-373,-142,957,76,142,-89,-1484,-16,347,-418,-1030,192,-282,-302,135,797,
3109591,2746052,167322,3634891,165274,769980,-155,-2169,-229,-142,957,78,159,-125,-1131,35,319,-436,-1025,200,-282,-212,214,879,
3011086,2746052,167322,3634891,165274,769980,-90,-2602,-234,-168,946,78,151,-152,-707,104,301,-442,-1021,220,-275,-140,312,965,
3011086,2570216,167322,3634891,165274,769980,-30,-2611,-154,-172,947,78,-50,-197,-191,215,308,-449,-1021,220,-275,-56,424,1051,
3011086,2570216,185475,3634891,165274,769980,-254,-2248,-30,-172,947,78,-292,-236,282,436,287,-491,-1014,248,-277,56,540,1147,
3011086,2570216,185475,3296709,165274,769980,-405,-1748,-49,-159,953,66,-556,-225,697,541,215,-440,-1014,248,-277,223,645,1233,
3011086,2570216,185475,3296709,165424,769980,-517,-1301,-53,-159,953,66,-687,-186,945,657,129,-446,-1008,284,-251,365,704,1302,
3011086,2570216,185475,3296709,165424,451262,-628,-910,-96,-135,956,55,-699,-164,1003,770,88,-422,-1008,284,-251,474,709,1343,
3011086,2570216,185475,3296709,165424,451262,-686,-631,-108,-115,959,41,-589,-148,894,876,56,-416,-994,321,-242,580,697,1355,
3011086,2570216,185475,3296709,165424,451262,-698,-421,-158,-115,959,41,-407,-137,417,999,-38,-425,-986,348,-215,718,654,1333,
3089137,2570216,185475,3296709,165424,451262,-838,-679,-137,-104,960,44,50,-118,128,1089,-161,-386,-986,348,-215,879,614,1296,
3089137,2627703,185475,3296709,165424,451262,-799,-866,-184,-104,960,44,150,-86,-22,1150,-256,-377,-969,381,-180,1182,519,1302,
3089137,2627703,180755,3296709,165424,451262,-706,-980,-151,-103,966,46,175,-88,-119,1091,-493,-371,-969,381,-180,1321,475,1316,
3089137,2627703,180755,2935343,165424,451262,-691,-1058,-112,-103,964,48,165,-85,-176,1019,-660,-309,-958,422,-164,1445,432,1373,
3089137,2627703,180755,2935343,165507,451262,-623,-1194,-96,-111,964,48,224,-56,-198,943,-822,-273,-958,422,-164,1541,435,1444,
3089137,2627703,180755,2935343,165507,307607,-595,-1441,-84,-115,957,60,272,-20,-157,874,-998,-235,-935,461,-141,1615,480,1509,
3089137,2627703,180755,2935343,165507,307607,-529,-1726,17,-115,957,60,188,-4,-30,828,-1201,-167,-935,492,-100,1672,523,1547,
3089137,2627703,180755,2935343,165507,307607,-537,-1631,79,-107,961,52,15,-19,138,728,-1490,-86,-910,492,-100,1684,532,1574,
3080028,2627703,180755,2935343,165507,307607,-580,-1462,18,-107,961,52,-127,-12,304,635,-1732,-69,-886,527,-77,1540,501,1565,
3080028,2568676,180755,2935343,165507,307607,-575,-1363,0,-98,967,52,-178,39,433,490,-1809,-27,-886,527,-77,1320,492,1497,
3080028,2568676,170123,2935343,165507,307607,-593,-1256,-79,-83,961,62,-176,100,530,245,-1821,1,-863,556,-41,1188,531,1347,
3080028,2568676,170123,2887565,165507,307607,-603,-1156,-147,-83,961,62,-167,158,515,152,-1892,16,-863,556,-41,1106,575,1163,
3080028,2568676,170123,2887565,165534,307607,-565,-1024,-187,-72,966,47,-154,167,471,89,-1999,66,-843,580,-19,970,623,981,
3080028,2568676,170123,2887565,165534,163873,-600,-982,-202,-72,966,47,-143,169,400,47,-2017,58,-843,580,-19,809,667,864,
3080028,2568676,170123,2887565,165534,163873,-628,-988,-231,-62,970,50,-135,168,316,3,-2041,107,-821,604,6,687,706,828,
3080028,2568676,170123,2887565,165534,163873,-643,-964,-225,-57,968,43,-154,159,237,-31,-2128,151,-797,615,40,667,778,882,
3036412,2568676,170123,2887565,165534,163873,-673,-991,-241,-57,968,43,-174,120,154,-19,-2291,238,-797,615,40,617,863,1007,
3036412,2526792,170123,2887565,165534,163873,-783,-1086,-291,-53,967,40,-180,76,110,8,-2109,233,-774,632,58,407,928,1157,
3036412,2526792,167507,2887565,165534,163873,-820,-1001,-268,-53,967,40,-152,35,95,-45,-2124,237,-774,632,58,109,1007,1255,
3036412,2526792,167507,2907945,165534,163873,-792,-1047,-252,-48,971,43,-55,-3,60,-39,-1876,164,-745,658,66,-145,1075,1246,
3036412,2526792,167507,2907945,225181,163873,-775,-1121,-265,-48,971,43,29,-23,38,-45,-1555,113,-745,658,66,-349,1124,889,
3036412,2526792,167507,2907945,225181,164178,-721,-1208,-185,-44,976,53,84,-76,53,-11,-1384,71,-720,668,61,-97,1145,679,
3036412,2526792,167507,2907945,225181,164178,-708,-1275,-195,-41,963,56,64,-92,100,41,-1437,120,-701,678,86,30,1094,562,
3036412,2526792,167507,2907945,225181,164178,-645,-1308,-176,-41,963,56,35,-107,152,115,-1484,84,-701,678,86,82,975,564,
2801182,2526792,167507,2907945,225181,164178,-630,-1307,-148,-39,966,61,-37,-127,197,91,-1541,181,-679,679,105,94,860,677,
2801182,2406777,167507,2907945,225181,164178,-668,-1232,-132,-39,966,61,-126,-123,234,114,-1474,275,-679,679,105,106,790,844,
2801182,2406777,168561,2907945,225181,164178,-671,-1136,-89,-33,973,46,-184,-110,252,121,-1365,267,-648,689,129,162,763,1034,
2801182,2406777,168561,2829055,225181,164178,-683,-1048,-103,-24,968,48,-211,-80,234,123,-1319,328,-648,689,129,273,749,1221,
2801182,2406777,168561,2829055,690009,164178,-697,-1043,-87,-24,968,48,-218,-61,188,206,-1290,336,-616,713,137,424,679,1386,
2801182,2406777,168561,2829055,690009,166154,-717,-1053,-126,-23,970,47,-231,-48,147,237,-1235,341,-616,713,137,559,502,1503,
2801182,2406777,168561,2829055,690009,166154,-741,-1039,-140,-23,970,47,-250,-44,107,222,-1138,387,-581,721,143,676,265,1551,
2801182,2406777,168561,2829055,690009,166154,-768,-1001,-132,-16,970,34,-278,-43,30,165,-1033,460,-536,727,174,807,19,1525,
2705643,2406777,168561,2829055,690009,166154,-794,-937,-154,-16,970,34,-296,-64,-25,288,-1304,468,-536,727,174,954,-209,1139,
2705643,2155909,168561,2829055,690009,166154,-771,-922,-154,-19,978,32,-256,-64,-84,-405,-694,525,-566,701,161,292,-727,-1447,
2705643,2155909,167353,2829055,690009,166154,-798,-940,-126,-23,971,29,-217,-67,-143,-333,-1491,564,-566,701,161,-744,-1243,-2732,
2705643,2155909,167353,2069861,690009,166154,-814,-973,-164,-23,971,29,-186,-64,-178,-131,-2924,548,-620,656,149,574,-699,-2836,
2705643,2155909,167353,2069861,865459,166154,-823,-1071,-144,-23,971,18,-106,-62,-201,453,-2915,551,-620,656,149,914,-101,-1853,
2705643,2155909,167353,2069861,865459,164132,-797,-1134,-153,-23,971,18,-18,-59,-201,822,-1957,552,-639,638,156,336,20,-1081,
2705643,2155909,167353,2069861,865459,164132,-772,-1249,-93,-29,974,25,47,-55,-182,977,-1715,537,-656,612,156,144,-169,-874,
2705643,2155909,167353,2069861,865459,164132,-728,-1299,-108,-32,969,25,38,-73,-142,879,-1888,540,-656,612,156,272,-269,-680,
2540738,2155909,167353,2069861,865459,164132,-708,-1260,-40,-32,969,25,-24,-83,-93,858,-1769,454,-657,613,159,208,-235,247,
2540738,2186395,167353,2069861,865459,164132,-697,-1199,-44,-30,968,27,-58,-76,-54,764,-1300,380,-657,613,159,-204,-259,275,
2540738,2186395,167383,2069861,865459,164132,-709,-1167,-87,-30,968,27,-51,-7,-24,650,-1177,360,-651,621,152,-199,-321,330,
2540738,2186395,167383,1896398,865459,164132,-722,-1127,-135,-33,969,26,-29,23,-9,511,-1125,298,-651,621,152,-266,-344,377,
2540738,2186395,167383,1896398,1055732,164132,-727,-1086,-134,-33,969,26,-12,40,-18,335,-1036,328,-650,636,151,-330,-304,390,
2540738,2186395,167383,1896398,1055732,164097,-724,-1064,-190,-32,973,28,14,47,-35,232,-970,314,-650,636,140,-340,-245,332,
2540738,2186395,167383,1896398,1055732,164097,-732,-1051,-158,-30,967,32,19,39,-65,138,-954,243,-643,642,140,-282,-181,215,
2540738,2186395,167383,1896398,1055732,164097,-735,-1062,-212,-30,967,32,10,29,-90,35,-976,283,-640,637,144,-205,-136,68,
2619756,2186395,167383,1896398,1055732,164097,-748,-1020,-182,-34,966,33,-21,3,-117,-27,-1053,236,-640,637,144,-137,-103,-62,
2619756,2227890,167383,1896398,1055732,164097,-754,-1018,-208,-34,966,33,-5,-6,-151,-70,-1151,243,-641,638,125,-117,-79,-176,
2619756,2227890,167468,1896398,1055732,164097,-723,-1081,-186,-38,969,34,44,1,-188,-24,-1155,248,-641,638,125,-96,-61,-269,
2619756,2227890,167468,1978603,1055732,164097,-711,-1150,-171,-39,967,43,54,-15,-216,47,-1125,222,-648,631,131,-78,-58,-358,
2619756,2227890,167468,1978603,1092532,164097,-704,-1176,-158,-39,967,43,26,-27,-228,129,-1126,265,-648,631,131,-42,-32,-451,
2619756,2227890,167468,1978603,1092532,164062,-698,-1167,-83,-51,966,26,-1,-19,-210,205,-1168,243,-654,633,128,0,-18,-528,
2619756,2227890,167468,1978603,1092532,164062,-681,-1215,-131,-51,966,26,10,-17,-199,299,-1189,263,-667,612,124,16,0,-581,
2619756,2227890,167468,1978603,1092532,164062,-680,-1247,-145,-53,966,34,-5,-13,-172,384,-1240,279,-667,612,124,21,-2,-587,
2655423,2227890,167468,1978603,1092532,164062,-672,-1254,-117,-53,966,34,-30,-11,-148,452,-1280,274,-676,604,112,24,-12,-573,
2655423,2333653,167468,1978603,1092532,164062,-696,-1218,-119,-56,968,38,-50,-10,-129,582,-1564,283,-676,604,112,16,-9,-530,
2655423,2333653,169364,1978603,1092532,164062,-679,-1207,-108,-55,966,30,-53,-9,-109,574,-1506,294,-685,596,118,-39,-26,-425,
2655423,2333653,169364,1840847,1092532,164062,-687,-1196,-110,-55,966,30,-56,-10,-92,572,-1403,236,-685,596,118,-115,-69,-251,
2655423,2333653,169364,1840847,915040,164062,-701,-1155,-155,-58,962,40,-64,-4,-76,479,-1331,259,-688,606,121,-86,-94,166,
2655423,2333653,169364,1840847,915040,164099,-697,-1104,-149,-58,962,40,-71,-1,-66,364,-1276,265,-685,603,116,-3,-29,30,
2655423,2333653,169364,1840847,915040,164099,-698,-1113,-137,-58,968,44,-48,4,-82,337,-1223,221,-685,603,116,137,30,34,
2655423,2333653,169364,1840847,915040,164099,-701,-1101,-124,-62,967,41,-33,15,-108,292,-1217,246,-682,597,111,171,66,12,
2633877,2333653,169364,1840847,915040,164099,-696,-1122,-144,-62,967,41,-25,18,-126,290,-1191,251,-682,597,111,152,42,-12,
2633877,2287861,169364,1840847,915040,164099,-682,-1112,-146,-63,963,37,-28,9,-151,306,-1138,227,-684,592,129,106,-3,-45,
2633877,2287861,168178,1840847,915040,164099,-685,-1149,-149,-63,963,37,-14,12,-161,272,-1145,268,-684,592,129,62,-70,-82,
2633877,2287861,168178,1899421,915040,164099,-685,-1165,-169,-68,966,40,-4,10,-169,285,-1162,272,-689,602,114,13,-89,-111,
2633877,2287861,168178,1899421,916099,164099,-673,-1190,-136,-68,966,40,-9,6,-164,295,-1192,288,-689,602,114,-21,-90,-154,
2633877,2287861,168178,1899421,916099,164164,-681,-1195,-128,-70,969,37,-20,-1,-159,308,-1211,304,-687,593,112,-44,-86,-186,
2633877,2287861,168178,1899421,916099,164164,-641,-1229,-135,-73,964,47,-26,-8,-148,384,-1273,291,-687,589,122,-57,-75,-190,
2633877,2287861,168178,1899421,916099,164164,-671,-1195,-118,-73,964,47,-35,-5,-133,387,-1306,328,-687,589,122,-73,-64,-161,
2635051,2287861,168178,1899421,916099,164164,-641,-1233,-156,-74,962,46,-41,-4,-124,412,-1308,309,-693,587,119,-60,-63,-99,
2635051,2294778,168178,1899421,916099,164164,-665,-1244,-112,-74,962,46,-48,-7,-107,403,-1261,279,-693,587,119,-28,-43,-38,
2635051,2294778,166665,1899421,916099,164164,-671,-1198,-103,-77,970,45,-80,-19,-71,377,-1260,321,-691,591,110,-18,-14,-5,
2635051,2294778,166665,2090043,916099,164164,-670,-1177,-130,-71,963,48,-67,-12,-69,355,-1227,285,-691,592,118,-2,10,13,
2635051,2294778,166665,2090043,912292,164164,-665,-1176,-127,-71,963,48,-48,-13,-62,360,-1198,255,-691,592,118,-6,38,11,
2635051,2294778,166665,2090043,912292,163993,-677,-1177,-143,-79,967,37,-50,-9,-66,347,-1186,266,-690,591,127,-23,23,1,
2635051,2294778,166665,2090043,912292,163993,-674,-1164,-142,-79,967,37,-50,-4,-61,320,-1192,243,-690,591,127,-33,16,-6,
2635051,2294778,166665,2090043,912292,163993,-670,-1152,-98,-80,965,34,-43,5,-60,336,-1197,228,-693,590,115,-55,6,-25,
2653834,2294778,166665,2090043,912292,163993,-657,-1163,-175,-77,965,42,-38,7,-64,345,-1223,210,-693,590,115,-50,-6,-42,
2653834,2298757,166665,2090043,912292,163993,-662,-1167,-136,-77,965,42,-47,10,-74,317,-1237,279,-692,593,105,-33,-7,-49,
2653834,2298757,167334,2090043,912292,163993,-672,-1170,-134,-82,966,37,-54,12,-65,343,-1248,243,-692,593,113,-2,1,-57,
2653834,2298757,167334,2091971,912292,163993,-658,-1196,-190,-82,966,37,-39,8,-66,350,-1253,283,-690,593,113,26,4,-47,
2653834,2298757,167334,2091971,936505,163993,-652,-1203,-138,-82,967,47,-45,5,-60,372,-1251,254,-692,586,104,36,11,-32,
2653834,2298757,167334,2091971,936505,163968,-662,-1175,-139,-80,963,34,-54,-10,-53,374,-1235,254,-692,586,104,51,13,-18,
2653834,2298757,167334,2091971,936505,163968,-641,-1186,-150,-80,963,34,-51,-4,-52,364,-1246,319,-690,584,115,52,19,-8,
2653834,2298757,167334,2091971,936505,163968,-657,-1217,-143,-82,963,30,-40,7,-49,374,-1239,296,-690,584,115,28,19,3,
2663167,2298757,167334,2091971,936505,163968,-648,-1229,-129,-82,963,30,-54,2,-34,394,-1215,281,-695,591,115,24,24,4,
2663167,2292241,167334,2091971,936505,163968,-661,-1216,-144,-80,967,40,-65,-1,-10,370,-1223,287,-695,591,115,-4,24,13,
2663167,2292241,167447,2091971,936505,163968,-660,-1218,-159,-80,967,38,-71,-3,8,351,-1229,287,-695,592,125,-30,26,10,
2663167,2292241,167447,2089233,936505,163968,-639,-1204,-118,-78,962,38,-67,8,23,368,-1223,293,-688,591,99,-48,16,14,
2663167,2292241,167447,2089233,973946,163968,-633,-1207,-102,-78,964,41,-73,10,33,347,-1223,308,-688,591,99,-61,21,23,
2663167,2292241,167447,2089233,973946,164068,-654,-1177,-122,-78,964,41,-88,4,35,379,-1245,273,-691,588,109,-82,19,22,
2663167,2292241,167447,2089233,973946,164068,-655,-1143,-171,-75,968,39,-89,11,34,347,-1241,304,-691,588,109,-83,26,21,
2663167,2292241,167447,2089233,973946,164068,-645,-1137,-126,-75,968,39,-96,21,26,378,-1231,230,-690,595,121,-85,22,26,
2674186,2292241,167447,2089233,973946,164068,-657,-1136,-148,-76,970,31,-85,33,17,366,-1209,228,-690,595,121,-88,36,28,
2674186,2238665,167447,2089233,973946,164068,-650,-1140,-185,-77,960,40,-81,24,-1,351,-1224,253,-691,599,102,-79,31,35,
2674186,2238665,167460,2089233,973946,164068,-626,-1145,-131,-77,960,40,-81,26,-23,348,-1237,258,-687,598,132,-79,32,30,
2674186,2238665,167460,1954128,973946,164068,-677,-1163,-186,-73,967,38,-88,13,-33,345,-1221,248,-687,598,132,-67,24,26,
2674186,2238665,167460,1954128,951754,164068,-711,-1161,-134,-73,967,38,-109,6,-34,353,-1205,212,-685,592,124,-56,24,24,
2674186,2238665,167460,1954128,951754,164031,-704,-1165,-155,-77,971,34,-110,5,-29,341,-1229,259,-685,592,124,-43,25,21,
2674186,2238665,167460,1954128,951754,164031,-718,-1177,-174,-77,971,32,-98,1,-18,352,-1212,221,-687,596,100,-35,21,16,
2674186,2238665,167460,1954128,951754,164031,-696,-1167,-144,-74,965,32,-79,-3,-13,329,-1217,246,-687,596,100,-29,24,12,
2709961,2238665,167460,1954128,951754,164031,-684,-1179,-113,-72,968,30,-87,-1,-7,340,-1234,229,-693,603,109,-24,17,-1,
2709961,2215764,167460,1954128,951754,164031,-677,-1143,-147,-72,968,30,-83,-2,-14,334,-1237,238,-693,603,109,-13,17,-5,
2709961,2215764,167366,1954128,951754,164031,-666,-1155,-136,-72,966,28,-78,3,-17,344,-1222,220,-686,597,127,1,15,-7,
2709961,2215764,167366,1927336,951754,164031,-653,-1152,-150,-72,966,28,-75,8,-23,336,-1218,244,-685,594,110,8,10,-18,
2709961,2215764,167366,1927336,946798,164031,-660,-1150,-170,-73,972,28,-71,9,-30,348,-1222,225,-685,594,110,19,11,-15,
2709961,2215764,167366,1927336,946798,164087,-644,-1164,-126,-71,964,37,-79,7,-35,341,-1219,251,-687,594,117,14,6,-16,
2709961,2215764,167366,1927336,946798,164087,-679,-1164,-170,-71,964,37,-90,6,-32,348,-1224,260,-687,594,117,17,3,-23,
2709961,2215764,167366,1927336,946798,164087,-670,-1146,-155,-73,969,35,-85,5,-29,338,-1239,253,-689,601,109,19,1,-17,
2702290,2215764,167366,1927336,946798,164087,-668,-1159,-168,-73,969,35,-82,9,-34,348,-1228,245,-689,601,109,14,-2,-18,
2702290,2215699,167366,1927336,946798,164087,-681,-1170,-115,-73,973,31,-69,2,-38,340,-1247,280,-685,605,97,17,-6,-15,
2702290,2215699,167262,1927336,946798,164087,-662,-1148,-133,-73,968,28,-56,9,-39,352,-1233,250,-687,596,110,18,-4,-17,
2702290,2215699,167262,1922324,946798,164087,-679,-1154,-146,-74,968,28,-52,10,-46,356,-1230,228,-687,596,110,15,5,-16,
2702290,2215699,167262,1922324,948074,164087,-677,-1155,-145,-73,966,23,-46,12,-50,331,-1246,273,-686,596,95,8,3,-15,
2702290,2215699,167262,1922324,948074,164100,-645,-1192,-160,-73,966,23,-52,13,-46,351,-1243,247,-686,596,95,3,8,-12,
2702290,2215699,167262,1922324,948074,164100,-670,-1189,-160,-73,971,26,-66,4,-44,348,-1227,248,-687,595,110,-7,2,-13,
2702290,2215699,167262,1922324,948074,164100,-663,-1194,-161,-73,971,26,-84,-1,-40,337,-1231,268,-687,595,110,-6,-2,-6,
2702230,2215699,167262,1922324,948074,164100,-692,-1160,-141,-76,977,33,-91,-4,-43,336,-1233,260,-692,596,120,-7,2,-3,
2702230,2206017,167262,1922324,948074,164100,-671,-1157,-137,-69,966,28,-87,-6,-44,353,-1222,252,-692,600,119,-6,6,-4,
2702230,2206017,167570,1922324,948074,164100,-679,-1160,-171,-69,966,28,-73,-4,-43,343,-1238,273,-690,600,119,-6,4,-9,
2702230,2206017,167570,1935469,948074,164100,-660,-1162,-151,-75,969,22,-76,-4,-38,343,-1224,248,-686,595,105,-3,4,-10,
2702230,2206017,167570,1935469,950389,164100,-649,-1143,-130,-75,969,22,-73,-5,-39,342,-1233,236,-686,595,105,-13,4,-15,
2702230,2206017,167570,1935469,950389,164265,-681,-1155,-183,-75,972,13,-66,-4,-46,349,-1232,278,-686,594,115,1,-3,-10,
2702230,2206017,167570,1935469,950389,164265,-653,-1161,-147,-76,969,31,-55,2,-50,356,-1226,236,-686,594,115,-7,-7,-5,
2702230,2206017,167570,1935469,950389,164265,-678,-1171,-180,-76,969,31,-61,6,-43,345,-1225,267,-687,600,118,-1,6,-9,
2703735,2206017,167570,1935469,950389,164265,-659,-1176,-169,-74,967,24,-61,4,-42,316,-1227,273,-687,600,118,-6,8,-9,
2703735,2124059,167570,1935469,950389,164265,-653,-1178,-133,-74,967,24,-56,-1,-54,338,-1231,280,-685,602,111,-6,9,-14,
2703735,2124059,167534,1935469,950389,164265,-661,-1173,-143,-76,966,26,-61,0,-57,339,-1222,239,-686,599,101,4,4,-15,
2703735,2124059,167534,1941001,950389,164265,-663,-1185,-206,-76,966,26,-55,5,-51,337,-1242,253,-686,599,101,0,-2,-14,
2703735,2124059,167534,1941001,961410,164265,-654,-1185,-180,-74,977,27,-49,5,-45,359,-1224,266,-685,598,111,5,-3,-12,
2703735,2124059,167534,1941001,961410,164126,-668,-1175,-167,-75,961,23,-50,4,-33,357,-1231,254,-685,598,111,7,1,-13,
2703735,2124059,167534,1941001,961410,164126,-622,-1191,-175,-75,961,23,-52,5,-37,331,-1230,260,-687,601,111,12,6,-9,
2703735,2124059,167534,1941001,961410,164126,-649,-1190,-140,-75,962,33,-86,-4,-20,349,-1221,249,-687,601,111,11,9,-8,
2713459,2124059,167534,1941001,961410,164126,-656,-1167,-189,-75,962,33,-95,-7,-15,362,-1230,238,-689,602,104,9,9,-8,
2713459,2130858,167534,1941001,961410,164126,-652,-1172,-169,-75,969,23,-94,-13,-20,341,-1224,260,-688,600,121,-1,2,-14,
2713459,2130858,167571,1941001,961410,164126,-665,-1154,-161,-78,969,30,-87,-18,-19,353,-1233,261,-688,600,121,7,1,-12,
2713459,2130858,167571,1948017,961410,164126,-650,-1168,-122,-78,969,30,-80,-7,-21,342,-1227,237,-687,594,110,2,3,-10,
2713459,2130858,167571,1948017,983029,164126,-640,-1165,-155,-73,965,15,-82,-7,-20,339,-1239,274,-687,594,110,-4,-4,-13,
2713459,2130858,167571,1948017,983029,164072,-664,-1166,-182,-73,965,15,-85,-18,-23,348,-1236,273,-687,596,116,-3,0,-8,
2713459,2130858,167571,1948017,983029,164072,-648,-1163,-151,-73,971,27,-85,-11,-26,324,-1235,257,-687,596,116,1,0,-10,
2713459,2130858,167571,1948017,983029,164072,-655,-1178,-176,-73,971,27,-85,-9,-24,351,-1226,272,-690,603,118,5,9,-4,
2738080,2130858,167571,1948017,983029,164072,-677,-1178,-167,-74,969,26,-70,-9,-34,343,-1229,244,-690,603,118,-8,2,-11,
2738080,2128998,167571,1948017,983029,164072,-644,-1186,-169,-72,964,20,-77,-8,-25,338,-1234,256,-689,596,107,-5,0,-12,
2738080,2128998,167447,1948017,983029,164072,-648,-1178,-149,-72,964,20,-82,-22,-26,344,-1226,253,-686,595,111,1,-1,-13,
2738080,2128998,167447,1948079,983029,164072,-677,-1163,-149,-73,969,21,-96,-19,-28,340,-1228,266,-686,595,111,-1,4,-15,
2738080,2128998,167447,1948079,1032460,164072,-675,-1166,-184,-73,969,21,-93,-18,-30,341,-1248,246,-683,596,104,0,9,-13,
2738080,2128998,167447,1948079,1032460,164306,-671,-1153,-177,-73,971,15,-83,-17,-34,346,-1238,279,-683,596,104,5,7,-12,
2738080,2128998,167447,1948079,1032460,164306,-647,-1171,-154,-74,971,17,-83,-23,-36,334,-1243,269,-688,600,120,7,5,-6,
2738080,2128998,167447,1948079,1032460,164306,-655,-1165,-155,-74,971,17,-87,-28,-36,343,-1226,252,-688,600,120,2,10,-13,
2738374,2128998,167447,1948079,1032460,164306,-649,-1162,-166,-74,966,24,-94,-24,-44,348,-1232,236,-685,603,115,-6,2,-11,
2738374,2120630,167447,1948079,1032460,164306,-657,-1151,-163,-74,966,24,-91,-28,-42,338,-1230,247,-684,596,108,-8,-5,-8,
2738374,2120630,167551,1948079,1032460,164306,-684,-1150,-147,-74,970,14,-101,-33,-42,325,-1229,269,-684,596,108,2,-1,-11,
2738374,2120630,167551,1943569,1032460,164306,-689,-1169,-164,-74,970,14,-98,-37,-42,351,-1224,254,-689,594,115,-3,6,-4,
2738374,2120630,167551,1943569,1009230,164306,-684,-1149,-177,-73,970,20,-95,-25,-46,354,-1226,255,-689,594,115,-6,8,-7,
2738374,2120630,167551,1943569,1009230,164252,-689,-1140,-171,-75,966,13,-86,-27,-44,357,-1230,217,-689,596,106,-8,0,-7,
2738374,2120630,167551,1943569,1009230,164252,-686,-1162,-161,-75,966,13,-78,-26,-40,344,-1230,247,-689,596,106,-11,1,-4,
2738374,2120630,167551,1943569,1009230,164252,-692,-1150,-157,-75,969,11,-78,-24,-41,321,-1228,246,-686,603,114,0,-1,-7,
2749724,2120630,167551,1943569,1009230,164252,-684,-1153,-175,-75,969,11,-75,-28,-48,366,-1225,222,-686,603,103,0,1,-6,
2749724,2106943,167551,1943569,1009230,164252,-678,-1155,-143,-74,967,11,-70,-21,-50,320,-1233,262,-687,599,103,9,-2,-9,
2749724,2106943,167324,1943569,1009230,164252,-694,-1160,-173,-75,966,13,-66,-19,-49,354,-1229,226,-685,598,115,10,3,-6,
2749724,2106943,167324,1946204,1009230,164252,-680,-1150,-164,-75,966,13,-66,-17,-51,336,-1234,3,-685,598,115,3,4,-13,
2749724,2106943,167324,1946204,982221,164252,-712,-1159,-203,-79,965,14,-60,-9,-49,337,-1235,255,-685,595,115,11,7,-11,
2749724,2106943,167324,1946204,982221,164178,-702,-1147,-181,-79,965,14,-44,-3,-46,337,-1219,264,-685,595,115,23,9,-13,
2749724,2106943,167324,1946204,982221,164178,-707,-1170,-197,-76,969,14,-58,-11,-53,360,-1235,235,-686,596,121,22,6,-18,
2749724,2106943,167324,1946204,982221,164178,-691,-1148,-190,-76,969,14,-80,-13,-35,337,-1247,290,-686,596,121,11,-1,-10,
2753751,2106943,167324,1946204,982221,164178,-693,-1132,-163,-76,970,14,-63,-9,-39,338,-1245,258,-688,602,124,11,5,-11,
2753751,2115376,167324,1946204,982221,164178,-673,-1158,-170,-77,965,15,-59,-9,-46,350,-1223,226,-684,596,111,6,0,-12,
2753751,2115376,167498,1946204,982221,164178,-664,-1165,-184,-77,965,15,-55,-8,-42,343,-1236,284,-684,596,111,2,10,-9,
2753751,2115376,167498,1955211,982221,164178,-682,-1165,-138,-76,967,12,-61,-3,-40,359,-1232,244,-683,595,93,4,13,-8,
2753751,2115376,167498,1955211,997224,164178,-689,-1146,-160,-76,967,12,-56,2,-37,338,-1234,249,-683,595,93,8,12,-10,
2753751,2115376,167498,1955211,997224,163792,-655,-1169,-190,-80,973,11,-51,2,-40,358,-1234,250,-691,603,111,15,5,-9,
2753751,2115376,167498,1955211,997224,163792,-653,-1174,-134,-72,970,8,-45,1,-40,331,-1240,289,-691,603,111,13,6,-6,
2753751,2115376,167498,1955211,997224,163792,-672,-1164,-161,-72,970,8,-51,2,-38,352,-1227,249,-689,609,97,2,5,-10,
2754444,2115376,167498,1955211,997224,163792,-643,-1150,-185,-78,962,12,-54,5,-33,341,-1234,251,-687,601,108,0,254,-11,
2754444,2109750,167498,1955211,997224,163792,-654,-1166,-172,-78,962,12,-43,7,-40,345,-1237,273,-687,601,108,2,9,-9,
2754444,2109750,167501,1955211,997224,163792,-657,-1162,-160,-76,968,9,-38,10,-32,343,-1234,262,-680,594,98,-11,0,-11,
2754444,2109750,167501,1959174,997224,163792,-651,-1172,-164,-76,968,7,-43,9,-34,352,-1238,223,-680,594,98,-5,0,-10,
2754444,2109750,167501,1959174,989622,163792,-663,-1182,-170,-77,968,7,-45,4,-32,347,-1218,250,-682,596,121,-6,5,-13,
2754444,2109750,167501,1959174,989622,164203,-667,-1184,-161,-75,965,8,-55,-1,-23,362,-1228,224,-682,596,121,-10,1,-5,
2754444,2109750,167501,1959174,989622,164203,-650,-1164,-163,-75,965,8,-64,-3,-26,314,-1225,251,-685,602,110,-9,-3,-8,
2754444,2109750,167501,1959174,989622,164203,-674,-1165,-160,-76,968,11,-58,-2,-26,369,-1222,222,-685,602,110,1,0,-9,
2754239,2109750,167501,1959174,989622,164203,-661,-1175,-165,-76,968,11,-62,-5,-29,338,-1242,256,-690,599,107,0,5,-9,
2754239,2107533,167501,1959174,989622,164203,-677,-1167,-172,-81,972,8,-72,-9,-34,347,-1223,243,-689,596,107,12,14,-10,
2754239,2107533,167482,1959174,989622,164203,-667,-1172,-198,-76,965,10,-67,-9,-33,343,-1225,267,-689,596,107,8,2,-7,
2754239,2107533,167482,1969771,989622,164203,-665,-1169,-176,-76,965,10,-63,-8,-26,352,-1235,240,-685,595,109,4,1,-10,
2754239,2107533,167482,1969771,979686,164203,-667,-1155,-193,-75,964,8,-59,4,-30,322,-1234,263,-685,595,109,-1,0,-8,
2754239,2107533,167482,1969771,979686,164212,-658,-1161,-147,-75,964,8,-49,6,-29,374,-1228,220,-689,598,114,3,1,-10,
2754239,2107533,167482,1969771,979686,164212,-646,-1162,-164,-79,973,-4,-51,3,-30,345,-1221,252,-689,598,114,1,7,-13,
2754239,2107533,167482,1969771,979686,164212,-669,-1170,-189,-79,973,6,-61,-3,-28,345,-1241,253,-690,602,115,7,4,-9,
2764793,2107533,167482,1969771,979686,164212,-677,-1162,-186,-77,970,6,-55,1,-24,350,-1236,241,-686,599,100,9,4,-5,
2764793,2106455,167482,1969771,979686,164212,-677,-1173,-168,-74,969,10,-49,2,-27,339,-1231,262,-686,599,100,3,1,-11,
2764793,2106455,167453,1969771,979686,164212,-676,-1167,-178,-74,969,10,-49,1,-32,335,-1234,251,-688,595,114,11,-3,-10,
2764793,2106455,167453,1982418,979686,164212,-656,-1162,-191,-76,971,11,-57,-1,-35,338,-1235,239,-688,595,114,12,0,-10,
2764793,2106455,167453,1982418,993406,164212,-671,-1139,-184,-76,971,11,-53,-2,-30,338,-1242,287,-690,594,114,5,3,-13,
2764793,2106455,167453,1982418,993406,164233,-672,-1163,-140,-79,970,11,-53,-4,-26,343,-1225,233,-690,594,114,12,2,-11,
2764793,2106455,167453,1982418,993406,164233,-664,-1156,-155,-78,964,19,-47,-6,-33,350,-1238,254,-688,599,118,12,5,-13,
2764793,2106455,167453,1982418,993406,164233,-673,-1170,-141,-78,964,19,-56,-1,-36,337,-1226,222,-688,599,96,7,11,-11,
2766704,2106455,167453,1982418,993406,164233,-673,-1169,-186,-77,969,8,-51,2,-36,369,-1231,230,-688,597,96,7,13,-11,
2766704,2114305,167453,1982418,993406,164233,-658,-1154,-132,-77,969,8,-42,0,-36,347,-1228,264,-689,598,106,2,10,-16,
2766704,2114305,167568,1982418,993406,164233,-662,-1164,-169,-76,976,8,-46,5,-37,340,-1232,239,-689,598,106,3,1,-9,
2766704,2114305,167568,1978248,993406,164233,-649,-1172,-169,-76,969,16,-51,3,-35,331,-1241,278,-686,595,101,11,14,-11,
2766704,2114305,167568,1978248,998127,164233,-676,-1145,-151,-75,969,16,-53,0,-33,342,-1239,243,-686,595,101,6,16,-15,
2766704,2114305,167568,1978248,998127,164049,-668,-1162,-180,-79,966,8,-58,-3,-33,363,-1224,239,-686,593,109,-1,6,-11,
2766704,2114305,167568,1978248,998127,164049,-662,-1150,-158,-79,966,8,-55,-5,-37,333,-1234,285,-686,593,109,3,0,-8,
2766704,2114305,167568,1978248,998127,164049,-680,-1154,-180,-75,966,12,-55,-2,-37,335,-1226,237,-687,607,109,2,-2,-8,
2767991,2114305,167568,1978248,998127,164049,-663,-1162,-171,-75,966,12,-50,1,-36,320,-1239,282,-686,595,108,-6,-3,-7,
2767991,2113265,167568,1978248,998127,164049,-657,-1175,-174,-75,974,11,-52,1,-34,339,-1235,243,-686,595,108,3,-3,-4,
2767991,2113265,167300,1978248,998127,164049,-668,-1169,-196,-75,969,7,-56,3,-39,335,-1243,220,-686,595,111,-1,7,-3,
2767991,2113265,167300,1972305,998127,164049,-665,-1162,-152,-75,969,7,-59,3,-37,354,-1231,252,-686,595,111,-2,12,-11,
2767991,2113265,167300,1972305,961571,164049,-659,-1165,-185,-78,966,13,-56,0,-35,344,-1239,250,-686,602,109,1,1,-12,
2767991,2113265,167300,1972305,961571,164183,-677,-1171,-178,-78,966,13,-55,2,-36,355,-1234,236,-686,602,109,7,2,-12,
2767991,2113265,167300,1972305,961571,164183,-680,-1171,-179,-77,969,0,-49,3,-36,333,-1238,260,-688,607,116,5,11,-6,
2767991,2113265,167300,1972305,961571,164183,-671,-1163,-156,-77,970,5,-53,0,-37,354,-1218,228,-688,601,93,-2,8,-13,
2763508,2113265,167300,1972305,961571,164183,-668,-1162,-174,-77,970,5,-57,-4,-38,320,-1229,250,-688,601,93,-2,2,-9,
2763508,2113251,167300,1972305,961571,164183,-680,-1151,-180,-74,970,14,-56,-6,-34,339,-1236,254,-690,594,115,10,5,-7,
2763508,2113251,167460,1972305,961571,164183,-659,-1166,-140,-74,970,14,-50,-2,-39,357,-1226,254,-690,594,115,3,-4,-10,
2763508,2113251,167460,1951039,961571,164183,-664,-1162,-198,-77,969,3,-48,5,-42,341,-1235,261,-686,600,121,2,-6,-12,
2763508,2113251,167460,1951039,969600,164183,-684,-1168,-201,-77,969,3,-53,3,-43,346,-1231,259,-686,600,121,9,-1,-17,
2763508,2113251,167460,1951039,969600,164303,-658,-1169,-155,-79,971,13,-55,-1,-45,367,-1225,222,-688,598,117,11,-5,-15,
2763508,2113251,167460,1951039,969600,164303,-661,-1166,-181,-75,968,9,-52,1,-41,326,-1238,259,-688,598,117,14,-1,-11,
2763508,2113251,167460,1951039,969600,164303,-679,-1152,-156,-75,968,9,-53,3,-33,358,-1228,218,-686,599,93,5,4,-11,
2761420,2113251,167460,1951039,969600,164303,-666,-1156,-132,-77,967,13,-52,7,-41,316,-1243,302,-687,593,108,5,-5,-11,
2761420,2105108,167460,1951039,969600,164303,-654,-1170,-176,-77,967,13,-45,3,-36,336,-1239,255,-687,593,108,1,-4,-4,
2761420,2105108,167584,1951039,969600,164303,-647,-1170,-166,-79,973,18,-41,7,-44,341,-1224,244,-685,597,117,14,3,-7,
2761420,2105108,167584,1946443,969600,164303,-660,-1196,-183,-75,972,8,-51,3,-44,353,-1240,238,-685,597,117,6,-4,-9,
2761420,2105108,167584,1946443,956652,164303,-663,-1168,-184,-75,972,8,-54,-3,-38,343,-1229,232,-683,600,107,3,-13,-12,
2761420,2105108,167584,1946443,956652,164183,-685,-1159,-190,-80,967,3,-58,-1,-30,354,-1243,239,-683,600,107,-3,-4,-5,
2761420,2105108,167584,1946443,956652,164183,-674,-1154,-152,-80,967,3,-57,6,-33,321,-1239,269,-687,600,107,7,11,-5,
2761420,2105108,167584,1946443,956652,164183,-679,-1160,-175,-78,972,12,-53,2,-40,347,-1240,252,-686,600,118,1,0,-9,
2765277,2105108,167584,1946443,956652,164183,-666,-1158,-157,-78,972,12,-50,3,-40,339,-1224,249,-686,600,118,10,1,-16,
2765277,2103284,167584,1946443,956652,164183,-695,-1164,-189,-76,975,7,-50,6,-42,356,-1232,207,-688,596,108,6,6,-14,
2765277,2103284,167599,1946443,956652,164183,-652,-1177,-163,-75,965,7,-51,0,-44,352,-1228,239,-688,596,108,3,-4,-8,
2765277,2103284,167599,1954732,956652,164183,-656,-1180,-153,-75,965,7,-53,-4,-39,325,-1244,250,-685,594,100,3,11,-11,
2765277,2103284,167599,1954732,946297,164183,-657,-1165,-157,-76,967,11,-61,-6,-30,361,-1227,210,-685,594,100,-5,12,-6,
2765277,2103284,167599,1954732,946297,164322,-666,-1172,-192,-76,967,11,-63,-3,-26,329,-1238,278,-685,599,101,-1,-3,-5,
2765277,2103284,167599,1954732,946297,164322,-665,-1164,-160,-76,969,11,-60,3,-26,373,-1232,226,-685,599,115,-8,1,-12,
2765277,2103284,167599,1954732,946297,164322,-633,-1169,-181,-78,970,6,-53,-3,-28,327,-1238,256,-685,594,115,-11,1,-14,
2758723,2103284,167599,1954732,946297,164322,-657,-1148,-147,-78,970,6,-45,4,-33,348,-1235,232,-684,599,95,-2,1,-11,
2758723,2110166,167599,1954732,946297,164322,-670,-1164,-158,-79,970,6,-39,7,-31,349,-1226,227,-684,599,95,1,10,-8,
2758723,2110166,167560,1954732,946297,164322,-663,-1175,-167,-79,970,6,-51,-1,-40,342,-1250,252,-685,598,107,7,8,-7,
2758723,2110166,167560,1954466,946297,164322,-666,-1159,-168,-77,969,13,-47,6,-35,338,-1220,245,-685,598,107,10,13,-7,
2758723,2110166,167560,1954466,943986,164322,-673,-1178,-176,-77,969,13,-44,1,-36,340,-1229,230,-690,600,101,18,5,-6,
2758723,2110166,167560,1954466,943986,164313,-682,-1173,-180,-75,972,6,-48,5,-35,334,-1225,268,-690,600,101,11,8,-11,
2758723,2110166,167560,1954466,943986,164313,-673,-1157,-188,-75,964,10,-48,4,-29,340,-1235,229,-686,606,114,16,19,-19,
2758723,2110166,167560,1954466,943986,164313,-668,-1168,-166,-75,964,10,-49,2,-32,337,-1235,241,-683,597,121,13,8,-16,
2758306,2110166,167560,1954466,943986,164313,-676,-1151,-186,-76,969,5,-48,0,-28,360,-1231,217,-683,597,121,9,8,-13,
2758306,2113872,167560,1954466,943986,164313,-668,-1139,-208,-76,969,5,-46,6,-29,344,-1238,9,-687,599,116,14,9,-17,
2758306,2113872,167636,1954466,943986,164313,-662,-1180,-184,-82,976,12,-24,19,-35,331,-1226,262,-687,599,116,9,4,-11,
2758306,2113872,167636,1976785,943986,164313,-648,-1200,-200,-75,970,6,-37,13,-30,345,-1234,226,-689,599,107,5,5,-14,
2758306,2113872,167636,1976785,940103,164313,-648,-1185,-178,-75,970,6,-57,-7,-27,357,-1224,236,-689,599,107,4,0,-11,
2758306,2113872,167636,1976785,940103,164260,-674,-1148,-157,-77,969,3,-61,-7,-34,338,-1224,246,-689,604,114,6,3,-15,
2758306,2113872,167636,1976785,940103,164260,-677,-1151,-162,-77,969,3,-52,-2,-34,359,-1230,210,-689,600,91,15,3,-10,
2758306,2113872,167636,1976785,940103,164260,-665,-1174,-182,-77,971,18,-61,-11,-35,325,-1246,282,-686,600,91,20,10,-8,
2766862,2113872,167636,1976785,940103,164260,-667,-1147,-161,-77,971,18,-65,-9,-31,368,-1219,189,-690,596,105,22,13,-14,
2766862,2107356,167636,1976785,940103,164260,-666,-1159,-157,-76,965,14,-62,-5,-34,329,-1244,250,-690,596,105,13,11,-20,
2766862,2107356,167528,1976785,940103,164260,-687,-1157,-182,-75,965,11,-57,-1,-40,356,-1229,241,-686,596,120,19,9,-19,
2766862,2107356,167528,1974089,940103,164260,-664,-1172,-185,-75,965,11,-52,3,-41,343,-1247,269,-686,596,120,11,3,-17,
2766862,2107356,167528,1974089,947910,164260,-680,-1167,-144,-79,964,20,-47,1,-41,348,-1237,286,-687,596,113,10,2,-8,
2766862,2107356,167528,1974089,947910,164052,-659,-1159,-164,-79,964,20,-51,2,-35,348,-1231,212,-687,596,113,9,5,-12,
2766862,2107356,167528,1974089,947910,164052,-673,-1165,-122,-79,975,4,-47,2,-40,357,-1235,255,-689,606,108,0,1,-8,
2766862,2107356,167528,1974089,947910,164052,-661,-1172,-169,-78,969,9,-49,1,-36,347,-1224,264,-686,596,108,-2,-3,-5,
2765390,2107356,167528,1974089,947910,164052,-655,-1168,-161,-78,969,9,-55,0,-31,337,-1231,246,-686,596,108,-12,-6,3,
2765390,2103855,167528,1974089,947910,164052,-655,-1167,-178,-75,967,11,-58,1,-35,359,-1220,243,-683,595,108,-17,-5,-1,
2765390,2103855,167527,1974089,947910,164052,-645,-1173,-190,-75,967,11,-60,-1,-32,339,-1242,243,-683,595,108,-17,-3,-1,
2765390,2103855,167527,1964927,947910,164052,-653,-1171,-146,-76,971,10,-59,-4,-37,352,-1219,200,-686,598,112,-10,8,-8,
2765390,2103855,167527,1964927,943961,164052,-667,-1161,-165,-76,971,10,-67,-4,-32,330,-1229,246,-686,598,112,-1,2,-7,
2765390,2103855,167527,1964927,943961,164283,-649,-1161,-173,-78,969,0,-68,-4,-29,334,-1248,241,-687,597,114,-6,3,-17,
2765390,2103855,167527,1964927,943961,164283,-678,-1168,-210,-77,969,9,-61,-4,-33,345,-1235,252,-688,603,95,2,2,-9,
2765390,2103855,167527,1964927,943961,164283,-654,-1160,-191,-77,969,9,-56,0,-34,335,-1226,256,-688,603,95,7,0,-13,
2759712,2103855,167527,1964927,943961,164283,-675,-1149,-157,-81,968,1,-58,2,-37,348,-1235,243,-683,599,100,-6,0,-17,
2759712,2029905,167527,1964927,943961,164283,-675,-1143,-129,-81,968,1,-59,6,-35,349,-1236,239,-683,599,100,7,1,-18,
2759712,2029905,167477,1964927,943961,164283,-670,-1149,-167,-78,973,2,-46,7,-37,317,-1224,279,-683,597,118,12,6,-20,
2759712,2029905,167477,1948294,943961,164283,-658,-1171,-158,-77,968,4,-44,3,-42,354,-1230,232,-683,597,118,5,8,-14,
2759712,2029905,167477,1948294,938372,164283,-677,-1165,-176,-77,968,4,-37,5,-37,333,-1243,281,-686,602,107,14,3,-14,
2759712,2029905,167477,1948294,938372,164179,-675,-1175,-167,-80,967,5,-39,5,-39,355,-1223,242,-686,602,107,9,4,-12,
2759712,2029905,167477,1948294,938372,164179,-669,-1173,-153,-80,967,5,-48,3,-43,343,-1227,246,-683,598,97,9,6,-11,
2759712,2029905,167477,1948294,938372,164179,-668,-1190,-167,-80,973,0,-56,0,-31,336,-1236,269,-684,598,119,-2,7,-7,
2748055,2029905,167477,1948294,938372,164179,-690,-1160,-175,-80,973,7,-60,0,-30,360,-1233,246,-684,598,119,-5,1,-11,
2748055,1966501,167477,1948294,938372,164179,-666,-1186,-160,-83,968,7,-59,-4,-34,334,-1230,268,-683,599,115,-2,-2,-7,
2748055,1966501,167548,1948294,938372,164179,-651,-1161,-170,-79,963,2,-56,3,-30,347,-1242,235,-683,599,115,-4,8,-12,
2748055,1966501,167548,1934854,938372,164179,-681,-1160,-154,-79,963,2,-61,6,-24,359,-1226,192,-686,597,115,-6,4,-9,
2748055,1966501,167548,1934854,948812,164179,-671,-1165,-174,-76,966,13,-55,5,-30,339,-1233,266,-686,597,115,-7,3,-17,
2748055,1966501,167548,1934854,948812,164233,-672,-1173,-199,-76,966,13,-54,1,-42,349,-1226,263,-688,607,112,-1,2,-9,
2748055,1966501,167548,1934854,948812,164233,-661,-1164,-190,-78,973,8,-56,4,-45,324,-1233,280,-688,599,115,-9,0,-14,
2748055,1966501,167548,1934854,948812,164233,-657,-1168,-165,-78,967,5,-59,0,-40,352,-1234,212,-688,599,115,-3,9,-11,
2747305,1966501,167548,1934854,948812,164233,-655,-1175,-164,-78,967,5,-54,7,-32,347,-1235,239,-684,597,93,-12,-1,-11,
2747305,1967563,167548,1934854,948812,164233,-680,-1178,-173,-78,968,0,-58,1,-38,346,-1231,250,-684,597,93,-9,2,-6,
2747305,1967563,167515,1934854,948812,164233,-673,-1176,-183,-78,968,0,-59,-3,-34,322,-1235,246,-686,597,112,-4,-4,-13,
2747305,1967563,167515,1900689,948812,164233,-672,-1152,-149,-80,971,2,-61,1,-34,340,-1229,221,-686,597,112,-3,-4,-13,
2747305,1967563,167515,1900689,1003482,164233,-662,-1174,-205,-80,971,5,-55,3,-35,344,-1228,253,-687,597,115,8,5,-11,
2747305,1967563,167515,1900689,1003482,163946,-677,-1162,-177,-77,965,5,-53,5,-39,340,-1229,263,-687,597,113,-3,2,-12,
2747305,1967563,167515,1900689,1003482,163946,-656,-1166,-177,-77,965,9,-51,5,-42,355,-1243,213,-687,604,113,2,2,-15,
2747305,1967563,167515,1900689,1003482,163946,-663,-1175,-166,-77,965,9,-57,3,-41,332,-1244,239,-685,597,123,7,7,-7,
2747337,1967563,167515,1900689,1003482,163946,-670,-1169,-205,-79,965,6,-51,-1,-30,347,-1233,227,-685,597,123,15,9,-12,
2747337,1991511,167515,1900689,1003482,163946,-650,-1183,-174,-79,965,6,-45,4,-35,354,-1230,243,-682,595,106,9,2,-14,
2747337,1991511,167448,1900689,1003482,163946,-680,-1162,-201,-79,970,15,-44,4,-39,326,-1229,259,-682,595,106,16,16,-13,
2747337,1991511,167448,1907513,1003482,163946,-663,-1165,-158,-78,967,-4,-48,3,-35,355,-1223,237,-685,599,116,10,11,-5,
2747337,1991511,167448,1907513,1037680,163946,-657,-1159,-187,-78,967,-4,-44,8,-34,336,-1228,259,-685,599,116,10,7,-5,
2747337,1991511,167448,1907513,1037680,164303,-660,-1173,-158,-79,964,3,-40,2,-33,364,-1230,221,-688,606,106,3,1,-11,
2747337,1991511,167448,1907513,1037680,164303,-680,-1163,-196,-79,964,3,-45,5,-32,344,-1239,256,-685,600,112,4,2,-10,
2747337,1991511,167448,1907513,1037680,164303,-672,-1179,-176,-78,974,7,-53,3,-33,358,-1225,215,-685,600,112,10,3,-8,
2749708,1991511,167448,1907513,1037680,164303,-655,-1159,-179,-78,967,1,-52,7,-33,354,-1236,233,-684,598,118,4,14,-12,
2749708,1959786,167448,1907513,1037680,164303,-665,-1177,-172,-79,967,1,-53,2,-37,354,-1226,269,-684,598,118,-1,6,-10,
2749708,1959786,167488,1907513,1037680,164303,-655,-1180,-179,-78,965,6,-65,10,-26,357,-1219,221,-687,599,106,-4,-1,-8,
2749708,1959786,167488,1945553,1037680,164303,-675,-1164,-180,-78,965,6,-72,0,-23,339,-1232,260,-687,599,106,2,8,-12,
2749708,1959786,167488,1945553,1123009,164303,-663,-1160,-178,-77,969,0,-68,-6,-22,359,-1229,209,-685,604,101,1,9,-7,
2749708,1959786,167488,1945553,1123009,164036,-674,-1155,-148,-77,969,0,-63,-6,-24,343,-1233,231,-686,597,93,0,4,-12,
2749708,1959786,167488,1945553,1123009,164036,-676,-1176,-147,-78,975,3,-61,1,-30,337,-1230,250,-686,597,93,5,1,-14,
2749708,1959786,167488,1945553,1123009,164036,-650,-1170,-209,-76,964,8,-62,0,-37,339,-1243,246,-687,597,92,6,9,-12,
2748354,1959786,167488,1945553,1123009,164036,-667,-1153,-200,-76,964,8,-65,-3,-28,361,-1230,219,-687,597,92,7,9,-17,
2748354,1977667,167488,1945553,1123009,164036,-655,-1158,-189,-76,966,2,-60,4,-34,347,-1240,250,-686,597,111,11,10,-12,
2748354,1977667,167517,1945553,1123009,164036,-665,-1158,-155,-76,966,2,-52,1,-40,348,-1232,233,-686,597,111,1,-1,-9,
2748354,1977667,167517,1945548,1123009,164036,-668,-1157,-167,-80,971,2,-60,-1,-43,353,-1229,216,-687,604,106,7,6,-13,
2748354,1977667,167517,1945548,1116834,164036,-676,-1167,-153,-78,966,-2,-56,0,-43,327,-1238,255,-687,604,106,7,4,-16,
2748354,1977667,167517,1945548,1116834,164182,-673,-1161,-165,-78,966,-2,-60,-4,-41,347,-1238,257,-687,601,117,1,9,-16,
2748354,1977667,167517,1945548,1116834,164182,-684,-1174,-193,-80,963,7,-55,-4,-45,329,-1246,242,-687,599,115,11,4,-16,
2748354,1977667,167517,1945548,1116834,164182,-673,-1157,-152,-80,963,7,-51,-2,-41,344,-1226,251,-687,599,115,11,6,-17,
2731087,1977667,167517,1945548,1116834,164182,-658,-1170,-176,-80,968,11,-49,-2,-45,361,-1241,287,-686,597,98,15,11,-18,
2731087,1958814,167517,1945548,1116834,164182,-665,-1171,-201,-80,968,11,-42,8,-50,357,-1249,244,-686,597,98,7,8,-16,
2731087,1958814,167633,1945548,1116834,164182,-648,-1179,-159,-81,977,-6,-38,6,-51,354,-1229,235,-687,606,107,2,2,-13,
2731087,1958814,167633,1957701,1116834,164182,-664,-1178,-170,-81,968,5,-38,9,-47,354,-1233,241,-687,606,107,-4,-4,-12,
2731087,1958814,167633,1957701,1103592,164182,-645,-1165,-182,-81,968,5,-44,5,-47,343,-1230,245,-690,599,112,1,13,-8,
2731087,1958814,167633,1957701,1103592,164257,-659,-1168,-155,-77,965,1,-54,-1,-43,338,-1223,254,-686,600,111,-5,10,-15,
2731087,1958814,167633,1957701,1103592,164257,-658,-1185,-174,-77,965,1,-41,2,-43,343,-1233,243,-686,600,111,-1,0,-14,
2731087,1958814,167633,1957701,1103592,164257,-644,-1183,-194,-81,972,6,-52,-1,-36,332,-1240,254,-682,597,107,-4,4,-9,
2721336,1958814,167633,1957701,1103592,164257,-669,-1174,-150,-80,969,11,-57,1,-24,345,-1224,199,-682,597,107,-8,5,-14,
2721336,1956737,167633,1957701,1103592,164257,-653,-1182,-176,-80,969,11,-62,-3,-20,331,-1233,256,-687,594,106,-3,11,-17,
2721336,1956737,167636,1957701,1103592,164257,-660,-1187,-197,-79,967,8,-75,-6,-24,344,-1237,253,-687,594,106,-8,12,-19,
2721336,1956737,167636,1896569,1103592,164257,-665,-1147,-220,-79,967,8,-85,-14,-23,339,-1234,235,-689,601,114,-10,11,-12,
2721336,1956737,167636,1896569,1069846,164257,-688,-1126,-179,-77,968,5,-87,-6,-21,358,-1226,231,-689,601,105,-1,4,-18,
2721336,1956737,167636,1896569,1069846,164330,-644,-1155,-164,-77,968,5,-71,-1,-28,336,-1237,260,-689,595,105,-6,3,-22,
2721336,1956737,167636,1896569,1069846,164330,-692,-1155,-188,-81,970,-3,-57,-3,-36,356,-1238,242,-688,594,95,-6,6,-11,
2721336,1956737,167636,1896569,1069846,164330,-650,-1165,-162,-78,966,6,-52,-3,-39,361,-1231,229,-688,594,95,-1,6,-11,
2723486,1956737,167636,1896569,1069846,164330,-658,-1160,-189,-78,966,6,-50,5,-46,374,-1226,185,-687,594,113,6,5,-15,
2723486,1985502,167636,1896569,1069846,164330,-657,-1166,-168,-75,968,4,-43,9,-43,350,-1241,259,-687,594,113,1,-3,-16,
2723486,1985502,167625,1896569,1069846,164330,-667,-1164,-203,-75,968,4,-47,4,-53,347,-1243,247,-685,598,115,9,6,-11,
2723486,1985502,167625,1898439,1069846,164330,-661,-1179,-192,-83,974,5,-40,5,-55,342,-1240,243,-685,598,115,12,3,-5,
2723486,1985502,167625,1898439,1089350,164330,-673,-1163,-163,-81,967,3,-48,6,-53,330,-1240,261,-691,602,112,11,13,-16,
2723486,1985502,167625,1898439,1089350,164111,-668,-1160,-181,-81,967,3,-48,0,-54,357,-1236,215,-686,595,118,5,8,-19,
2723486,1985502,167625,1898439,1089350,164111,-648,-1173,-170,-82,964,6,-49,2,-49,351,-1232,215,-686,595,118,2,2,-16,
2723486,1985502,167625,1898439,1089350,164111,-652,-1179,-184,-82,964,6,-62,4,-53,342,-1237,256,-685,593,90,8,8,-13,
2698032,1985502,167625,1898439,1089350,164111,-686,-1169,-152,-84,974,1,-49,3,-47,351,-1226,243,-685,593,90,9,12,-17,
2698032,1952748,167625,1898439,1089350,164111,-647,-1184,-152,-84,974,1,-52,2,-46,337,-1235,241,-690,600,107,-1,13,-17,
2698032,1952748,167657,1898439,1089350,164111,-659,-1177,-192,-82,974,0,-47,4,-48,346,-1227,213,-690,600,107,-3,3,-9,
2698032,1952748,167657,1865255,1089350,164111,-679,-1176,-165,-83,968,4,-47,1,-46,335,-1242,301,-689,602,95,0,-3,-8,
2698032,1952748,167657,1865255,1086505,164111,-644,-1179,-165,-83,968,4,-59,3,-33,344,-1228,249,-689,598,114,0,4,-10,
2698032,1952748,167657,1865255,1086505,164384,-656,-1168,-170,-86,968,-1,-60,3,-34,347,-1240,271,-686,598,114,-2,11,-8,
2698032,1952748,167657,1865255,1086505,164384,-657,-1168,-167,-86,968,-1,-53,-2,-34,335,-1229,252,-684,593,118,-8,5,-11,
2698032,1952748,167657,1865255,1086505,164384,-637,-1166,-208,-88,964,-1,-60,6,-31,376,-1235,260,-684,593,118,-3,5,-3,
2691637,1952748,167657,1865255,1086505,164384,-670,-1178,-166,-84,966,5,-61,2,-39,331,-1245,268,-688,593,115,0,0,-15,
2691637,1862139,167657,1865255,1086505,164384,-662,-1172,-197,-84,966,5,-71,-3,-37,370,-1219,205,-688,593,115,-2,2,-15,
2691637,1862139,167660,1865255,1086505,164384,-643,-1159,-166,-81,962,5,-66,1,-36,345,-1245,269,-690,600,107,-11,6,-10,
2691637,1862139,167660,1892492,1086505,164384,-667,-1155,-162,-81,962,5,-70,0,-41,329,-1236,267,-690,600,107,-11,8,-8,
2691637,1862139,167660,1892492,1050251,164384,-664,-1155,-220,-83,965,0,-59,6,-51,348,-1235,257,-690,600,101,-6,4,-6,
2691637,1862139,167660,1892492,1050251,164307,-651,-1170,-171,-83,965,0,-48,10,-44,339,-1238,236,-685,598,105,-1,13,-11,
2691637,1862139,167660,1892492,1050251,164307,-667,-1175,-191,-85,973,4,-45,8,-41,379,-1231,229,-685,598,105,14,8,-6,
2691637,1862139,167660,1892492,1050251,164307,-648,-1182,-173,-87,969,1,-51,2,-41,345,-1238,212,-683,595,106,11,3,-9,
2650965,1862139,167660,1892492,1050251,164307,-657,-1189,-188,-87,969,1,-72,-3,-35,348,-1230,235,-683,595,106,6,5,-9,
2650965,1841324,167660,1892492,1050251,164307,-653,-1167,-168,-85,968,3,-76,-5,-26,331,-1231,229,-685,601,109,1,3,-11,
2650965,1841324,167533,1892492,1050251,164307,-659,-1166,-194,-85,968,3,-71,-6,-30,351,-1233,223,-685,601,109,14,12,-12,
2650965,1841324,167533,1872656,1050251,164307,-664,-1176,-176,-85,969,-9,-66,-7,-30,350,-1232,254,-686,599,102,13,11,-11,
2650965,1841324,167533,1872656,1110434,164307,-681,-1169,-223,-83,966,1,-67,-1,-32,352,-1231,227,-683,604,105,9,12,-13,
2650965,1841324,167533,1872656,1110434,164372,-649,-1147,-173,-83,966,1,-69,-3,-34,340,-1245,284,-683,604,105,14,12,-14,
2650965,1841324,167533,1872656,1110434,164372,-656,-1155,-199,-87,967,-3,-75,-6,-39,359,-1224,200,-681,596,99,5,0,-11,
2650965,1841324,167533,1872656,1110434,164372,-640,-1162,-176,-87,967,-3,-56,-6,-39,333,-1230,238,-681,596,99,1,7,-12,
2655956,1841324,167533,1872656,1110434,164372,-652,-1163,-179,-83,967,-6,-54,-4,-45,337,-1216,242,-686,598,110,12,6,-10,
2655956,1840226,167533,1872656,1110434,164372,-651,-1170,-202,-83,967,-6,-60,-3,-45,344,-1237,239,-686,598,110,7,4,-8,
2655956,1840226,167617,1872656,1110434,164372,-643,-1178,-191,-85,968,-1,-51,-5,-46,361,-1225,241,-687,603,106,3,6,-11,
2655956,1840226,167617,1868910,1110434,164372,-677,-1174,-189,-86,969,2,-44,1,-45,345,-1241,243,-687,603,106,2,4,-9,
2655956,1840226,167617,1868910,1101389,164372,-647,-1178,-210,-86,969,2,-46,2,-44,340,-1241,281,-685,599,94,3,-2,-11,
2655956,1840226,167617,1868910,1101389,164351,-642,-1167,-159,-86,964,-5,-51,5,-37,344,-1226,233,-689,595,107,-1,-4,-12,
2655956,1840226,167617,1868910,1101389,164351,-681,-1158,-219,-86,964,-5,-57,3,-30,348,-1244,241,-689,595,107,-8,2,-5,
2655956,1840226,167617,1868910,1101389,164351,-639,-1175,-197,-87,972,-8,-50,8,-34,334,-1245,261,-682,595,98,-5,11,-9,
2654104,1840226,167617,1868910,1101389,164351,-673,-1157,-169,-88,968,3,-44,11,-34,346,-1229,262,-682,595,98,-13,3,-9,
2654104,1830654,167617,1868910,1101389,164351,-646,-1176,-140,-88,968,3,-46,11,-34,342,-1229,244,-687,599,87,-12,8,-8,
2654104,1830654,167482,1868910,1101389,164351,-675,-1161,-213,-84,966,-3,-44,10,-42,357,-1231,225,-687,599,87,-8,8,-4,
2654104,1830654,167482,1870233,1101389,164351,-649,-1163,-184,-84,966,-3,-53,7,-39,334,-1245,263,-684,606,97,-9,6,-2,
2654104,1830654,167482,1870233,1109424,164351,-644,-1161,-169,-89,968,-7,-45,7,-35,345,-1237,239,-685,597,113,-10,0,-5,
2654104,1830654,167482,1870233,1109424,164246,-665,-1178,-210,-89,968,-6,-50,3,-43,343,-1236,259,-685,597,113,-6,1,-2,
2654104,1830654,167482,1870233,1109424,164246,-663,-1181,-177,-87,967,-6,-55,3,-40,342,-1248,268,-682,597,113,-5,-2,-5,
2654104,1830654,167482,1870233,1109424,164246,-651,-1190,-200,-86,968,4,-55,-1,-37,343,-1230,248,-682,597,113,-4,-3,-6,
2650192,1830654,167482,1870233,1109424,164246,-648,-1174,-197,-86,968,4,-64,-2,-32,357,-1227,229,-682,594,102,3,9,-6,
2650192,1827299,167482,1870233,1109424,164246,-656,-1182,-157,-85,965,-10,-59,0,-35,342,-1238,257,-682,594,102,4,2,-2,
2650192,1827299,167620,1870233,1109424,164246,-661,-1166,-165,-85,965,-10,-57,-2,-29,338,-1231,262,-686,604,111,6,3,-8,
2650192,1827299,167620,1861764,1109424,164246,-669,-1164,-203,-86,970,5,-56,-1,-29,338,-1231,240,-686,602,97,1,5,-11,
2650192,1827299,167620,1861764,1117771,164246,-675,-1156,-195,-89,967,-1,-52,0,-31,347,-1227,218,-686,602,97,-3,7,-5,
2650192,1827299,167620,1861764,1117771,164235,-660,-1173,-199,-89,967,-1,-48,7,-33,352,-1234,209,-688,595,111,3,14,-7,
2650192,1827299,167620,1861764,1117771,164235,-658,-1170,-190,-84,972,8,-52,4,-40,326,-1232,253,-688,595,111,5,8,-15,
2650192,1827299,167620,1861764,1117771,164235,-657,-1167,-163,-84,972,8,-52,0,-38,330,-1247,258,-685,597,112,1,-1,-10,
2640457,1827299,167620,1861764,1117771,164235,-656,-1162,-147,-88,977,-2,-52,5,-44,330,-1232,260,-685,597,112,2,-4,-11,
2640457,1841411,167620,1861764,1117771,164235,-667,-1162,-179,-88,968,10,-47,0,-45,345,-1236,231,-689,600,108,5,-1,-12,
2640457,1841411,167522,1861764,1117771,164235,-683,-1166,-203,-87,968,10,-49,-4,-43,353,-1240,231,-689,600,108,8,-3,-16,
2640457,1841411,167522,1864668,1117771,164235,-649,-1165,-145,-86,966,-10,-49,4,-42,363,-1236,188,-690,599,106,-1,3,-12,
2640457,1841411,167522,1864668,1117155,164235,-665,-1163,-199,-86,966,-10,-52,2,-36,338,-1248,242,-683,595,101,-8,10,-9,
2640457,1841411,167522,1864668,1117155,164305,-642,-1173,-172,-89,970,-2,-49,2,-32,343,-1242,239,-683,595,101,-13,2,-14,
2640457,1841411,167522,1864668,1117155,164305,-649,-1176,-200,-89,970,-2,-49,8,-36,340,-1238,256,-687,598,100,7,7,-14,
2640457,1841411,167522,1864668,1117155,164305,-636,-1177,-202,-88,971,-7,-50,2,-40,346,-1230,207,-687,598,100,-1,5,-9,
2645034,1841411,167522,1864668,1117155,164305,-658,-1168,-181,-86,966,-3,-54,2,-39,328,-1232,252,-684,601,106,4,2,-4,
2645034,1852472,167522,1864668,1117155,164305,-647,-1172,-184,-86,966,-3,-54,0,-35,347,-1228,237,-684,601,106,5,-2,-6,
2645034,1852472,167424,1864668,1117155,164305,-651,-1159,-169,-87,966,1,-55,1,-44,357,-1234,244,-683,604,122,1,-6,-11,
2645034,1852472,167424,1863235,1117155,164305,-638,-1166,-184,-87,966,1,-44,5,-44,351,-1227,223,-685,603,104,-3,2,-21,
2645034,1852472,167424,1863235,1095409,164305,-661,-1177,-175,-89,973,-15,-47,2,-41,329,-1243,278,-685,603,104,-7,8,-20,
2645034,1852472,167424,1863235,1095409,164117,-653,-1177,-213,-91,971,-4,-55,1,-37,336,-1234,265,-688,596,101,1,7,-17,
2645034,1852472,167424,1863235,1095409,164117,-659,-1167,-200,-91,971,-4,-48,6,-39,369,-1228,231,-688,596,101,3,6,-6,
2645034,1852472,167424,1863235,1095409,164117,-653,-1176,-137,-88,969,0,-45,2,-39,329,-1248,284,-683,596,106,5,5,-4,
2654769,1852472,167424,1863235,1095409,164117,-660,-1180,-168,-88,969,0,-54,3,-30,359,-1239,233,-683,596,106,12,6,-8,
2654769,1840211,167424,1863235,1095409,164117,-647,-1171,-160,-89,976,0,-51,3,-36,338,-1238,239,-688,602,105,8,11,-10,
2654769,1840211,167497,1863235,1095409,164117,-655,-1177,-173,-89,976,0,-53,1,-40,345,-1224,219,-688,602,105,11,4,-13,
2654769,1840211,167497,1876516,1095409,164117,-665,-1176,-206,-87,974,-14,-54,6,-32,341,-1244,254,-686,599,121,12,3,-9,
2654769,1840211,167497,1876516,1110363,164117,-644,-1159,-148,-89,968,-4,-57,-4,-27,348,-1223,230,-681,594,108,11,4,-13,
2654769,1840211,167497,1876516,1110363,164267,-643,-1172,-204,-89,968,-4,-50,0,-25,344,-1227,239,-681,594,108,9,4,-6,
2654769,1840211,167497,1876516,1110363,164267,-640,-1176,-171,-85,965,-1,-49,2,-27,325,-1230,259,-684,595,110,9,7,-8,
