0,0,0,0,0,0,-51,-133,1319,163,496,724,-56,-12,-41,-74,26,1318,-295,334,804,7,-14,-22,
4767966,0,0,0,0,0,-43,-136,1301,163,496,724,-56,-9,-43,-55,16,1266,-294,344,794,9,-8,-24,
4767966,3974841,0,0,0,0,-53,-146,1301,161,496,720,-60,-11,-39,-46,27,1318,-294,345,814,5,-11,-28,
4767966,3974841,3033949,0,0,0,-37,-147,1294,161,496,720,-58,-12,-43,-71,21,1333,-295,345,814,4,-18,-30,
4767966,3974841,3033949,4326521,0,0,-40,-138,1357,159,499,729,-57,-12,-43,-55,26,1311,-296,335,805,6,-16,-26,
4767966,3974841,3033949,4326521,3445443,0,-32,-150,1324,159,497,720,-59,-14,-44,-73,20,1320,-296,335,805,9,-19,-26,
4767966,3974841,3033949,4326521,3445443,3691313,-33,-137,1337,159,497,720,-58,-9,-42,-47,40,1284,-293,335,795,9,-14,-25,
4767966,3974841,3033949,4326521,3445443,3691313,-48,-140,1341,160,493,717,-63,-13,-38,-72,31,1325,-293,335,795,11,-23,-25,
4767966,3974841,3033949,4326521,3445443,3691313,-45,-143,1291,160,493,717,-56,-6,-47,-62,32,1328,-296,337,804,13,-24,-27,
4793767,3974841,3033949,4326521,3445443,3691313,-55,-149,1344,158,499,726,-62,-6,-39,-66,23,1311,-296,337,804,7,-13,-24,
4793767,3957013,3033949,4326521,3445443,3691313,-65,-140,1292,158,499,726,-56,0,-34,-47,29,1319,-291,339,790,15,-5,-29,
4793767,3957013,3069537,4326521,3445443,3691313,-23,-141,1318,156,503,731,-49,0,-38,-48,30,1317,-295,336,799,12,8,-30,
4793767,3957013,3069537,4443582,3445443,3691313,-50,-145,1307,158,498,724,-48,9,-36,-74,18,1313,-295,336,799,-3,-1,-32,
4793767,3957013,3069537,4443582,3260207,3691313,-32,-140,1344,158,498,724,-39,13,-33,-60,33,1350,-297,334,814,-1,4,-34,
4793767,3957013,3069537,4443582,3260207,3616091,-40,-139,1309,162,496,715,-41,19,-26,-74,30,1299,-297,334,814,0,3,-29,
4793767,3957013,3069537,4443582,3260207,3616091,-31,-146,1332,162,496,715,-39,20,-24,-61,25,1313,-294,338,802,2,4,-30,
4793767,3957013,3069537,4443582,3260207,3616091,-54,-152,1296,157,502,730,-27,37,-16,-48,45,1294,-294,338,802,6,1,-33,
4688249,3957013,3069537,4443582,3260207,3616091,-68,-144,1317,164,499,732,-12,55,-7,-64,31,1335,-295,344,804,1,1,-29,
4688249,3739963,3069537,4443582,3260207,3616091,-28,-153,1358,164,499,732,-2,74,0,-69,28,1303,-294,338,790,1,-2,-23,
4688249,3739963,2431363,4443582,3260207,3616091,-59,-142,1296,165,493,722,23,116,35,-40,38,1248,-294,338,790,-1,-8,-26,
4688249,3739963,2431363,4464569,3260207,3616091,-81,-165,1338,165,493,722,119,324,76,-62,23,1313,-294,331,806,11,3,-23,
4688249,3739963,2431363,4464569,3610679,3616091,-87,-229,1361,174,491,734,160,518,116,-62,30,1299,-294,331,806,15,-4,-22,
4688249,3739963,2431363,4464569,3610679,3810369,-122,-891,1362,174,491,734,234,678,204,-63,35,1300,-292,334,806,11,-11,-19,
4688249,3739963,2431363,4464569,3610679,3810369,-5,-1223,1601,189,490,724,39,525,583,-76,28,1326,-292,334,806,8,-14,-17,
4688249,3739963,2431363,4464569,3610679,3810369,127,-601,1603,209,486,720,-379,501,1049,-79,33,1319,-294,342,800,10,-22,-28,
2775388,3739963,2431363,4464569,3610679,3810369,123,-281,1310,209,486,720,-142,527,1182,-66,34,1309,-294,342,800,6,-25,-31,
2775388,1746222,2431363,4464569,3610679,3810369,182,-768,1308,237,477,714,-55,556,1284,-73,28,1314,-296,336,807,7,-19,-25,
2775388,1746222,168975,4464569,3610679,3810369,483,-650,1347,237,477,714,-147,547,1520,-70,21,1321,-293,332,808,8,-21,-12,
2775388,1746222,168975,4695063,3610679,3810369,690,-563,1250,266,484,721,-222,508,1735,-53,50,1297,-293,332,808,22,-7,-10,
2775388,1746222,168975,4695063,3609244,3810369,846,-901,1356,291,481,712,-281,422,1704,-76,35,1306,-293,333,802,26,-1,-10,
2775388,1746222,168975,4695063,3609244,3800980,1143,-827,1211,291,481,712,-879,-91,1017,-75,26,1338,-293,333,802,19,-9,-9,
2775388,1746222,168975,4695063,3609244,3800980,1296,-357,1329,302,487,705,-724,-398,601,-70,33,1324,-294,336,814,21,-12,-12,
2775388,1746222,168975,4695063,3609244,3800980,1094,-755,1228,302,487,705,-548,-499,360,-67,34,1300,-294,336,814,10,-6,-7,
2889348,1746222,168975,4695063,3609244,3800980,1136,-785,1162,294,501,702,-661,-529,338,-59,44,1266,-294,342,795,8,-14,-3,
2889348,1299368,168975,4695063,3609244,3800980,1210,-463,1225,294,501,702,-875,-605,416,-75,39,1299,-294,335,810,3,-17,-8,
2889348,1299368,195015,4695063,3609244,3800980,1298,-116,1251,291,514,696,-862,-761,496,-102,27,1347,-294,335,810,1,-7,-4,
2889348,1299368,195015,4832534,3609244,3800980,1198,-36,1265,282,511,693,-641,-937,516,-72,56,1294,-294,334,802,7,-6,-3,
2889348,1299368,195015,4832534,2856561,3800980,1067,-103,1291,282,511,693,-476,-1035,486,-95,29,1292,-294,334,802,10,-14,-4,
2889348,1299368,195015,4832534,2856561,2952599,949,-133,1301,274,516,705,-407,-1091,437,-76,44,1281,-296,337,802,1,-16,-7,
2889348,1299368,195015,4832534,2856561,2952599,913,-167,1316,274,516,705,-388,-1143,350,-68,41,1298,-296,337,802,4,-30,-5,
2889348,1299368,195015,4832534,2856561,2952599,812,-193,1377,252,529,704,-394,-1247,216,-70,45,1304,-299,339,806,3,-31,-8,
2721814,1299368,195015,4832534,2856561,2952599,709,-252,1370,229,527,707,-486,-1508,-88,-71,37,1307,-299,342,795,20,-16,-11,
2721814,1427021,195015,4832534,2856561,2952599,568,-284,1454,229,527,707,-587,-1602,-260,-99,33,1368,-296,342,795,13,2,0,
2721814,1427021,179027,4832534,2856561,2952599,404,-248,1449,194,541,705,-706,-1663,-460,-86,36,1321,-297,336,793,9,4,2,
2721814,1427021,179027,4893598,2856561,2952599,129,-175,1532,194,541,705,-787,-1692,-670,-84,26,1274,-297,336,793,3,11,2,
2721814,1427021,179027,4893598,2529535,2952599,-71,-191,1455,153,558,688,-854,-1685,-888,-73,21,1351,-296,332,791,9,22,1,
2721814,1427021,179027,4893598,2529535,2256955,-287,-285,1405,153,558,688,-935,-1603,-1077,-61,44,1292,-296,332,791,5,25,1,
2721814,1427021,179027,4893598,2529535,2256955,-536,-349,1369,113,582,698,-1090,-1464,-1212,-76,34,1320,-297,333,790,10,32,-256,
2721814,1427021,179027,4893598,2529535,2256955,-865,-348,1293,71,603,674,-1283,-1297,-1296,-70,24,1330,-297,333,790,7,44,-13,
2670655,1427021,179027,4893598,2529535,2256955,-1266,-281,1212,71,603,674,-1445,-1062,-1332,-54,38,1309,-298,337,789,5,40,-17,
2670655,1211715,179027,4893598,2529535,2256955,-2091,-189,1137,40,633,656,-1552,-774,-1307,-44,41,1292,-297,333,817,2,40,-22,
2670655,1211715,181225,4893598,2529535,2256955,-2344,-38,1178,40,633,656,-1584,-142,-1131,-50,31,1303,-297,333,817,-10,34,-23,
2670655,1211715,181225,4612618,2529535,2256955,-2496,199,1101,16,666,625,-1455,343,-1044,-56,28,1305,-298,333,810,-5,39,-22,
2670655,1211715,181225,4612618,3836713,2256955,-2546,408,1008,12,677,613,-1245,681,-986,-62,24,1338,-298,333,810,-11,33,-19,
2670655,1211715,181225,4612618,3836713,3342759,-2479,586,1023,12,677,613,-1005,989,-963,-40,37,1278,-294,338,802,-8,28,-15,
2670655,1211715,181225,4612618,3836713,3342759,-2306,748,2549,17,678,610,-373,1538,-937,-54,25,1308,-294,338,802,-22,34,-24,
2670655,1211715,181225,4612618,3836713,3342759,1160,-573,400,17,678,610,1625,2533,-781,-77,20,1352,-297,340,797,-27,38,-22,
4861311,1211715,181225,4612618,3836713,3342759,1385,-495,1662,44,629,653,3453,2322,-420,-47,29,1319,-294,340,820,-35,56,-33,
4861311,1084262,181225,4612618,3836713,3342759,466,-416,3281,44,629,653,4853,2335,-85,-55,21,1322,-294,340,820,-53,124,-52,
4861311,1084262,406587,4612618,3836713,3342759,-495,36,3251,86,552,714,4192,3478,-38,-78,31,1331,-290,337,793,-96,200,-72,
4861311,1084262,406587,3815115,3836713,3342759,-26,191,1996,122,538,715,1299,2661,-341,-70,49,1339,-290,337,793,-138,293,-85,
4861311,1084262,406587,3815115,4352305,3342759,104,-186,1375,122,538,715,480,1307,4,-105,51,1370,-277,342,814,-212,455,-90,
4861311,1084262,406587,3815115,4352305,3964187,-63,-287,1296,139,531,719,193,578,238,-116,57,1362,-277,342,814,-307,655,-91,
4861311,1084262,406587,3815115,4352305,3964187,-63,-262,1283,139,531,719,222,595,-8,-138,34,1514,-261,350,798,-362,747,-90,
4861311,1084262,406587,3815115,4352305,3964187,-37,-167,1373,147,529,724,196,454,-80,-159,19,1513,-261,350,798,-443,672,-85,
5001678,1084262,406587,3815115,4352305,3964187,-14,-160,1345,155,521,723,87,284,-39,-163,63,1475,-249,359,792,-498,633,-84,
5001678,966271,406587,3815115,4352305,3964187,-22,-158,1353,155,521,723,9,179,-7,-197,64,1683,-231,368,792,-545,739,-91,
5001678,966271,678417,3815115,4352305,3964187,-59,-175,1327,158,523,727,-29,105,-12,-173,-52,1875,-231,368,792,-496,820,-130,
5001678,966271,678417,2818915,4352305,3964187,-2,-167,1309,158,523,727,-19,60,-33,-174,-20,1793,-207,381,804,-444,1212,-110,
5001678,966271,678417,2818915,4641079,3964187,-30,-169,1326,156,526,724,-7,52,-38,-210,-48,1762,-207,381,804,-478,1393,-102,
5001678,966271,678417,2818915,4641079,3746230,-35,-161,1350,156,526,724,-28,23,-28,-217,-4,1619,-173,393,801,-535,1534,-105,
5001678,966271,678417,2818915,4641079,3746230,-35,-161,1355,159,520,724,-45,-4,-49,-248,44,1420,-173,393,801,-574,1605,-129,
5001678,966271,678417,2818915,4641079,3746230,-10,-150,1299,161,521,727,-55,-28,-50,-244,-50,1218,-141,407,818,-595,1605,-149,
5049347,966271,678417,2818915,4641079,3746230,-26,-161,1322,161,521,727,-56,-47,-53,-297,21,1125,-107,410,802,-612,1526,-164,
5049347,1169106,678417,2818915,4641079,3746230,12,-171,1330,154,521,722,-61,-50,-55,-253,-47,868,-107,410,802,-581,1399,-187,
5049347,1169106,717690,2818915,4641079,3746230,-9,-172,1315,154,521,722,-63,-45,-51,-354,-41,875,-78,420,819,-570,1216,-200,
5049347,1169106,717690,2806112,4641079,3746230,-5,-172,1335,152,529,725,-59,-52,-45,-377,-80,860,-78,420,819,-497,1025,-231,
5049347,1169106,717690,2806112,4758525,3746230,-20,-150,1335,156,520,721,-72,-49,-40,-357,-224,1048,-60,431,820,-382,865,-231,
5049347,1169106,717690,2806112,4758525,3024840,11,-176,1337,156,520,721,-64,-45,-39,-353,-267,1160,-60,431,820,-276,776,-200,
5049347,1169106,717690,2806112,4758525,3024840,8,-181,1348,153,524,724,-65,-37,-40,-368,-287,1339,-46,443,805,-207,750,-135,
5049347,1169106,717690,2806112,4758525,3024840,-12,-179,1323,153,524,724,-50,-39,-37,-393,-279,1517,-46,443,811,-158,798,-58,
5076512,1169106,717690,2806112,4758525,3024840,19,-168,1285,154,529,727,-51,-38,-28,-433,-259,1611,-21,445,811,-123,907,25,
5076512,1225635,717690,2806112,4758525,3024840,-5,-159,1299,154,527,730,-44,-37,-16,-461,-182,1663,2,443,804,-104,1069,71,
5076512,1225635,677361,2806112,4758525,3024840,3,-183,1340,153,527,730,-29,-45,17,-477,-118,1351,2,443,804,-112,1220,94,
5076512,1225635,677361,2667441,4758525,3024840,-1,-162,1300,153,517,732,1,-38,17,-504,-70,1279,31,451,805,-166,1340,76,
5076512,1225635,677361,2667441,4800927,3024840,19,-176,1345,153,517,732,7,-41,29,-519,-74,1157,31,451,805,-224,1393,55,
5076512,1225635,677361,2667441,4800927,2812563,-1,-159,1303,151,519,730,16,-31,41,-522,-87,997,65,458,819,-277,1371,21,
5076512,1225635,677361,2667441,4800927,2812563,-13,-144,1328,151,519,730,6,-31,44,-552,-121,982,65,458,819,-325,1304,-14,
5076512,1225635,677361,2667441,4800927,2812563,9,-154,1314,152,525,728,-8,-25,43,-537,-115,893,98,472,802,-353,1212,-49,
5093210,1225635,677361,2667441,4800927,2812563,40,-170,1300,156,516,734,-13,-12,63,-575,-81,825,118,467,787,-427,926,-80,
5093210,1235493,677361,2667441,4800927,2812563,15,-165,1314,156,516,734,-14,-5,89,-603,-98,819,118,467,787,-460,775,-118,
5093210,1235493,698851,2667441,4800927,2812563,5,-168,1318,162,516,729,-11,-6,119,-604,-123,930,132,477,791,-492,623,-148,
5093210,1235493,698851,2276780,4800927,2812563,14,-171,1315,162,516,729,-9,-6,131,-652,-197,1116,132,477,791,-505,524,-145,
5093210,1235493,698851,2276780,4944390,2812563,-13,-141,1319,161,525,726,-15,-4,143,-646,-209,1187,138,496,787,-514,490,-133,
5093210,1235493,698851,2276780,4944390,2591992,0,-158,1325,161,517,735,-14,-2,159,-679,-204,1299,138,496,787,-519,512,-128,
5093210,1235493,698851,2276780,4944390,2591992,-10,-164,1337,163,517,735,-13,-1,146,-688,-235,1338,151,512,764,-543,571,-127,
5093210,1235493,698851,2276780,4944390,2591992,-19,-164,1341,166,510,737,-9,6,124,-693,-180,1299,162,523,755,-587,626,-127,
5089218,1235493,698851,2276780,4944390,2591992,-14,-163,1289,166,510,737,-22,3,108,-662,-236,1201,162,523,755,-616,681,-140,
5089218,1166072,698851,2276780,4944390,2591992,-6,-162,1323,169,515,738,-21,3,104,-706,-252,1180,179,526,748,-635,717,-132,
5089218,1166072,1021986,2276780,4944390,2591992,-5,-165,1322,169,515,738,-13,13,112,-683,-274,1099,179,526,748,-634,718,-119,
5089218,1166072,1021986,1728107,4944390,2591992,-9,-168,1308,168,513,731,-5,15,102,-713,-177,913,194,541,750,-631,708,-108,
5089218,1166072,1021986,1728107,5066898,2591992,-31,-154,1336,174,510,733,-9,15,108,-742,-206,861,194,541,750,-652,659,-128,
5089218,1166072,1021986,1728107,5066898,2015650,0,-145,1312,174,510,733,-18,16,102,-735,-240,864,198,563,753,-675,578,-161,
5089218,1166072,1021986,1728107,5066898,2015650,-19,-165,1342,178,506,735,-25,25,104,-724,-286,916,198,563,753,-681,480,-181,
5089218,1166072,1021986,1728107,5066898,2015650,-24,-161,1297,178,506,735,-27,32,111,-718,-326,934,211,577,748,-671,399,-181,
5056894,1166072,1021986,1728107,5066898,2015650,-23,-153,1330,176,513,730,-36,23,116,-753,-365,1028,213,581,713,-644,360,-176,
5056894,946976,1021986,1728107,5066898,2015650,-10,-159,1339,180,504,741,-37,20,111,-755,-382,1048,213,581,713,-622,353,-148,
5056894,946976,1168057,1728107,5066898,2015650,-14,-136,1327,180,504,741,-40,18,104,-753,-352,1106,223,593,719,-599,356,-126,
5056894,946976,1168057,1133319,5066898,2015650,-5,-152,1320,183,504,739,-42,12,96,-785,-283,1031,223,593,719,-581,362,-118,
5056894,946976,1168057,1133319,5128920,2015650,-19,-151,1301,183,504,739,-43,4,88,-810,-279,1023,232,606,691,-597,357,-157,
5056894,946976,1168057,1133319,5128920,1671079,-23,-151,1327,186,507,739,-52,0,70,-823,-248,1002,232,606,691,-633,333,-209,
5056894,946976,1168057,1133319,5128920,1671079,-29,-145,1328,186,507,739,-60,11,53,-820,-288,957,229,627,697,-615,305,-251,
5056894,946976,1168057,1133319,5128920,1671079,-27,-151,1304,187,504,736,-57,18,39,-791,-371,932,235,631,704,-592,273,-272,
5017904,946976,1168057,1133319,5128920,1671079,-27,-154,1304,191,498,737,-55,13,28,-755,-452,945,235,631,704,-553,260,-266,
5017904,1066493,1168057,1133319,5128920,1671079,-28,-148,1311,191,498,737,-56,14,8,-738,-492,925,236,638,677,-514,244,-226,
5017904,1066493,2093676,1133319,5128920,1671079,-25,-154,1310,189,502,739,-62,31,-31,-743,-472,883,236,638,677,-452,239,-186,
5017904,1066493,2093676,916992,5128920,1671079,-40,-145,1304,189,502,739,-72,30,-27,-777,-442,840,239,641,674,-390,218,-159,
5017904,1066493,2093676,916992,5118081,1671079,-26,-154,1325,190,512,730,-69,22,-41,-790,-393,836,239,641,674,-345,189,-141,
5017904,1066493,2093676,916992,5118081,1212857,-32,-154,1333,191,506,740,-60,19,-38,-827,-316,841,240,660,662,-321,156,-160,
5017904,1066493,2093676,916992,5118081,1212857,-36,-153,1309,191,506,740,-50,18,-40,-774,-433,874,240,660,662,-276,120,-184,
5017904,1066493,2093676,916992,5118081,1212857,-27,-146,1286,191,503,737,-52,16,-40,-775,-495,931,239,660,666,-248,95,-187,
4996498,1066493,2093676,916992,5118081,1212857,-29,-150,1315,191,503,737,-53,12,-36,-757,-573,955,238,658,664,-216,99,-162,
4996498,1310438,2093676,916992,5118081,1212857,-42,-151,1327,194,506,732,-54,7,-38,-748,-564,1015,238,658,664,-182,123,-109,
4996498,1310438,2675625,916992,5118081,1212857,-27,-137,1310,194,506,732,-55,11,-46,-788,-452,962,238,661,642,-144,152,-66,
4996498,1310438,2675625,801460,5118081,1212857,-41,-149,1334,192,507,730,-56,15,-38,-820,-383,936,238,661,642,-126,160,-54,
4996498,1310438,2675625,801460,5110618,1212857,-33,-150,1319,194,504,732,-56,14,-37,-832,-363,906,241,668,641,-128,154,-74,
4996498,1310438,2675625,801460,5110618,1095859,-28,-164,1322,194,504,732,-55,20,-39,-833,-384,898,241,668,641,-123,140,-99,
4996498,1310438,2675625,801460,5110618,1095859,-36,-161,1322,194,502,733,-54,20,-40,-812,-419,891,242,678,637,-123,128,-143,
4996498,1310438,2675625,801460,5110618,1095859,-67,-147,1320,194,502,733,-46,23,-33,-808,-485,944,243,673,648,-113,110,-182,
4966541,1310438,2675625,801460,5110618,1095859,-23,-168,1307,193,512,732,-41,24,-26,-767,-563,941,243,673,648,-99,103,-148,
4966541,2025029,2675625,801460,5110618,1095859,-37,-156,1322,194,500,734,-39,18,-27,-761,-599,933,238,672,640,-59,123,-84,
4966541,2025029,3075405,801460,5110618,1095859,-43,-153,1305,194,500,734,-37,19,-26,-774,-553,940,238,672,640,-30,144,-30,
4966541,2025029,3075405,644854,5110618,1095859,-43,-154,1335,194,502,733,-41,12,-29,-784,-499,905,242,677,638,-5,172,-4,
4966541,2025029,3075405,644854,5110683,1095859,-42,-145,1298,194,502,733,-45,7,-25,-799,-488,894,242,677,638,19,190,11,
4966541,2025029,3075405,644854,5110683,971536,-29,-156,1339,196,503,742,-34,9,-29,-814,-430,843,246,686,629,29,165,7,
4966541,2025029,3075405,644854,5110683,971536,-48,-161,1316,196,503,742,-36,15,-28,-811,-475,890,246,681,653,54,141,-8,
4966541,2025029,3075405,644854,5110683,971536,-62,-149,1302,197,506,728,-36,24,-25,-819,-455,868,252,681,653,65,124,-15,
4944430,2025029,3075405,644854,5110683,971536,-40,-138,1334,195,502,738,-36,24,-29,-810,-477,887,254,670,636,87,101,-20,
4944430,3192105,3075405,644854,5110683,971536,-54,-153,1330,195,502,738,-38,16,-31,-806,-485,852,254,670,636,113,94,-17,
4944430,3192105,3014562,644854,5110683,971536,-37,-152,1344,196,504,725,-40,13,-33,-801,-489,834,254,669,630,146,69,4,
4944430,3192105,3014562,599646,5110683,971536,-52,-159,1294,196,504,725,-48,19,-30,-799,-517,873,254,669,630,183,45,14,
4944430,3192105,3014562,599646,5116614,971536,-38,-145,1352,194,506,734,-48,18,-36,-787,-506,882,253,667,636,211,37,41,
4944430,3192105,3014562,599646,5116614,1110447,-52,-156,1298,200,507,732,-34,13,-30,-795,-516,867,253,667,636,246,23,57,
4944430,3192105,3014562,599646,5116614,1110447,-57,-164,1309,200,507,732,-38,12,-31,-787,-509,866,257,668,648,290,10,74,
4944430,3192105,3014562,599646,5116614,1110447,-44,-155,1305,195,499,729,-41,7,-30,-815,-508,905,257,656,662,314,-5,105,
4921937,3192105,3014562,599646,5116614,1110447,-60,-151,1348,195,499,729,-33,12,-25,-806,-491,941,257,656,662,357,-15,130,
4921937,3948608,3014562,599646,5116614,1110447,-49,-149,1339,195,498,727,-39,16,-21,-809,-490,933,262,646,638,383,-15,146,
4921937,3948608,3104410,599646,5116614,1110447,-72,-154,1325,195,498,727,-36,11,-21,-821,-449,939,262,646,638,415,-7,166,
4921937,3948608,3104410,471639,5116614,1110447,-40,-148,1307,196,501,728,-38,8,-27,-829,-423,941,261,644,666,432,1,187,
4921937,3948608,3104410,471639,5093841,1110447,-63,-155,1303,202,503,727,-40,10,-27,-816,-455,963,261,644,666,454,17,193,
4921937,3948608,3104410,471639,5093841,1274367,-42,-142,1323,202,503,727,-46,11,-20,-818,-436,980,263,639,679,499,30,207,
4921937,3948608,3104410,471639,5093841,1274367,-64,-155,1277,198,498,733,-44,8,-25,-825,-424,986,268,628,664,508,46,226,
4921937,3948608,3104410,471639,5093841,1274367,-56,-155,1283,198,498,733,-42,9,-23,-799,-384,855,268,628,664,507,40,232,
4885438,3948608,3104410,471639,5093841,1274367,-74,-146,1334,198,504,725,-40,7,-31,-829,-350,857,272,609,697,512,2,222,
4885438,4158999,3104410,471639,5093841,1274367,-45,-150,1312,198,498,725,-38,5,-32,-825,-342,807,272,609,697,519,-54,192,
4885438,4158999,3257801,471639,5093841,1274367,-47,-134,1361,198,498,725,-47,2,-36,-823,-341,874,273,603,696,520,-113,188,
4885438,4158999,3257801,404087,5093841,1274367,-47,-154,1330,200,504,735,-44,6,-31,-823,-329,825,273,603,696,520,-173,183,
4885438,4158999,3257801,404087,5046295,1274367,-82,-156,1306,200,504,735,-44,6,-30,-826,-331,863,267,594,707,532,-230,176,
4885438,4158999,3257801,404087,5046295,1716491,-49,-152,1304,200,502,726,-43,-5,-30,-827,-325,916,267,594,707,531,-281,173,
4885438,4158999,3257801,404087,5046295,1716491,-67,-149,1335,200,502,733,-34,-3,-21,-842,-290,920,267,589,698,543,-329,170,
4885438,4158999,3257801,404087,5046295,1716491,-47,-157,1309,196,502,733,-38,-8,-26,-839,-248,965,262,572,707,517,-375,145,
4873304,4158999,3257801,404087,5046295,1716491,-75,-138,1340,198,500,733,-44,-7,-32,-813,-209,962,262,572,707,474,-414,106,
4873304,4276870,3257801,404087,5046295,1716491,-59,-144,1327,198,500,733,-43,-4,-23,-827,-266,1051,252,563,744,413,-452,60,
4873304,4276870,3373095,404087,5046295,1716491,-52,-149,1316,197,500,719,-44,-4,-33,-810,-299,1080,252,563,744,375,-472,29,
4873304,4276870,3373095,412045,5046295,1716491,-55,-145,1332,197,500,719,-49,-1,-26,-783,-299,1007,241,561,741,345,-470,20,
4873304,4276870,3373095,412045,4931469,1716491,-62,-144,1314,195,501,736,-52,-10,-34,-763,-293,1045,241,561,741,345,-463,26,
4873304,4276870,3373095,412045,4931469,1898166,-57,-152,1320,199,499,732,-49,-16,-37,-793,-281,1073,234,554,733,343,-474,37,
4873304,4276870,3373095,412045,4931469,1898166,-64,-140,1303,199,499,732,-45,-12,-37,-759,-277,1011,223,544,763,347,-474,39,
4873304,4276870,3373095,412045,4931469,1898166,-36,-148,1327,196,499,741,-51,-13,-31,-764,-296,1054,223,544,763,361,-480,50,
4892330,4276870,3373095,412045,4931469,1898166,-68,-150,1317,196,499,741,-56,-11,-33,-759,-279,1075,211,532,770,378,-454,69,
4892330,4284053,3373095,412045,4931469,1898166,-40,-151,1304,197,501,739,-53,-17,-37,-750,-319,1136,211,532,770,436,-434,92,
4892330,4284053,3249700,412045,4931469,1898166,-56,-138,1334,197,501,731,-56,-12,-38,-738,-298,1125,200,526,770,459,-402,126,
4892330,4284053,3249700,456625,4931469,1898166,-51,-148,1297,199,504,731,-69,-22,-44,-756,-262,1112,200,526,770,470,-380,142,
4892330,4284053,3249700,456625,4760524,1898166,-31,-146,1321,196,502,731,-64,-21,-42,-731,-217,1095,195,525,761,464,-376,141,
4892330,4284053,3249700,456625,4760524,2052335,-49,-152,1321,196,502,731,-65,-24,-39,-724,-192,1051,195,525,772,437,-397,131,
4892330,4284053,3249700,456625,4760524,2052335,-27,-145,1318,197,504,731,-62,-17,-40,-728,-183,1024,190,507,772,402,-437,115,
4892330,4284053,3249700,456625,4760524,2052335,-43,-152,1302,197,504,731,-65,-29,-37,-728,-165,1034,183,495,780,351,-484,85,
4935703,4284053,3249700,456625,4760524,2052335,-50,-149,1326,194,506,730,-64,-25,-43,-723,-133,968,183,495,780,287,-559,50,
4935703,4065216,3249700,456625,4760524,2052335,-36,-136,1342,191,499,729,-68,-29,-46,-694,-148,1001,168,492,775,250,-630,13,
4935703,4065216,2956259,456625,4760524,2052335,-60,-164,1296,191,499,729,-75,-33,-49,-670,-188,994,168,492,775,243,-680,-14,
4935703,4065216,2956259,472719,4760524,2052335,-43,-155,1349,196,502,738,-70,-33,-51,-645,-289,1090,150,488,804,284,-706,-13,
4935703,4065216,2956259,472719,4614572,2052335,-47,-147,1339,196,502,738,-68,-40,-49,-635,-272,1144,150,488,804,345,-714,24,
4935703,4065216,2956259,472719,4614572,2229689,-33,-144,1323,194,506,738,-60,-37,-43,-634,-267,1164,136,492,801,430,-695,70,
4935703,4065216,2956259,472719,4614572,2229689,-35,-156,1312,194,504,732,-63,-32,-51,-639,-220,1155,123,468,813,494,-668,116,
4935703,4065216,2956259,472719,4614572,2229689,-30,-157,1309,191,504,732,-61,-35,-48,-614,-172,1112,123,468,813,523,-659,140,
4989986,4065216,2956259,472719,4614572,2229689,-41,-145,1349,194,501,730,-57,-41,-43,-635,-129,1130,105,456,798,533,-685,142,
4989986,3525103,2956259,472719,4614572,2229689,-20,-149,1363,194,501,730,-55,-34,-51,-600,-88,1060,105,456,798,514,-719,134,
4989986,3525103,2464351,472719,4614572,2229689,-24,-147,1299,195,505,734,-55,-38,-53,-579,-86,1016,89,457,816,482,-775,114,
4989986,3525103,2464351,492339,4614572,2229689,-31,-151,1354,195,505,734,-64,-43,-48,-566,-67,1043,89,457,816,424,-868,95,
4989986,3525103,2464351,492339,4544701,2229689,-37,-158,1317,191,506,736,-68,-51,-56,-544,0,990,66,450,826,317,-1129,8,
4989986,3525103,2464351,492339,4544701,2550129,-26,-152,1298,189,500,731,-69,-53,-54,-525,69,885,66,441,817,81,-1264,-80,
4989986,3525103,2464351,492339,4544701,2550129,-20,-160,1332,189,500,731,-68,-56,-55,-527,-9,1024,40,441,817,118,-1340,-156,
4989986,3525103,2464351,492339,4544701,2550129,-19,-166,1306,191,501,732,-67,-52,-55,-482,-144,1200,9,436,835,250,-1322,-155,
5048623,3525103,2464351,492339,4544701,2550129,-34,-150,1334,191,501,732,-63,-48,-54,-478,-440,1332,9,436,835,466,-1242,-103,
5048623,1463237,2464351,492339,4544701,2550129,-37,-162,1337,186,504,728,-68,-57,-52,-429,-224,1445,-24,422,817,619,-1160,-2,
5048623,1463237,736354,492339,4544701,2550129,-18,-149,1321,187,503,736,-82,-59,-54,-446,-93,1504,-24,422,817,720,-1077,55,
5048623,1463237,736354,457841,4544701,2550129,-15,-160,1308,187,503,736,-99,-62,-59,-441,-40,1414,-50,418,829,737,-1001,75,
5048623,1463237,736354,457841,4560242,2550129,-31,-157,1330,180,507,734,-97,-65,-55,-429,0,1364,-50,418,829,646,-960,51,
5048623,1463237,736354,457841,4560242,3614904,-18,-159,1295,180,507,734,-101,-65,-61,-400,38,1355,-74,400,838,537,-932,3,
5048623,1463237,736354,457841,4560242,3614904,-13,-152,1353,186,507,726,-106,-77,-63,-375,8,1313,-97,385,815,437,-917,-40,
5048623,1463237,736354,457841,4560242,3614904,-11,-172,1311,186,507,726,-108,-81,-58,-359,12,1244,-97,385,815,343,-918,-63,
5090417,1463237,736354,457841,4560242,3614904,-14,-171,1342,178,512,732,-119,-87,-56,-339,-30,1251,-121,383,825,300,-945,-87,
5090417,1141109,736354,457841,4560242,3614904,-7,-156,1307,178,507,733,-120,-109,-48,-304,-19,1215,-121,383,825,271,-997,-92,
5090417,1141109,337673,457841,4560242,3614904,9,-164,1313,178,507,733,-130,-125,-45,-305,-7,1294,-149,379,833,272,-1031,-102,
5090417,1141109,337673,433336,4560242,3614904,11,-173,1318,174,508,740,-123,-150,-50,-272,-44,1307,-149,379,833,292,-1062,-107,
5090417,1141109,337673,433336,4469498,3614904,-5,-158,1356,174,508,740,-134,-192,-44,-237,-30,1322,-175,380,825,302,-1078,-115,
5090417,1141109,337673,433336,4469498,4136415,-13,-163,1338,171,515,726,-143,-245,-34,-254,-60,1447,-197,366,821,313,-1047,-110,
5090417,1141109,337673,433336,4469498,4136415,-14,-172,1336,167,514,736,-173,-315,-28,-211,-58,1407,-197,366,821,330,-1001,-96,
5090417,1141109,337673,433336,4469498,4136415,34,-191,1359,167,514,736,-194,-391,-34,-218,-59,1474,-219,357,826,335,-944,-62,
5116575,1141109,337673,433336,4469498,4136415,-10,-193,1317,156,516,735,-202,-457,-52,-211,-29,1474,-219,357,826,320,-876,-25,
5116575,1081401,337673,433336,4469498,4136415,3,-176,1342,156,516,735,-215,-513,-94,-191,14,1604,-242,354,823,249,-762,-23,
5116575,1081401,388885,433336,4469498,4136415,27,-186,1326,146,523,735,-275,-649,-143,-206,-26,1630,-242,354,823,359,-771,-41,
5116575,1081401,388885,611355,4469498,4136415,1,-192,1351,146,523,735,-292,-753,-172,-192,-10,1501,-261,354,817,367,-697,-33,
5116575,1081401,388885,611355,4337789,4136415,21,-190,1353,130,534,726,-323,-890,-198,-163,10,1490,-261,354,817,268,-651,-10,
5116575,1081401,388885,611355,4337789,4244743,30,-195,1340,108,527,732,-345,-1035,-212,-176,2,1496,-277,341,825,128,-658,16,
5116575,1081401,388885,611355,4337789,4244743,46,-193,1271,108,527,732,-340,-1083,-211,-141,15,1345,-290,338,830,107,-593,9,
5116575,1081401,388885,611355,4337789,4244743,122,-200,1286,88,531,738,-312,-1045,-192,-137,22,1359,-290,338,830,108,-496,-2,
5099545,1081401,388885,611355,4337789,4244743,141,-221,1248,88,531,738,-279,-937,-176,-106,18,1313,-297,331,807,106,-398,-7,
5099545,1143280,388885,611355,4337789,4244743,125,-226,1307,68,544,730,-240,-795,-161,-113,13,1343,-297,331,807,106,-344,-4,
5099545,1143280,229890,611355,4337789,4244743,154,-243,1292,58,545,728,-214,-698,-182,-100,12,1346,-304,336,819,94,-270,-12,
5099545,1143280,229890,3347069,4337789,4244743,126,-226,1315,58,545,728,-183,-663,-188,-110,18,1354,-304,336,819,83,-185,-10,
5099545,1143280,229890,3347069,4324939,4244743,176,-214,1359,44,541,725,-146,-669,-184,-88,12,1296,-310,340,821,70,-141,-12,
5099545,1143280,229890,3347069,4324939,4311377,186,-244,1313,44,541,725,-145,-677,-174,-87,23,1293,-313,332,809,66,-124,-15,
5099545,1143280,229890,3347069,4324939,4311377,205,-238,1323,29,543,723,-149,-683,-172,-83,10,1312,-313,332,809,68,-124,-15,
5099545,1143280,229890,3347069,4324939,4311377,197,-247,1282,29,543,723,-159,-668,-172,-89,3,1356,-318,329,809,63,-117,-14,
4973277,1143280,229890,3347069,4324939,4311377,228,-220,1329,12,550,734,-163,-618,-170,-74,30,1294,-318,329,809,70,-94,-12,
4973277,1155940,229890,3347069,4324939,4311377,253,-208,1259,4,546,728,-115,-551,-147,-61,20,1294,-321,331,807,60,-91,-17,
4973277,1155940,232170,3347069,4324939,4311377,244,-204,1245,4,546,728,-36,-468,-109,-66,11,1342,-321,331,807,58,-81,-18,
4973277,1155940,232170,3949168,4324939,4311377,258,-233,1189,-4,543,727,19,-365,-81,-62,21,1296,-324,332,815,48,-64,-24,
4973277,1155940,232170,3949168,4353722,4311377,277,-235,1174,-4,543,727,54,-258,-71,-70,14,1327,-324,335,811,35,-50,-30,
4973277,1155940,232170,3949168,4353722,4444814,260,-231,1207,-9,548,735,73,-173,-80,-37,23,1265,-324,335,811,22,-46,-29,
4973277,1155940,232170,3949168,4353722,4444814,246,-231,1163,-12,536,727,70,-110,-93,-43,25,1288,-322,327,813,23,-37,-35,
4973277,1155940,232170,3949168,4353722,4444814,155,-226,1230,-12,536,727,53,12,-155,-72,15,1277,-322,327,813,21,-32,-38,
4496243,1155940,232170,3949168,4353722,4444814,-1,-282,1208,-12,536,725,26,113,-161,-70,14,1339,-323,328,803,27,-26,-35,
4496243,1173007,232170,3949168,4353722,4444814,-388,-279,1274,-12,536,725,-26,237,-143,-56,24,1308,-323,328,803,19,-39,-38,
4496243,1173007,182360,3949168,4353722,4444814,-548,-220,1290,-9,539,726,-66,396,-101,-57,22,1313,-327,334,808,14,-37,-41,
4496243,1173007,182360,4231047,4353722,4444814,-645,-141,1295,-9,539,726,-85,586,-58,-48,29,1307,-327,334,808,8,-42,-40,
4496243,1173007,182360,4231047,4228114,4444814,-791,-73,1309,2,537,734,-101,802,-19,-57,9,1315,-325,332,826,15,-34,-38,
4496243,1173007,182360,4231047,4228114,4420606,-929,25,1314,22,538,734,-106,1060,19,-55,28,1285,-323,324,800,11,-37,-36,
4496243,1173007,182360,4231047,4228114,4420606,-965,100,1345,22,538,734,-29,1344,56,-58,29,1315,-323,324,800,21,-41,-35,
4496243,1173007,182360,4231047,4228114,4420606,-726,328,1339,48,533,738,140,1602,87,-69,12,1317,-326,326,797,23,-42,-37,
4116582,1173007,182360,4231047,4228114,4420606,-446,-57,1761,48,533,738,524,1753,28,-67,30,1313,-326,326,797,21,-28,-40,
4116582,1180506,182360,4231047,4228114,4420606,-161,-305,1467,82,528,736,650,1883,-11,-76,17,1342,-327,330,812,18,-32,-35,
4116582,1180506,168457,4231047,4228114,4420606,693,-348,1592,124,511,743,481,2194,-43,-53,27,1299,-327,330,812,16,-29,-39,
4116582,1180506,168457,4482409,4228114,4420606,1033,-353,1340,124,511,743,451,1852,-111,-75,18,1349,-329,336,816,9,-27,-38,
4116582,1180506,168457,4482409,3820282,4420606,1480,-413,1422,150,505,748,385,1334,-221,-62,36,1307,-325,330,804,24,-22,-31,
4116582,1180506,168457,4482409,3820282,3972931,1511,-397,1381,150,505,748,205,761,-297,-74,26,1311,-325,330,804,19,-22,-35,
4116582,1180506,168457,4482409,3820282,3972931,1108,-350,1339,153,510,747,29,287,-325,-65,25,1325,-327,326,807,16,-6,-34,
4116582,1180506,168457,4482409,3820282,3972931,653,-240,1283,153,510,755,-63,-5,-280,-47,36,1295,-327,326,807,10,-10,-36,
4243486,1180506,168457,4482409,3820282,3972931,73,-242,1322,152,505,755,-115,-119,-165,-79,25,1337,-327,327,808,11,-2,-32,
4243486,1433232,168457,4482409,3820282,3972931,-362,-267,1269,153,504,750,-112,-109,-20,-78,35,1332,-327,327,808,8,-8,-40,
4243486,1433232,166517,4482409,3820282,3972931,-728,-53,1329,153,504,750,-93,8,155,-51,35,1277,-328,331,812,6,-5,-29,
4243486,1433232,166517,4588075,3820282,3972931,-789,95,1321,157,506,764,-53,140,281,-77,26,1321,-328,331,812,12,2,-26,
4243486,1433232,166517,4588075,3792992,3972931,-754,142,1407,157,506,764,20,270,272,-56,20,1298,-329,326,808,9,3,-25,
4243486,1433232,166517,4588075,3792992,3913717,-714,114,1347,168,513,748,151,458,158,-69,25,1307,-326,327,803,11,8,-24,
4243486,1433232,166517,4588075,3792992,3913717,-682,47,1337,182,500,752,134,533,36,-71,21,1310,-326,327,803,7,2,-28,
4243486,1433232,166517,4588075,3792992,3913717,-592,-15,1389,182,500,752,134,607,-86,-94,17,1372,-322,324,813,5,-7,-25,
3699420,1433232,166517,4588075,3792992,3913717,-427,-50,1357,191,497,757,132,635,-205,-69,24,1337,-322,324,813,4,-1,-31,
3699420,1463604,166517,4588075,3792992,3913717,-282,-41,1326,191,497,757,122,652,-305,-46,46,1255,-327,326,792,4,7,-29,
3699420,1463604,166606,4588075,3792992,3913717,10,64,1361,201,505,751,146,622,-399,-72,28,1330,-327,326,792,4,-6,-32,
3699420,1463604,166606,4645144,3792992,3913717,281,-287,1302,201,505,746,120,366,-482,-99,12,1373,-327,333,789,-1,-6,-30,
3699420,1463604,166606,4645144,3642048,3913717,-98,-245,1271,201,503,746,-62,64,-525,-65,23,1303,-325,327,816,2,-7,-32,
3699420,1463604,166606,4645144,3642048,3575506,-101,68,1382,198,499,750,-71,105,-472,-76,12,1315,-325,327,816,6,-11,-34,
3699420,1463604,166606,4645144,3642048,3575506,349,-106,1379,198,499,750,-30,183,-425,-84,31,1346,-326,322,796,1,-4,-29,
3699420,1463604,166606,4645144,3642048,3575506,245,-104,1271,192,505,746,-47,39,-351,-71,36,1320,-326,322,796,8,-12,-29,
3623578,1463604,166606,4645144,3642048,3575506,542,-113,1343,192,505,746,-58,-8,-287,-43,36,1273,-325,329,809,3,-12,-33,
3623578,1751272,166606,4645144,3642048,3575506,653,-152,1359,191,514,754,-57,-83,-235,-76,28,1334,-325,329,809,14,-13,-29,
3623578,1751272,166586,4645144,3642048,3575506,847,-262,1312,189,506,751,-82,-193,-171,-54,24,1319,-328,330,801,12,-13,-26,
3623578,1751272,166586,4700688,3642048,3575506,1046,-286,1260,189,506,751,-121,-313,-100,-45,38,1299,-328,329,804,6,-10,-22,
3623578,1751272,166586,4700688,2915701,3575506,1096,-399,1313,177,508,747,-178,-418,-43,-81,3,1368,-327,329,804,10,-12,-28,
3623578,1751272,166586,4700688,2915701,3019897,9,-166,1364,177,508,747,-175,-354,-23,-64,30,1325,-329,325,822,19,1,-19,
3623578,1751272,166586,4700688,2915701,3019897,-81,-135,1304,174,512,750,-111,-73,-30,-96,15,1295,-329,325,822,5,0,-18,
3623578,1751272,166586,4700688,2915701,3019897,-108,-109,1326,174,513,750,-102,-42,-42,-66,27,1334,-330,325,793,8,1,-19,
4618881,1751272,166586,4700688,2915701,3019897,-90,-140,1315,169,513,750,-130,-127,-54,-77,35,1315,-330,325,793,15,5,-19,
4618881,2443282,166586,4700688,2915701,3019897,-84,-140,1340,167,510,755,-141,-217,-70,-47,41,1295,-330,330,796,16,17,-17,
4618881,2443282,178837,4700688,2915701,3019897,-47,-137,1341,167,510,755,-119,-173,-64,-59,28,1324,-330,330,796,14,15,-18,
4618881,2443282,178837,4680721,2915701,3019897,-43,-145,1337,161,514,744,-98,-104,-45,-70,20,1310,-329,330,815,4,12,-27,
4618881,2443282,178837,4680721,2822612,3019897,-67,-151,1289,161,514,744,-93,-76,-39,-80,33,1326,-329,325,802,9,12,-24,
4618881,2443282,178837,4680721,2822612,3114600,-38,-134,1318,160,524,740,-100,-80,-49,-65,19,1311,-329,325,802,15,8,-18,
4618881,2443282,178837,4680721,2822612,3114600,-58,-144,1349,161,516,750,-103,-94,-46,-66,32,1334,-325,326,810,10,9,-22,
4618881,2443282,178837,4680721,2822612,3114600,-43,-152,1294,161,516,750,-93,-91,-40,-49,39,1276,-325,326,810,2,11,-25,
4796259,2443282,178837,4680721,2822612,3114600,-40,-139,1293,159,512,752,-89,-73,-36,-55,34,1275,-328,331,807,4,16,-26,
4796259,1844744,178837,4680721,2822612,3114600,-45,-138,1339,159,512,752,-86,-62,-33,-62,30,1316,-328,331,807,10,12,-22,
4796259,1844744,182886,4680721,2822612,3114600,-30,-153,1323,156,520,755,-90,-54,-36,-60,4,1325,-328,336,803,8,13,-24,
4796259,1844744,182886,4634615,2822612,3114600,-48,-135,1310,156,513,748,-81,-54,-31,-55,38,1302,-328,328,819,2,12,-31,
4796259,1844744,182886,4634615,2734152,3114600,-23,-159,1309,156,513,748,-81,-39,-36,-78,5,1372,-328,328,819,2,9,-28,
4796259,1844744,182886,4634615,2734152,3201457,-18,-149,1324,154,516,749,-46,9,-29,-60,26,1314,-329,326,806,9,5,-29,
4796259,1844744,182886,4634615,2734152,3201457,-51,-151,1320,154,516,749,-35,18,-23,-39,26,1310,-329,326,806,2,6,-29,
4796259,1844744,182886,4634615,2734152,3201457,-31,-149,1302,156,522,751,-29,29,-20,-45,36,1322,-330,322,811,0,9,-31,
4833137,1844744,182886,4634615,2734152,3201457,-46,-149,1301,156,522,751,-23,23,-15,-58,38,1294,-330,322,811,2,1,-27,
4833137,2289940,182886,4634615,2734152,3201457,-49,-136,1319,155,521,763,-29,13,-22,-38,43,1301,-332,329,811,-252,2,-30,
4833137,2289940,233960,4634615,2734152,3201457,-35,-154,1318,158,512,752,-30,5,-22,-63,36,1332,-332,329,811,-3,8,-26,
4833137,2289940,233960,4578036,2734152,3201457,-35,-134,1342,158,512,752,-38,8,-31,-45,40,1286,-330,326,805,-4,7,-29,
4833137,2289940,233960,4578036,2944588,3201457,-40,-142,1324,159,517,762,-37,6,-32,-42,35,1313,-329,324,813,-1,14,-33,
4833137,2289940,233960,4578036,2944588,3581602,-37,-148,1327,159,517,762,-41,4,-33,-49,24,1344,-329,324,813,2,11,-31,
4833137,2289940,233960,4578036,2944588,3581602,-28,-147,1318,158,521,759,-37,7,-32,-66,23,1319,-326,325,810,-5,19,-33,
4833137,2289940,233960,4578036,2944588,3581602,-35,-147,1296,158,518,745,-51,9,-34,-47,34,1326,-326,325,810,-5,13,-33,
4834543,2289940,233960,4578036,2944588,3581602,-43,-151,1338,158,518,745,-40,11,-27,-42,25,1314,-329,327,806,-1,17,-30,
4834543,2727171,233960,4578036,2944588,3581602,-23,-154,1331,159,514,753,-40,11,-27,-59,32,1342,-329,327,806,-4,14,-28,
4834543,2727171,481452,4578036,2944588,3581602,-45,-142,1332,159,514,753,-51,9,-26,-61,21,1310,-330,338,801,3,22,-33,
4834543,2727171,481452,4420975,2944588,3581602,-37,-153,1317,160,517,761,-47,13,-18,-54,33,1296,-327,325,803,-3,12,-33,
4834543,2727171,481452,4420975,3248887,3581602,-35,-143,1306,160,517,761,-41,13,-20,-65,13,1330,-327,325,803,-14,9,-34,
4834543,2727171,481452,4420975,3248887,3963695,-30,-137,1336,160,524,755,-34,21,-19,-71,25,1327,-329,325,811,-11,15,-36,
4834543,2727171,481452,4420975,3248887,3963695,-29,-147,1331,160,517,750,-33,26,-18,-48,30,1321,-329,325,811,-6,18,-31,
4834543,2727171,481452,4420975,3248887,3963695,-54,-129,1310,160,517,750,-35,24,-22,-62,20,1342,-329,323,803,-11,16,-40,
4802907,2727171,481452,4420975,3248887,3963695,-32,-140,1341,158,510,761,-35,27,-26,-40,24,1311,-329,323,803,-2,20,-39,
4802907,2903542,481452,4420975,3248887,3963695,-60,-137,1314,158,510,761,-35,18,-22,-44,30,1295,-328,333,811,-8,16,-40,
4802907,2903542,562607,4420975,3248887,3963695,-58,-151,1292,160,521,750,-35,18,-22,-51,37,1301,-328,327,807,-7,15,-39,
4802907,2903542,562607,4279651,3248887,3963695,-41,-132,1334,159,517,753,-38,13,-18,-65,23,1346,-324,327,807,-2,16,-38,
4802907,2903542,562607,4279651,3639155,3963695,-29,-150,1335,159,517,753,-37,17,-23,-47,39,1317,-323,327,805,-7,11,-35,
4802907,2903542,562607,4279651,3639155,4269400,-62,-141,1318,163,514,755,-41,15,-25,-84,13,1327,-323,327,805,-12,11,-36,
4802907,2903542,562607,4279651,3639155,4269400,-50,-148,1336,163,514,755,-41,11,-30,-64,20,1324,-324,325,815,-2,0,-37,
4802907,2903542,562607,4279651,3639155,4269400,-55,-141,1295,162,515,747,-43,0,-30,-66,18,1336,-324,325,815,4,13,-31,
4777694,2903542,562607,4279651,3639155,4269400,-52,-137,1320,162,515,747,-49,4,-33,-48,26,1293,-328,326,799,-3,17,-32,
4777694,2983572,562607,4279651,3639155,4269400,-40,-144,1327,166,518,753,-58,5,-30,-44,19,1299,-328,326,799,-7,19,-36,
4777694,2983572,728479,4279651,3639155,4269400,-47,-154,1346,162,516,749,-54,-2,-31,-72,26,1358,-328,333,814,-7,15,-44,
4777694,2983572,728479,4172182,3639155,4269400,-57,-131,1324,162,516,749,-47,-1,-31,-48,29,1318,-327,329,795,-6,15,-37,
4777694,2983572,728479,4172182,3820601,4269400,-49,-128,1311,162,514,743,-49,-3,-33,-66,10,1344,-327,329,795,2,13,-37,
4777694,2983572,728479,4172182,3820601,4385393,-46,-140,1343,162,514,743,-49,-4,-36,-61,32,1323,-324,327,819,-3,3,-35,
4777694,2983572,728479,4172182,3820601,4385393,-43,-135,1324,161,519,745,-49,-2,-31,-50,34,1301,-324,327,819,-4,11,-39,
4777694,2983572,728479,4172182,3820601,4385393,-55,-138,1340,165,511,752,-51,-5,-31,-69,20,1336,-324,330,808,-3,13,-39,
4776292,2983572,728479,4172182,3820601,4385393,-35,-136,1305,165,511,752,-50,-4,-34,-43,17,1294,-324,330,808,0,16,-38,
4776292,2987218,728479,4172182,3820601,4385393,-33,-124,1325,161,513,757,-52,-4,-34,-64,24,1316,-324,333,806,10,6,-32,
4776292,2987218,896331,4172182,3820601,4385393,-28,-148,1344,161,513,757,-53,1,-36,-60,25,1341,-324,334,813,3,-1,-36,
4776292,2987218,896331,4142830,3820601,4385393,-42,-135,1312,162,514,747,-53,-4,-33,-38,25,1295,-324,334,813,-4,9,-40,
4776292,2987218,896331,4142830,3886349,4385393,-50,-142,1297,162,514,747,-52,4,-31,-84,8,1358,-324,328,810,-3,7,-39,
4776292,2987218,896331,4142830,3886349,4433618,-51,-149,1327,161,517,752,-43,6,-34,-52,32,1300,-324,328,810,1,14,-36,
4776292,2987218,896331,4142830,3886349,4433618,-62,-135,1326,161,514,755,-50,1,-35,-67,19,1330,-325,329,807,5,11,-38,
4776292,2987218,896331,4142830,3886349,4433618,-39,-143,1326,161,514,755,-52,0,-30,-50,22,1323,-325,329,807,-2,15,-42,
4777449,2987218,896331,4142830,3886349,4433618,-48,-146,1309,163,513,748,-48,2,-33,-51,20,1325,-326,333,803,-1,15,-39,
4777449,3079850,896331,4142830,3886349,4433618,-39,-142,1349,163,513,748,-47,3,-26,-69,22,1339,-326,333,803,-4,21,-48,
4777449,3079850,912033,4142830,3886349,4433618,-40,-147,1320,163,522,754,-44,5,-29,-68,11,1315,-326,331,812,-9,17,-43,
4777449,3079850,912033,4008280,3886349,4433618,-51,-138,1274,161,511,759,-44,6,-33,-68,16,1333,-325,327,810,4,14,-40,
4777449,3079850,912033,4008280,3954380,4433618,-38,-148,1327,161,511,759,-48,11,-28,-51,27,1320,-325,327,810,6,15,-34,
4777449,3079850,912033,4008280,3954380,4477441,-42,-144,1333,164,512,747,-39,10,-34,-58,23,1315,-324,326,808,-1,11,-37,
4777449,3079850,912033,4008280,3954380,4477441,-38,-153,1282,164,512,747,-42,5,-31,-74,15,1325,-324,326,808,-14,23,-43,
4777449,3079850,912033,4008280,3954380,4477441,-59,-134,1330,162,516,747,-49,7,-33,-56,17,1324,-323,328,801,-9,24,-45,
4767024,3079850,912033,4008280,3954380,4477441,-57,-143,1317,162,516,758,-55,10,-22,-56,28,1302,-323,328,801,-7,26,-45,
4767024,3085339,912033,4008280,3954380,4477441,-40,-142,1333,161,513,758,-42,16,-28,-70,15,1330,-325,337,801,-16,28,-53,
4767024,3085339,909942,4008280,3954380,4477441,-65,-151,1268,161,513,746,-51,5,-32,-61,16,1317,-324,331,823,-9,24,-47,
4767024,3085339,909942,3894873,3954380,4477441,-48,-146,1314,161,513,746,-43,7,-32,-65,23,1331,-324,331,823,-7,30,-49,
4767024,3085339,909942,3894873,4025917,4477441,-51,-148,1303,165,519,761,-45,6,-31,-67,28,1316,-321,327,819,-8,26,-42,
4767024,3085339,909942,3894873,4025917,4517547,-61,-146,1335,165,519,761,-45,5,-31,-57,29,1309,-321,327,819,-10,30,-50,
4767024,3085339,909942,3894873,4025917,4517547,-54,-150,1303,161,514,752,-45,5,-29,-58,27,1297,-321,331,818,-7,32,-47,
4767024,3085339,909942,3894873,4025917,4517547,-47,-152,1301,162,514,752,-37,9,-29,-68,35,1326,-321,331,818,-9,35,-51,
4751108,3085339,909942,3894873,4025917,4517547,-62,-138,1352,162,514,752,-40,13,-25,-75,9,1322,-320,336,802,-4,33,-45,
4751108,3155561,909942,3894873,4025917,4517547,-53,-140,1297,165,512,743,-40,20,-24,-76,20,1299,-320,336,808,-9,31,-49,
4751108,3155561,1257564,3894873,4025917,4517547,-78,-132,1296,165,512,743,-40,15,-20,-77,27,1305,-321,330,808,-4,40,-49,
4751108,3155561,1257564,3645302,4025917,4517547,-43,-156,1343,162,518,745,-37,16,-17,-84,15,1333,-319,328,820,-8,49,-48,
4751108,3155561,1257564,3645302,4085481,4517547,-66,-144,1305,162,514,752,-38,16,-20,-91,22,1318,-319,328,820,-16,44,-40,
4751108,3155561,1257564,3645302,4085481,4566034,-54,-147,1337,166,514,752,-43,19,-18,-68,18,1275,-319,332,817,-11,52,-41,
4751108,3155561,1257564,3645302,4085481,4566034,-65,-133,1336,164,513,753,-41,23,-16,-71,19,1304,-319,332,817,-20,59,-46,
4751108,3155561,1257564,3645302,4085481,4566034,-68,-141,1316,164,513,753,-38,24,-13,-74,22,1309,-317,332,801,-21,66,-45,
4698715,3155561,1257564,3645302,4085481,4566034,-43,-130,1347,168,514,748,-40,24,-14,-93,13,1320,-317,332,801,-23,65,-41,
4698715,3268227,1257564,3645302,4085481,4566034,-60,-127,1347,168,514,748,-38,23,-15,-84,24,1317,-315,337,804,-16,65,-36,
4698715,3268227,1572000,3645302,4085481,4566034,-55,-138,1328,167,517,750,-42,26,-20,-69,35,1245,-314,330,812,-14,60,-32,
4698715,3268227,1572000,3323856,4085481,4566034,-69,-138,1289,167,513,753,-48,25,-16,-111,16,1336,-314,330,812,-14,57,-30,
4698715,3268227,1572000,3323856,4196582,4566034,-61,-130,1288,167,513,753,-43,20,-17,-119,13,1289,-315,326,820,-13,56,-27,
4698715,3268227,1572000,3323856,4196582,4602526,-77,-126,1316,164,510,762,-41,17,-19,-89,22,1307,-315,326,820,-11,54,-29,
4698715,3268227,1572000,3323856,4196582,4602526,-59,-135,1302,164,510,762,-39,20,-23,-104,14,1335,-311,333,810,-8,55,-26,
4698715,3268227,1572000,3323856,4196582,4602526,-52,-133,1324,168,514,762,-46,13,-29,-98,20,1298,-311,333,810,-4,38,-22,
4655582,3268227,1572000,3323856,4196582,4602526,-65,-131,1328,168,516,756,-36,13,-31,-98,17,1312,-312,340,818,4,26,-18,
4655582,3343879,1572000,3323856,4196582,4602526,-60,-144,1290,168,516,756,-41,7,-29,-115,15,1327,-309,335,800,7,22,-16,
4655582,3343879,1982639,3323856,4196582,4602526,-59,-137,1320,171,511,756,-43,6,-25,-87,7,1313,-309,335,800,-3,20,-17,
4655582,3343879,1982639,3231558,4196582,4602526,-73,-143,1312,171,511,756,-47,6,-25,-86,22,1284,-312,333,801,-2,16,-19,
4655582,3343879,1982639,3231558,4248423,4602526,-75,-135,1322,168,520,750,-48,9,-22,-118,10,1312,-312,333,801,0,3,-16,
4655582,3343879,1982639,3231558,4248423,4618122,-64,-137,1335,168,520,750,-44,13,-26,-96,12,1349,-311,332,818,3,7,-15,
4655582,3343879,1982639,3231558,4248423,4618122,-59,-136,1312,169,518,749,-41,8,-30,-92,23,1273,-311,332,818,8,7,-7,
4655582,3343879,1982639,3231558,4248423,4618122,-79,-129,1341,170,512,755,-45,0,-34,-101,24,1336,-313,342,800,-1,12,-14,
4650673,3343879,1982639,3231558,4248423,4618122,-61,-135,1322,170,512,755,-41,-1,-34,-92,28,1277,-313,342,800,5,8,-12,
4650673,3477226,1982639,3231558,4248423,4618122,-70,-145,1315,169,507,751,-48,1,-30,-102,17,1307,-309,333,814,7,5,-17,
4650673,3477226,2188336,3231558,4248423,4618122,-68,-141,1316,169,507,751,-55,-6,-31,-88,28,1296,-309,332,807,3,18,-16,
4650673,3477226,2188336,3236690,4248423,4618122,-58,-131,1326,170,518,743,-52,-5,-35,-127,6,1342,-309,332,807,-6,17,-15,
4650673,3477226,2188336,3236690,4276151,4618122,-72,-145,1338,169,512,755,-48,-5,-39,-94,36,1297,-308,332,820,0,24,-21,
4650673,3477226,2188336,3236690,4276151,4619792,-63,-143,1298,169,512,755,-51,-7,-35,-102,13,1324,-308,332,820,4,20,-10,
4650673,3477226,2188336,3236690,4276151,4619792,-60,-136,1355,167,514,754,-49,2,-38,-85,23,1288,-311,338,802,2,18,-14,
4650673,3477226,2188336,3236690,4276151,4619792,-62,-128,1331,167,514,754,-50,-5,-33,-98,22,1334,-311,338,802,-4,22,-18,
4659993,3477226,2188336,3236690,4276151,4619792,-71,-131,1328,171,514,755,-51,-4,-29,-114,14,1338,-311,339,808,-5,31,-27,
4659993,3498250,2188336,3236690,4276151,4619792,-71,-142,1328,171,514,755,-53,-4,-33,-108,29,1328,-310,333,810,-2,9,-22,
4659993,3498250,2409064,3236690,4276151,4619792,-62,-123,1348,167,519,757,-59,-7,-39,-121,20,1318,-310,333,810,3,7,-18,
4659993,3498250,2409064,3184669,4276151,4619792,-62,-145,1305,168,513,753,-55,-9,-31,-97,19,1299,-308,333,825,-1,2,-18,
4659993,3498250,2409064,3184669,4275697,4619792,-51,-141,1331,168,513,753,-52,-7,-30,-103,6,1326,-308,333,825,-4,-6,-14,
4659993,3498250,2409064,3184669,4275697,4615402,-51,-128,1310,170,511,741,-51,-15,-28,-115,15,1317,-309,330,806,3,-7,-16,
4659993,3498250,2409064,3184669,4275697,4615402,-57,-145,1333,170,511,741,-54,-8,-36,-105,12,1299,-309,330,806,6,-10,-15,
4659993,3498250,2409064,3184669,4275697,4615402,-56,-145,1310,164,515,748,-52,-8,-40,-103,8,1316,-313,336,807,13,-23,-18,
4684963,3498250,2409064,3184669,4275697,4615402,-62,-132,1307,168,516,746,-57,-13,-38,-113,8,1326,-313,336,810,15,-35,-16,
4684963,3527623,2409064,3184669,4275697,4615402,-65,-144,1339,168,516,746,-52,-19,-44,-90,25,1312,-307,330,810,20,-35,-14,
4684963,3527623,2482580,3184669,4275697,4615402,-78,-131,1300,165,509,757,-49,-14,-37,-114,12,1327,-313,328,817,20,-43,-14,
4684963,3527623,2482580,3314569,4275697,4615402,-51,-137,1338,165,509,757,-59,-14,-26,-126,14,1379,-313,328,817,23,-37,-13,
4684963,3527623,2482580,3314569,4254961,4615402,-54,-149,1290,168,514,744,-54,-11,-35,-64,25,1277,-315,331,808,22,-28,-16,
4684963,3527623,2482580,3314569,4254961,4602290,-59,-138,1355,168,514,744,-47,-11,-34,-83,18,1306,-315,331,808,23,-28,-13,
4684963,3527623,2482580,3314569,4254961,4602290,-45,-143,1331,167,524,756,-56,-14,-32,-103,21,1315,-313,329,811,16,-29,-6,
4684963,3527623,2482580,3314569,4254961,4602290,-55,-143,1331,167,511,755,-52,-10,-45,-120,11,1368,-313,329,811,16,-36,-5,
4715126,3527623,2482580,3314569,4254961,4602290,-53,-131,1342,167,511,755,-52,-10,-42,-93,9,1334,-315,344,817,26,-34,-16,
4715126,3501704,2482580,3314569,4254961,4602290,-75,-139,1314,166,511,743,-54,-12,-36,-90,12,1317,-316,332,817,22,-27,-17,
4715126,3501704,2296593,3314569,4254961,4602290,-52,-143,1315,166,511,743,-47,-13,-36,-96,17,1307,-316,332,817,18,-21,-17,
4715126,3501704,2296593,3447396,4254961,4602290,-65,-151,1301,166,515,752,-48,-17,-39,-93,22,1311,-313,331,816,14,-35,-20,
4715126,3501704,2296593,3447396,4210143,4602290,-47,-126,1368,163,516,751,-53,-17,-45,-96,14,1327,-313,331,816,27,-28,-15,
4715126,3501704,2296593,3447396,4210143,4586122,-68,-144,1306,163,516,751,-59,-26,-45,-75,14,1310,-315,331,808,10,-28,-19,
4715126,3501704,2296593,3447396,4210143,4586122,-52,-140,1338,162,514,755,-74,-28,-43,-121,-8,1374,-315,331,808,21,-26,-20,
4715126,3501704,2296593,3447396,4210143,4586122,-33,-143,1328,162,514,755,-68,-22,-41,-87,20,1289,-319,339,811,25,-27,-17,
4753370,3501704,2296593,3447396,4210143,4586122,-71,-136,1269,164,514,759,-58,-18,-37,-76,12,1321,-319,337,807,20,-30,-18,
4753370,3360398,2296593,3447396,4210143,4586122,-57,-134,1348,164,514,759,-57,-18,-44,-92,18,1324,-319,337,807,17,-36,-20,
4753370,3360398,1781580,3447396,4210143,4586122,-30,-152,1341,164,519,745,-56,-16,-42,-76,23,1306,-319,327,803,21,-33,-19,
4753370,3360398,1781580,3735171,4210143,4586122,-56,-143,1312,166,512,760,-61,-17,-42,-85,15,1321,-319,327,803,25,-19,-20,
4753370,3360398,1781580,3735171,4177012,4586122,-39,-138,1340,166,512,760,-57,-11,-38,-80,14,1306,-320,328,803,19,-21,-22,
4753370,3360398,1781580,3735171,4177012,4553450,-51,-136,1300,165,511,755,-48,-14,-36,-39,30,1255,-320,328,803,25,-16,-18,
4753370,3360398,1781580,3735171,4177012,4553450,-32,-142,1311,165,511,755,-53,-9,-41,-85,24,1329,-321,335,809,21,-21,-24,
4753370,3360398,1781580,3735171,4177012,4553450,-73,-137,1342,163,516,753,-60,-14,-45,-76,23,1316,-321,335,809,21,-16,-23,
4777969,3360398,1781580,3735171,4177012,4553450,-38,-143,1327,163,515,750,-58,-13,-40,-81,12,1340,-321,331,791,19,-20,-27,
4777969,3298562,1781580,3735171,4177012,4553450,-20,-149,1317,163,515,750,-57,-8,-37,-81,20,1325,-318,330,804,11,-14,-29,
4777969,3298562,1491124,3735171,4177012,4553450,-51,-144,1314,163,514,754,-61,-7,-40,-79,13,1324,-318,330,804,20,-21,-28,
4777969,3298562,1491124,3872640,4177012,4553450,-36,-141,1384,163,514,754,-49,-13,-36,-91,17,1303,-323,327,806,13,-23,-28,
4777969,3298562,1491124,3872640,4141785,4553450,-53,-153,1296,161,512,756,-50,-11,-35,-81,13,1321,-323,327,806,18,-17,-26,
4777969,3298562,1491124,3872640,4141785,4528473,-72,-140,1300,161,512,756,-52,-11,-43,-55,19,1304,-321,328,797,17,-6,-24,
4777969,3298562,1491124,3872640,4141785,4528473,-21,-134,1345,162,516,757,-55,-14,-39,-80,12,1327,-321,328,797,18,-10,-24,
4777969,3298562,1491124,3872640,4141785,4528473,-49,-145,1293,163,512,753,-58,-13,-33,-72,30,1347,-325,334,821,19,-11,-26,
4793562,3298562,1491124,3872640,4141785,4528473,-47,-137,1343,163,512,753,-57,-11,-37,-68,9,1319,-321,329,813,14,-14,-29,
4793562,3183574,1491124,3872640,4141785,4528473,-35,-138,1326,160,514,751,-53,-12,-38,-80,15,1344,-321,329,813,12,-8,-30,
4793562,3183574,1259709,3872640,4141785,4528473,-39,-144,1336,160,514,751,-55,-13,-39,-63,37,1284,-326,329,794,15,-7,-20,
4793562,3183574,1259709,3946980,4141785,4528473,-43,-147,1311,160,519,754,-54,-11,-40,-58,9,1299,-326,329,794,3,-9,-26,
4793562,3183574,1259709,3946980,4114848,4528473,-46,-133,1345,160,517,751,-55,-19,-34,-71,13,1314,-324,330,810,12,-7,-26,
4793562,3183574,1259709,3946980,4114848,4494902,-35,-146,1328,160,517,751,-57,-9,-31,-77,14,1331,-324,330,810,18,-7,-28,
4793562,3183574,1259709,3946980,4114848,4494902,-45,-146,1305,158,514,751,-54,-12,-31,-60,31,1283,-324,331,820,18,2,-24,
4793562,3183574,1259709,3946980,4114848,4494902,-44,-136,1322,158,514,751,-61,-10,-39,-81,20,1322,-324,331,796,14,-1,-29,
4805196,3183574,1259709,3946980,4114848,4494902,-47,-131,1353,160,516,751,-49,-8,-45,-44,36,1262,-323,331,796,12,-6,-30,
4805196,3159640,1259709,3946980,4114848,4494902,-34,-136,1299,160,516,749,-42,-3,-37,-81,10,1336,-324,330,811,10,-8,-31,
4805196,3159640,1233435,3946980,4114848,4494902,-53,-147,1285,159,512,749,-45,-7,-34,-67,24,1307,-324,330,811,5,-10,-34,
4805196,3159640,1233435,4001881,4114848,4494902,-30,-152,1352,157,518,755,-57,-5,-35,-96,17,1353,-324,327,809,6,2,-28,
4805196,3159640,1233435,4001881,4083201,4494902,-35,-150,1306,157,518,755,-55,0,-29,-42,35,1286,-324,327,809,13,-3,-28,
4805196,3159640,1233435,4001881,4083201,4479598,-57,-148,1318,160,513,754,-51,-3,-35,-87,16,1331,-326,329,812,8,-1,-32,
4805196,3159640,1233435,4001881,4083201,4479598,-47,-148,1321,160,513,754,-48,-3,-35,-78,18,1349,-326,329,812,2,3,-28,
4805196,3159640,1233435,4001881,4083201,4479598,-44,-145,1306,158,522,755,-54,-4,-39,-60,24,1297,-325,336,806,10,-7,-24,
4813282,3159640,1233435,4001881,4083201,4479598,-58,-153,1295,161,511,744,-53,-5,-38,-61,37,1303,-323,328,790,13,1,-26,
4813282,3163392,1233435,4001881,4083201,4479598,-41,-145,1351,161,511,744,-50,-5,-39,-54,23,1298,-323,328,790,10,0,-23,
4813282,3163392,1238424,4001881,4083201,4479598,-44,-145,1282,161,516,756,-47,-2,-33,-76,21,1286,-325,326,803,5,0,-27,
4813282,3163392,1238424,4014435,4083201,4479598,-37,-144,1310,161,516,756,-52,-2,-35,-80,21,1323,-325,326,803,5,1,-28,
4813282,3163392,1238424,4014435,4068978,4479598,-43,-133,1332,156,518,756,-48,-6,-40,-68,18,1308,-324,332,811,7,0,-27,
4813282,3163392,1238424,4014435,4068978,4466603,-39,-136,1341,156,520,757,-51,-4,-36,-85,11,1364,-324,332,811,7,-4,-26,
4813282,3163392,1238424,4014435,4068978,4466603,-45,-145,1336,161,520,757,-50,-5,-34,-68,14,1302,-325,334,807,11,-8,-30,
4813282,3163392,1238424,4014435,4068978,4466603,-56,-148,1341,158,516,756,-48,-5,-42,-81,16,1335,-323,332,808,8,-4,-32,
4823697,3163392,1238424,4014435,4068978,4466603,-59,-151,1265,158,516,756,-51,-5,-39,-48,30,1279,-323,332,808,10,-2,-23,
4823697,3174389,1238424,4014435,4068978,4466603,-37,-142,1327,159,516,747,-47,-1,-36,-81,19,1339,-325,322,817,9,-5,-30,
4823697,3174389,1248230,4014435,4068978,4466603,-62,-137,1309,159,516,747,-55,-1,-36,-65,13,1324,-325,322,817,3,3,-28,
4823697,3174389,1248230,4045252,4068978,4466603,-27,-150,1321,157,522,758,-50,-5,-37,-51,20,1303,-324,331,810,3,-5,-26,
4823697,3174389,1248230,4045252,4031392,4466603,-47,-148,1286,159,514,758,-48,-3,-39,-58,20,1316,-324,331,810,5,-9,-32,
4823697,3174389,1248230,4045252,4031392,4434955,-41,-144,1303,159,514,758,-49,-1,-40,-53,26,1301,-329,336,804,10,0,-28,
4823697,3174389,1248230,4045252,4031392,4434955,-35,-138,1315,163,514,759,-48,-3,-37,-71,20,1328,-325,332,813,18,6,-23,
4823697,3174389,1248230,4045252,4031392,4434955,-27,-147,1326,163,514,759,-52,-8,-36,-77,9,1332,-325,332,813,11,-12,-24,
4830579,3174389,1248230,4045252,4031392,4434955,-36,-138,1340,157,525,748,-49,-8,-37,-68,11,1323,-322,325,828,8,2,-28,
4830579,3172249,1248230,4045252,4031392,4434955,-44,-139,1305,161,515,761,-47,-6,-40,-64,22,1283,-322,325,828,9,-7,-32,
4830579,3172249,1230693,4045252,4031392,4434955,-29,-148,1326,161,515,761,-52,-6,-42,-87,23,1353,-324,326,818,19,9,-29,
4830579,3172249,1230693,4071158,4031392,4434955,-29,-148,1343,157,514,754,-56,-7,-34,-61,25,1298,-324,326,818,13,4,-31,
4830579,3172249,1230693,4071158,4010521,4434955,-45,-142,1296,157,514,754,-51,-8,-34,-52,17,1318,-327,331,801,14,12,-25,
4830579,3172249,1230693,4071158,4010521,4420184,-31,-152,1311,159,521,758,-45,-6,-34,-61,16,1330,-327,331,801,5,-6,-28,
4830579,3172249,1230693,4071158,4010521,4420184,-57,-140,1332,159,519,753,-50,7,-35,-74,15,1330,-326,330,814,6,6,-29,
4830579,3172249,1230693,4071158,4010521,4420184,-16,-152,1336,162,519,753,-51,3,-32,-71,20,1334,-326,326,806,3,9,-33,
4831572,3172249,1230693,4071158,4010521,4420184,-30,-144,1313,158,517,755,-55,-7,-40,-65,23,1319,-326,326,806,0,-3,-39,
4831572,3167972,1230693,4071158,4010521,4420184,-41,-143,1340,158,517,755,-50,-2,-40,-55,14,1332,-326,326,805,-2,2,-32,
4831572,3167972,1213564,4071158,4010521,4420184,-40,-146,1319,161,515,752,-49,-1,-33,-53,27,1298,-326,326,805,-11,2,-33,
4831572,3167972,1213564,4077288,4010521,4420184,-33,-149,1325,161,515,752,-44,1,-31,-74,24,1313,-324,330,811,3,13,-35,
4831572,3167972,1213564,4077288,4009542,4420184,-42,-136,1333,155,521,760,-48,0,-33,-79,20,1333,-324,330,811,-2,5,-30,
4831572,3167972,1213564,4077288,4009542,4420202,-22,-147,1320,159,517,755,-47,4,-36,-75,28,1329,-323,332,812,9,7,-32,
4831572,3167972,1213564,4077288,4009542,4420202,-34,-139,1323,159,517,755,-47,-6,-40,-75,19,1319,-326,327,806,7,5,-26,
4831572,3167972,1213564,4077288,4009542,4420202,-35,-146,1341,159,512,752,-43,1,-38,-61,19,1334,-326,327,806,6,-8,-30,
4832549,3167972,1213564,4077288,4009542,4420202,-40,-146,1329,159,512,752,-47,-2,-33,-63,23,1312,-329,326,811,8,-4,-33,
4832549,3173919,1213564,4077288,4009542,4420202,-24,-152,1301,160,526,750,-48,-9,-37,-62,15,1320,-329,326,811,6,-4,-29,
4832549,3173919,1224267,4077288,4009542,4420202,-53,-139,1307,160,516,751,-53,1,-33,-47,31,1283,-325,324,805,6,2,-31,
4832549,3173919,1224267,4093018,4009542,4420202,-42,-146,1312,159,516,751,-50,-2,-37,-56,25,1297,-325,324,805,10,9,-28,
4832549,3173919,1224267,4093018,4009937,4420202,-35,-150,1318,162,513,750,-47,-2,-34,-73,18,1349,-327,331,808,16,10,-31,
4832549,3173919,1224267,4093018,4009937,4423321,-40,-147,1341,162,513,750,-42,2,-37,-31,26,1279,-327,331,821,10,6,-27,
4832549,3173919,1224267,4093018,4009937,4423321,-38,-144,1303,158,520,765,-52,-4,-37,-63,26,1337,-324,330,821,15,7,-25,
4832549,3173919,1224267,4093018,4009937,4423321,-41,-152,1326,158,520,765,-56,-6,-38,-63,31,1308,-325,327,796,14,7,-24,
4832523,3173919,1224267,4093018,4009937,4423321,-31,-146,1318,157,522,747,-49,4,-32,-55,28,1314,-325,327,796,4,8,-28,
4832523,3175620,1224267,4093018,4009937,4423321,-45,-139,1323,157,518,761,-48,5,-34,-68,27,1319,-326,327,813,6,3,-32,
4832523,3175620,1167279,4093018,4009937,4423321,-37,-138,1319,157,518,761,-49,1,-31,-75,22,1346,-326,327,813,12,2,-30,
4832523,3175620,1167279,4099312,4009937,4423321,-35,-144,1336,159,512,755,-51,-3,-30,-56,27,1277,-325,332,798,21,-7,-32,
4832523,3175620,1167279,4099312,4012269,4423321,-39,-145,1308,159,512,755,-50,-4,-32,-61,29,1320,-325,332,798,9,9,-31,
4832523,3175620,1167279,4099312,4012269,4427635,-54,-141,1304,161,526,759,-48,-3,-36,-37,31,1294,-326,334,802,2,3,-35,
4832523,3175620,1167279,4099312,4012269,4427635,-47,-133,1371,158,515,753,-45,-6,-35,-53,30,1318,-322,329,811,10,6,-33,
4832523,3175620,1167279,4099312,4012269,4427635,-26,-150,1320,158,515,753,-44,-2,-35,-77,13,1344,-322,329,811,8,1,-26,
4834216,3175620,1167279,4099312,4012269,4427635,-47,-149,1350,160,513,756,-48,-9,-31,-69,27,1320,-327,325,816,4,-3,-29,
4834216,3177261,1167279,4099312,4012269,4427635,-63,-147,1311,160,513,756,-50,-4,-33,-64,27,1310,-327,325,816,11,4,-35,
4834216,3177261,1155803,4099312,4012269,4427635,-43,-146,1310,159,518,756,-46,0,-34,-53,25,1305,-327,331,806,9,0,-36,
4834216,3177261,1155803,4105384,4012269,4427635,-51,-156,1335,159,518,756,-50,-1,-35,-66,25,1301,-327,331,806,-3,3,-31,
4834216,3177261,1155803,4105384,4017820,4427635,-53,-155,1305,161,529,746,-53,-7,-33,-77,10,1343,-327,332,792,1,11,-31,
4834216,3177261,1155803,4105384,4017820,4430031,-40,-154,1333,162,516,755,-47,255,-38,-63,26,1314,-323,330,812,0,6,-27,
4834216,3177261,1155803,4105384,4017820,4430031,-35,-145,1327,162,516,755,-53,3,-38,-69,12,1319,-323,330,812,8,3,-24,
4834216,3177261,1155803,4105384,4017820,4430031,-21,-146,1337,161,514,749,-41,12,-34,-53,21,1309,-326,325,824,10,6,-25,
4831741,3177261,1155803,4105384,4017820,4430031,-47,-151,1326,161,514,749,-44,2,-33,-87,33,1319,-326,325,824,6,10,-30,
4831741,3184573,1155803,4105384,4017820,4430031,-36,-146,1319,162,524,748,-47,-1,-32,-49,24,1291,-327,326,807,6,4,-30,
4831741,3184573,1069686,4105384,4017820,4430031,-44,-137,1315,159,514,754,-42,5,-33,-67,11,1328,-327,326,807,6,0,-25,
4831741,3184573,1069686,4103453,4017820,4430031,-48,-134,1329,159,514,754,-39,2,-33,-41,26,1309,-326,333,799,11,8,-31,
4831741,3184573,1069686,4103453,4027444,4430031,-50,-151,1320,158,512,750,-49,-3,-38,-61,25,1308,-326,333,799,1,6,-26,
4831741,3184573,1069686,4103453,4027444,4436676,-49,-136,1323,158,512,750,-47,6,-34,-61,22,1286,-324,332,816,11,0,-25,
4831741,3184573,1069686,4103453,4027444,4436676,-38,-151,1314,158,518,744,-51,5,-39,-81,13,1343,-323,329,822,12,3,-30,
4831741,3184573,1069686,4103453,4027444,4436676,-27,-141,1313,158,518,744,-49,8,-38,-37,33,1274,-323,329,822,-3,2,-33,
4830578,3184573,1069686,4103453,4027444,4436676,-29,-146,1329,162,523,752,-48,3,-34,-47,20,1303,-322,327,805,-3,8,-37,
4830578,3215159,1069686,4103453,4027444,4436676,-47,-138,1311,161,518,754,-50,-1,-36,-67,15,1326,-322,327,805,4,6,-35,
4830578,3215159,1010878,4103453,4027444,4436676,-53,-143,1343,161,518,754,-49,1,-28,-63,28,1332,-326,333,805,-5,6,-35,
