0,0,0,0,0,0,6,-141,1294,322,257,897,-37,18,-27,-54,25,1043,187,385,1034,6,-1,-20,
4815484,0,0,0,0,0,5,-146,1268,318,255,891,-35,20,-23,-48,21,1271,192,388,1041,3,-2,-20,
4815484,3738236,0,0,0,0,-27,-158,1294,318,255,891,-33,13,-26,-57,27,1322,192,388,1041,5,-6,-23,
4815484,3738236,2793479,0,0,0,0,-157,1345,322,260,886,-42,9,-25,-39,17,1317,187,394,1059,1,1,-26,
4815484,3738236,2793479,4521777,0,0,-7,-162,1316,320,255,901,-39,11,-32,-49,21,1340,187,394,1059,6,14,-22,
4815484,3738236,2793479,4521777,3417817,0,-9,-170,1300,320,255,901,-41,8,-31,-54,39,1304,191,394,1046,13,0,-18,
4815484,3738236,2793479,4521777,3417817,3381561,4,-155,1338,321,250,895,-44,9,-31,-43,30,1302,190,385,1060,12,-2,-26,
4815484,3738236,2793479,4521777,3417817,3381561,5,-158,1334,321,250,895,-39,8,-33,-51,30,1325,190,385,1060,12,-3,-23,
4815484,3738236,2793479,4521777,3417817,3381561,-12,-157,1298,322,255,900,-44,2,-28,-29,32,1300,189,385,1052,8,-6,-22,
4807813,3738236,2793479,4521777,3417817,3381561,1,-158,1329,322,255,900,-45,-4,-34,-41,33,1315,189,385,1052,1,0,-26,
4807813,3822256,2793479,4521777,3417817,3381561,-6,-159,1315,323,258,894,-47,-8,-34,-62,27,1309,187,391,1052,9,0,-26,
4807813,3822256,2808202,4521777,3417817,3381561,-8,-150,1307,323,252,893,-47,2,-34,-40,27,1300,187,391,1052,6,2,-29,
4807813,3822256,2808202,4521535,3417817,3381561,-16,-158,1303,323,252,893,-44,2,-35,-44,14,1328,189,396,1046,10,2,-20,
4807813,3822256,2808202,4521535,3427258,3381561,-14,-175,1268,323,251,898,-47,-3,-36,-52,20,1313,189,392,1059,4,3,-23,
4807813,3822256,2808202,4521535,3427258,3389632,-5,-152,1330,323,251,898,-46,-2,-29,-41,18,1302,188,392,1059,8,6,-19,
4807813,3822256,2808202,4521535,3427258,3389632,-2,-156,1308,320,259,896,-54,-3,-32,-45,29,1311,191,385,1069,1,2,-27,
4807813,3822256,2808202,4521535,3427258,3389632,-13,-157,1341,321,251,895,-51,-5,-30,-58,28,1294,191,385,1069,3,3,-20,
4810987,3822256,2808202,4521535,3427258,3389632,-10,-167,1318,321,251,895,-49,-6,-39,-48,23,1316,193,385,1057,6,0,-24,
4810987,3825149,2808202,4521535,3427258,3389632,238,-150,1346,322,254,894,-55,-3,-39,-48,32,1317,193,385,1057,7,3,-24,
4810987,3825149,2779997,4521535,3427258,3389632,0,-157,1328,322,254,894,-48,2,-28,-55,31,1308,186,389,1055,7,5,-22,
4810987,3825149,2779997,4518561,3427258,3389632,-4,-146,1310,321,260,904,-49,-1,-32,-43,33,1313,186,389,1055,4,-1,-23,
4810987,3825149,2779997,4518561,3428259,3389632,-16,-158,1317,321,260,904,-50,0,-28,-45,21,1304,188,393,1058,5,7,-25,
4810987,3825149,2779997,4518561,3428259,3402238,-8,-164,1315,320,256,889,-48,-4,-31,-43,18,1304,189,387,1041,5,8,-26,
4810987,3825149,2779997,4518561,3428259,3402238,-16,-170,1296,319,257,898,-51,-5,-35,-47,24,1302,189,387,1041,10,13,-22,
4810987,3825149,2779997,4518561,3428259,3402238,5,-165,1321,319,257,898,-46,3,-33,-53,21,1325,188,386,1054,11,-1,-22,
4813857,3825149,2779997,4518561,3428259,3402238,-13,-155,1332,318,252,901,-46,-3,-36,-22,21,1319,188,386,1054,8,6,-27,
4813857,3815340,2779997,4518561,3428259,3402238,-3,-156,1314,318,252,901,-46,-8,-38,-39,29,1292,190,391,1055,8,10,-24,
4813857,3815340,2760766,4518561,3428259,3402238,-4,-163,1306,320,264,901,-48,-9,-32,-67,24,1335,190,391,1055,11,10,-19,
4813857,3815340,2760766,4514196,3428259,3402238,-2,-159,1320,323,254,897,-49,254,-38,-52,27,1321,188,397,1049,3,10,-21,
4813857,3815340,2760766,4514196,3434815,3402238,7,-153,1322,323,254,897,-46,-2,-32,-49,12,1319,191,388,1048,3,9,-29,
4813857,3815340,2760766,4514196,3434815,3414696,4,-171,1323,320,250,889,-55,-6,-32,-34,33,1300,191,388,1048,0,9,-30,
4813857,3815340,2760766,4514196,3434815,3414696,3,-157,1315,320,250,889,-50,-1,-41,-25,35,1301,193,386,1052,7,3,-25,
4813857,3815340,2760766,4514196,3434815,3414696,-14,-158,1315,322,255,895,-45,0,-37,-46,27,1324,193,386,1052,2,-5,-27,
4817106,3815340,2760766,4514196,3434815,3414696,24,-146,1347,322,255,895,-43,0,-34,-53,19,1339,190,386,1054,2,3,-20,
4817106,3817208,2760766,4514196,3434815,3414696,3,-152,1310,318,255,895,-48,1,-37,-44,23,1320,190,386,1054,6,3,-26,
4817106,3817208,2782906,4514196,3434815,3414696,-7,-160,1302,320,254,899,-51,-3,-36,-41,24,1281,187,394,1053,3,6,-20,
4817106,3817208,2782906,4508245,3434815,3414696,-16,-165,1323,320,254,899,-49,-3,-41,-58,35,1317,187,394,1053,13,7,-20,
4817106,3817208,2782906,4508245,3441453,3414696,-15,-154,1325,322,258,886,-56,-1,-38,-32,30,1285,188,384,1046,7,3,-18,
4817106,3817208,2782906,4508245,3441453,3420335,-4,-164,1335,322,258,886,-51,3,-35,-53,22,1325,188,386,1036,3,7,-18,
4817106,3817208,2782906,4508245,3441453,3420335,12,-169,1313,319,257,897,-48,1,-34,-20,27,1307,188,386,1036,-6,-2,-24,
4817106,3817208,2782906,4508245,3441453,3420335,-9,-166,1319,321,252,901,-53,2,-34,-49,29,1327,192,384,1041,5,-1,-28,
4816510,3817208,2782906,4508245,3441453,3420335,-1,-162,1303,321,252,901,-44,2,-35,-46,15,1305,192,384,1041,10,-1,-24,
4816510,3834329,2782906,4508245,3441453,3420335,-13,-165,1300,320,254,896,-42,3,-40,-55,27,1324,190,389,1041,7,4,-23,
4816510,3834329,2807487,4508245,3441453,3420335,-23,-159,1317,320,254,896,-45,-2,-42,-43,27,1308,190,389,1041,7,5,-21,
4816510,3834329,2807487,4510927,3441453,3420335,-9,-156,1325,320,258,899,-47,-5,-42,-52,19,1336,188,394,1053,8,6,-20,
4816510,3834329,2807487,4510927,3439034,3420335,-29,-154,1302,320,259,900,-53,-3,-29,-51,29,1313,187,390,1040,6,1,-25,
4816510,3834329,2807487,4510927,3439034,3416073,-4,-153,1325,318,259,900,-53,0,-30,-35,16,1324,187,390,1040,13,-2,-25,
4816510,3834329,2807487,4510927,3439034,3416073,8,-161,1303,319,253,899,-47,-1,-37,-56,25,1299,191,386,1063,3,-6,-26,
4816510,3834329,2807487,4510927,3439034,3416073,-20,-149,1335,319,253,899,-50,-4,-35,-60,35,1326,191,386,1063,9,-5,-26,
4819019,3834329,2807487,4510927,3439034,3416073,-1,-165,1327,320,254,885,-52,-8,-33,-59,39,1340,188,383,1045,14,-2,-25,
4819019,3823483,2807487,4510927,3439034,3416073,6,-158,1336,320,254,885,-55,1,-42,-40,34,1296,188,383,1045,5,1,-28,
4819019,3823483,2805746,4510927,3439034,3416073,-9,-165,1294,318,261,899,-49,-1,-35,-47,34,1291,184,395,1054,4,6,-24,
4819019,3823483,2805746,4517062,3439034,3416073,-9,-153,1328,319,254,892,-49,-5,-33,-46,23,1309,184,395,1059,-2,1,-23,
4819019,3823483,2805746,4517062,3434983,3416073,2,-152,1336,319,254,892,-49,-4,-36,-50,17,1333,187,388,1059,8,-1,-30,
4819019,3823483,2805746,4517062,3434983,3403844,-11,-163,1322,321,253,892,-54,1,-35,-49,29,1297,187,387,1047,7,3,-29,
4819019,3823483,2805746,4517062,3434983,3403844,-7,-166,1329,321,253,892,-51,-3,-35,-36,26,1311,187,387,1047,8,-6,-24,
4819019,3823483,2805746,4517062,3434983,3403844,-3,-147,1342,321,260,896,-55,-6,-37,-52,10,1325,193,387,1062,2,-4,-29,
4829769,3823483,2805746,4517062,3434983,3403844,-20,-150,1296,321,257,899,-54,-9,-39,-46,27,1307,193,387,1062,9,-1,-23,
4829769,3704412,2805746,4517062,3434983,3403844,-9,-161,1326,318,257,899,-56,-9,-36,-46,18,1319,190,387,1038,6,4,-31,
4829769,3704412,2592167,4517062,3434983,3403844,5,-162,1329,319,256,898,-55,-20,-40,-53,27,1350,190,387,1038,3,-12,-30,
4829769,3704412,2592167,4533670,3434983,3403844,0,-170,1358,319,256,898,-61,-25,-44,-58,27,1323,188,397,1064,4,-7,-27,
4829769,3704412,2592167,4533670,3432776,3403844,2,-158,1317,318,257,893,-64,-23,-40,-37,35,1268,186,387,1052,7,1,-22,
4829769,3704412,2592167,4533670,3432776,3386301,-4,-156,1315,318,257,893,-61,-20,-41,-44,26,1313,186,387,1052,10,-2,-22,
4829769,3704412,2592167,4533670,3432776,3386301,1,-170,1329,318,258,899,-67,-26,-49,-50,11,1324,190,387,1044,10,1,-24,
4829769,3704412,2592167,4533670,3432776,3386301,6,-167,1308,322,258,895,-68,-30,-47,-46,29,1305,190,387,1044,10,0,-24,
4876848,3704412,2592167,4533670,3432776,3386301,1,-165,1339,322,258,895,-73,-34,-38,-45,33,1332,186,393,1052,6,-5,-26,
4876848,3255263,2592167,4533670,3432776,3386301,-4,-160,1286,321,251,891,-74,-28,-45,-54,19,1328,186,393,1052,3,-2,-24,
4876848,3255263,1639312,4533670,3432776,3386301,4,-166,1336,321,251,891,-71,-27,-39,-46,28,1302,186,395,1040,8,2,-21,
4876848,3255263,1639312,4545274,3432776,3386301,4,-166,1314,319,263,903,-72,-27,-45,-59,25,1317,189,394,1038,16,8,-22,
4876848,3255263,1639312,4545274,3421607,3386301,21,-166,1315,316,260,897,-68,-24,-45,-54,26,1328,189,394,1038,10,5,-23,
4876848,3255263,1639312,4545274,3421607,3364627,6,-163,1317,316,260,897,-67,-18,-41,-47,22,1335,188,387,1072,6,4,-26,
4876848,3255263,1639312,4545274,3421607,3364627,18,-163,1332,319,258,899,-58,-14,-41,-52,26,1329,188,387,1072,9,1,-25,
4876848,3255263,1639312,4545274,3421607,3364627,9,-154,1330,319,258,899,-59,-15,-38,-40,18,1298,188,385,1055,3,-7,-20,
4911516,3255263,1639312,4545274,3421607,3364627,25,-163,1295,314,261,898,-53,-10,-37,-55,25,1288,188,385,1055,6,-2,-35,
4911516,3067973,1639312,4545274,3421607,3364627,9,-170,1307,314,261,898,-53,-8,-47,-43,33,1320,186,392,1049,9,-8,-28,
4911516,3067973,1476773,4545274,3421607,3364627,0,-158,1326,314,263,890,-46,-1,-43,-66,17,1323,186,392,1049,12,-6,-29,
4911516,3067973,1476773,4549813,3421607,3364627,29,-168,1338,315,260,899,-44,0,-38,-62,17,1334,187,390,1045,3,-5,-27,
4911516,3067973,1476773,4549813,3400357,3364627,6,-162,1084,315,260,899,-51,-2,-41,-63,32,1305,189,385,1040,5,4,-26,
4911516,3067973,1476773,4549813,3400357,3359238,19,-166,1350,316,255,896,-48,2,-43,-46,32,1285,189,385,1040,2,0,-27,
4911516,3067973,1476773,4549813,3400357,3359238,0,-163,1317,316,255,896,-47,2,-34,-73,8,1343,192,387,1050,4,-3,-26,
4911516,3067973,1476773,4549813,3400357,3359238,4,-164,1314,315,263,895,-47,0,-32,-44,33,1304,192,387,1050,7,12,-20,
4915648,3067973,1476773,4549813,3400357,3359238,6,-170,1297,315,263,889,-50,-1,-37,-36,22,1322,187,394,1041,7,5,-29,
4915648,3140125,1476773,4549813,3400357,3359238,1,-170,1312,315,263,889,-57,1,-40,-56,18,1329,187,394,1041,5,1,-22,
4915648,3140125,1463254,4549813,3400357,3359238,-7,-168,1314,314,258,895,-54,-3,-41,-43,29,1280,186,394,1048,10,4,-26,
4915648,3140125,1463254,4550617,3400357,3359238,18,-157,1328,314,258,895,-52,-1,-36,-44,26,1343,187,386,1063,8,5,-27,
4915648,3140125,1463254,4550617,3338613,3359238,11,-154,1297,315,259,893,-54,-1,-33,-27,30,1298,187,386,1063,4,3,-22,
4915648,3140125,1463254,4550617,3338613,3319169,14,-158,1323,315,259,893,-50,3,-35,-59,22,1317,189,385,1055,-1,4,-16,
4915648,3140125,1463254,4550617,3338613,3319169,-7,-149,1317,317,263,890,-46,1,-41,-47,8,1319,189,385,1055,1,6,-28,
4915648,3140125,1463254,4550617,3338613,3319169,3,-176,1298,316,257,896,-44,-1,-36,-56,35,1306,192,386,1052,10,6,-23,
4917810,3140125,1463254,4550617,3338613,3319169,12,-163,1296,316,257,896,-45,6,-36,-67,23,1311,192,386,1052,7,4,-21,
4917810,3287079,1463254,4550617,3338613,3319169,23,-165,1323,319,259,898,-40,11,-36,-44,23,1328,190,395,1049,10,-1,-23,
4917810,3287079,1684349,4550617,3338613,3319169,22,-168,1359,319,259,898,-46,3,-36,-37,28,1304,190,395,1049,9,7,-25,
4917810,3287079,1684349,4541788,3338613,3319169,-7,-164,1326,316,266,905,-41,5,-35,-55,29,1324,190,387,1036,7,15,-18,
4917810,3287079,1684349,4541788,3346925,3319169,23,-172,1307,314,265,901,-42,9,-29,-47,37,1309,190,383,1030,8,3,-26,
4917810,3287079,1684349,4541788,3346925,3351775,7,-158,1293,314,265,901,-42,9,-34,-45,20,1307,190,383,1030,2,7,-17,
4917810,3287079,1684349,4541788,3346925,3351775,28,-169,1288,315,258,899,-43,10,-35,-44,39,1324,185,386,1060,-2,7,-20,
4917810,3287079,1684349,4541788,3346925,3351775,-6,-163,1325,315,258,899,-41,16,-33,-48,31,1345,185,386,1060,3,16,-22,
4904024,3287079,1684349,4541788,3346925,3351775,10,-171,1295,316,259,893,-33,17,-29,-47,20,1296,192,391,1042,5,1,-25,
4904024,3535362,1684349,4541788,3346925,3351775,-6,-169,1312,316,259,893,-44,13,-27,-54,28,1325,192,391,1042,13,8,-23,
4904024,3535362,2249658,4541788,3346925,3351775,7,-165,1316,317,264,894,-44,19,-24,-32,22,1340,189,396,1045,10,3,-18,
4904024,3535362,2249658,4512795,3346925,3351775,-2,-153,1332,316,256,895,-40,21,-27,-50,23,1312,192,388,1061,8,-2,-24,
4904024,3535362,2249658,4512795,3353735,3351775,-4,-164,1350,316,256,895,-37,18,-25,-45,34,1326,192,388,1061,3,3,-21,
4904024,3535362,2249658,4512795,3353735,3381106,-16,-164,1307,320,255,901,-45,15,-25,-54,22,1298,194,386,1054,8,9,-25,
4904024,3535362,2249658,4512795,3353735,3381106,12,-173,1329,320,255,901,-40,13,-31,-45,29,1300,194,386,1054,10,9,-24,
4904024,3535362,2249658,4512795,3353735,3381106,2,-159,1313,317,259,894,-36,16,-32,-62,18,1303,187,390,1050,3,9,-22,
4880890,3535362,2249658,4512795,3353735,3381106,-5,-158,1354,319,255,900,-43,12,-35,-51,20,1312,187,390,1050,6,8,-19,
4880890,3775624,2249658,4512795,3353735,3381106,4,-167,1293,319,255,900,-43,6,-30,-71,23,1344,185,397,1061,3,8,-20,
4880890,3775624,2852653,4512795,3353735,3381106,1,-167,1289,316,255,904,-45,8,-32,-36,35,1309,185,394,1039,3,12,-19,
4880890,3775624,2852653,4462731,3353735,3381106,6,-166,1345,316,255,904,-41,6,-34,-53,19,1302,189,394,1039,-4,12,-24,
4880890,3775624,2852653,4462731,3351922,3381106,-21,-166,1284,317,257,890,-45,7,-32,-60,15,1330,192,387,1053,4,8,-24,
4880890,3775624,2852653,4462731,3351922,3384018,3,-159,1300,317,257,890,-47,8,-28,-64,21,1322,192,387,1053,1,8,-21,
4880890,3775624,2852653,4462731,3351922,3384018,15,-164,1327,316,259,893,-47,7,-27,-54,29,1304,190,386,1054,-4,9,-22,
4880890,3775624,2852653,4462731,3351922,3384018,-12,-165,1315,318,257,893,-47,8,-24,-46,27,1312,190,386,1054,7,11,-15,
4852902,3775624,2852653,4462731,3351922,3384018,-2,-157,1313,318,257,893,-43,12,-22,-42,33,1324,185,387,1059,4,15,-29,
4852902,3894823,2852653,4462731,3351922,3384018,-4,-146,1331,318,255,910,-50,13,-23,-30,22,1285,185,387,1059,-2,15,-23,
4852902,3894823,3202606,4462731,3351922,3384018,-8,-167,1307,318,255,910,-49,14,-29,-68,30,1307,193,400,1059,2,11,-21,
4852902,3894823,3202606,4392355,3351922,3384018,0,-166,1290,321,261,900,-45,16,-32,-46,21,1312,190,389,1063,-3,15,-24,
4852902,3894823,3202606,4392355,3325969,3384018,13,-155,1328,320,257,900,-46,7,-27,-60,36,1319,190,389,1063,3,18,-19,
4852902,3894823,3202606,4392355,3325969,3330966,15,-165,1337,320,257,900,-44,13,-25,-55,19,1302,191,390,1045,-4,5,-25,
4852902,3894823,3202606,4392355,3325969,3330966,-17,-159,1299,319,255,893,-49,6,-30,-37,30,1310,191,390,1045,-7,11,-26,
4852902,3894823,3202606,4392355,3325969,3330966,1,-160,1329,319,255,893,-44,14,-31,-47,25,1309,192,391,1056,4,20,-24,
4814218,3894823,3202606,4392355,3325969,3330966,-28,-155,1294,319,254,888,-35,16,-27,-52,25,1310,192,391,1056,-2,23,-23,
4814218,4070742,3202606,4392355,3325969,3330966,6,-161,1336,319,254,888,-38,14,-24,-45,30,1273,191,395,1050,-6,28,-20,
4814218,4070742,3629847,4392355,3325969,3330966,-3,-156,1371,322,255,896,-35,17,-30,-64,15,1331,193,390,1037,-14,25,-32,
4814218,4070742,3629847,4261910,3325969,3330966,-13,-155,1314,321,255,898,-37,20,-20,-46,34,1298,193,390,1037,-11,18,-25,
4814218,4070742,3629847,4261910,3277339,3330966,-10,-154,1313,321,255,898,-41,20,-20,-61,12,1318,192,386,1027,-12,24,-23,
4814218,4070742,3629847,4261910,3277339,3243423,-21,-156,1315,321,255,890,-30,29,-29,-64,4,1317,192,386,1027,-3,30,-21,
4814218,4070742,3629847,4261910,3277339,3243423,-28,-165,1329,321,255,890,-33,31,-21,-41,33,1285,192,389,1053,-13,32,-19,
4814218,4070742,3629847,4261910,3277339,3243423,-9,-161,1302,322,259,904,-29,32,-20,-48,29,1304,192,389,1053,-12,43,-20,
4692392,4070742,3629847,4261910,3277339,3243423,-32,-149,1310,323,253,890,-34,27,-19,-70,9,1326,193,399,1041,-15,46,-23,
4692392,4255826,3629847,4261910,3277339,3243423,-22,-163,1303,323,253,890,-35,28,-18,-55,21,1329,193,399,1041,-1,47,-26,
4692392,4255826,3977306,4261910,3277339,3243423,-18,-167,1331,323,252,898,-30,29,-17,-54,30,1307,192,395,1043,-1,39,-26,
4692392,4255826,3977306,4044040,3277339,3243423,-23,-151,1335,323,252,898,-34,21,-14,-62,10,1310,193,387,1052,-6,40,-36,
4692392,4255826,3977306,4044040,3211314,3243423,-20,-149,1314,324,258,894,-34,25,-18,-79,19,1330,193,387,1052,-4,51,-35,
4692392,4255826,3977306,4044040,3211314,3121848,-38,-169,1298,324,2,886,-38,14,-17,-53,27,1313,198,392,1044,-9,54,-33,
4692392,4255826,3977306,4044040,3211314,3121848,-18,-160,1313,325,253,886,-39,21,-17,-74,18,1313,198,392,1044,-3,56,-34,
4692392,4255826,3977306,4044040,3211314,3121848,-20,-149,1339,327,252,891,-38,19,-26,-83,19,1321,196,393,1056,-5,69,-32,
4548832,4255826,3977306,4044040,3211314,3121848,-11,-168,1344,327,252,891,-39,14,-26,-71,29,1312,196,393,1056,-14,72,-32,
4548832,4417661,3977306,4044040,3211314,3121848,-12,-154,1328,325,252,897,-40,19,-27,-66,28,1290,198,402,1052,-19,71,-29,
4548832,4417661,4139645,4044040,3211314,3121848,-11,-157,1344,325,252,897,-41,18,-18,-72,16,1299,201,395,1041,-12,72,-18,
4548832,4417661,4139645,3863845,3211314,3121848,-44,-148,1308,324,255,893,-31,20,-25,-93,14,1338,201,395,1041,-11,74,-24,
4548832,4417661,4139645,3863845,3026954,3121848,-2,-164,1309,332,256,900,-37,23,-19,-94,19,1300,203,397,1046,-17,68,-19,
4548832,4417661,4139645,3863845,3026954,2801272,-21,-154,1329,332,256,900,-40,20,-22,-68,25,1280,203,397,1046,-13,72,-15,
4548832,4417661,4139645,3863845,3026954,2801272,-30,-151,1303,330,251,889,-33,25,-17,-89,21,1325,204,396,1042,-13,79,-16,
4548832,4417661,4139645,3863845,3026954,2801272,-16,-151,1348,330,251,889,-32,29,-17,-103,19,1347,204,396,1042,-4,82,-14,
4415725,4417661,4139645,3863845,3026954,2801272,-41,-155,1297,328,258,887,-38,28,-22,-81,27,1298,206,403,1032,-15,89,-14,
4415725,4530505,4139645,3863845,3026954,2801272,-30,-152,1329,328,257,897,-33,30,-20,-105,11,1333,206,400,1035,-8,90,-20,
4415725,4530505,4284889,3863845,3026954,2801272,-18,-138,1337,329,257,897,-32,25,-17,-95,12,1320,211,400,1035,-6,85,-18,
4415725,4530505,4284889,3708400,3026954,2801272,-10,-152,1360,331,252,895,-25,38,-21,-81,32,1302,213,398,1039,-9,85,-22,
4415725,4530505,4284889,3708400,2710180,2801272,-12,-164,1297,331,252,895,-28,38,-13,-92,29,1386,213,398,1039,-13,90,-17,
4415725,4530505,4284889,3708400,2710180,2428430,-34,-157,1347,329,254,893,-29,41,-12,-89,29,1306,212,402,1040,-8,108,-11,
4415725,4530505,4284889,3708400,2710180,2428430,-31,-168,1273,329,254,893,-32,28,-17,-129,21,1350,212,402,1040,-13,122,-10,
4415725,4530505,4284889,3708400,2710180,2428430,-21,-168,1311,327,252,890,-34,35,-15,-95,37,1303,217,401,1044,-15,165,-26,
4156210,4530505,4284889,3708400,2710180,2428430,-57,-148,1309,329,249,890,-33,39,-15,-89,37,1301,217,401,1044,-10,465,-47,
4156210,4607848,4284889,3708400,2710180,2428430,-11,-159,1350,329,249,890,-32,39,-12,-140,39,1405,225,410,1039,-20,296,-65,
4156210,4607848,4396365,3708400,2710180,2428430,-26,-153,1335,333,245,891,-28,46,-13,-91,82,1308,235,400,1034,-55,339,-100,
4156210,4607848,4396365,3279698,2710180,2428430,-45,-152,1286,333,245,891,-23,59,-12,-105,131,1303,235,400,1034,-55,387,-159,
4156210,4607848,4396365,3279698,2117458,2428430,-45,-156,1317,332,255,896,-29,59,-12,-120,460,1327,242,402,1021,-14,431,-284,
4156210,4607848,4396365,3279698,2117458,2204220,-47,-147,1302,335,249,883,-22,79,-14,-85,326,1374,242,402,1021,31,471,-467,
4156210,4607848,4396365,3279698,2117458,2204220,-43,-154,1342,335,249,883,-21,100,-10,-49,310,1438,251,406,1027,46,497,-669,
4156210,4607848,4396365,3279698,2117458,2204220,-16,-150,1341,338,249,888,-20,117,-6,-42,249,1524,251,406,1027,71,486,-871,
3282332,4607848,4396365,3279698,2117458,2204220,-58,-134,1340,338,249,888,-17,135,-6,3,149,1441,247,413,1025,102,447,-1070,
3282332,4679999,4396365,3279698,2117458,2204220,-73,-158,1300,342,247,888,-16,162,-1,74,233,1378,246,412,1021,140,432,-1250,
3282332,4679999,4528325,3279698,2117458,2204220,-71,-143,1347,342,247,888,-15,192,0,178,137,1328,246,412,1021,232,399,-1434,
3282332,4679999,4528325,2770259,2117458,2204220,-64,-146,1318,344,253,875,-17,211,5,221,58,1342,231,402,1034,297,348,-1583,
3282332,4679999,4528325,2770259,487219,2204220,-84,-141,1327,351,242,881,-15,238,9,307,-102,1283,231,402,1034,339,278,-1667,
3282332,4679999,4528325,2770259,487219,317769,-56,-162,1335,351,242,881,-24,271,11,478,-211,1194,214,396,1029,359,182,-1659,
3282332,4679999,4528325,2770259,487219,317769,-74,-125,1377,359,241,885,-32,346,14,553,-427,1255,214,396,1029,230,53,-1506,
3282332,4679999,4528325,2770259,487219,317769,-82,-138,1319,359,241,885,-57,368,11,537,-268,1199,191,415,1027,-169,-192,-1218,
1620828,4679999,4528325,2770259,487219,317769,-84,-131,1332,366,251,882,-76,376,11,379,1,1184,191,415,1027,-474,-436,-862,
1620828,4779637,4528325,2770259,487219,317769,-76,-158,1334,379,248,869,-95,384,21,254,143,1157,170,412,1022,-482,-524,-568,
1620828,4779637,4636722,2770259,487219,317769,-114,-137,1354,379,248,869,-112,394,18,254,129,1108,154,416,1030,-343,-461,-361,
1620828,4779637,4636722,2874285,487219,317769,-120,-166,1417,385,244,866,-108,368,14,253,73,1151,154,416,1030,-230,-389,-195,
1620828,4779637,4636722,2874285,200516,317769,-124,-177,1423,385,244,866,-102,346,16,84,87,1201,140,418,1027,-181,-386,1,
1620828,4779637,4636722,2874285,200516,338723,-144,-206,1460,396,248,864,-113,361,13,-125,46,1256,140,418,1027,-92,-378,-70,
1620828,4779637,4636722,2874285,200516,338723,-131,-139,1594,396,248,864,-113,409,33,-327,-67,1326,125,417,1020,-124,-316,-277,
1620828,4779637,4636722,2874285,200516,338723,-137,-185,1550,404,254,857,-49,479,44,-400,-142,1341,125,417,1020,-273,-248,-534,
1220683,4779637,4636722,2874285,200516,338723,-140,-162,1599,419,244,853,30,670,60,-690,121,1801,105,421,1028,-173,-191,-757,
1220683,4830070,4636722,2874285,200516,338723,-156,-169,1488,419,244,853,92,734,61,-946,300,1200,93,401,1045,531,16,-875,
1220683,4830070,4577724,2874285,200516,338723,-175,-145,1407,438,239,844,93,788,60,-1051,-425,1525,93,401,1045,599,189,-826,
1220683,4830070,4577724,3484578,200516,338723,-181,-177,1366,438,239,844,110,828,73,-1166,-697,1594,89,391,1034,154,303,-624,
1220683,4830070,4577724,3484578,1199684,338723,-207,-155,1373,456,242,842,144,842,84,-1203,-78,1322,89,391,1034,-158,484,-451,
1220683,4830070,4577724,3484578,1199684,416310,-229,-164,1397,475,233,827,182,865,93,-751,-62,1257,96,396,1022,-243,512,-465,
1220683,4830070,4577724,3484578,1199684,416310,-243,-167,1377,475,233,827,213,903,112,-372,-79,1165,96,396,1022,-261,408,-540,
1220683,4830070,4577724,3484578,1199684,416310,-237,-144,1395,496,224,816,233,946,118,-100,-38,1059,99,411,1018,-198,326,-480,
1040978,4830070,4577724,3484578,1199684,416310,-265,-143,1361,496,224,816,246,964,125,-118,60,1116,99,411,1012,-115,182,-444,
1040978,4884356,4577724,3484578,1199684,416310,-269,-117,1233,520,223,796,245,995,139,-140,-54,1204,94,409,1012,26,69,-473,
1040978,4884356,4083683,3484578,1199684,416310,-319,-101,1242,520,223,796,242,1004,140,-139,-200,1366,92,404,1028,100,-2,-428,
1040978,4884356,4083683,2620327,1199684,416310,-310,-99,1335,546,215,795,211,988,138,-174,-185,1466,92,404,1028,46,37,-325,
1040978,4884356,4083683,2620327,3805366,416310,-311,-94,1305,566,204,769,199,999,139,-134,-74,1519,94,403,1032,-27,156,-247,
1040978,4884356,4083683,2620327,3805366,2859153,-346,-54,1395,566,204,769,195,1044,152,-184,16,1533,94,403,1032,-134,317,-181,
1040978,4884356,4083683,2620327,3805366,2859153,-385,-91,1469,587,198,761,186,1093,150,-249,99,1708,104,411,1019,-224,493,-163,
1040978,4884356,4083683,2620327,3805366,2859153,-395,-60,1503,587,198,761,169,1177,145,-245,51,1843,104,411,1019,-269,628,-211,
647252,4884356,4083683,2620327,3805366,2859153,-394,-72,1584,610,201,743,169,1274,135,-221,-9,1741,120,422,993,-210,800,-297,
647252,4980854,4083683,2620327,3805366,2859153,-432,-108,1559,638,191,712,171,1381,135,-222,-50,1734,149,429,992,-287,1221,-289,
647252,4980854,3480373,2620327,3805366,2859153,-438,-94,1599,638,191,712,196,1504,145,-233,-60,1675,149,429,992,-343,1372,-266,
647252,4980854,3480373,167706,3805366,2859153,-470,-147,1588,669,182,694,242,1635,176,-226,-86,1337,183,442,982,-427,1451,-251,
647252,4980854,3480373,167706,4382666,2859153,-484,-179,1605,669,182,694,304,1777,213,-313,9,1248,183,442,982,-446,1470,-268,
647252,4980854,3480373,167706,4382666,3232032,-528,-166,1588,705,173,666,387,1898,310,-322,-42,1105,216,452,965,-448,1432,-286,
647252,4980854,3480373,167706,4382666,3232032,-546,-136,1422,705,173,666,562,2104,359,-307,-33,954,216,452,965,-429,1348,-297,
647252,4980854,3480373,167706,4382666,3232032,-557,-104,1376,740,156,623,627,2159,391,-324,-128,925,245,473,945,-391,1207,-295,
440443,4980854,3480373,167706,4382666,3232032,-553,-79,1310,773,133,586,676,2180,412,-345,-151,904,267,479,934,-363,1043,-275,
440443,4980304,3480373,167706,4382666,3232032,-607,-7,1113,773,133,586,708,2180,427,-369,-148,950,267,479,934,-331,898,-246,
440443,4980304,2140849,167706,4382666,3232032,-631,62,1061,806,118,536,733,2161,431,-385,-177,1067,283,487,941,-324,772,-219,
440443,4980304,2140849,167719,4382666,3232032,-648,70,970,806,118,536,746,2110,422,-431,-111,1313,283,487,941,-344,700,-199,
440443,4980304,2140849,167719,4642889,3232032,-686,84,892,832,108,502,741,2034,401,-464,-111,1419,298,494,911,-357,687,-206,
440443,4980304,2140849,167719,4642889,3409485,-739,123,877,861,87,461,722,1929,384,-462,-130,1494,298,494,911,-401,732,-216,
440443,4980304,2140849,167719,4642889,3409485,-746,106,769,861,87,461,722,1805,367,-479,-196,1576,312,514,908,-440,801,-209,
440443,4980304,2140849,167719,4642889,3409485,-842,96,782,877,73,425,717,1672,355,-475,-215,1618,312,514,908,-491,911,-188,
514181,4980304,2140849,167719,4642889,3409485,-865,79,818,877,73,425,694,1470,360,-482,-202,1563,331,529,879,-542,1042,-163,
514181,4979133,2140849,167719,4642889,3409485,-885,118,986,891,61,394,673,1417,360,-499,-198,1459,357,538,866,-573,1153,-147,
514181,4979133,1983238,167719,4642889,3409485,-962,145,976,891,61,372,679,1382,370,-513,-173,1374,357,538,866,-608,1237,-131,
514181,4979133,1983238,357474,4642889,3409485,-942,126,1059,905,42,372,689,1385,380,-761,-178,1224,382,551,831,-645,1277,-128,
514181,4979133,1983238,357474,4830458,3409485,-967,113,1092,921,29,341,697,1414,399,-561,-133,1104,382,551,831,-665,1282,-140,
514181,4979133,1983238,357474,4830458,2846812,-1037,70,1045,921,29,341,723,1453,428,-571,-132,1068,402,573,813,-719,1196,-166,
514181,4979133,1983238,357474,4830458,2846812,-1005,115,968,932,17,306,730,1487,467,-602,-142,1087,402,573,813,-737,1132,-197,
514181,4979133,1983238,357474,4830458,2846812,-1035,209,941,932,17,306,706,1508,498,-616,-151,1086,421,593,775,-743,1082,-230,
700138,4979133,1983238,357474,4830458,2846812,-1025,273,811,940,1,270,687,1515,505,-669,-145,1189,441,612,765,-769,1070,-261,
700138,4948043,1983238,357474,4830458,2846812,-968,341,884,949,-24,240,668,1515,488,-678,-163,1259,441,612,765,-780,1085,-307,
700138,4948043,1914229,357474,4830458,2846812,-1013,426,909,949,-24,240,646,1522,454,-654,-224,1253,454,623,758,-808,1134,-334,
700138,4948043,1914229,346121,4830458,2846812,-1003,512,875,958,-34,197,573,1597,325,-661,-296,1266,454,623,758,-838,1203,-354,
700138,4948043,1914229,346121,4995522,2846812,-1009,514,896,958,-34,197,547,1641,244,-662,-335,1265,475,646,711,-848,1273,-349,
700138,4948043,1914229,346121,4995522,2530613,-1014,480,879,966,-41,153,525,1692,167,-711,-270,1170,475,646,711,-898,1325,-342,
700138,4948043,1914229,346121,4995522,2530613,-1089,484,876,966,-37,115,507,1762,99,-719,-233,1043,492,672,671,-943,1349,-358,
700138,4948043,1914229,346121,4995522,2530613,-1137,476,933,973,-37,115,504,1816,53,-721,-231,992,492,672,649,-984,1333,-399,
809600,4948043,1914229,346121,4995522,2530613,-1133,384,851,976,-47,80,499,1884,17,-720,-229,909,503,689,649,-1006,1317,-440,
809600,4917396,1914229,346121,4995522,2530613,-1234,324,806,976,-47,80,497,1939,10,-754,-296,948,521,705,629,-1000,1290,-475,
809600,4917396,1975018,346121,4995522,2530613,-1220,336,744,975,-39,29,485,1975,10,-761,-331,971,521,705,629,-991,1284,-499,
809600,4917396,1975018,167714,4995522,2530613,-1236,282,639,975,-39,29,485,1996,24,-743,-434,1009,525,725,579,-997,1282,-500,
809600,4917396,1975018,167714,5113260,2530613,-1271,283,610,979,-38,-24,501,1994,45,-774,-440,1044,525,725,579,-1019,1304,-490,
809600,4917396,1975018,167714,5113260,2384184,-1239,278,621,977,-45,-65,480,2006,74,-788,-460,991,535,749,540,-1062,1338,-485,
809600,4917396,1975018,167714,5113260,2384184,-1216,316,548,977,-45,-65,429,2048,96,-780,-447,912,535,749,540,-1119,1348,-478,
809600,4917396,1975018,167714,5113260,2384184,-1266,397,534,974,-46,-108,401,2079,110,-796,-502,930,544,778,500,-1146,1362,-475,
700616,4917396,1975018,167714,5113260,2384184,-1243,396,528,974,-46,-108,400,2092,99,-814,-517,925,552,784,480,-1151,1382,-462,
700616,4859629,1975018,167714,5113260,2384184,-1253,307,397,962,-44,-161,411,2099,105,-880,-459,924,552,784,480,-1191,1413,-468,
700616,4859629,1740058,167714,5113260,2384184,-1202,360,434,953,-41,-209,427,2116,140,-890,-482,944,560,805,436,-1242,1452,-487,
700616,4859629,1740058,167722,5113260,2384184,-1219,337,318,953,-41,-209,471,2118,156,-932,-562,986,560,805,436,-1289,1489,-499,
700616,4859629,1740058,167722,5162662,2384184,-1195,363,497,942,-48,-256,546,2127,189,-904,-603,942,562,823,379,-1321,1535,-499,
700616,4859629,1740058,167722,5162662,1835000,-1190,485,212,942,-48,-256,627,2140,211,-915,-655,905,562,823,379,-1356,1594,-484,
700616,4859629,1740058,167722,5162662,1835000,-1189,621,210,930,-41,-303,736,2158,228,-917,-699,883,564,845,330,-1368,1659,-450,
700616,4859629,1740058,167722,5162662,1835000,-1269,678,174,930,-41,-303,882,2142,222,-932,-671,792,564,858,277,-1394,1708,-425,
636750,4859629,1740058,167722,5162662,1835000,-1184,640,41,912,-36,-350,1159,2051,150,-916,-632,703,570,858,277,-1403,1731,-409,
636750,4831959,1740058,167722,5162662,1835000,-956,507,64,895,-38,-393,1315,2084,138,-871,-625,562,569,862,248,-1420,1729,-404,
636750,4831959,1604955,167722,5162662,1835000,-1317,-529,3788,895,-38,-393,1676,2695,376,-788,-842,88,569,862,248,-1367,1664,-335,
636750,4831959,1604955,167725,5162662,1835000,-5176,237,1491,859,-32,-460,1227,3555,653,-781,-1154,345,569,871,190,-1291,1512,-131,
636750,4831959,1604955,167725,5108267,1835000,-1482,936,-1064,859,-32,-460,-42,3366,597,-927,-657,216,569,871,190,-1333,1369,70,
636750,4831959,1604955,167725,5108267,840611,1880,1192,-3349,818,-35,-518,-452,2508,426,-1027,-476,64,575,881,150,-1302,1277,104,
636750,4831959,1604955,167725,5108267,840611,2902,885,-3932,800,-39,-543,-114,1604,151,-955,-727,-142,575,881,150,-1191,1128,56,
636750,4831959,1604955,167725,5108267,840611,2097,1472,-3125,800,-39,-543,38,1185,-158,-750,-1123,-258,578,883,95,-1086,906,51,
368334,4831959,1604955,167725,5108267,840611,728,2687,-1868,793,-25,-558,291,826,-614,-713,-1391,-125,585,876,86,-1086,650,156,
368334,4565566,1604955,167725,5108267,840611,-1627,734,-936,793,-25,-558,957,100,-1085,-713,-1731,150,585,876,86,-1143,446,355,
368334,4565566,1661927,167725,5108267,840611,-2041,-868,-473,804,31,-549,1430,-567,-1065,-739,-1568,496,604,874,38,-1309,277,614,
368334,4565566,1661927,167568,5108267,840611,-2148,-2003,-339,804,31,-549,1083,-1003,-561,-892,-1492,491,604,874,38,-1402,199,931,
368334,4565566,1661927,167568,4846481,840611,-2061,-2380,-238,817,51,-528,382,-844,53,-883,-1270,486,631,865,14,-1358,221,1476,
368334,4565566,1661927,167568,4846481,701510,-2165,-1931,-245,821,30,-515,-302,-533,631,-965,-914,317,631,865,14,-1409,233,1511,
368334,4565566,1661927,167568,4846481,701510,-2033,66,68,821,30,-515,-744,-245,1015,-970,-626,224,666,846,-24,-1406,241,1546,
368334,4565566,1661927,167568,4846481,701510,-1964,896,209,826,-7,-509,-863,-19,1108,-1019,-364,169,700,831,-58,-1354,231,1494,
370344,4565566,1661927,167568,4846481,701510,-1690,1140,295,826,-7,-509,-692,240,986,-1110,-191,100,700,831,-58,-1310,239,1371,
370344,4446600,1661927,167568,4846481,701510,-1262,1012,197,819,-23,-524,-494,452,750,-1210,85,198,725,810,-91,-1227,238,1196,
370344,4446600,1327841,167568,4846481,701510,-1027,1061,230,814,-39,-533,-359,512,535,-1386,392,304,725,810,-91,-1116,243,923,
370344,4446600,1327841,167616,4846481,701510,-782,1029,164,814,-39,-533,-143,395,427,-1547,529,274,738,795,-119,-1094,224,568,
370344,4446600,1327841,167616,4429020,701510,-897,881,399,816,-48,-539,178,104,446,-1580,463,288,738,795,-119,-1103,215,159,
370344,4446600,1327841,167616,4429020,1190246,-1577,638,499,816,-48,-539,490,-260,568,-1572,429,293,734,806,-125,-1207,200,-268,
370344,4446600,1327841,167616,4429020,1190246,-1881,91,442,818,-48,-527,617,-117,541,-1546,415,250,734,806,-125,-1284,204,-655,
370344,4446600,1327841,167616,4429020,1190246,-1829,54,245,818,-48,-527,107,145,528,-1402,175,166,715,797,-163,-1295,241,-986,
166984,4446600,1327841,167616,4429020,1190246,-1632,527,120,813,-53,-528,-127,287,538,-1273,-52,94,690,808,-185,-1434,274,-1291,
166984,4217183,1327841,167616,4429020,1190246,-1306,658,-30,807,-71,-530,-85,340,517,-1195,-333,134,690,808,-185,-1679,286,-1559,
166984,4217183,831777,167616,4429020,1190246,-1023,822,-563,807,-71,-530,30,359,480,-1184,-626,73,644,820,-242,-1955,238,-1735,
166984,4217183,831777,167591,4429020,1190246,-1034,961,-744,803,-74,-550,169,400,401,-1165,-737,15,644,820,-242,-2177,215,-1863,
166984,4217183,831777,167591,4422554,1190246,-1137,879,-796,803,-74,-550,355,483,281,-1145,-932,-58,602,828,-278,-2252,201,-1878,
166984,4217183,831777,167591,4422554,308263,-1320,827,-650,793,-66,-554,530,619,156,-1097,-1116,-141,602,828,-278,-2302,240,-1862,
166984,4217183,831777,167591,4422554,308263,-1188,702,-673,786,-65,-574,688,837,93,-1055,-1063,-94,556,830,-317,-2417,340,-1865,
166984,4217183,831777,167591,4422554,308263,-1066,485,-694,786,-65,-574,813,930,115,-841,-893,-1,510,819,-399,-2542,541,-1865,
167103,4217183,831777,167591,4422554,308263,-1029,258,-742,774,-56,-590,870,641,348,-492,-553,217,510,819,-399,-2602,815,-1601,
167103,3914559,831777,167591,4422554,308263,-1178,207,-699,774,-56,-590,887,386,503,-271,-347,207,463,810,-431,-2456,1104,-1182,
167103,3914559,717960,167591,4422554,308263,-1389,118,-559,770,-58,-582,929,186,682,-1389,-1425,-464,463,810,-431,-916,1248,-693,
167103,3914559,717960,167590,4422554,308263,-1597,-20,-531,770,-58,-596,856,120,865,-1033,-2373,-719,432,804,-470,-281,1379,-429,
167103,3914559,717960,167590,4072446,308263,-1607,-30,-405,765,-57,-596,661,148,1058,-509,-2649,-1128,432,804,-470,-481,1389,-192,
167103,3914559,717960,167590,4072446,176044,-1396,-30,-475,763,-79,-600,422,155,1208,-449,-2445,-1115,409,805,-506,-1217,1644,34,
167103,3914559,717960,167590,4072446,176044,-1142,186,-206,763,-79,-600,188,132,1297,-620,-1798,-864,409,777,-542,-1965,2343,108,
167103,3914559,717960,167590,4072446,176044,-1107,250,-237,757,-102,-596,76,165,1334,982,-1006,-1313,375,777,-542,-2404,2987,40,
185290,3914559,717960,167590,4072446,176044,-1161,303,-192,757,-102,-596,-1,180,1312,2415,-561,-1446,338,730,-610,-2320,2968,462,
185290,3411870,717960,167590,4072446,176044,-1353,440,-192,751,-121,-597,-145,155,1290,1115,-398,-69,338,730,-610,-1969,3369,1383,
185290,3411870,380759,167590,4072446,176044,-1382,748,-374,747,-162,-603,-342,80,1267,-864,-597,-448,303,700,-672,-942,3670,1392,
185290,3411870,380759,1527936,4072446,176044,-1389,1134,-489,747,-162,-603,-386,-285,1063,-914,-1003,-1135,303,700,-672,-679,2951,604,
185290,3411870,380759,1527936,2280190,176044,-1467,1367,-621,749,-185,-585,-141,-333,663,-1030,-570,-1259,260,690,-692,-949,1657,-300,
185290,3411870,380759,1527936,2280190,165939,-1424,1077,-575,749,-185,-585,113,-164,189,-1569,-335,-1393,260,690,-692,-975,443,-793,
185290,3411870,380759,1527936,2280190,165939,-1331,789,-681,751,-181,-603,173,125,-247,-2242,-532,-1272,247,691,-687,-719,-172,-793,
185290,3411870,380759,1527936,2280190,165939,-1339,477,-736,751,-181,-614,58,385,-589,-2387,-460,-1152,250,681,-689,-490,-329,-414,
707154,3411870,380759,1527936,2280190,165939,-1248,408,-578,747,-163,-614,-134,610,-672,-1831,117,-1066,250,681,-689,-62,-360,-120,
707154,2622368,380759,1527936,2280190,165939,-1155,273,-625,742,-167,-619,-349,816,-450,-1770,-383,-463,255,688,-685,416,-400,-43,
707154,2622368,169339,1527936,2280190,165939,-887,946,-668,742,-167,-619,-566,866,-51,-1442,-889,-482,255,688,-685,423,-203,182,
707154,2622368,169339,2647084,2280190,165939,-787,1284,-608,731,-183,-633,-678,676,258,-1432,-683,-421,261,690,-695,135,164,652,
707154,2622368,169339,2647084,1121626,165939,-917,1450,-454,731,-183,-633,-622,260,421,-1364,-238,-524,261,690,-695,-130,665,1175,
707154,2622368,169339,2647084,1121626,166061,-1175,1363,-326,730,-196,-622,-438,-190,495,-1305,-110,-625,268,683,-706,-145,1058,981,
707154,2622368,169339,2647084,1121626,166061,-1276,1188,-180,728,-211,-623,-301,36,595,-1232,-290,-669,255,683,-719,204,1071,441,
707154,2622368,169339,2647084,1121626,166061,-1277,1217,-124,728,-211,-623,-370,294,681,-1088,-547,-765,255,683,-719,275,840,-2,
1101361,2622368,169339,2647084,1121626,166061,-983,1419,54,718,-230,-629,-338,429,636,-1024,-751,-696,241,687,-701,265,647,-155,
1101361,2614284,169339,2647084,1121626,166061,-843,1265,127,718,-230,-629,-199,488,539,-969,-951,-674,241,687,-701,265,549,-18,
1101361,2614284,169301,2647084,1121626,166061,-729,1061,141,706,-239,-629,-91,520,495,-1052,-986,-580,231,686,-701,245,515,306,
1101361,2614284,169301,2920237,1121626,166061,-577,857,97,706,-245,-643,-102,490,536,-1158,-914,-472,231,686,-701,201,572,699,
1101361,2614284,169301,2920237,1174802,166061,-424,809,23,696,-245,-643,-162,396,656,-1222,-645,-386,233,686,-702,137,696,954,
1101361,2614284,169301,2920237,1174802,166001,-258,809,-37,688,-269,-646,-205,185,757,-1239,-469,-448,233,686,-702,176,836,922,
1101361,2614284,169301,2920237,1174802,166001,-448,876,-290,688,-269,-646,-246,-129,782,-1187,-613,-519,232,688,-702,294,902,702,
1101361,2614284,169301,2920237,1174802,166001,-709,812,-283,693,-284,-643,-242,-419,718,-1112,-803,-560,224,686,-707,284,852,473,
1301801,2614284,169301,2920237,1174802,166001,-951,738,-312,693,-284,-643,-237,-585,571,-1029,-821,-626,224,686,-707,190,807,279,
1301801,2590760,169301,2920237,1174802,166001,-1156,815,-312,691,-297,-632,-250,-513,520,-1001,-751,-693,209,687,-705,184,811,71,
1301801,2590760,169170,2920237,1174802,166001,-1326,864,-350,695,-308,-615,-164,-369,488,-730,-876,-742,209,687,-705,257,863,-110,
1301801,2590760,169170,2914376,1174802,166001,-1427,777,-363,695,-308,-615,-96,-139,496,-625,-965,-756,184,698,-694,297,897,-180,
1301801,2590760,169170,2914376,951492,166001,-1378,730,-415,689,-320,-619,-103,160,501,-511,-957,-803,184,698,-694,227,895,-139,
1301801,2590760,169170,2914376,951492,166046,-1199,647,-512,689,-320,-619,-101,516,479,-414,-964,-802,168,698,-689,182,877,-21,
1301801,2590760,169170,2914376,951492,166046,-991,655,-521,670,-321,-626,-138,782,409,-392,-972,-831,159,695,-695,121,817,152,
1301801,2590760,169170,2914376,951492,166046,-854,664,-560,659,-329,-637,-162,899,290,-429,-918,-925,159,695,-695,67,718,307,
1520738,2590760,169170,2914376,951492,166046,-823,631,-664,659,-329,-637,-156,955,127,-494,-887,-966,153,695,-684,74,602,365,
1520738,1680645,169170,2914376,951492,166046,-767,580,-682,645,-338,-650,-194,1001,-23,-534,-987,-1049,153,695,-684,142,504,125,
1520738,1680645,169255,2914376,951492,166046,-548,435,-722,645,-338,-650,-234,1002,-129,-560,-986,-1080,145,692,-701,107,276,-43,
1520738,1680645,169255,2867249,951492,166046,-331,237,-733,631,-340,-662,-580,761,-66,-471,-934,-1131,145,692,-701,83,168,-166,
1520738,1680645,169255,2867249,688197,166046,-111,319,-593,631,-340,-662,-985,303,39,-358,-910,-1198,141,709,-681,65,-9,-169,
1520738,1680645,169255,2867249,688197,165995,-50,693,-417,625,-353,-644,-1172,-260,116,-350,-886,-1166,141,709,-680,17,-275,-42,
1520738,1680645,169255,2867249,688197,165995,-4307,3024,635,621,-373,-658,-294,117,448,-457,-756,-1058,148,701,-680,18,-526,131,
1520738,1680645,169255,2867249,688197,165995,-1787,1516,-628,621,-373,-658,535,783,622,-623,-739,-836,164,696,-700,50,-652,285,
2311520,1680645,169255,2867249,688197,165995,-1796,1666,-546,610,-390,-660,-580,260,543,-836,-680,-627,164,696,-700,-7,-615,338,
2311520,1447186,169255,2867249,688197,165995,-1213,1605,-400,610,-390,-660,-1343,-192,373,-1035,-510,-533,180,698,-695,-16,-433,268,
2311520,1447186,169347,2867249,688197,165995,-1228,1818,57,612,-402,-639,-1335,-350,226,-950,-543,-522,180,698,-695,10,-266,107,
2311520,1447186,169347,2408947,688197,165995,-1246,2693,205,615,-410,-635,-934,-245,42,-879,-616,-566,181,702,-695,102,-230,-50,
2311520,1447186,169347,2408947,1013812,165995,-1065,2163,123,615,-410,-635,151,242,-619,-786,-659,-732,181,702,-695,181,-313,-175,
2311520,1447186,169347,2408947,1013812,165912,-932,785,219,619,-378,-650,735,690,-1509,-704,-674,-926,186,709,-671,258,-491,-245,
2311520,1447186,169347,2408947,1013812,165912,-1126,1206,254,619,-378,-650,695,824,-1378,-652,-699,-1083,194,711,-690,300,-672,-234,
2311520,1447186,169347,2408947,1013812,165912,-1126,1286,219,617,-341,-678,986,991,-1088,-598,-611,-1184,194,711,-690,365,-826,-167,
2136935,1447186,169347,2408947,1013812,165912,-1050,1181,134,617,-341,-678,1417,1075,-755,-601,-578,-888,213,720,-672,512,-941,-73,
2136935,1209734,169347,2408947,1013812,165912,-727,823,-156,609,-302,-710,1659,958,-471,-881,-716,-671,213,720,-672,633,-986,71,
2136935,1209734,169077,2408947,1013812,165912,-393,368,-446,599,-278,-719,1525,475,-190,-913,-670,-568,234,729,-651,648,-883,310,
2136935,1209734,169077,3127465,1013812,165912,-369,-18,-998,599,-278,-719,1262,-105,123,-846,-483,-568,234,729,-651,560,-652,607,
2136935,1209734,169077,3127465,513872,165912,-741,-354,-1228,600,-267,-717,1022,-372,468,-742,-310,-547,261,737,-643,474,-461,835,
2136935,1209734,169077,3127465,513872,165987,-851,-374,-1114,600,-267,-717,594,-293,840,-568,-204,-635,292,741,-625,527,-714,901,
2136935,1209734,169077,3127465,513872,165987,-842,363,-755,594,-274,-717,-143,-64,1099,-415,-117,-580,292,741,-625,809,-727,880,
2136935,1209734,169077,3127465,513872,165987,-840,1425,-383,588,-305,-714,-746,65,690,-286,-29,-504,327,749,-587,982,-936,849,
1516248,1209734,169077,3127465,513872,165987,-853,2005,-161,588,-305,-714,-233,-40,75,-98,93,-449,327,749,-587,1171,-1256,748,
1516248,1404741,169077,3127465,513872,165987,-959,1584,-261,593,-302,-724,211,-86,-541,-122,-138,-409,364,763,-583,1287,-1613,514,
1516248,1404741,169261,3127465,513872,165987,-1191,1317,-470,593,-302,-724,374,-10,-1001,-179,-228,-376,364,763,-583,1243,-1838,222,
1516248,1404741,169261,2941666,513872,165987,-1188,1083,-660,594,-270,-713,349,159,-1257,-157,-207,-303,396,785,-523,1120,-1901,-22,
1516248,1404741,169261,2941666,317291,165987,-1166,946,-771,594,-270,-713,224,341,-1252,-5837,-2739,309,396,785,-523,838,-1739,-368,
1516248,1404741,169261,2941666,317291,166161,-1106,1085,-689,598,-251,-734,96,445,-999,-2678,-1973,-1216,399,784,-551,-2141,550,-1001,
1516248,1404741,169261,2941666,317291,166161,-982,1354,-698,596,-239,-728,153,366,-617,-3367,2041,-1159,377,790,-528,-563,462,-1160,
1516248,1404741,169261,2941666,317291,166161,-942,1113,-540,596,-239,-728,424,176,-222,-1771,-628,-885,377,790,-528,2555,-153,-1355,
2206716,1404741,169261,2941666,317291,166161,-1065,887,-556,591,-229,-741,618,85,115,-548,-1260,-692,363,829,-483,2368,-791,-1202,
2206716,1218745,169261,2941666,317291,166161,-1007,909,-548,591,-229,-741,568,89,346,-856,-632,-181,363,829,-483,1504,-874,-823,
2206716,1218745,169314,2941666,317291,166161,-963,1158,-533,588,-222,-745,354,-191,380,-866,-787,-124,364,852,-441,1438,-610,-380,
2206716,1218745,169314,3520556,317291,166161,-921,1256,-573,584,-221,-742,297,-50,203,-753,-826,72,364,852,-441,1461,-297,-462,
2206716,1218745,169314,3520556,167364,166161,-852,1246,-624,584,-221,-742,330,-77,-26,-740,-1018,94,355,868,-425,1316,-118,-565,
2206716,1218745,169314,3520556,167364,166047,-656,1104,-627,587,-216,-735,423,-94,-222,-740,-1150,32,343,881,-413,1111,-29,-678,
2206716,1218745,169314,3520556,167364,166047,-677,939,-546,587,-216,-735,470,-152,-358,-552,-1145,-188,343,881,-413,907,128,-668,
2206716,1218745,169314,3520556,167364,166047,-749,1013,-503,595,-198,-753,397,-257,-410,-360,-1284,-420,323,885,-378,802,225,-700,
1991938,1218745,169314,3520556,167364,166047,-864,1008,-394,595,-198,-738,454,-300,-414,-518,-1508,-465,323,885,-378,578,170,-753,
1991938,1026277,169314,3520556,167364,166047,-946,958,-444,600,-182,-738,610,-265,-383,-914,-1215,-278,310,889,-369,318,-157,-489,
1991938,1026277,169382,3520556,167364,166047,-882,884,-420,604,-165,-746,715,-236,-325,-987,-1113,-227,310,889,-369,223,-154,-443,
1991938,1026277,169382,3684768,167364,166047,-699,798,-583,604,-165,-746,738,-251,-262,-1019,-817,-205,303,900,-366,260,-205,-431,
1991938,1026277,169382,3684768,167441,166047,-637,833,-576,611,-143,-746,672,-283,-226,-1009,-699,-167,303,900,-366,364,-162,-480,
1991938,1026277,169382,3684768,167441,165984,-619,816,-553,611,-143,-746,691,-582,-326,-992,-806,-177,294,900,-366,372,-88,-531,
1991938,1026277,169382,3684768,167441,165984,-766,775,-478,622,-121,-741,806,-787,-424,-1000,-740,-187,282,905,-362,350,-19,-560,
1991938,1026277,169382,3684768,167441,165984,-851,521,-646,639,-100,-721,924,-928,-509,-995,-729,-64,282,905,-362,356,24,-639,
1871283,1026277,169382,3684768,167441,165984,-1023,-5,-717,639,-100,-721,865,-928,-485,-992,-972,-196,264,909,-353,280,5,-682,
1871283,940599,169382,3684768,167441,165984,-1408,-481,-613,654,-85,-708,495,-746,-252,-968,-800,-316,264,909,-353,203,-34,-685,
1871283,940599,169419,3684768,167441,165984,-1210,-287,-689,654,-85,-708,72,-455,119,-900,-785,-387,250,912,-327,247,-15,-702,
1871283,940599,169419,3721194,167441,165984,-985,18,-796,656,-90,-704,-199,-315,452,-788,-894,-322,250,912,-327,317,30,-746,
1871283,940599,169419,3721194,167402,165984,-863,371,-894,656,-103,-700,-311,-359,631,-701,-891,-379,230,919,-356,306,23,-815,
1871283,940599,169419,3721194,167402,166010,-801,602,-929,661,-103,-700,-239,-448,625,-696,-821,-439,210,922,-327,315,2,-907,
1871283,940599,169419,3721194,167402,166010,-782,573,-949,668,-110,-689,-54,-522,498,-736,-982,-462,210,922,-327,442,-11,-984,
1871283,940599,169419,3721194,167402,166010,-684,329,-923,668,-110,-689,87,-601,156,-710,-1188,-480,188,929,-312,494,-37,-990,
2326718,940599,169419,3721194,167402,166010,-634,366,-900,679,-104,-678,99,-918,6,-613,-1323,-477,188,929,-312,521,-68,-929,
2326718,754618,169419,3721194,167402,166010,-603,414,-826,679,-104,-678,105,-1109,-169,-532,-1429,-425,168,937,-293,568,-92,-838,
2326718,754618,169354,3721194,167402,166010,-626,452,-713,697,-100,-667,151,-1265,-360,-467,-1474,-362,168,937,-293,552,-99,-733,
2326718,754618,169354,3819508,167402,166010,-725,409,-653,718,-88,-635,169,-1347,-567,-490,-1498,-279,153,942,-299,441,-115,-633,
2326718,754618,169354,3819508,165582,166010,-789,349,-644,718,-88,-635,149,-1389,-722,-549,-1498,-237,153,939,-279,298,-123,-532,
2326718,754618,169354,3819508,165582,165913,-917,210,-548,741,-76,-624,88,-1418,-822,-627,-1341,-189,145,939,-279,144,-136,-333,
2326718,754618,169354,3819508,165582,165913,-1739,404,-313,741,-76,-624,-9,-1433,-856,-703,-1187,-211,140,942,-289,166,-83,-283,
2326718,754618,169354,3819508,165582,165913,-5833,2517,-17,758,-57,-610,122,-1085,-639,-676,-1179,-469,140,942,-289,167,-41,-264,
2610663,754618,169354,3819508,165582,165913,-2211,-243,-1354,758,-50,-608,1188,504,-38,-660,-1132,-305,137,944,-271,165,-13,-254,
2610663,1078332,169354,3819508,165582,165913,-2297,362,-545,750,-50,-608,202,506,138,-597,-1191,-304,137,944,-271,180,-40,-242,
2610663,1078332,169468,3819508,165582,165913,-1376,1634,-760,756,-69,-591,-986,-650,-126,-707,-1212,-304,127,947,-275,123,-132,-234,
2610663,1078332,169468,3594320,165582,165913,-1137,1296,-434,756,-69,-591,67,-915,-233,-786,-1094,-296,127,947,-275,112,-227,-223,
2610663,1078332,169468,3594320,167451,165913,-1024,1185,-425,773,-55,-582,548,-1110,-372,-767,-1091,-255,129,957,-262,259,-233,-219,
2610663,1078332,169468,3594320,167451,166127,-1013,745,-365,773,-55,-582,839,-1103,-722,-671,-1200,-164,127,955,-257,379,-242,-194,
2610663,1078332,169468,3594320,167451,166127,-1100,223,-232,789,-23,-565,712,-1051,-1068,-651,-1316,-84,127,955,-257,399,-232,-144,
2610663,1078332,169468,3594320,167451,166127,-1199,38,-241,801,0,-544,398,-875,-1256,-663,-1332,34,125,955,-250,346,-238,-98,
1782085,1078332,169468,3594320,167451,166127,-1260,73,-169,801,0,-544,74,-577,-1255,-699,-1239,43,125,955,-250,284,-252,-54,
1782085,1793718,169468,3594320,167451,166127,-979,194,-166,803,23,-545,-153,-239,-1068,-706,-1276,27,127,960,-239,272,-243,-10,
1782085,1793718,169435,3594320,167451,166127,-959,306,-179,803,23,-545,-292,-55,-698,-666,-1326,60,127,960,-239,250,-214,22,
1782085,1793718,169435,3413031,167451,166127,-1144,812,-223,804,31,-548,-344,-41,-193,-607,-1338,39,128,967,-239,181,-198,62,
1782085,1793718,169435,3413031,252040,166127,-1275,964,-264,805,26,-540,-143,-45,58,-651,-1316,24,138,963,-248,49,-210,108,
1782085,1793718,169435,3413031,252040,166084,-1505,713,-271,805,26,-540,22,-26,-95,-700,-1224,7,138,963,-248,-42,-181,162,
1782085,1793718,169435,3413031,252040,166084,-1581,594,-250,812,23,-535,-114,-74,-94,-652,-1289,-13,138,955,-252,-29,-121,208,
1782085,1793718,169435,3413031,252040,166084,-1401,718,-246,812,23,-535,-148,-153,-106,-585,-1256,-40,138,955,-252,-86,-74,251,
2333332,1793718,169435,3413031,252040,166084,-1353,635,-264,810,25,-532,-103,-223,-143,-707,-1168,-27,150,957,-253,-203,-35,299,
2333332,1276709,169435,3413031,252040,166084,-1311,531,-255,810,25,-532,-71,-230,-150,-727,-1126,-49,150,957,-253,-271,26,346,
2333332,1276709,169526,3413031,252040,166084,-1256,457,-321,813,33,-528,-102,-168,-135,-751,-1075,-80,157,957,-249,-279,108,339,
2333332,1276709,169526,3158517,252040,166084,-1240,469,-288,809,23,-531,-163,-84,-107,-795,-1038,-104,157,957,-249,-278,106,310,
2333332,1276709,169526,3158517,167325,166084,-1229,506,-289,809,23,-531,-189,10,-89,-798,-951,-149,166,957,-269,-239,135,281,
2333332,1276709,169526,3158517,167325,166119,-1240,547,-329,813,20,-529,-180,104,-64,-807,-924,-135,168,947,-251,-169,161,236,
2333332,1276709,169526,3158517,167325,166119,-1245,606,-273,813,20,-529,-152,168,-45,-767,-940,-221,168,947,-251,-118,155,174,
2333332,1276709,169526,3158517,167325,166119,-1312,570,-306,808,31,-547,-85,192,-35,-763,-926,-205,173,952,-275,-64,142,119,
2333256,1276709,169526,3158517,167325,166119,-1339,516,-355,803,28,-542,-39,226,-21,-731,-1001,-221,173,952,-275,23,124,58,
2333256,770247,169526,3158517,167325,166119,-1339,492,-322,803,28,-542,-79,232,-2,-736,-1106,-199,172,953,-266,80,131,19,
2333256,770247,169472,3158517,167325,166119,-1346,510,-358,803,24,-542,-105,229,15,-774,-1172,-192,172,953,-266,61,120,20,
2333256,770247,169472,3101026,167325,166119,-1324,541,-415,803,24,-542,-85,198,50,-783,-1203,-138,171,955,-281,10,127,41,
2333256,770247,169472,3101026,167330,166119,-1293,537,-396,800,22,-529,-55,162,66,-766,-1183,-127,172,952,-263,-36,154,74,
2333256,770247,169472,3101026,167330,166121,-1301,530,-427,800,22,-529,-29,133,78,-774,-1147,-118,172,952,-263,-52,168,101,
2333256,770247,169472,3101026,167330,166121,-1321,553,-393,799,31,-545,-26,125,83,-740,-1137,-152,170,949,-255,-78,147,112,
2333256,770247,169472,3101026,167330,166121,-1285,553,-420,796,17,-556,-59,121,98,-724,-1069,-165,170,949,-255,-109,128,123,
2515382,770247,169472,3101026,167330,166121,-1272,590,-440,796,17,-556,-86,134,103,-750,-1034,-154,176,947,-265,-143,113,109,
2515382,652462,169472,3101026,167330,166121,-1249,623,-372,794,10,-569,-99,142,97,-755,-1036,-180,176,947,-265,-132,108,86,
2515382,652462,164763,3101026,167330,166121,-1237,637,-324,794,10,-569,-97,132,106,-759,-1068,-158,175,953,-271,-107,105,63,
2515382,652462,164763,3016819,167330,166121,-1257,695,-405,791,16,-561,-68,122,99,-743,-1043,-202,175,953,-273,-104,93,45,
2515382,652462,164763,3016819,167371,166121,-1260,663,-378,792,10,-559,-17,131,82,-755,-1061,-235,176,945,-273,-99,65,23,
2515382,652462,164763,3016819,167371,166122,-1242,598,-421,792,10,-559,-34,148,69,-754,-1023,-230,175,943,-288,-108,26,-28,
2515382,652462,164763,3016819,167371,166122,-1237,640,-466,789,6,-570,-54,161,58,-822,-1044,-262,175,943,-288,-96,52,-29,
2515382,652462,164763,3016819,167371,166122,-1220,690,-476,789,6,-570,-68,176,45,-804,-1046,-273,177,941,-271,-9,111,-25,
2634668,652462,164763,3016819,167371,166122,-1225,700,-500,786,5,-574,-65,155,21,-752,-1083,-277,177,941,-271,41,127,-32,
2634668,474322,164763,3016819,167371,166122,-1250,703,-518,786,5,-574,-41,133,2,-748,-1124,-294,173,946,-290,24,110,-27,
2634668,474322,169370,3016819,167371,166122,-1220,670,-507,786,12,-572,-22,106,-21,-724,-1068,-307,173,946,-290,42,80,-18,
2634668,474322,169370,3054115,167371,166122,-1235,664,-548,786,4,-568,-26,71,-34,-730,-1148,-345,171,954,-276,70,67,-20,
2634668,474322,169370,3054115,167306,166122,-1226,631,-507,786,4,-568,-27,47,-45,-741,-1160,-319,176,941,-278,43,65,5,
2634668,474322,169370,3054115,167306,166177,-1235,616,-527,785,9,-572,-34,11,-60,-765,-1180,-326,176,941,-278,38,59,39,
2634668,474322,169370,3054115,167306,166177,-1220,610,-522,785,9,-572,-55,0,-73,-729,-1170,-319,177,941,-284,45,60,80,
2634668,474322,169370,3054115,167306,166177,-1225,597,-545,781,13,-564,-74,-1,-75,-739,-1168,-315,177,941,-284,28,54,111,
2663512,474322,169370,3054115,167306,166177,-1232,592,-561,784,10,-570,-96,5,-78,-751,-1134,-335,176,945,-276,-4,23,140,
2663512,462332,169370,3054115,167306,166177,-1236,594,-581,784,10,-570,-107,13,-89,-802,-1029,-321,176,945,-276,-34,4,164,
2663512,462332,169434,3054115,167306,166177,-1218,608,-514,785,10,-574,-121,10,-94,-813,-974,-320,183,949,-275,20,50,166,
2663512,462332,169434,3064399,167306,166177,-1275,634,-507,785,10,-574,-133,-15,-103,-775,-1009,-295,183,945,-277,130,104,158,
2663512,462332,169434,3064399,167364,166177,-1232,606,-477,786,6,-576,-131,-29,-108,-753,-1093,-260,183,945,-277,188,113,149,
2663512,462332,169434,3064399,167364,166086,-1276,598,-527,786,6,-576,-133,-45,-109,-773,-1113,-236,189,937,-263,152,81,140,
2663512,462332,169434,3064399,167364,166086,-1240,580,-468,783,9,-574,-146,-54,-104,-770,-1055,-220,189,937,-263,107,56,133,
2663512,462332,169434,3064399,167364,166086,-1264,577,-477,787,6,-566,-173,-58,-99,-796,-1020,-226,193,943,-281,104,50,121,
2521709,462332,169434,3064399,167364,166086,-1265,584,-451,787,6,-566,-181,-57,-89,-810,-1015,-221,193,943,-281,110,40,106,
2521709,419123,169434,3064399,167364,166086,-1254,597,-377,789,5,-573,-167,-54,-82,-796,-1007,-221,191,945,-262,116,36,102,
2521709,419123,169235,3064399,167364,166086,-1253,607,-364,789,5,-573,-156,-50,-87,-803,-1033,-228,191,945,-262,130,32,49,
2521709,419123,169235,2929522,167364,166086,-1274,628,-410,791,13,-563,-119,-63,-85,-794,-1046,-221,195,954,-266,118,15,40,
2521709,419123,169235,2929522,167290,166086,-1274,612,-334,791,7,-564,-71,-74,-89,-793,-1045,-173,198,946,-276,94,9,30,
2521709,419123,169235,2929522,167290,166096,-1302,567,-390,791,7,-564,-68,-80,-86,-793,-1050,-202,198,946,-276,70,1,12,
2521709,419123,169235,2929522,167290,166096,-1289,575,-359,793,8,-558,-93,-78,-78,-813,-1018,-157,198,945,-250,66,8,5,
2521709,419123,169235,2929522,167290,166096,-1307,588,-391,793,8,-558,-104,-75,-73,-818,-1016,-157,198,945,-250,86,21,-24,
2472618,419123,169235,2929522,167290,166096,-1301,597,-375,789,12,-563,-108,-84,-65,-814,-1034,-158,195,955,-256,98,18,-41,
2472618,444060,169235,2929522,167290,166096,-1277,591,-325,789,12,-556,-106,-82,-56,-823,-1043,-171,195,955,-256,89,1,-54,
2472618,444060,169431,2929522,167290,166096,-1264,594,-347,795,5,-556,-91,-63,-48,-793,-1055,-158,196,953,-245,83,10,-71,
2472618,444060,169431,2902611,167290,166096,-1259,580,-328,793,7,-562,-75,-45,-38,-796,-1058,-166,192,952,-258,66,7,-79,
2472618,444060,169431,2902611,167466,166096,-1270,561,-329,793,7,-562,-67,-19,-35,-802,-1072,-155,192,952,-258,60,-2,-87,
2472618,444060,169431,2902611,167466,166058,-1281,576,-355,791,9,-560,-59,-2,-35,-783,-1079,-171,190,950,-250,53,14,-83,
2472618,444060,169431,2902611,167466,166058,-1315,623,-423,791,9,-560,-63,-6,-30,-785,-1085,-159,190,950,-250,48,25,-83,
2472618,444060,169431,2902611,167466,166058,-1275,617,-336,793,12,-557,-43,7,-23,-772,-1088,-163,191,948,-263,47,31,-85,
2534136,444060,169431,2902611,167466,166058,-1264,601,-380,792,6,-564,-32,0,-29,-785,-1104,-160,191,948,-263,38,31,-81,
2534136,409353,169431,2902611,167466,166058,-1273,585,-407,792,6,-564,-35,20,-32,-775,-1114,-198,189,954,-255,37,41,-79,
2534136,409353,169381,2902611,167466,166058,-1244,608,-397,797,5,-556,-40,33,-23,-775,-1101,-192,189,954,-255,34,51,-76,
2534136,409353,169381,2906238,167466,166058,-1266,607,-438,797,5,-556,-32,28,-27,-749,-1102,-197,187,954,-232,25,56,-69,
2534136,409353,169381,2906238,210472,166058,-1272,592,-414,794,17,-550,-20,46,-28,-779,-1124,-199,187,951,-250,9,50,-56,
2534136,409353,169381,2906238,210472,166099,-1257,593,-420,794,14,-557,-31,61,-38,-757,-1142,-194,187,951,-250,11,48,-51,
2534136,409353,169381,2906238,210472,166099,-1270,607,-404,790,14,-557,-25,61,-32,-757,-1127,-204,184,950,-263,0,14,-21,
2534136,409353,169381,2906238,210472,166099,-1250,587,-424,790,9,-556,-22,59,-26,-747,-1130,-227,184,950,-263,-11,14,-4,
2540063,409353,169381,2906238,210472,166099,-1283,573,-458,790,9,-556,-26,52,-25,-758,-1133,-190,188,954,-242,-14,16,7,
2540063,431263,169381,2906238,210472,166099,-1291,573,-460,789,10,-562,-33,48,-21,-768,-1112,-216,188,954,-242,-13,8,12,
2540063,431263,169396,2906238,210472,166099,-1244,585,-440,789,10,-562,-46,53,-26,-760,-1097,-222,187,958,-237,-25,8,24,
2540063,431263,169396,2908643,210472,166099,-1266,591,-433,790,19,-556,-58,45,-19,-776,-1100,-190,185,954,-272,-35,-4,25,
2540063,431263,169396,2908643,167499,166099,-1282,601,-415,790,6,-559,-56,37,-19,-760,-1074,-255,185,954,-272,-28,9,21,
2540063,431263,169396,2908643,167499,166043,-1272,601,-405,790,6,-559,-45,37,-17,-785,-1078,-190,185,948,-240,-16,16,20,
2540063,431263,169396,2908643,167499,166043,-1288,603,-435,789,6,-565,-51,28,-15,-770,-1087,-207,185,948,-240,-17,18,23,
2540063,431263,169396,2908643,167499,166043,-1272,601,-410,789,6,-565,-51,25,-12,-784,-1085,-221,185,948,-259,-9,24,26,
2520362,431263,169396,2908643,167499,166043,-1265,575,-424,786,16,-558,-53,17,-10,-788,-1067,-202,185,948,-259,-3,28,24,
2520362,389558,169396,2908643,167499,166043,-1276,582,-418,787,11,-562,-57,14,-7,-772,-1065,-211,187,963,-244,-11,26,18,
2520362,389558,169309,2908643,167499,166043,-1257,584,-445,787,11,-562,-59,16,-5,-779,-1073,-227,187,963,-266,-15,20,23,
2520362,389558,169309,2891463,167499,166043,-1292,587,-407,791,8,-567,-67,15,3,-775,-1070,-197,190,949,-266,1,18,13,
2520362,389558,169309,2891463,167286,166043,-1268,613,-405,791,8,-567,-77,12,6,-792,-1075,-194,190,950,-266,1,11,6,
2520362,389558,169309,2891463,167286,166045,-1271,609,-428,788,10,-566,-59,7,3,-785,-1052,-247,190,950,-266,9,7,4,
2520362,389558,169309,2891463,167286,166045,-1273,606,-434,788,10,-566,-65,-12,-3,-773,-1070,-199,188,946,-257,14,-3,-4,
2520362,389558,169309,2891463,167286,166045,-1287,619,-444,787,15,-566,-64,-16,-4,-776,-1056,-221,188,946,-257,15,-4,-4,
2520530,389558,169309,2891463,167286,166045,-1237,605,-409,790,8,-565,-69,-18,-6,-786,-1059,-182,189,954,-248,18,-2,-7,
2520530,386175,169309,2891463,167286,166045,-1261,604,-419,790,8,-565,-71,-18,-11,-773,-1070,-203,189,954,-248,16,-5,-16,
2520530,386175,169524,2891463,167286,166045,-1258,610,-420,789,1,-567,-68,-6,-22,-785,-1064,-215,190,958,-244,28,4,-27,
2520530,386175,169524,2906957,167286,166045,-1245,606,-393,789,1,-567,-69,2,-23,-774,-1092,-211,189,953,-259,23,5,-26,
2520530,386175,169524,2906957,195305,166045,-1252,625,-375,788,10,-556,-62,6,-24,-773,-1090,-204,189,953,-259,14,3,-24,
2520530,386175,169524,2906957,195305,166056,-1269,618,-445,791,7,-559,-60,12,-29,-781,-1095,-219,188,947,-252,11,-11,-17,
2520530,386175,169524,2906957,195305,166056,-1266,619,-434,791,7,-559,-54,6,-30,-793,-1087,-196,188,947,-252,16,-9,-26,
2520530,386175,169524,2906957,195305,166056,-1271,625,-413,792,2,-566,-47,7,-44,-783,-1084,-204,187,953,-253,15,-5,-26,
2526559,386175,169524,2906957,195305,166056,-1287,619,-409,792,2,-566,-51,1,-43,-782,-1081,-194,187,953,-253,14,3,-31,
2526559,356213,169524,2906957,195305,166056,-1279,621,-377,787,7,-565,-60,-6,-44,-777,-1088,-187,189,962,-248,23,7,-21,
2526559,356213,169203,2906957,195305,166056,-1270,609,-389,787,7,-565,-55,-16,-43,-762,-1095,-196,187,952,-240,23,8,-18,
2526559,356213,169203,2901562,195305,166056,-1256,596,-405,790,15,-563,-49,-15,-45,-790,-1105,-174,187,952,-240,14,10,-16,
2526559,356213,169203,2901562,386887,166056,-1283,582,-438,790,2,-561,-52,-15,-48,-771,-1094,-195,188,946,-245,3,13,-7,
2526559,356213,169203,2901562,386887,166146,-1262,608,-409,790,2,-561,-53,6,-43,-780,-1100,-178,188,946,-245,5,20,-9,
2526559,356213,169203,2901562,386887,166146,-1253,582,-399,790,4,-562,-45,12,-36,-781,-1092,-207,192,947,-244,-5,17,-11,
2526559,356213,169203,2901562,386887,166146,-1286,604,-387,790,4,-562,-43,12,-34,-790,-1081,-169,192,947,-244,-1,11,-6,
2527249,356213,169203,2901562,386887,166146,-1258,596,-418,791,9,-557,-45,11,-28,-779,-1079,-195,190,953,-256,5,9,-15,
2527249,407271,169203,2901562,386887,166146,-1283,594,-418,793,3,-562,-53,16,-29,-775,-1067,-222,190,953,-256,-9,15,-12,
2527249,407271,169442,2901562,386887,166146,-1299,584,-438,793,3,-562,-58,15,-21,-791,-1071,-202,187,952,-245,-6,21,-10,
2527249,407271,169442,2886310,386887,166146,-1277,590,-420,791,5,-565,-67,-1,-14,-790,-1090,-199,191,950,-266,9,23,-17,
2527249,407271,169442,2886310,387953,166146,-1269,599,-384,791,5,-565,-74,-4,-18,-773,-1082,-214,191,950,-266,2,12,-13,
2527249,407271,169442,2886310,387953,166158,-1277,603,-385,787,3,-567,-88,3,-13,-770,-1094,-230,190,946,-263,12,17,-15,
2527249,407271,169442,2886310,387953,166158,-1280,591,-458,787,3,-567,-93,-5,-11,-783,-1092,-222,190,946,-263,14,-241,-9,
2527249,407271,169442,2886310,387953,166158,-1251,580,-416,794,6,-563,-89,251,-6,-758,-1085,-209,188,955,-252,2,8,-13,
2524476,407271,169442,2886310,387953,166158,-1232,582,-388,791,-1,-565,-110,13,2,-787,-1070,-200,188,955,-252,10,21,-18,
2524476,372603,169442,2886310,387953,166158,-1254,613,-398,791,-1,-565,-107,17,7,-785,-1088,-182,189,953,-265,15,26,-17,
2524476,372603,169473,2886310,387953,166158,-1283,607,-439,788,-2,-561,-105,23,9,-761,-1073,-212,189,950,-233,12,27,-17,
2524476,372603,169473,2842419,387953,166158,-1255,612,-397,788,-2,-561,-115,24,-2,-767,-1098,-217,189,950,-233,15,27,-12,
2524476,372603,169473,2842419,397570,166158,-1244,641,-412,790,0,-562,-108,26,-2,-784,-1093,-196,186,948,-239,9,28,-2,
2524476,372603,169473,2842419,397570,166133,-1252,644,-403,787,-6,-563,-82,7,-7,-787,-1078,-192,186,948,-239,6,32,-4,
2524476,372603,169473,2842419,397570,166133,-1284,618,-445,787,-6,-563,-75,3,-7,-761,-1090,-213,190,948,-249,11,35,-3,
2524476,372603,169473,2842419,397570,166133,-1273,598,-414,790,-5,-554,-73,-1,-9,-767,-1090,-194,190,948,-249,4,34,-8,
2513877,372603,169473,2842419,397570,166133,-1282,613,-431,790,-5,-554,-75,2,-8,-778,-1089,-192,185,956,-256,10,30,3,
2513877,371715,169473,2842419,397570,166133,-1243,617,-363,794,-5,-558,-72,-1,-8,-786,-1121,-195,185,956,-256,7,27,4,
2513877,371715,169449,2842419,397570,166133,-1251,621,-426,794,-5,-558,-63,-4,-15,-779,-1095,-206,189,950,-239,-4,6,9,
2513877,371715,169449,2816837,397570,166133,-1261,624,-393,788,-7,-563,-61,-5,-15,-778,-1094,-201,190,946,-253,-10,7,11,
2513877,371715,169449,2816837,392557,166133,-1257,610,-423,789,-6,-566,-62,-7,-13,-759,-1085,-211,190,946,-253,3,-4,14,
2513877,371715,169449,2816837,392557,166191,-1260,642,-364,789,-6,-566,-54,-3,-12,-768,-1072,-241,190,948,-249,-7,12,17,
2513877,371715,169449,2816837,392557,166191,-1248,637,-389,791,-7,-557,-35,-3,-19,-784,-1079,-186,190,948,-249,-12,21,17,
2513877,371715,169449,2816837,392557,166191,-1220,666,-419,791,-7,-557,3,-2,-20,-793,-1075,-216,191,953,-245,-10,10,20,
2537625,371715,169449,2816837,392557,166191,-1229,736,-383,789,1,-564,76,-5,-26,-786,-1064,-190,191,953,-245,-8,18,24,
2537625,376982,169449,2816837,392557,166191,-1242,682,-405,792,-4,-562,181,-24,-47,-781,-1057,-230,188,955,-250,-13,15,16,
2537625,376982,169287,2816837,392557,166191,-1294,553,-423,792,-4,-562,220,-29,-54,-792,-1071,-216,191,948,-258,1,31,12,
2537625,376982,169287,2790513,392557,166191,-1298,497,-437,788,-4,-570,167,-21,-47,-787,-1063,-222,191,948,-258,3,27,10,
2537625,376982,169287,2790513,401828,166191,-1256,556,-402,788,-4,-570,79,-3,-10,-775,-1069,-219,191,948,-253,8,22,4,
2537625,376982,169287,2790513,401828,166251,-1261,590,-386,789,5,-560,12,7,5,-773,-1090,-199,191,948,-253,11,9,3,
2537625,376982,169287,2790513,401828,166251,-1281,596,-430,789,5,-566,8,-3,10,-775,-1081,-227,189,951,-251,-4,7,5,
2537625,376982,169287,2790513,401828,166251,-1284,606,-423,791,3,-566,-3,-5,14,-795,-1069,-206,189,951,-251,3,-2,7,
2590627,376982,169287,2790513,401828,166251,-1279,589,-417,791,1,-563,-13,-8,12,-793,-1078,-186,191,958,-272,5,3,5,
2590627,369724,169287,2790513,401828,166251,-1272,578,-462,791,1,-563,-47,-12,11,-778,-1069,-211,191,950,-266,3,15,5,
2590627,369724,169498,2790513,401828,166251,-1258,592,-377,791,2,-559,-77,-6,16,-776,-1085,-212,192,950,-266,8,19,7,
2590627,369724,169498,2799575,401828,166251,-1266,604,-412,791,2,-559,-85,8,24,-791,-1075,-228,194,950,-268,-1,13,1,
2590627,369724,169498,2799575,418435,166251,-1272,608,-444,789,3,-553,-100,16,33,-782,-1067,-214,194,950,-268,2,15,1,
2590627,369724,169498,2799575,418435,166179,-1273,639,-380,789,-7,-566,-103,23,31,-780,-1083,-216,193,952,-260,3,19,-3,
2590627,369724,169498,2799575,418435,166179,-1256,632,-430,789,-7,-566,-117,31,18,-788,-1084,-185,193,952,-260,-2,16,-6,
2590627,369724,169498,2799575,418435,166179,-1245,647,-420,792,-8,-558,-122,32,6,-787,-1072,-187,192,950,-246,6,15,1,
2587974,369724,169498,2799575,418435,166179,-1261,680,-417,792,-8,-558,-135,32,0,-783,-1090,-222,192,950,-246,3,1,-3,
2587974,341401,169498,2799575,418435,166179,-1240,656,-400,787,-6,-552,-131,23,-3,-786,-1093,-181,194,957,-264,3,6,-5,
2587974,341401,169373,2799575,418435,166179,-1283,658,-459,787,-5,-568,-124,24,-16,-780,-1088,-212,194,946,-242,3,14,-8,
2587974,341401,169373,2800820,418435,166179,-1248,647,-405,790,-5,-568,-117,17,-19,-786,-1065,-220,194,946,-242,-1,1,-1,
2587974,341401,169373,2800820,406421,166179,-1249,624,-425,791,-11,-559,-117,12,-28,-791,-1080,-208,194,945,-260,-2,10,-5,
2587974,341401,169373,2800820,406421,166153,-1250,628,-436,791,-11,-559,-120,16,-33,-784,-1067,-209,194,945,-260,1,13,-2,
2587974,341401,169373,2800820,406421,166153,-1250,629,-396,788,-9,-562,-112,22,-31,-801,-1067,-189,195,952,-256,-1,7,-5,
2587974,341401,169373,2800820,406421,166153,-1250,642,-433,788,-9,-562,-108,26,-37,-778,-1039,-225,195,952,-256,9,20,-4,
2562435,341401,169373,2800820,406421,166153,-1239,640,-382,790,-5,-565,-83,19,-46,-774,-1061,-240,191,958,-242,10,20,-10,
2562435,343945,169373,2800820,406421,166153,-1261,628,-415,790,-15,-563,-66,14,-39,-783,-1075,-205,196,954,-262,10,11,-17,
2562435,343945,169442,2800820,406421,166153,-1242,606,-405,790,-15,-563,-59,18,-42,-787,-1050,-254,196,954,-262,18,15,-20,
2562435,343945,169442,2784640,406421,166153,-1244,603,-391,790,-12,-558,-63,13,-43,-814,-1058,-206,194,946,-273,21,23,-35,
2562435,343945,169442,2784640,423555,166153,-1271,627,-434,790,-12,-558,-63,13,-43,-777,-1064,-197,194,946,-273,31,21,-43,
2562435,343945,169442,2784640,423555,166193,-1264,618,-422,785,-10,-566,-51,14,-36,-770,-1069,-205,194,950,-254,34,20,-50,
2562435,343945,169442,2784640,423555,166193,-1250,631,-394,787,-9,-562,-51,9,-47,-776,-1078,-221,194,950,-254,33,7,-51,
2562435,343945,169442,2784640,423555,166193,-1265,635,-428,787,-9,-562,-41,10,-48,-785,-1070,-207,189,953,-261,33,6,-50,
2561288,343945,169442,2784640,423555,166193,-1245,620,-368,789,-10,-561,-24,8,-44,-806,-1073,-186,189,953,-261,32,8,-54,
2561288,343403,169442,2784640,423555,166193,-1271,611,-360,789,-10,-561,-19,10,-35,-799,-1084,-200,187,953,-253,28,13,-59,
2561288,343403,169396,2784640,423555,166193,-1272,598,-405,787,-9,-568,-21,18,-28,-783,-1091,-192,187,950,-239,24,11,-58,
2561288,343403,169396,2787654,423555,166193,-1259,605,-366,787,-9,-568,-22,22,-27,-782,-1059,-221,187,950,-239,37,12,-62,
2561288,343403,169396,2787654,452775,166193,-1278,597,-419,787,-9,-570,-38,13,-12,-786,-1098,-185,188,949,-243,36,14,-61,
2561288,343403,169396,2787654,452775,166130,-1252,610,-416,786,-15,-561,-59,13,-15,-786,-1082,-195,188,949,-243,33,14,-61,
2561288,343403,169396,2787654,452775,166130,-1269,634,-409,786,-15,-561,-59,12,-13,-766,-1095,-222,185,958,-246,28,11,-61,
2561288,343403,169396,2787654,452775,166130,-1268,626,-435,787,-13,-556,-57,6,-16,-776,-1097,-204,185,958,-246,28,14,-57,
2570771,343403,169396,2787654,452775,166130,-1241,637,-418,787,-13,-556,-59,8,-19,-759,-1081,-219,184,950,-253,33,34,-58,
2570771,339986,169396,2787654,452775,166130,-1256,625,-428,788,-9,-560,-56,4,-14,-761,-1086,-207,182,952,-246,40,31,-58,
2570771,339986,169415,2787654,452775,166130,-1246,629,-394,788,-8,-562,-61,7,-20,-772,-1091,-212,182,952,-246,39,30,-45,
2570771,339986,169415,2734057,452775,166130,-1246,619,-453,788,-8,-562,-54,12,-25,-769,-1101,-208,182,950,-235,32,30,-44,
2570771,339986,169415,2734057,489174,166130,-1253,636,-378,788,-14,-564,-57,6,-30,-781,-1107,-202,182,950,-235,33,33,-38,
2570771,339986,169415,2734057,489174,166070,-1256,624,-455,788,-14,-564,-54,6,-42,-760,-1112,-212,181,948,-244,36,14,-30,
2570771,339986,169415,2734057,489174,166070,-1260,640,-421,791,-9,-567,-49,6,-42,-780,-1134,-205,181,948,-244,30,6,-22,
2570771,339986,169415,2734057,489174,166070,-1251,632,-406,791,-9,-567,-56,1,-52,-769,-1104,-214,180,954,-251,19,-4,-12,
2580962,339986,169415,2734057,489174,166070,-1258,641,-424,788,-7,-566,-46,-9,-59,-760,-1102,-224,180,954,-243,21,1,-4,
2580962,351308,169415,2734057,489174,166070,-1255,642,-433,786,-16,-563,-44,-6,-61,-777,-1092,-181,179,953,-243,15,3,5,
2580962,351308,169348,2734057,489174,166070,-1257,640,-403,786,-16,-563,-52,-7,-59,-779,-1096,-174,184,950,-255,6,-2,5,
2580962,351308,169348,2730138,489174,166070,-1261,622,-411,787,-10,-565,-57,-5,-55,-780,-1101,-178,184,950,-255,2,2,5,
2580962,351308,169348,2730138,495687,166070,-1263,620,-399,787,-10,-565,-51,1,-63,-785,-1071,-200,181,951,-255,0,18,7,
2580962,351308,169348,2730138,495687,166139,-1233,610,-424,785,-3,-552,-42,4,-60,-757,-1076,-226,181,951,-255,-6,25,3,
2580962,351308,169348,2730138,495687,166139,-1268,612,-419,790,-6,-564,-43,8,-57,-780,-1083,-220,182,954,-260,3,23,-2,
2580962,351308,169348,2730138,495687,166139,-1269,617,-395,790,-6,-564,-42,9,-49,-796,-1094,-189,182,954,-260,3,16,-5,
2584308,351308,169348,2730138,495687,166139,-1256,612,-394,790,-6,-556,-50,8,-53,-777,-1074,-215,182,963,-251,0,9,-4,
2584308,352266,169348,2730138,495687,166139,-1280,629,-436,790,-6,-556,-49,8,-45,-764,-1054,-213,182,952,-255,0,5,-8,
2584308,352266,169271,2730138,495687,166139,-1276,623,-407,786,-12,-560,-39,2,-57,-789,-1068,-180,182,952,-255,11,7,-18,
2584308,352266,169271,2721403,495687,166139,-1260,616,-380,786,-12,-560,-41,-4,-62,-784,-1068,-210,183,948,-257,9,8,-23,
2584308,352266,169271,2721403,503014,166139,-1247,607,-354,788,-2,-557,-49,-8,-56,-792,-1078,-195,183,948,-257,10,15,-29,
2584308,352266,169271,2721403,503014,166113,-1255,614,-395,787,-10,-563,-43,2,-56,-772,-1080,-192,180,948,-248,4,7,-32,
2584308,352266,169271,2721403,503014,166113,-1273,598,-387,787,-10,-563,-34,5,-51,-767,-1075,-239,180,948,-248,1,2,-35,
2584308,352266,169271,2721403,503014,166113,-1258,601,-470,789,-9,-555,-40,8,-46,-776,-1089,-215,178,962,-234,8,6,-37,
2587218,352266,169271,2721403,503014,166113,-1262,622,-415,789,-9,-555,-41,15,-39,-787,-1079,-217,178,956,-254,8,12,-37,
2587218,349645,169271,2721403,503014,166113,-1270,629,-417,787,0,-573,-41,9,-51,-795,-1082,-178,182,956,-254,13,9,-44,
2587218,349645,169371,2721403,503014,166113,-1263,633,-410,789,-4,-568,-30,7,-48,-777,-1077,-236,179,951,-251,27,7,-46,
2587218,349645,169371,2697718,503014,166113,-1257,616,-418,789,-4,-568,-39,-1,-49,-783,-1096,-213,179,951,-251,19,10,-43,
2587218,349645,169371,2697718,516063,166113,-1267,606,-405,786,-5,-572,-46,-4,-55,-763,-1083,-213,175,953,-236,27,13,-37,
2587218,349645,169371,2697718,516063,166095,-1262,600,-436,786,-5,-572,-47,-7,-55,-755,-1092,-204,175,953,-236,36,6,-41,
2587218,349645,169371,2697718,516063,166095,-1245,610,-400,790,-6,-562,-45,-7,-48,-775,-1121,-200,178,956,-256,25,3,-42,
2587218,349645,169371,2697718,516063,166095,-1271,609,-407,790,-6,-562,-54,0,-45,-774,-1109,-203,178,956,-256,20,-12,-40,
2601908,349645,169371,2697718,516063,166095,-1241,611,-436,787,1,-563,-46,4,-42,-771,-1099,-186,180,956,-233,20,-4,-35,
2601908,344380,169371,2697718,516063,166095,-1264,606,-415,787,-9,-566,-44,1,-48,-758,-1098,-222,176,950,-238,25,1,-34,
2601908,344380,169442,2697718,516063,166095,-1278,619,-427,787,-9,-566,-41,4,-48,-754,-1102,-218,176,950,-238,11,8,-22,
2601908,344380,169442,2756732,516063,166095,-1251,603,-388,791,-4,-577,-54,-2,-49,-766,-1089,-214,177,951,-257,7,6,-15,
2601908,344380,169442,2756732,532001,166095,-1274,607,-447,791,-4,-577,-53,-8,-54,-772,-1098,-180,177,951,-257,4,4,-22,
2601908,344380,169442,2756732,532001,166139,-1250,618,-378,787,0,-564,-46,-5,-59,-743,-1087,-197,175,961,-241,12,5,-19,
2601908,344380,169442,2756732,532001,166139,-1248,616,-396,790,-7,-565,-55,-11,-52,-773,-1108,-189,175,961,-241,4,4,-17,
2601908,344380,169442,2756732,532001,166139,-1279,606,-409,790,-7,-565,-52,-7,-43,-774,-1105,-183,177,961,-241,5,6,-14,
2599919,344380,169442,2756732,532001,166139,-1254,601,-416,790,-3,-560,-41,-5,-41,-771,-1091,-181,175,955,-264,2,21,-17,
2599919,374469,169442,2756732,532001,166139,-1275,606,-426,790,-3,-560,-48,0,-39,-781,-1095,-190,175,955,-264,1,14,-13,
2599919,374469,169481,2756732,532001,166139,-1276,611,-405,789,-6,-564,-54,5,-41,-764,-1086,-182,177,953,-255,1,10,-16,
2599919,374469,169481,2637546,532001,166139,-1266,610,-420,789,-6,-564,-56,4,-40,-760,-1085,-213,177,953,-255,13,12,-16,
2599919,374469,169481,2637546,583555,166139,-1276,627,-377,788,-7,-562,-58,3,-37,-778,-1098,-181,175,953,-252,0,15,-14,
2599919,374469,169481,2637546,583555,166161,-1246,607,-421,789,-6,-564,-48,6,-36,-780,-1080,-195,175,953,-252,4,7,-18,
2599919,374469,169481,2637546,583555,166161,-1269,599,-428,789,-6,-564,-41,4,-50,-771,-1090,-196,173,958,-256,-4,1,-16,
2599919,374469,169481,2637546,583555,166161,-1262,607,-372,788,-3,-559,-32,7,-42,-765,-1073,-198,173,958,-256,-7,2,-15,
2595369,374469,169481,2637546,583555,166161,-1257,600,-418,788,-3,-559,-44,8,-35,-772,-1082,-198,177,951,-239,-4,1,-19,
2595369,376864,169481,2637546,583555,166161,-1262,622,-398,790,4,-566,-50,8,-40,-776,-1085,-211,175,949,-244,0,3,-25,
2595369,376864,169511,2637546,583555,166161,-1272,616,-406,789,-3,-562,-50,0,-44,-776,-1076,-210,175,949,-244,10,8,-26,
2595369,376864,169511,2640914,583555,166161,-1263,617,-413,789,-3,-562,-49,4,-37,-757,-1079,-195,176,955,-251,7,0,-25,
2595369,376864,169511,2640914,610944,166161,-1257,618,-394,790,-3,-565,-47,6,-33,-746,-1081,-248,176,955,-251,12,13,-28,
2595369,376864,169511,2640914,610944,166185,-1268,607,-412,790,-3,-565,-45,11,-36,-778,-1100,-206,176,961,-256,15,9,-30,
2595369,376864,169511,2640914,610944,166185,-1256,608,-405,787,-1,-563,-40,5,-43,-755,-1083,-227,176,961,-256,5,8,-24,
2595369,376864,169511,2640914,610944,166185,-1267,595,-421,787,-1,-574,-48,8,-43,-756,-1078,-194,174,953,-253,10,5,-21,
2592422,376864,169511,2640914,610944,166185,-1247,608,-457,788,-3,-574,-48,7,-42,-758,-1092,-204,174,955,-233,16,9,-25,
2592422,353978,169511,2640914,610944,166185,-1271,607,-413,787,-4,-566,-58,9,-50,-751,-1092,-216,174,955,-233,15,0,-24,
2592422,353978,169470,2640914,610944,166185,-1261,618,-419,787,-4,-566,-55,14,-39,-751,-1116,-212,175,950,-236,9,-4,-17,
2592422,353978,169470,2642931,610944,166185,-1274,622,-429,787,-2,-559,-45,6,-40,-762,-1094,-223,175,950,-236,1,-1,-20,
2592422,353978,169470,2642931,613695,166185,-1258,604,-397,787,-2,-559,-43,1,-42,-774,-1096,-199,177,956,-243,8,-3,-11,
2592422,353978,169470,2642931,613695,166085,-1282,601,-416,786,3,-561,-52,4,-38,-771,-1103,-200,177,956,-243,11,-5,-11,
2592422,353978,169470,2642931,613695,166085,-1279,608,-404,789,-3,-567,-48,4,-37,-761,-1094,-211,174,959,-243,8,5,-15,
2592422,353978,169470,2642931,613695,166085,-1242,603,-403,789,-3,-567,-43,3,-42,-769,-1095,-205,174,959,-261,11,255,-13,
2579499,353978,169470,2642931,613695,166085,-1277,600,-412,791,4,-566,-44,0,-41,-768,-1111,-197,175,954,-261,0,11,-8,
2579499,369806,169470,2642931,613695,166085,-1260,599,-386,791,4,-566,-43,-3,-42,-762,-1095,-212,177,955,-261,3,9,-5,
2579499,369806,169591,2642931,613695,166085,-1272,607,-414,788,6,-560,-48,-3,-38,-774,-1098,-195,177,955,-261,3,12,-4,
2579499,369806,169591,2633167,613695,166085,-1266,607,-409,788,3,-563,-50,-5,-38,-763,-1079,-205,179,953,-238,-3,10,-4,
2579499,369806,169591,2633167,634815,166085,-1251,603,-419,788,3,-563,-46,0,-33,-773,-1101,-202,179,953,-238,-4,10,-4,
2579499,369806,169591,2633167,634815,166219,-1274,601,-385,787,0,-561,-55,1,-33,-773,-1091,-198,177,951,-251,-4,13,0,
2579499,369806,169591,2633167,634815,166219,-1293,601,-423,787,0,-561,-55,6,-23,-770,-1086,-197,177,951,-251,3,12,1,
2579499,369806,169591,2633167,634815,166219,-1261,610,-382,787,0,-564,-55,5,-23,-769,-1101,-185,175,956,-257,13,14,-5,
2569857,369806,169591,2633167,634815,166219,-1281,613,-419,787,0,-564,-45,6,-25,-753,-1092,-207,179,952,-246,4,9,-5,
2569857,358059,169591,2633167,634815,166219,-1247,610,-383,788,2,-567,-54,2,-23,-765,-1077,-206,179,952,-246,2,5,1,
2569857,358059,169510,2633167,634815,166219,-1250,625,-401,789,-5,-564,-48,2,-25,-762,-1104,-171,178,951,-255,8,11,-8,
2569857,358059,169510,2625355,634815,166219,-1278,601,-443,789,-5,-564,-50,-3,-26,-761,-1089,-209,178,951,-255,5,15,1,
2569857,358059,169510,2625355,643590,166219,-1249,600,-419,789,-5,-558,-51,0,-24,-787,-1082,-224,174,957,-249,2,15,3,
2569857,358059,169510,2625355,643590,166240,-1274,616,-440,789,-5,-558,-55,0,-23,-776,-1082,-193,174,957,-249,6,19,-3,
2569857,358059,169510,2625355,643590,166240,-1284,631,-426,787,3,-569,-60,-8,-24,-770,-1084,-198,178,961,-257,12,23,-1,
2569857,358059,169510,2625355,643590,166240,-1250,616,-420,790,1,-564,-53,-5,-24,-766,-1085,-207,178,958,-270,13,23,2,
2589628,358059,169510,2625355,643590,166240,-1272,605,-433,790,1,-564,-48,1,-26,-751,-1093,-222,178,958,-270,14,20,-4,
2589628,337705,169510,2625355,643590,166240,-1227,609,-369,789,-2,-562,-51,6,-23,-781,-1093,-184,176,956,-248,9,15,-8,
2589628,337705,169479,2625355,643590,166240,-1268,633,-431,789,-2,-562,-50,4,-25,-774,-1096,-264,176,956,-248,4,14,-9,
2589628,337705,169479,2616201,643590,166240,-1238,617,-391,788,-1,-581,-46,4,-35,-771,-1097,-213,176,952,-255,-2,11,-6,
2589628,337705,169479,2616201,638963,166240,-1263,630,-432,788,-1,-581,-47,7,-32,-754,-1087,-230,176,952,-255,0,-2,-4,
2589628,337705,169479,2616201,638963,166295,-1262,617,-433,789,-1,-569,-43,6,-33,-775,-1074,-191,173,956,-259,5,-2,3,
2589628,337705,169479,2616201,638963,166295,-1283,608,-421,791,-5,-564,-47,4,-33,-771,-1083,-218,173,956,-259,6,-6,5,
2589628,337705,169479,2616201,638963,166295,-1280,619,-402,791,-5,-564,-44,-3,-38,-758,-1083,-211,176,959,-255,5,-1,1,
2610900,337705,169479,2616201,638963,166295,-1248,595,-399,790,-8,-572,-47,2,-46,-759,-1082,-241,178,951,-255,6,-1,-1,
2610900,350535,169479,2616201,638963,166295,-1281,615,-440,790,-8,-572,-56,-9,-39,-756,-1086,-229,178,951,-255,1,-1,-6,
2610900,350535,169463,2616201,638963,166295,-1265,609,-355,791,-3,-567,-46,-2,-36,-773,-1092,-167,174,950,-244,8,4,-1,
2610900,350535,169463,2655772,638963,166295,-1290,602,-425,791,1,-560,-46,-6,-36,-757,-1101,-204,174,950,-244,7,10,-3,
2610900,350535,169463,2655772,640848,166295,-1243,599,-362,791,1,-560,-52,-10,-38,-774,-1084,-208,178,962,-244,0,9,-7,
2610900,350535,169463,2655772,640848,166250,-1261,602,-457,790,-5,-568,-47,-2,-40,-766,-1094,-210,178,962,-244,1,4,-5,
2610900,350535,169463,2655772,640848,166250,-1280,617,-350,790,-5,-568,-48,0,-32,-783,-1082,-176,178,958,-236,0,3,-4,
2610900,350535,169463,2655772,640848,166250,-1231,603,-344,788,3,-565,-48,5,-26,-764,-1093,-208,178,957,-247,3,1,-8,
2613483,350535,169463,2655772,640848,166250,-1286,616,-409,788,3,-565,-45,5,-26,-774,-1080,-194,178,957,-247,-1,5,-6,
2613483,356089,169463,2655772,640848,166250,-1247,600,-393,790,4,-568,-56,7,-20,-778,-1089,-224,179,954,-244,-6,-1,-5,
2613483,356089,169478,2655772,640848,166250,-1287,606,-413,792,-5,-561,-50,6,-22,-776,-1090,-199,179,954,-244,-6,-4,-9,
2613483,356089,169478,2630053,640848,166250,-1219,599,-451,792,-5,-561,-51,10,-21,-762,-1074,-222,177,950,-253,-16,-3,-12,
2613483,356089,169478,2630053,659534,166250,-1272,627,-390,788,-7,-566,-46,10,-26,-772,-1072,-211,177,950,-253,-17,-10,-9,
2613483,356089,169478,2630053,659534,166192,-1258,614,-453,788,-7,-566,-49,11,-36,-783,-1086,-202,180,955,-245,-10,-6,-6,
2613483,356089,169478,2630053,659534,166192,-1264,619,-409,787,-2,-563,-50,9,-30,-784,-1072,-192,180,955,-245,-6,-8,-12,
2613483,356089,169478,2630053,659534,166192,-1274,625,-400,791,-1,-560,-49,3,-37,-765,-1085,-207,179,953,-268,-4,-6,-25,
2610353,356089,169478,2630053,659534,166192,-1265,617,-398,791,-1,-560,-47,9,-34,-769,-1087,-217,177,951,-260,-8,-7,-17,
2610353,350249,169478,2630053,659534,166192,-1237,620,-414,790,-4,-561,-43,1,-33,-774,-1087,-204,177,951,-260,-6,3,-22,
2610353,350249,169275,2630053,659534,166192,-1264,619,-419,790,-4,-561,-41,9,-35,-779,-1103,-201,179,950,-258,-1,6,-23,
2610353,350249,169275,2609522,659534,166192,-1272,628,-412,788,3,-556,-38,16,-31,-758,-1096,-205,179,950,-258,-1,-1,-20,
2610353,350249,169275,2609522,722125,166192,-1257,618,-386,788,3,-556,-46,17,-31,-775,-1101,-209,178,950,-260,3,1,-15,
2610353,350249,169275,2609522,722125,166170,-1260,622,-380,792,3,-566,-37,10,-40,-775,-1102,-186,178,950,-260,4,3,-14,
2610353,350249,169275,2609522,722125,166170,-1273,633,-479,789,-1,-563,-28,7,-42,-783,-1099,-194,177,956,-265,3,2,-11,
2610353,350249,169275,2609522,722125,166170,-1258,614,-385,789,-1,-563,-35,9,-42,-761,-1106,-228,176,951,-262,5,3,-11,
2603683,350249,169275,2609522,722125,166170,-1272,602,-439,790,-2,-553,-42,3,-47,-753,-1094,-205,176,951,-262,-3,2,-2,
2603683,351131,169275,2609522,722125,166170,-1267,619,-407,790,-2,-553,-38,8,-49,-756,-1093,-209,178,949,-252,-1,5,4,
2603683,351131,169460,2609522,722125,166170,-1250,621,-353,789,2,-563,-42,0,-44,-753,-1092,-204,178,949,-252,-10,7,12,
2603683,351131,169460,2597951,722125,166170,-1255,596,-449,787,2,-563,-42,5,-52,-777,-1092,-201,177,950,-253,-3,7,12,
2603683,351131,169460,2597951,728061,166170,-1276,593,-438,787,2,-563,-43,-2,-52,-768,-1095,-209,177,950,-253,-9,6,10,
2603683,351131,169460,2597951,728061,166212,-1282,599,-398,789,-3,-557,-33,5,-47,-773,-1095,-218,175,961,-251,-11,6,12,
2603683,351131,169460,2597951,728061,166212,-1281,583,-442,789,-3,-557,-42,10,-47,-785,-1084,-191,175,961,-252,-7,-2,12,
2603683,351131,169460,2597951,728061,166212,-1276,603,-428,791,-1,-555,-43,4,-43,-751,-1087,-249,178,953,-252,-1,1,0,
2604800,351131,169460,2597951,728061,166212,-1264,596,-426,791,-1,-566,-47,-3,-41,-794,-1078,-203,182,947,-234,-4,-6,9,
2604800,355657,169460,2597951,728061,166212,-1267,589,-408,787,-2,-566,-46,4,-42,-767,-1086,-216,182,947,-234,-1,-5,8,
2604800,355657,169433,2597951,728061,166212,-1275,599,-394,789,-4,-558,-48,8,-39,-750,-1068,-245,180,944,-250,-12,-4,-1,
2604800,355657,169433,2609246,728061,166212,-1269,599,-412,789,-4,-558,-56,6,-39,-786,-1072,-206,180,944,-250,-4,-10,-2,
2604800,355657,169433,2609246,631418,166212,-1289,610,-428,788,-4,-551,-49,3,-33,-777,-1072,-211,180,951,-242,-5,-5,-3,
2604800,355657,169433,2609246,631418,166097,-1264,603,-408,788,-4,-551,-52,8,-30,-791,-1062,-192,180,951,-242,1,-3,-7,
2604800,355657,169433,2609246,631418,166097,-1252,617,-396,789,2,-567,-54,6,-29,-773,-1076,-213,178,964,-248,9,0,-16,
2604800,355657,169433,2609246,631418,166097,-1258,610,-425,792,-8,-558,-47,2,-34,-774,-1088,-219,183,950,-252,14,3,-24,
2607054,355657,169433,2609246,631418,166097,-1272,607,-429,792,-8,-558,-50,5,-34,-781,-1090,-206,183,950,-252,14,6,-19,
2607054,350061,169433,2609246,631418,166097,-1273,603,-434,789,-4,-564,-45,2,-32,-770,-1077,-217,182,948,-252,9,6,-17,
2607054,350061,169359,2609246,631418,166097,-1241,616,-399,789,-4,-564,-43,3,-33,-790,-1093,-193,182,948,-252,11,9,-23,
2607054,350061,169359,2613346,631418,166097,-1271,609,-425,783,-1,-566,-44,7,-32,-771,-1110,-203,176,951,-251,6,8,-23,
2607054,350061,169359,2613346,639060,166097,-1262,619,-398,783,-1,-567,-40,10,-30,-777,-1089,-225,176,951,-251,7,12,-19,
2607054,350061,169359,2613346,639060,166207,-1306,606,-466,789,-1,-567,-38,9,-31,-761,-1094,-197,178,959,-245,3,13,-17,
2607054,350061,169359,2613346,639060,166207,-1268,605,-426,791,2,-562,-43,5,-34,-765,-1092,-233,180,952,-246,-4,5,-18,
2607054,350061,169359,2613346,639060,166207,-1270,603,-462,791,2,-562,-40,-7,-39,-765,-1100,-211,180,952,-246,11,3,-9,
2602795,350061,169359,2613346,639060,166207,-1241,599,-413,790,-1,-560,-42,-5,-42,-766,-1093,-236,180,950,-256,5,13,-9,
2602795,330727,169359,2613346,639060,166207,-1246,624,-383,790,-1,-560,-36,8,-40,-771,-1099,-219,180,950,-256,3,14,-6,
2602795,330727,169381,2613346,639060,166207,-1277,605,-396,787,6,-558,-44,4,-43,-782,-1096,-228,181,949,-256,9,6,-5,
2602795,330727,169381,2626845,639060,166207,-1252,611,-402,788,-2,-562,-46,2,-37,-768,-1096,-209,181,949,-256,2,13,-5,
2602795,330727,169381,2626845,679371,166207,-1272,608,-445,788,-2,-562,-44,2,-41,-768,-1087,-205,175,951,-255,0,9,-2,
2602795,330727,169381,2626845,679371,166184,-1273,600,-421,789,0,-563,-43,3,-40,-771,-1091,-214,175,951,-255,-2,18,3,
2602795,330727,169381,2626845,679371,166184,-1266,593,-404,789,0,-563,-41,4,-37,-794,-1100,-191,179,954,-236,-2,10,6,
2602795,330727,169381,2626845,679371,166184,-1278,608,-446,787,6,-564,-46,3,-37,-754,-1090,-206,181,948,-253,-7,-1,8,
2595997,330727,169381,2626845,679371,166184,-1268,614,-379,790,3,-569,-51,6,-35,-758,-1078,-224,181,948,-253,254,7,7,
2595997,333147,169381,2626845,679371,166184,-1266,600,-404,790,3,-569,-44,-4,-36,-776,-1076,-214,182,949,-249,-1,2,-1,
2595997,333147,169519,2626845,679371,166184,-1248,601,-394,790,-5,-559,-54,-3,-35,-790,-1061,-225,182,949,-249,1,6,-1,
2595997,333147,169519,2655196,679371,166184,-1264,602,-392,790,-5,-559,-47,-1,-31,-774,-1075,-221,181,961,-251,-1,-1,-3,
2595997,333147,169519,2655196,683084,166184,-1282,607,-440,787,-2,-561,-45,6,-31,-773,-1088,-198,181,961,-251,-1,-1,-7,
2595997,333147,169519,2655196,683084,166155,-1266,603,-381,787,-2,-561,-51,0,-32,-790,-1078,-203,180,953,-249,9,10,-6,
2595997,333147,169519,2655196,683084,166155,-1286,602,-440,788,5,-559,-53,1,-31,-766,-1078,-212,183,954,-270,12,6,-11,
2595997,333147,169519,2655196,683084,166155,-1274,610,-427,788,0,-568,-55,11,-24,-807,-1077,-196,183,954,-270,11,6,-11,
2596252,333147,169519,2655196,683084,166155,-1249,617,-368,788,0,-568,-59,8,-21,-778,-1090,-229,182,947,-235,5,12,-15,
2596252,337905,169519,2655196,683084,166155,-1268,598,-457,786,-3,-570,-53,5,-19,-775,-1084,-203,182,947,-235,-2,13,-11,
2596252,337905,169533,2655196,683084,166155,-1280,617,-365,786,-3,-570,-51,5,-25,-788,-1089,-195,178,949,-242,1,18,-14,
2596252,337905,169533,2634978,683084,166155,-1254,599,-431,786,9,-571,-46,8,-23,-763,-1078,-233,178,949,-242,0,10,-17,
2596252,337905,169533,2634978,690902,166155,-1284,608,-417,790,5,-563,-47,8,-22,-779,-1085,-206,177,957,-246,2,6,-12,
2596252,337905,169533,2634978,690902,166191,-1253,607,-411,790,5,-563,-48,11,-26,-786,-1085,-196,177,957,-502,6,9,-17,
2596252,337905,169533,2634978,690902,166191,-1251,614,-414,789,4,-562,-51,16,-25,-762,-1091,-198,180,952,-261,9,10,-14,
2596252,337905,169533,2634978,690902,166191,-1245,623,-411,789,4,-562,-51,7,-18,-773,-1092,-213,183,951,-253,0,6,-13,
2591829,337905,169533,2634978,690902,166191,-1284,609,-455,788,5,-557,-41,3,-27,-776,-1093,-211,183,951,-253,-1,7,-13,
2591829,332684,169533,2634978,690902,166191,-1262,622,-426,788,5,-557,-40,2,-33,-781,-1107,-199,180,948,-251,-1,10,-8,
2591829,332684,169433,2634978,690902,166191,-1254,611,-413,786,6,-564,-47,2,-37,-769,-1080,-241,180,948,-251,-4,9,-5,
2591829,332684,169433,2632398,690902,166191,-1274,605,-445,788,0,-562,-46,0,-41,-769,-1093,-224,181,953,-258,7,14,-10,
2591829,332684,169433,2632398,678923,166191,-1265,619,-425,788,0,-562,-39,3,-44,-767,-1093,-232,181,953,-258,1,7,-4,
2591829,332684,169433,2632398,678923,166301,-1258,591,-424,790,-1,-559,-32,10,-34,-775,-1087,-228,180,950,-274,-5,7,-1,
2591829,332684,169433,2632398,678923,166301,-1260,609,-407,790,-1,-559,-38,9,-36,-758,-1091,-215,183,952,-247,-4,10,-8,
2591829,332684,169433,2632398,678923,166301,-1279,607,-457,787,9,-562,-44,6,-36,-766,-1081,-207,183,952,-247,-5,-1,-9,
2595797,332684,169433,2632398,678923,166301,-1294,624,-429,785,0,-565,-38,-3,-47,-787,-1067,-213,180,946,-271,3,4,-4,
2595797,335387,169433,2632398,678923,166301,-1287,605,-381,785,0,-565,-48,-1,-36,-760,-1080,-206,180,946,-271,3,2,-12,
2595797,335387,169475,2632398,678923,166301,-1278,585,-422,790,-4,-559,-47,-4,-33,-778,-1083,-205,181,950,-253,1,5,-15,
2595797,335387,169475,2618021,678923,166301,-1250,599,-384,790,-4,-559,-51,-9,-30,-788,-1080,-232,181,950,-253,-1,9,-14,
2595797,335387,169475,2618021,698694,166301,-1250,595,-396,789,4,-560,-60,2,-26,-783,-1089,-208,184,961,-247,0,4,-9,
2595797,335387,169475,2618021,698694,166145,-1270,596,-446,789,4,-560,-58,5,-25,-763,-1091,-186,184,950,-257,6,6,-11,
2595797,335387,169475,2618021,698694,166145,-1261,611,-373,786,7,-566,-57,6,-27,-764,-1078,-212,180,950,-257,5,4,-15,
2595797,335387,169475,2618021,698694,166145,-1252,596,-439,789,-5,-568,-48,12,-21,-796,-1073,-218,184,948,-238,7,8,-17,
2591509,335387,169475,2618021,698694,166145,-1271,608,-407,789,-5,-568,-58,6,-21,-773,-1068,-202,184,948,-238,12,17,-23,
2591509,336002,169475,2618021,698694,166145,-1270,604,-436,787,0,-570,-60,11,-19,-780,-1083,-191,180,949,-251,4,3,-22,
2591509,336002,169504,2618021,698694,166145,-1260,606,-399,787,0,-570,-56,11,-21,-774,-1090,-206,180,949,-251,7,2,-15,
2591509,336002,169504,2611767,698694,166145,-1275,605,-406,792,6,-572,-58,12,-20,-765,-1085,-210,181,952,-250,2,8,-20,
2591509,336002,169504,2611767,707100,166145,-1257,614,-416,790,-3,-564,-49,11,-22,-779,-1083,-206,181,952,-250,7,3,-20,
2591509,336002,169504,2611767,707100,166305,-1248,612,-373,790,-3,-564,-48,6,-30,-770,-1095,-211,176,958,-249,8,-3,-14,
2591509,336002,169504,2611767,707100,166305,-1282,606,-417,785,-5,-563,-43,10,-30,-759,-1096,-196,183,950,-246,6,3,-15,
2591509,336002,169504,2611767,707100,166305,-1266,608,-396,785,-5,-563,-41,10,-27,-763,-1096,-204,183,950,-246,8,10,-12,
2590595,336002,169504,2611767,707100,166305,-1277,606,-430,788,-1,-573,-53,6,-27,-769,-1093,-222,184,951,-254,2,4,-9,
2590595,327924,169504,2611767,707100,166305,-1241,617,-395,788,-1,-573,-54,5,-26,-792,-1085,-228,184,951,-254,7,3,-5,
2590595,327924,169538,2611767,707100,166305,-1265,610,-388,788,4,-559,-46,5,-33,-777,-1090,-223,179,954,-255,0,8,2,
2590595,327924,169538,2615589,707100,166305,-1270,613,-452,787,-2,-566,-46,4,-36,-790,-1091,-228,179,954,-255,5,4,4,
2590595,327924,169538,2615589,718888,166305,-1504,607,-433,787,-2,-566,-48,-4,-31,-773,-1076,-207,182,962,-254,0,8,-3,
2590595,327924,169538,2615589,718888,166272,-1266,606,-413,791,-6,-558,-48,3,-33,-782,-1068,-196,180,953,-252,-4,7,-5,
2590595,327924,169538,2615589,718888,166272,-1260,601,-416,791,-6,-558,-51,4,-30,-779,-1076,-209,180,953,-252,5,20,-3,
2590595,327924,169538,2615589,718888,166272,-1248,605,-391,789,-1,-565,-44,1,-31,-775,-1083,-205,178,949,-250,2,22,-5,
2600052,327924,169538,2615589,718888,166272,-1256,608,-398,786,-5,-560,-44,5,-25,-792,-1070,-195,178,949,-250,1,14,-4,
2600052,321302,169538,2615589,718888,166272,-1249,603,-432,786,-5,-560,-50,5,-31,-774,-1092,-221,181,948,-245,8,5,-11,
2600052,321302,169386,2615589,718888,166272,-1270,604,-404,787,2,-566,-56,4,-30,-770,-1080,-193,181,948,-245,7,4,-10,
2600052,321302,169386,2609464,718888,166272,-1275,621,-440,787,2,-566,-57,7,-24,-773,-1091,-221,179,945,-257,7,9,-14,
2600052,321302,169386,2609464,712897,166272,-1266,620,-399,789,-3,-565,-60,3,-24,-768,-1099,-203,179,945,-257,14,0,-6,
2600052,321302,169386,2609464,712897,166039,-1261,617,-384,789,-3,-561,-51,-1,-27,-769,-1084,-229,181,956,-255,9,-6,-8,
2600052,321302,169386,2609464,712897,166039,-1274,609,-459,786,1,-561,-50,-1,-29,-788,-1080,-198,182,947,-250,2,-11,-9,
2600052,321302,169386,2609464,712897,166039,-1251,614,-381,790,-2,-564,-54,7,-28,-771,-1082,-224,182,947,-250,8,-7,-13,
2611553,321302,169386,2609464,712897,166039,-1262,620,-383,790,-2,-564,-56,8,-29,-782,-1080,-202,181,946,-253,1,0,-11,
2611553,314934,169386,2609464,712897,166039,-1272,611,-418,787,-5,-563,-61,0,-22,-787,-1087,-194,181,946,-253,-3,-1,-11,
2611553,314934,169309,2609464,712897,166039,-1257,610,-415,787,-5,-563,-55,-6,-33,-766,-1094,-203,182,950,-257,4,-8,-6,
2611553,314934,169309,2626538,712897,166039,-1258,597,-419,788,4,-568,-56,2,-31,-778,-1082,-204,182,950,-257,3,-7,-3,
2611553,314934,169309,2626538,708397,166039,-1256,604,-423,789,-6,-569,-50,-1,-31,-781,-1079,-229,182,955,-257,1,-7,-4,
2611553,314934,169309,2626538,708397,166059,-1237,599,-407,789,-6,-569,-49,-5,-29,-789,-1071,-213,185,950,-251,12,3,-2,
2611553,314934,169309,2626538,708397,166059,-1268,618,-404,789,-2,-561,-55,4,-24,-773,-1092,-202,185,950,-251,8,12,-6,
2611553,314934,169309,2626538,708397,166059,-1273,625,-415,789,-2,-561,-50,12,-27,-774,-1094,-218,187,950,-254,2,9,-14,
2614590,314934,169309,2626538,708397,166059,-1261,612,-395,787,-5,-566,-45,8,-28,-776,-1084,-187,187,950,-254,4,11,-9,
2614590,311420,169309,2626538,708397,166059,-1266,609,-418,787,-3,-568,-41,14,-32,-784,-1097,-223,185,948,-259,1,21,-13,
2614590,311420,169448,2626538,708397,166059,-1253,606,-435,787,-3,-568,-45,9,-33,-765,-1080,-216,185,948,-259,-2,14,-18,
2614590,311420,169448,2629480,708397,166059,-1264,617,-384,786,-5,-560,-47,16,-33,-777,-1080,-232,184,960,-255,7,16,-13,
2614590,311420,169448,2629480,715081,166059,-1277,623,-382,786,-5,-560,-44,12,-33,-788,-1088,-216,184,960,-511,1,15,-17,
2614590,311420,169448,2629480,715081,166140,-1265,615,-412,786,-1,-562,-46,8,-35,-776,-1073,-204,183,949,-264,-6,9,-14,
2614590,311420,169448,2629480,715081,166140,-1256,597,-444,786,-1,-562,-45,9,-38,-768,-1089,-222,183,951,-253,1,11,-11,
2614590,311420,169448,2629480,715081,166140,-1266,622,-376,785,2,-574,-43,13,-32,-790,-1088,-200,183,951,-253,6,12,-14,
2618944,311420,169448,2629480,715081,166140,-1275,608,-421,788,-5,-567,-43,9,-35,-771,-1076,-228,182,947,-244,3,0,-13,
2618944,295810,169448,2629480,715081,166140,-1263,617,-434,788,-5,-567,-40,9,-34,-768,-1093,-230,182,947,-244,6,1,-15,
2618944,295810,169513,2629480,715081,166140,-1277,608,-465,789,-2,-562,-49,6,-36,-763,-1095,-223,181,951,-265,9,-2,-23,
2618944,295810,169513,2628420,715081,166140,-1258,615,-402,789,-2,-562,-46,2,-36,-777,-1083,-231,181,951,-265,4,2,-24,
2618944,295810,169513,2628420,687748,166140,-1233,600,-397,785,-1,-562,-43,2,-42,-763,-1075,-206,181,953,-261,8,7,-17,
2618944,295810,169513,2628420,687748,166117,-1268,605,-466,785,6,-563,-46,0,-42,-766,-1071,-218,184,950,-261,8,8,-24,
2618944,295810,169513,2628420,687748,166117,-1247,616,-377,785,6,-563,-52,2,-46,-773,-1086,-204,184,950,-261,6,8,-28,
2618944,295810,169513,2628420,687748,166117,-1281,611,-455,789,0,-560,-52,-3,-41,-760,-1097,-203,180,952,-276,5,2,-28,
2616730,295810,169513,2628420,687748,166117,-1261,591,-417,789,0,-560,-49,0,-38,-790,-1088,-214,180,952,-276,13,7,-17,
2616730,293626,169513,2628420,687748,166117,-1253,617,-404,788,2,-575,-47,6,-39,-778,-1086,-218,183,945,-251,4,3,-16,
2616730,293626,169324,2628420,687748,166117,-1241,606,-395,788,2,-575,-45,-3,-44,-785,-1077,-231,183,945,-251,7,5,-11,
2616730,293626,169324,2631109,687748,166117,-1275,598,-417,787,5,-563,-53,2,-41,-775,-1080,-194,180,953,-240,12,7,-13,
2616730,293626,169324,2631109,709887,166117,-1280,607,-426,785,-3,-559,-50,7,-35,-782,-1088,-197,180,952,-247,9,2,-15,
2616730,293626,169324,2631109,709887,166216,-1257,613,-398,785,-3,-559,-46,2,-39,-761,-1091,-211,179,952,-247,3,7,-12,
2616730,293626,169324,2631109,709887,166216,-1251,594,-421,787,-5,-554,-45,-3,-40,-774,-1098,-222,179,946,-241,3,6,-16,
2616730,293626,169324,2631109,709887,166216,-1266,600,-400,787,-5,-554,-50,4,-27,-761,-1095,-221,179,946,-241,-3,10,-6,
2607602,293626,169324,2631109,709887,166216,-1276,599,-407,784,4,-579,-53,6,-24,-786,-1085,-200,182,952,-264,-1,4,-9,
2607602,296931,169324,2631109,709887,166216,-1252,611,-392,788,4,-571,-48,8,-26,-771,-1093,-217,182,952,-264,-1,2,-10,
2607602,296931,169480,2631109,709887,166216,-1264,612,-433,788,4,-571,-49,4,-29,-780,-1092,-212,179,950,-242,-1,5,-6,
2607602,296931,169480,2627610,709887,166216,-1264,608,-394,786,-5,-565,-47,5,-26,-764,-1088,-231,179,950,-242,-2,15,-1,
2607602,296931,169480,2627610,710319,166216,-1270,610,-411,786,-5,-565,-50,4,-22,-767,-1082,-218,183,956,-257,0,6,0,
2607602,296931,169480,2627610,710319,166205,-1262,602,-397,788,1,-561,-59,-2,-21,-790,-1082,-200,182,948,-245,7,10,2,
2607602,296931,169480,2627610,710319,166205,-1267,611,-436,788,1,-561,-50,-5,-27,-776,-1072,-209,182,948,-245,-8,5,-6,
2607602,296931,169480,2627610,710319,166205,-1266,604,-419,789,5,-556,-56,2,-27,-775,-1076,-196,184,952,-250,-7,9,-4,
2608428,296931,169480,2627610,710319,166205,-1258,606,-395,786,-3,-565,-53,2,-22,-797,-1083,-207,184,952,-250,0,5,-4,
2608428,297159,169480,2627610,710319,166205,-1245,610,-424,786,-3,-565,-53,7,-26,-797,-1081,-225,179,957,-251,0,3,-9,
2608428,297159,169394,2627610,710319,166205,-1261,612,-411,791,-7,-567,-47,6,-32,-778,-1083,-210,179,957,-251,4,0,-8,
2608428,297159,169394,2633433,710319,166205,-1274,612,-415,791,-7,-567,-44,-1,-31,-787,-1084,-202,183,960,-242,9,6,-12,
2608428,297159,169394,2633433,672151,166205,-1252,606,-388,787,3,-566,-47,-4,-31,-769,-1083,-223,182,953,-242,12,6,-17,
2608428,297159,169394,2633433,672151,166195,-1260,598,-411,788,-4,-564,-47,-2,-32,-772,-1085,-203,182,953,-242,-5,-10,-15,
2608428,297159,169394,2633433,672151,166195,-1277,626,-413,788,-4,-564,-58,0,-26,-772,-1085,-199,180,945,-258,-4,-1,-13,
