0,0,0,0,0,0,-48,-163,1314,-548,286,853,-48,-1,-42,-69,2,1290,-582,-387,867,6,3,-27,
4808360,0,0,0,0,0,-20,-158,1329,-548,286,853,-41,5,-43,-48,0,1264,-582,-384,860,8,7,-23,
4808360,3851508,0,0,0,0,-20,-154,1350,-548,284,853,-45,3,-29,-80,-16,1346,-582,-384,860,-3,3,-26,
4808360,3851508,1292661,0,0,0,-26,-157,1295,-548,284,853,-40,2,-29,-39,-5,1289,-581,-378,857,-1,8,-32,
4808360,3851508,1292661,4400009,0,0,-25,-167,1298,-553,293,856,-40,-1,-40,-54,-4,1297,-581,-382,863,3,5,-22,
4808360,3851508,1292661,4400009,3982401,0,-35,-163,1306,-546,286,860,-41,-2,-35,-73,-2,1330,-579,-382,863,9,9,-19,
4808360,3851508,1292661,4400009,3982401,2451909,-21,-168,1339,-546,286,860,-48,3,-34,-56,3,1303,-580,-387,855,5,3,-25,
4808360,3851508,1292661,4400009,3982401,2451909,-26,-162,1297,-548,283,861,-47,2,-36,-63,-19,1295,-580,-387,855,-2,1,-29,
4808360,3851508,1292661,4400009,3982401,2451909,-34,-169,1322,-548,283,861,-46,1,-36,-56,-17,1312,-577,-390,851,9,-3,-24,
4803560,3851508,1292661,4400009,3982401,2451909,-10,-168,1318,-550,290,853,-46,2,-37,-37,-2,1289,-577,-390,851,8,-1,-19,
4803560,3881734,1292661,4400009,3982401,2451909,-24,-160,1313,-550,290,853,-52,3,-38,-53,-11,1334,-579,-379,852,3,7,-26,
4803560,3881734,1377248,4400009,3982401,2451909,-36,-157,1319,-551,288,850,-46,3,-34,-62,-2,1320,-579,-379,852,5,1,-23,
4803560,3881734,1377248,4400446,3982401,2451909,-17,-162,1376,-551,288,854,-40,7,-40,-54,4,1327,-578,-384,869,5,0,-21,
4803560,3881734,1377248,4400446,3981385,2451909,-18,-158,1315,-551,288,854,-44,2,-40,-49,-4,1298,-583,-386,850,1,0,-22,
4803560,3881734,1377248,4400446,3981385,2453105,-23,-167,1306,-549,286,858,-46,4,-37,-60,-5,1329,-583,-386,850,11,2,-24,
4803560,3881734,1377248,4400446,3981385,2453105,-10,-166,1345,-549,286,858,-45,4,-36,-39,-254,1331,-578,-390,860,6,9,-24,
4803560,3881734,1377248,4400446,3981385,2453105,-11,-177,1334,-548,289,849,-43,6,-36,-71,-11,1321,-578,-390,860,14,0,-30,
4795740,3881734,1377248,4400446,3981385,2453105,-35,-159,1297,-550,285,850,-44,1,-35,-63,-9,1349,-578,-377,858,6,6,-22,
4795740,3891156,1377248,4400446,3981385,2453105,-25,-159,1344,-550,285,850,-51,3,-37,-69,-12,1325,-578,-377,858,13,2,-23,
4795740,3891156,1502646,4400446,3981385,2453105,-17,-165,1300,-549,285,860,-46,5,-42,-75,-14,1352,-584,-383,854,14,0,-26,
4795740,3891156,1502646,4403668,3981385,2453105,-26,-149,1321,-549,285,860,-49,2,-49,-41,-2,1299,-579,-386,864,7,-3,-26,
4795740,3891156,1502646,4403668,3948237,2453105,-16,-166,1313,-550,293,860,-49,-6,-38,-50,-5,1297,-579,-386,864,5,-7,-29,
4795740,3891156,1502646,4403668,3948237,2377606,-32,-169,1284,-550,293,860,-51,-1,-43,-63,-5,1324,-577,-387,841,-1,-4,-28,
4795740,3891156,1502646,4403668,3948237,2377606,-27,-167,1346,-549,288,859,-41,-6,-46,-59,-14,1347,-577,-387,841,-6,-7,-25,
4795740,3891156,1502646,4403668,3948237,2377606,-31,-165,1332,-550,287,852,-43,-2,-45,-50,2,1306,-579,-386,850,9,-1,-23,
4798785,3891156,1502646,4403668,3948237,2377606,-13,-159,1345,-550,287,852,-41,-7,-40,-35,0,1295,-579,-386,850,9,3,-21,
4798785,3888093,1502646,4403668,3948237,2377606,-13,-163,1296,-549,285,850,-46,-4,-41,-50,-5,1287,-581,-384,857,12,8,-23,
4798785,3888093,1411947,4403668,3948237,2377606,-38,-159,1322,-549,285,850,-47,-3,-42,-51,-1,1303,-581,-384,857,13,-2,-22,
4798785,3888093,1411947,4423660,3948237,2377606,-36,-162,1298,-554,293,857,-50,-2,-49,-62,-13,1324,-580,-387,852,1,-9,-23,
4798785,3888093,1411947,4423660,3903145,2377606,-13,-164,1336,-545,288,853,-41,5,-38,-82,-20,1354,-582,-387,859,0,-1,-30,
4798785,3888093,1411947,4423660,3903145,2074753,-41,-172,1309,-545,288,853,-39,1,-44,-66,-5,1331,-582,-387,859,4,-4,-31,
4798785,3888093,1411947,4423660,3903145,2074753,-12,-161,1329,-549,286,857,-36,4,-42,-56,-10,1324,-576,-381,863,11,0,-22,
4798785,3888093,1411947,4423660,3903145,2074753,-35,-165,1308,-549,286,857,-41,4,-41,-20,4,1224,-576,-381,863,15,1,-26,
4798622,3888093,1411947,4423660,3903145,2074753,-4,-157,1332,-551,287,853,-41,4,-38,-83,-21,1362,-580,-383,863,14,-3,-25,
4798622,3894169,1411947,4423660,3903145,2074753,-13,-161,1339,-551,287,852,-43,0,-34,-73,-21,1367,-580,-383,863,9,-7,-24,
4798622,3894169,1476873,4423660,3903145,2074753,-11,-164,1334,-551,291,852,-47,-2,-43,-82,-11,1354,-585,-383,856,3,-7,-26,
4798622,3894169,1476873,4458138,3903145,2074753,-9,-156,1339,-547,288,857,-44,-5,-43,-42,-4,1305,-580,-387,853,-2,2,-23,
4798622,3894169,1476873,4458138,3815319,2074753,-37,-158,1300,-547,288,857,-47,-1,-35,-27,1,1285,-580,-387,853,10,-2,-25,
4798622,3894169,1476873,4458138,3815319,1617140,-18,-160,1351,-547,285,858,-52,-3,-40,-90,-13,1367,-582,-387,847,13,-10,-29,
4798622,3894169,1476873,4458138,3815319,1617140,0,-170,1309,-547,285,858,-53,-3,-36,-56,11,1305,-582,-387,847,12,-10,-32,
4798622,3894169,1476873,4458138,3815319,1617140,-31,-151,1318,-553,290,851,-47,1,-44,-87,-6,1331,-583,-385,855,12,-12,-28,
4803514,3894169,1476873,4458138,3815319,1617140,-16,-161,1313,-551,289,857,-44,-3,-41,-51,-7,1318,-583,-385,855,8,-7,-23,
4803514,3850118,1476873,4458138,3815319,1617140,-11,-156,1299,-551,289,857,-53,-2,-42,-51,-10,1296,-587,-378,858,12,-5,-24,
4803514,3850118,1386389,4458138,3815319,1617140,-18,-163,1302,-551,290,853,-53,-9,-42,-76,-9,1337,-587,-384,848,13,-18,-27,
4803514,3850118,1386389,4555470,3815319,1617140,-7,-158,1302,-551,290,853,-55,-5,-48,-64,-12,1331,-581,-384,848,6,-22,-33,
4803514,3850118,1386389,4555470,3130823,1617140,-18,-148,1338,-549,293,857,-49,-12,-46,-43,0,1288,-582,-387,854,12,-24,-31,
4803514,3850118,1386389,4555470,3130823,660165,-31,-165,1312,-549,289,853,-48,-13,-50,-64,-13,1311,-582,-387,854,12,-35,-24,
4803514,3850118,1386389,4555470,3130823,660165,-14,-165,1322,-548,289,853,-56,-18,-53,-74,-10,1330,-585,-387,849,19,-30,-35,
4803514,3850118,1386389,4555470,3130823,660165,-22,-177,1338,-552,285,854,-56,-13,-46,-42,-1,1286,-585,-387,849,19,-31,-29,
4828803,3850118,1386389,4555470,3130823,660165,-17,-165,1329,-552,285,854,-60,-20,-50,-74,0,1353,-586,-387,846,15,-24,-31,
4828803,3547920,1386389,4555470,3130823,660165,-15,-175,1292,-549,288,852,-57,-12,-49,-21,2,1254,-586,-387,846,6,-23,-34,
4828803,3547920,1129742,4555470,3130823,660165,-19,-153,1340,-549,288,852,-51,-8,-44,-74,-15,1345,-582,-386,864,19,-21,-34,
4828803,3547920,1129742,4735464,3130823,660165,-3,-163,1334,-551,294,847,-49,-14,-47,-68,-8,1336,-586,-387,849,21,-21,-32,
4828803,3547920,1129742,4735464,1465667,660165,-6,-159,1334,-553,289,852,-49,-10,-42,-54,-2,1322,-586,-387,849,12,-22,-34,
4828803,3547920,1129742,4735464,1465667,165558,-7,-163,1284,-553,289,852,-54,-9,-39,-65,-9,1342,-587,-389,852,13,-22,-35,
4828803,3547920,1129742,4735464,1465667,165558,-22,-157,1322,-549,289,851,-51,-12,-44,-16,11,1245,-587,-389,852,17,-18,-31,
4828803,3547920,1129742,4735464,1465667,165558,-12,-163,1327,-549,289,851,-45,-8,-41,-71,-28,1356,-586,-382,855,3,-5,-29,
4846463,3547920,1129742,4735464,1465667,165558,0,-159,1340,-553,296,854,-41,-2,-44,-45,-2,1318,-586,-382,855,10,-15,-29,
4846463,3430986,1129742,4735464,1465667,165558,8,-161,1334,-554,290,848,-44,-3,-45,-48,-14,1332,-592,-380,844,7,-19,-33,
4846463,3430986,988903,4735464,1465667,165558,-9,-158,1285,-554,290,848,-46,-6,-45,-62,-12,1314,-586,-385,855,3,-13,-32,
4846463,3430986,988903,4826194,1465667,165558,-38,-149,1320,-551,285,850,-53,-5,-53,-78,-14,1329,-586,-385,855,2,-8,-30,
4846463,3430986,988903,4826194,596824,165558,-25,-168,1279,-551,285,850,-53,-8,-52,-50,-1,1316,-586,-385,848,8,-15,-33,
4846463,3430986,988903,4826194,596824,165654,-19,-173,1308,-553,288,847,-56,-13,-51,-41,-17,1382,-586,-385,848,8,-15,-34,
4846463,3430986,988903,4826194,596824,165654,-20,-159,1348,-553,288,847,-52,-13,-44,-20,22,1260,-587,-389,847,10,-12,-35,
4846463,3430986,988903,4826194,596824,165654,-13,-169,1323,-555,297,857,-57,-7,-38,-33,-1,1301,-587,-389,847,10,-7,-37,
4855134,3430986,988903,4826194,596824,165654,-21,-175,1318,-555,287,851,-54,-8,-46,-84,-18,1376,-588,-388,863,9,-17,-33,
4855134,3293749,988903,4826194,596824,165654,-3,-166,1098,-555,287,851,-52,-6,-45,-28,3,1291,-588,-388,863,12,-10,-35,
4855134,3293749,780248,4826194,596824,165654,-7,-168,1343,-553,288,854,-51,-2,-45,-30,5,1263,-589,-385,864,6,11,-37,
4855134,3293749,780248,4864162,596824,165654,5,-163,1321,-553,288,854,-47,-4,-42,-31,14,1264,-586,-390,842,-3,10,-40,
4855134,3293749,780248,4864162,166345,165654,-5,-167,1343,-557,294,847,-41,-1,-38,-44,-11,1325,-586,-390,842,11,15,-34,
4855134,3293749,780248,4864162,166345,165513,-16,-184,1285,-557,290,846,-45,-4,-38,-51,-11,1349,-587,-390,858,2,5,-38,
4855134,3293749,780248,4864162,166345,165513,3,-176,1347,-557,290,846,-43,4,-45,-28,1,1281,-587,-390,858,6,0,-44,
4855134,3293749,780248,4864162,166345,165513,-29,-167,1298,-552,285,856,-37,6,-38,-59,-13,1339,-590,-385,865,11,6,-49,
4829826,3293749,780248,4864162,166345,165513,-30,-165,1355,-552,285,856,-35,11,-36,-4,17,1221,-590,-385,865,7,12,-65,
4829826,3351096,780248,4864162,166345,165513,3,-169,1302,-553,290,864,-41,13,-28,-28,11,1322,-587,-383,856,7,31,-66,
4829826,3351096,625164,4864162,166345,165513,-23,-168,1311,-553,290,864,-11,43,-15,-44,0,1341,-584,-391,860,2,41,-44,
4829826,3351096,625164,4664458,166345,165513,-11,-170,1318,-553,294,846,3,54,-9,-16,-14,1296,-584,-391,860,-10,65,-34,
4829826,3351096,625164,4664458,2348811,165513,-22,-163,1321,-547,286,851,18,92,-8,-45,1,1318,-584,-390,862,-29,66,-28,
4829826,3351096,625164,4664458,2348811,165894,-23,-170,1300,-547,286,851,39,134,3,-55,-7,1334,-584,-390,862,-35,76,-29,
4829826,3351096,625164,4664458,2348811,165894,-35,-152,1347,-545,282,862,83,201,28,-62,2,1305,-582,-386,860,-49,114,-32,
4829826,3351096,625164,4664458,2348811,165894,-38,-170,1368,-545,282,862,127,299,53,-57,-12,1324,-582,-386,860,-103,208,-65,
2228660,3351096,625164,4664458,2348811,165894,-63,-157,1399,-540,290,864,165,481,79,-60,-2,1328,-572,-382,867,-161,587,-70,
2228660,3931584,625164,4664458,2348811,165894,-94,-215,1630,-522,279,875,192,664,99,-49,22,1402,-572,-377,880,-287,887,-77,
2228660,3931584,1115329,4664458,2348811,165894,-76,-271,2791,-522,279,875,180,659,76,-125,38,1625,-547,-377,880,-401,1052,-68,
2228660,3931584,1115329,1204010,2348811,165894,-13,-462,1658,-497,276,895,190,1098,97,-159,-119,2164,-519,-371,898,-584,1076,-14,
2228660,3931584,1115329,1204010,4315687,165894,-95,-232,1916,-497,276,895,489,1502,180,-92,-189,2186,-519,-371,898,-607,1129,41,
2228660,3931584,1115329,1204010,4315687,1956802,-119,-204,1836,-468,281,914,401,1747,204,-148,-103,1775,-484,-359,907,-408,1406,19,
2228660,3931584,1115329,1204010,4315687,1956802,-172,-209,1602,-468,281,914,484,1932,244,-192,-26,1861,-484,-359,907,-470,1651,23,
2228660,3931584,1115329,1204010,4315687,1956802,-163,-244,1353,-426,280,937,488,2008,279,-134,-123,1790,-441,-338,928,-527,1876,22,
571752,3931584,1115329,1204010,4315687,1956802,-162,-1,1281,-385,271,953,527,1967,290,-213,-44,1504,-441,-338,928,-603,2058,55,
571752,4185455,1115329,1204010,4315687,1956802,-223,-126,1126,-385,271,953,568,1882,231,-215,-24,1365,-389,-330,964,-589,2146,48,
571752,4185455,168744,1204010,4315687,1956802,-281,-89,1097,-345,265,976,564,1784,220,-247,-78,1410,-319,-316,992,-606,2203,37,
571752,4185455,168744,605817,4315687,1956802,-323,-87,1056,-345,265,976,606,1662,217,-260,-4,1480,-319,-316,992,-727,2241,6,
571752,4185455,168744,605817,4653744,1956802,-333,35,949,-307,259,989,628,1547,214,-277,26,1250,-257,-287,997,-939,2283,-43,
571752,4185455,168744,605817,4653744,420100,-369,53,802,-278,239,991,589,1417,194,-403,-70,1253,-257,-287,997,-1096,2268,-82,
571752,4185455,168744,605817,4653744,420100,-390,15,876,-278,239,991,546,1226,152,-348,-117,995,-187,-253,1021,-1167,2168,-115,
571752,4185455,168744,605817,4653744,420100,-431,62,1010,-254,229,998,453,890,102,-465,-101,964,-187,-253,1021,-1239,2012,-117,
433269,4185455,168744,605817,4653744,420100,-460,41,1034,-254,229,998,420,787,81,-451,-46,649,-132,-220,1026,-1296,1824,-134,
433269,4626268,168744,605817,4653744,420100,-509,0,1114,-238,218,1003,395,690,69,-438,-98,547,-82,-185,1051,-1283,1606,-166,
433269,4626268,168699,605817,4653744,420100,-485,-15,1557,-238,218,1003,420,679,74,-537,-202,804,-82,-185,1051,-1211,1401,-173,
433269,4626268,168699,465617,4653744,420100,-544,-54,1628,-220,214,997,500,796,91,-534,-150,787,-47,-163,1048,-1164,1227,-161,
433269,4626268,168699,465617,4820916,420100,-569,-116,1867,-194,195,1017,649,980,148,-589,-206,887,-47,-163,1048,-1124,1105,-200,
433269,4626268,168699,465617,4820916,165768,-589,-171,1945,-194,195,1017,831,1226,222,-658,-289,1167,-13,-137,1050,-1147,927,-207,
433269,4626268,168699,465617,4820916,165768,-598,-139,1956,-156,173,1021,1031,1506,313,-716,-344,1307,-13,-137,1050,-1182,897,-204,
433269,4626268,168699,465617,4820916,165768,-561,-101,1803,-156,173,1021,1226,1795,397,-687,-339,1281,10,-101,1033,-1231,924,-205,
644092,4626268,168699,465617,4820916,165768,-556,25,1595,-106,140,1032,1372,2037,474,-721,-393,1425,10,-101,1028,-1299,988,-201,
644092,4817143,168699,465617,4820916,165768,-570,117,1385,-43,98,1028,1473,2186,509,-730,-361,1484,46,-70,1028,-1394,1111,-204,
644092,4817143,168577,465617,4820916,165768,-576,185,1225,-43,98,1028,1510,2211,481,-703,-347,1475,89,-34,1041,-1526,1259,-221,
644092,4817143,168577,439020,4820916,165768,-571,173,910,11,64,1031,1491,2156,455,-770,-191,1462,89,-34,1041,-1738,1394,-293,
644092,4817143,168577,439020,4921201,165768,-582,156,726,11,64,1031,1431,2125,436,-849,-93,1324,139,22,1027,-1923,1484,-432,
644092,4817143,168577,439020,4921201,165707,-649,111,560,60,29,1026,1372,2070,440,-788,-120,1192,139,22,1027,-2073,1572,-579,
644092,4817143,168577,439020,4921201,165707,-648,157,723,60,-227,1019,1327,1964,459,-782,-292,1203,182,77,1012,-2179,1668,-694,
644092,4817143,168577,439020,4921201,165707,-784,208,776,109,-9,1019,1316,1864,492,-771,-443,1147,182,77,1012,-2233,1753,-758,
623870,4817143,168577,439020,4921201,165707,-822,237,1007,155,-48,1012,1327,1794,510,-684,-503,987,237,138,1004,-2263,1827,-766,
623870,4959785,168577,439020,4921201,165707,-913,394,1353,155,-48,1012,1330,1795,535,-724,-529,951,296,196,989,-2298,1882,-752,
623870,4959785,181974,439020,4921201,165707,-914,502,1418,197,-77,991,1324,1886,536,-789,-556,938,296,196,989,-2326,1921,-749,
623870,4959785,181974,459880,4921201,165707,-853,602,1275,197,-77,991,1289,2002,503,-899,-603,800,348,257,961,-2340,1941,-748,
623870,4959785,181974,459880,4942340,165707,-820,567,1145,251,-110,983,1278,2247,388,-824,-851,903,348,257,961,-2322,1969,-747,
623870,4959785,181974,459880,4942340,165721,-835,458,1018,302,-144,964,1248,2371,352,-809,-1023,984,390,320,912,-2266,2015,-691,
623870,4959785,181974,459880,4942340,165721,-894,439,1000,302,-144,964,1222,2448,338,-766,-1149,951,390,320,912,-2147,2066,-558,
623870,4959785,181974,459880,4942340,165721,-1012,337,849,358,-178,929,1210,2477,354,-772,-1134,905,446,375,882,-2040,2124,-374,
516147,4959785,181974,459880,4942340,165721,-1066,376,846,358,-178,929,1192,2477,385,-907,-1131,1012,505,407,820,-1967,2188,-22,
516147,4965715,181974,459880,4942340,165721,-1113,406,865,408,-202,906,1184,2471,419,-910,-1097,1003,505,407,820,-1891,2298,119,
516147,4965715,845933,459880,4942340,165721,-1084,515,1007,408,-233,861,1154,2496,434,-937,-908,903,560,438,783,-1705,2366,196,
516147,4965715,845933,422289,4942340,165721,-1002,543,922,462,-233,861,1176,2597,432,-976,-909,898,560,438,783,-1664,2387,215,
516147,4965715,845933,422289,4486481,165721,-968,567,982,520,-264,818,1206,2755,416,-968,-730,739,613,463,729,-1703,2359,188,
516147,4965715,845933,422289,4486481,165634,-1266,525,1016,520,-264,818,1199,2939,401,-1038,-593,627,613,463,729,-1746,2298,138,
516147,4965715,845933,422289,4486481,165634,-1352,457,882,571,-284,760,1147,3074,407,-944,-467,412,659,500,666,-1818,2251,63,
516147,4965715,845933,422289,4486481,165634,-1288,543,631,571,-284,760,905,3149,413,-976,847,1403,659,500,666,-2190,2174,-243,
573677,4965715,845933,422289,4486481,165634,-924,805,175,623,-307,708,765,3087,349,-4251,2006,6374,703,544,587,-2726,2611,-1152,
573677,4850415,845933,422289,4486481,165634,-379,990,-402,669,-322,653,834,2903,243,-6586,1701,4341,726,594,533,-1801,3263,-2119,
573677,4850415,956989,422289,4486481,165634,-1803,-128,1327,669,-322,653,1548,2829,481,-160,1573,-4236,726,594,533,425,2106,-2590,
573677,4850415,956989,1040659,4486481,165634,-3369,23,504,710,-353,589,822,3087,782,5517,-2856,-3981,692,603,551,1582,73,-1982,
573677,4850415,956989,1040659,1766194,165634,-1530,-677,-513,710,-353,589,-637,2727,818,1424,-349,-4321,692,603,551,-1187,69,-1242,
573677,4850415,956989,1040659,1766194,165931,162,-476,-1618,731,-335,563,-1904,2248,924,-120,-261,-3094,670,651,525,-2448,-444,-1350,
573677,4850415,956989,1040659,1766194,165931,1304,592,-2310,746,-314,540,-2883,1941,1015,-1544,-55,-1599,670,651,525,-2325,-302,-1410,
573677,4850415,956989,1040659,1766194,165931,1922,2492,-2436,746,-314,540,-2858,1542,990,-1589,-847,-973,643,690,494,-1171,-147,-1452,
655444,4850415,956989,1040659,1766194,165931,1964,4581,-2746,748,-325,544,-1472,871,711,-686,-1543,-914,612,708,509,-78,-431,-1353,
655444,4470678,956989,1040659,1766194,165931,-577,1687,-706,748,-325,544,1173,-1108,-192,-238,-1553,-689,612,708,509,125,-682,-1159,
655444,4470678,173826,1040659,1766194,165931,-1287,224,-378,730,-358,537,3135,-1548,-291,-309,-1134,-642,588,722,505,-293,-826,-1053,
655444,4470678,173826,756616,1766194,165931,-1746,-486,56,730,-358,537,2753,-1577,-80,-1362,-1209,-404,588,722,505,-668,-794,-1090,
655444,4470678,173826,756616,1889846,165931,-1901,-524,259,707,-397,554,2249,-1463,287,-1451,-1701,14,560,752,494,-850,-377,-1514,
655444,4470678,173826,756616,1889846,165532,-2169,-278,526,682,-440,558,1623,-1236,604,-651,-1031,-245,560,752,494,-1732,1084,-1248,
655444,4470678,173826,756616,1889846,165532,-2368,246,654,682,-440,558,908,-721,878,-801,-748,150,545,795,456,-1665,1296,-1233,
655444,4470678,173826,756616,1889846,165532,-2175,1355,758,666,-471,554,512,28,1099,-492,-952,256,545,795,410,-1273,1543,-1088,
550909,4470678,173826,756616,1889846,165532,-2065,1491,974,666,-471,554,616,814,1308,-995,-954,418,545,810,410,-613,1649,-1149,
550909,3923628,173826,756616,1889846,165532,-880,1042,883,666,-497,511,981,1607,1487,-1195,-2242,726,542,827,389,-772,1741,-923,
550909,3923628,168873,756616,1889846,165532,-291,1005,274,681,-540,456,1114,2195,1401,-841,-2147,153,542,827,389,-1218,2316,-185,
550909,3923628,168873,677931,1889846,165532,-911,758,1315,681,-540,456,1044,2300,1147,-1059,-1213,60,573,834,329,-1140,2835,328,
550909,3923628,168873,677931,1002178,165532,-771,582,978,699,-574,392,1436,3168,971,-950,-1490,161,573,834,329,-897,3270,724,
550909,3923628,168873,677931,1002178,165398,-216,693,409,699,-574,392,1504,3385,882,-910,-1503,-89,619,830,261,-803,3532,1194,
550909,3923628,168873,677931,1002178,165398,707,1097,-1039,717,-599,327,1465,3332,648,-773,-1248,-185,619,830,261,-835,3563,1566,
550909,3923628,168873,677931,1002178,165398,562,871,-1870,717,-599,327,1219,3185,-29,-691,-1059,-228,679,823,203,-867,3345,1768,
1274729,3923628,168873,677931,1002178,165398,-1447,302,-658,740,-596,250,68,2567,-282,-605,-990,-312,738,794,126,-723,3109,1792,
1274729,1931653,168873,677931,1002178,165398,-2044,1656,-21,752,-595,251,-709,1422,-190,-484,-1003,-490,738,794,126,-640,2763,1677,
1274729,1931653,168799,677931,1002178,165398,-979,2312,-834,752,-595,251,-124,476,-389,-341,-1014,-876,769,772,107,-700,2331,1459,
1274729,1931653,168799,928318,1002178,165398,-1130,1298,-615,759,-590,247,1104,-372,-679,-311,-976,-995,769,772,107,-770,1898,1257,
1274729,1931653,168799,928318,794420,165398,-1264,824,-846,759,-590,247,1751,-802,-790,-410,-870,-983,795,763,63,-713,1449,1106,
1274729,1931653,168799,928318,794420,165765,-1279,451,-996,762,-579,224,2055,-497,-875,-468,-820,-963,795,763,63,-584,1060,905,
1274729,1931653,168799,928318,794420,165765,-1731,128,-638,783,-572,192,1857,102,-980,-525,-804,-876,803,751,52,-444,754,670,
1274729,1931653,168799,928318,794420,165765,-1455,-121,-419,783,-572,192,118,1335,-847,-556,-706,-749,817,741,28,-380,521,468,
1762736,1931653,168799,928318,794420,165765,-918,699,-794,800,-555,159,-290,1673,-735,-559,-577,-735,817,741,28,-300,387,60,
1762736,867763,168799,928318,794420,165765,-712,911,-645,800,-555,159,-338,1808,-709,-708,-698,-478,818,739,25,-161,433,31,
1762736,867763,168889,928318,794420,165765,-697,920,-652,815,-539,134,-231,1820,-723,-719,-833,-374,818,739,25,-201,578,-34,
1762736,867763,168889,988377,794420,165765,-729,848,-539,815,-539,134,-93,1710,-701,-678,-905,-385,820,741,5,-164,780,22,
1762736,867763,168889,988377,583344,165765,-790,676,-514,830,-524,93,1,1485,-585,-744,-1045,-347,820,741,5,-36,1030,182,
1762736,867763,168889,988377,583344,165929,-853,645,-533,836,-519,78,9,1206,-425,-721,-1201,-387,821,743,-16,74,1206,354,
1762736,867763,168889,988377,583344,165929,-881,631,-514,836,-519,78,10,874,-287,-693,-1255,-464,821,743,-16,98,1336,441,
1762736,867763,168889,988377,583344,165929,-905,527,-463,842,-514,64,174,550,-153,-576,-1287,-518,829,727,-34,115,1367,436,
1753223,867763,168889,988377,583344,165929,-903,260,-537,842,-514,64,441,237,-16,-435,-1387,-595,836,720,-57,99,1275,421,
1753223,754045,168889,988377,583344,165929,-975,11,-613,841,-514,61,609,-154,324,-295,-1442,-735,836,720,-57,31,1091,410,
1753223,754045,168766,988377,583344,165929,-908,-155,-568,831,-531,57,312,-213,499,-322,-1471,-793,840,714,-78,-104,858,377,
1753223,754045,168766,1174958,583344,165929,-849,-166,-676,831,-531,57,-42,-238,599,-310,-1307,-819,840,714,-78,-322,601,310,
1753223,754045,168766,1174958,176114,165929,-783,212,-636,821,-545,71,-349,-271,582,-439,-1298,-888,845,712,-77,-454,385,248,
1753223,754045,168766,1174958,176114,165824,-797,360,-543,821,-545,71,-502,-331,484,-563,-1262,-882,845,712,-77,-563,254,304,
1753223,754045,168766,1174958,176114,165824,-815,420,-598,816,-551,88,-557,-401,329,-609,-1015,-962,843,700,-90,-602,232,424,
1753223,754045,168766,1174958,176114,165824,-897,453,-559,816,-551,88,-613,-483,137,-668,-824,-994,854,685,-109,-516,235,499,
1850934,754045,168766,1174958,176114,165824,-1768,615,-328,815,-553,104,-680,-557,-4,-640,-785,-1031,854,685,-109,-407,208,497,
1850934,714078,168766,1174958,176114,165824,-3724,1367,-167,803,-568,98,-478,93,568,-645,-722,-1065,866,673,-108,-332,157,488,
1850934,714078,168720,1174958,176114,165824,-1347,236,-805,803,-568,98,-100,658,1145,-715,-520,-1020,866,673,-108,-269,119,458,
1850934,714078,168720,1278117,176114,165824,-983,628,-701,788,-597,106,-482,581,1441,-719,-502,-1019,870,670,-116,-167,99,405,
1850934,714078,168720,1278117,166397,165824,-909,873,-611,788,-597,106,-1178,164,1349,-698,-532,-991,870,670,-116,-54,104,329,
1850934,714078,168720,1278117,166397,165788,-1081,1090,-514,765,-620,98,-1045,-15,1260,-684,-571,-958,874,674,-111,31,118,184,
1850934,714078,168720,1278117,166397,165788,-1045,1152,-518,748,-641,116,-756,-26,1138,-623,-595,-992,874,674,-135,129,150,123,
1850934,714078,168720,1278117,166397,165788,-900,1111,-494,748,-641,116,-558,-14,1020,-624,-651,-930,873,661,-135,147,169,79,
1425834,714078,168720,1278117,166397,165788,-840,973,-397,734,-661,131,-494,31,894,-634,-723,-921,876,663,-125,156,163,55,
1425834,689196,168720,1278117,166397,165788,-815,899,-448,734,-661,131,-495,101,848,-651,-787,-876,876,663,-125,122,163,33,
1425834,689196,168625,1278117,166397,165788,-724,873,-424,716,-671,139,-542,190,873,-664,-823,-858,880,659,-121,83,147,17,
1425834,689196,168625,1193177,166397,165788,-636,901,-464,716,-671,133,-597,268,927,-626,-803,-979,880,659,-121,53,107,1,
1425834,689196,168625,1193177,166499,165788,-567,934,-453,698,-689,133,-619,322,983,-689,-803,-893,878,660,-133,62,102,-7,
1425834,689196,168625,1193177,166499,165804,-561,891,-452,684,-714,140,-638,313,1086,-714,-813,-896,878,660,-133,96,92,-19,
1425834,689196,168625,1193177,166499,165804,-733,1110,-468,684,-714,140,-674,258,1301,-719,-803,-915,880,669,-130,117,108,-37,
1425834,689196,168625,1193177,166499,165804,-737,1202,-415,660,-731,156,-613,173,1301,-696,-779,-903,876,658,-122,152,134,-54,
1579011,689196,168625,1193177,166499,165804,-781,1175,-492,660,-731,156,-628,166,1269,-658,-740,-891,876,658,-122,198,155,-72,
1579011,793278,168625,1193177,166499,165804,-730,1153,-436,637,-745,160,-691,155,1245,-686,-765,-892,874,662,-136,242,164,-90,
1579011,793278,168485,1193177,166499,165804,-652,1252,-470,615,-771,167,-763,126,1213,-657,-808,-811,874,662,-136,265,182,-97,
1579011,793278,168485,1218465,166499,165804,-613,1402,-440,615,-771,167,-789,110,1141,-663,-831,-834,870,670,-121,288,203,-102,
1579011,793278,168485,1218465,166584,165804,-484,1543,-395,596,-789,173,-735,80,1053,-679,-875,-786,870,670,-121,284,223,-120,
1579011,793278,168485,1218465,166584,165741,-454,1604,-341,596,-789,173,-650,60,941,-614,-891,-835,873,676,-112,277,236,-120,
1579011,793278,168485,1218465,166584,165741,-489,1653,-396,578,-795,186,-543,53,815,-657,-947,-779,867,679,-133,259,249,-119,
1579011,793278,168485,1218465,166584,165741,-473,1643,-377,578,-806,199,-405,42,686,-644,-970,-792,867,679,-133,224,245,-117,
1559612,793278,168485,1218465,166584,165741,-473,1615,-318,568,-806,199,-267,22,555,-619,-988,-799,865,676,-131,157,234,-111,
1559612,953603,168485,1218465,166584,165741,-519,1556,-333,560,-812,197,-169,30,341,-613,-978,-816,865,676,-131,84,220,-84,
1559612,953603,168806,1218465,166584,165741,-577,1466,-354,560,-812,197,-81,24,252,-627,-992,-830,864,675,-124,48,182,-70,
1559612,953603,168806,982112,166584,165741,-581,1401,-369,551,-809,193,-66,19,182,-660,-983,-829,864,675,-124,45,167,-40,
1559612,953603,168806,982112,166525,165741,-592,1394,-391,551,-809,193,-86,30,126,-635,-974,-815,858,679,-125,18,146,-23,
1559612,953603,168806,982112,166525,165776,-557,1443,-342,550,-811,188,-126,53,49,-618,-932,-878,858,679,-125,-5,132,-12,
1559612,953603,168806,982112,166525,165776,-583,1477,-357,552,-817,202,-134,60,-26,-636,-891,-930,861,680,-140,-10,106,-6,
1559612,953603,168806,982112,166525,165776,-568,1496,-392,552,-817,202,-75,45,-103,-666,-880,-869,859,674,-131,-8,70,-4,
1598425,953603,168806,982112,166525,165776,-595,1510,-424,556,-818,196,-27,32,-188,-700,-867,-899,859,674,-131,18,37,-11,
1598425,941693,168806,982112,166525,165776,-595,1494,-399,556,-818,196,8,15,-277,-728,-927,-901,862,677,-133,38,0,-23,
1598425,941693,168864,982112,166525,165776,-600,1521,-297,559,-803,191,23,-7,-356,-679,-959,-877,862,677,-133,19,-49,-43,
1598425,941693,168864,950729,166525,165776,-574,1533,-394,570,-804,193,51,-32,-693,-657,-987,-915,862,682,-135,-26,-118,-55,
1598425,941693,168864,950729,166260,165776,-564,1546,-394,570,-804,193,190,-91,-608,-601,-1016,-972,862,682,-135,-61,-178,-46,
1598425,941693,168864,950729,166260,165702,-555,1480,-388,579,-796,192,245,-101,-694,-586,-1027,-1000,858,684,-137,-85,-230,-11,
1598425,941693,168864,950729,166260,165702,-613,1219,-365,579,-796,192,298,-87,-750,-577,-1034,-934,862,677,-137,-110,-286,22,
1598425,941693,168864,950729,166260,165702,-643,1103,-369,595,-781,174,312,-56,-768,-562,-1098,-917,862,677,-137,-173,-335,48,
1463931,941693,168864,950729,166260,165702,-663,1008,-388,595,-781,174,326,-7,-767,-623,-1113,-910,865,672,-119,-312,-402,77,
1463931,766840,168864,950729,166260,165702,-679,941,-404,608,-769,170,346,37,-730,-662,-872,-911,865,672,-119,-468,-493,176,
1463931,766840,168862,950729,166260,165702,-714,909,-418,621,-764,167,330,82,-679,-767,-668,-838,873,664,-121,-508,-552,269,
1463931,766840,168862,1026021,166260,165702,-726,831,-507,621,-764,167,302,129,-621,-785,-506,-828,873,664,-121,-444,-533,316,
1463931,766840,168862,1026021,166686,165702,-760,702,-535,627,-759,155,272,160,-530,-732,-403,-849,878,669,-124,-291,-443,287,
1463931,766840,168862,1026021,166686,165765,-755,689,-546,627,-759,155,213,161,-410,-660,-364,-848,878,669,-120,-104,-308,140,
1463931,766840,168862,1026021,166686,165765,-785,718,-659,635,-745,159,109,184,-182,-618,-391,-814,885,656,-120,269,-47,56,
1463931,766840,168862,1026021,166686,165765,-793,764,-584,639,-752,153,-115,222,-87,-613,-526,-730,884,657,-107,331,76,-39,
1660709,766840,168862,1026021,166686,165765,-825,822,-636,639,-752,153,-193,226,-8,-529,-656,-713,884,657,-107,261,135,-149,
1660709,504301,168862,1026021,166686,165765,-836,904,-563,639,-751,148,-224,199,55,-534,-755,-744,880,662,-102,182,143,-254,
1660709,504301,168842,1026021,166686,165765,-826,1072,-476,639,-751,148,-182,163,94,-639,-865,-744,880,662,-102,84,157,-326,
1660709,504301,168842,1149685,166686,165765,-836,1078,-500,635,-753,153,-75,110,129,-690,-834,-807,878,671,-113,-1,180,-334,
1660709,504301,168842,1149685,166952,165765,-812,1043,-463,635,-753,153,50,55,154,-709,-771,-816,878,671,-113,20,203,-336,
1660709,504301,168842,1149685,166952,165840,-850,998,-490,633,-757,148,145,-1,164,-641,-735,-992,868,678,-121,172,235,-338,
1660709,504301,168842,1149685,166952,165840,-885,972,-520,628,-768,148,179,-66,185,-686,-825,-939,863,678,-106,384,266,-320,
1660709,504301,168842,1149685,166952,165840,-897,867,-590,628,-768,148,198,-114,229,-682,-968,-994,863,678,-106,493,253,-305,
1693285,504301,168842,1149685,166952,165840,-843,870,-604,620,-774,146,134,-137,279,-618,-1069,-1039,858,683,-120,521,212,-279,
1693285,414032,168842,1149685,166952,165840,-797,892,-605,620,-774,146,-186,-121,391,-553,-1264,-971,858,683,-120,498,121,-226,
1693285,414032,168955,1149685,166952,165840,-730,940,-536,610,-775,150,-303,-104,441,-532,-1271,-854,856,691,-103,403,4,-163,
1693285,414032,168955,1243709,166952,165840,-666,997,-477,602,-788,157,-375,-64,469,-505,-1211,-785,856,691,-103,222,-106,-100,
1693285,414032,168955,1243709,166716,165840,-631,1097,-419,602,-788,157,-399,-16,476,-521,-1168,-738,855,697,-107,48,-179,-39,
1693285,414032,168955,1243709,166716,165841,-582,1199,-394,594,-794,167,-350,28,463,-503,-1061,-737,860,693,-97,-126,-214,10,
1693285,414032,168955,1243709,166716,165841,-632,1182,-341,594,-794,167,-248,51,456,-582,-923,-693,860,693,-97,-250,-201,45,
1693285,414032,168955,1243709,166716,165841,-610,1151,-371,582,-802,163,-141,66,456,-612,-788,-710,859,690,-86,-312,-142,47,
1535283,414032,168955,1243709,166716,165841,-667,1128,-414,582,-802,163,-81,87,457,-628,-607,-727,859,690,-86,-296,-56,21,
1535283,795240,168955,1243709,166716,165841,-736,1139,-489,575,-808,163,-116,105,455,-657,-621,-628,855,686,-113,-215,71,-93,
1535283,795240,168970,1243709,166716,165841,-679,1198,-462,567,-815,172,-203,115,461,-632,-644,-665,855,686,-113,-47,355,-157,
1535283,795240,168970,1218929,166716,165841,-672,1376,-365,567,-815,172,-288,127,427,-628,-682,-687,856,701,-106,-16,465,-209,
1535283,795240,168970,1218929,166675,165841,-593,1431,-340,560,-817,170,-312,89,378,-646,-700,-680,856,701,-106,8,555,-265,
1535283,795240,168970,1218929,166675,165867,-590,1447,-355,560,-817,170,-217,51,320,-683,-706,-739,849,702,-130,56,630,-318,
1535283,795240,168970,1218929,166675,165867,-546,1436,-324,552,-823,165,-118,34,255,-687,-741,-745,839,704,-130,109,693,-370,
1535283,795240,168970,1218929,166675,165867,-531,1396,-386,547,-829,171,-41,33,199,-710,-783,-723,839,704,-130,180,715,-401,
1553548,795240,168970,1218929,166675,165867,-536,1369,-393,547,-829,171,-3,49,146,-649,-952,-857,829,710,-137,246,717,-421,
1553548,934433,168970,1218929,166675,165867,-546,1314,-499,545,-828,180,13,73,96,-629,-1035,-914,829,710,-137,284,687,-406,
1553548,934433,168948,1218929,166675,165867,-555,1285,-467,545,-828,180,16,80,53,-594,-1097,-981,819,726,-151,284,626,-383,
1553548,934433,168948,1035881,166675,165867,-569,1270,-462,543,-829,171,23,98,21,-549,-1154,-982,819,726,-151,268,547,-348,
1553548,934433,168948,1035881,166659,165867,-584,1282,-439,543,-829,161,10,113,-3,-531,-1193,-951,811,728,-155,238,448,-295,
1553548,934433,168948,1035881,166659,165890,-579,1262,-414,544,-831,161,3,120,-25,-472,-1200,-1029,807,731,-141,186,345,-234,
1553548,934433,168948,1035881,166659,165890,-583,1288,-465,547,-830,170,4,113,-64,-437,-1206,-1003,807,731,-141,121,246,-170,
1553548,934433,168948,1035881,166659,165890,-596,1299,-522,547,-830,170,88,63,-92,-466,-1219,-933,805,729,-157,60,147,-107,
1462062,934433,168948,1035881,166659,165890,-584,1223,-547,546,-827,172,141,6,-106,-426,-1151,-965,805,729,-157,16,70,-35,
1462062,1052716,168948,1035881,166659,165890,-621,1154,-593,546,-827,172,164,-48,-110,-421,-1106,-944,806,730,-143,-10,13,33,
1462062,1052716,168840,1035881,166659,165890,-646,1083,-584,549,-823,164,125,-71,-97,-417,-1057,-947,806,730,-143,-40,-28,85,
1462062,1052716,168840,942106,166659,165890,-647,1050,-509,552,-830,156,32,-56,-82,-423,-964,-998,806,734,-144,-79,-72,130,
1462062,1052716,168840,942106,166573,165890,-646,1082,-429,552,-830,156,-52,-26,-62,-475,-915,-921,806,734,-157,-85,-83,160,
1462062,1052716,168840,942106,166573,165952,-579,1169,-437,552,-825,168,-105,9,-41,-449,-870,-976,814,728,-157,-76,-79,161,
1462062,1052716,168840,942106,166573,165952,-617,1255,-476,552,-825,168,-117,38,-38,-518,-880,-897,817,721,-154,-88,-99,143,
1462062,1052716,168840,942106,166573,165952,-601,1306,-479,548,-826,158,-104,40,-46,-549,-838,-853,817,721,-154,-93,-98,108,
1355779,1052716,168840,942106,166573,165952,-542,1345,-509,548,-822,152,-94,26,-69,-576,-719,-781,815,721,-159,-61,-72,51,
1355779,1081509,168840,942106,166573,165952,-554,1346,-506,551,-822,152,-56,-27,-149,-570,-706,-850,815,721,-159,-15,-21,-9,
1355779,1081509,168997,942106,166573,165952,-582,1350,-498,553,-826,167,-31,-38,-192,-601,-748,-790,817,718,-144,26,41,-67,
1355779,1081509,168997,921975,166573,165952,-574,1269,-450,553,-826,167,-14,-43,-231,-597,-757,-825,817,718,-144,71,74,-115,
1355779,1081509,168997,921975,166565,165952,-597,1256,-363,560,-820,156,2,-32,-258,-565,-774,-876,816,727,-156,96,97,-155,
1355779,1081509,168997,921975,166565,165749,-595,1206,-420,560,-820,156,22,-12,-282,-591,-819,-808,815,723,-166,108,111,-202,
1355779,1081509,168997,921975,166565,165749,-624,1174,-389,560,-814,163,46,8,-284,-577,-829,-886,815,723,-166,129,112,-243,
1355779,1081509,168997,921975,166565,165749,-633,1154,-422,568,-819,160,86,19,-270,-613,-894,-885,810,729,-134,136,113,-256,
1267148,1081509,168997,921975,166565,165749,-670,1098,-510,568,-819,160,107,20,-255,-597,-945,-799,810,729,-134,157,111,-267,
1267148,1056798,168997,921975,166565,165749,-716,1031,-521,570,-814,151,102,18,-229,-556,-967,-839,802,739,-144,166,102,-270,
1267148,1056798,168662,921975,166565,165749,-674,1007,-535,570,-814,151,64,28,-188,-544,-1008,-840,802,739,-144,170,100,-265,
1267148,1056798,168662,945430,166565,165749,-680,1014,-552,570,-811,144,15,34,-118,-561,-1085,-782,799,748,-127,189,103,-245,
1267148,1056798,168662,945430,166441,165749,-663,1009,-484,574,-815,154,-27,42,-70,-495,-1111,-797,797,745,-142,175,94,-220,
1267148,1056798,168662,945430,166441,165920,-696,1019,-515,574,-815,154,-27,47,-30,-455,-1113,-798,797,745,-142,146,76,-188,
1267148,1056798,168662,945430,166441,165920,-690,1013,-453,574,-809,150,-32,46,12,-409,-1092,-875,791,743,-140,113,71,-152,
1267148,1056798,168662,945430,166441,165920,-706,979,-477,574,-809,150,-36,57,57,-443,-1095,-824,791,743,-140,87,67,-113,
1279261,1056798,168662,945430,166441,165920,-717,1019,-438,571,-811,155,-68,70,102,-434,-1084,-795,793,744,-149,51,68,-68,
1279261,1077928,168662,945430,166441,165920,-696,1067,-527,571,-811,155,-117,87,132,-431,-1058,-826,793,744,-149,2,84,13,
1279261,1077928,168996,945430,166441,165920,-703,1123,-584,569,-813,149,-148,87,162,-447,-1019,-857,787,748,-143,-37,94,31,
1279261,1077928,168996,923389,166441,165920,-641,1174,-528,566,-817,149,-163,72,180,-500,-987,-812,787,748,-143,-68,94,59,
1279261,1077928,168996,923389,166348,165920,-630,1186,-506,566,-817,149,-144,55,177,-496,-965,-840,792,746,-143,-56,84,66,
1279261,1077928,168996,923389,166348,165892,-627,1163,-499,560,-824,158,-122,44,174,-458,-947,-921,796,742,-170,-62,95,62,
1279261,1077928,168996,923389,166348,165892,-605,1156,-467,560,-824,158,-109,34,187,-499,-932,-851,796,742,-170,-63,84,56,
1279261,1077928,168996,923389,166348,165892,-636,1146,-500,557,-813,162,-77,25,208,-763,-884,-891,795,741,-151,-56,75,42,
1366895,1077928,168996,923389,166348,165892,-652,1128,-562,553,-826,154,-90,31,219,-544,-880,-846,795,741,-151,-41,69,28,
1366895,1191455,168996,923389,166348,165892,-658,1133,-482,553,-826,154,-105,40,230,-481,-856,-933,794,744,-157,-22,64,6,
1366895,1191455,168918,923389,166348,165892,-590,1158,-398,548,-831,159,-118,33,244,-518,-855,-921,794,744,-157,10,53,-18,
1366895,1191455,168918,965252,166348,165892,-640,1209,-529,548,-831,159,-156,33,245,-535,-880,-897,791,745,-151,62,31,-44,
1366895,1191455,168918,965252,166617,165892,-577,1223,-469,542,-832,154,-171,25,244,-522,-916,-912,793,744,-152,105,16,-68,
1366895,1191455,168918,965252,166617,165873,-585,1248,-470,542,-832,154,-183,12,236,-537,-943,-831,793,744,-152,115,4,-77,
1366895,1191455,168918,965252,166617,165873,-558,1266,-505,538,-836,158,-182,5,213,-464,-955,-907,790,746,-146,95,-17,-92,
1366895,1191455,168918,965252,166617,165873,-298,2110,-183,537,-840,161,-141,21,147,-460,-916,-935,790,746,-146,-14,-47,-47,
1470816,1191455,168918,965252,166617,165873,-428,1042,-493,537,-840,161,171,-14,-7,-542,-931,-810,793,743,-153,-200,-116,-21,
1470816,1173308,168918,965252,166617,165873,-594,1197,-515,530,-843,164,7,-14,-7,-492,-902,-882,793,743,-153,-150,-65,-22,
1470816,1173308,168879,965252,166617,165873,-640,1155,-492,530,-843,164,-122,75,-26,-504,-918,-838,792,747,-159,-62,2,-16,
1470816,1173308,168879,1081212,166617,165873,-577,1242,-417,537,-836,158,-201,98,-27,-444,-993,-885,792,747,-157,7,38,-6,
1470816,1173308,168879,1081212,166685,165873,-594,1224,-475,533,-839,156,-165,62,-28,-510,-1012,-813,793,743,-157,2,66,-1,
1470816,1173308,168879,1081212,166685,165733,-614,1175,-479,533,-839,156,-109,24,-21,-504,-907,-870,791,739,-152,-19,73,-255,
1470816,1173308,168879,1081212,166685,165733,-633,1155,-484,536,-840,160,-110,29,-14,-479,-945,-837,791,739,-152,13,86,1,
1470816,1173308,168879,1081212,166685,165733,-579,1190,-425,536,-840,160,-112,43,3,-495,-958,-867,790,739,-165,-17,78,4,
1491949,1173308,168879,1081212,166685,165733,-573,1176,-465,533,-842,164,-95,48,15,-497,-953,-842,790,739,-165,-41,60,-4,
1491949,1261905,168879,1081212,166685,165733,-603,1205,-419,533,-842,164,-89,44,19,-528,-960,-814,790,742,-152,-41,64,-10,
1491949,1261905,168890,1081212,166685,165733,-576,1197,-414,531,-836,160,-87,43,31,-517,-951,-834,790,742,-152,-23,63,-7,
1491949,1261905,168890,1045637,166685,165733,-602,1204,-457,532,-842,160,-69,44,35,-465,-942,-892,789,749,-167,-16,65,-12,
1491949,1261905,168890,1045637,166617,165733,-585,1230,-447,532,-842,160,-52,52,37,-456,-929,-900,792,741,-173,2,52,-9,
1491949,1261905,168890,1045637,166617,165899,-578,1260,-496,526,-841,155,-28,35,30,-467,-934,-945,792,741,-173,46,38,-13,
1491949,1261905,168890,1045637,166617,165899,-563,1261,-493,526,-841,155,-12,10,16,-461,-952,-924,791,740,-149,45,21,-6,
1491949,1261905,168890,1045637,166617,165899,-575,1242,-539,529,-841,156,-4,-2,3,-474,-975,-913,791,740,-149,28,-14,-4,
1501417,1261905,168890,1045637,166617,165899,-551,1240,-482,529,-848,162,-28,-12,-7,-449,-956,-907,793,741,-158,-5,-29,-4,
1501417,1294471,168890,1045637,166617,165899,-539,1212,-490,529,-848,162,-44,-28,-19,-483,-928,-881,793,741,-158,-16,-29,0,
1501417,1294471,168935,1045637,166617,165899,-579,1214,-481,531,-843,161,-63,-14,-18,-482,-906,-856,791,744,-148,-15,-20,1,
1501417,1294471,168935,1199988,166617,165899,-551,1197,-439,531,-843,161,-72,7,-29,-473,-904,-886,792,744,-170,-12,-12,-3,
1501417,1294471,168935,1199988,166829,165899,-599,1202,-405,529,-843,161,-73,26,-29,-470,-893,-857,792,744,-170,-18,-1,-21,
1501417,1294471,168935,1199988,166829,165797,-597,1188,-451,529,-843,165,-74,27,-20,-478,-923,-860,791,740,-155,-33,17,-33,
1501417,1294471,168935,1199988,166829,165797,-604,1203,-465,531,-848,165,-84,25,-15,-471,-967,-885,791,740,-155,-55,21,-33,
1501417,1294471,168935,1199988,166829,165797,-568,1217,-474,530,-845,168,-67,8,-11,-487,-971,-898,790,740,-169,-81,6,-36,
1496922,1294471,168935,1199988,166829,165797,-539,1259,-412,530,-845,168,-37,-4,-22,-488,-944,-944,790,740,-169,-99,-19,-36,
1496922,1333235,168935,1199988,166829,165797,-512,1245,-487,528,-847,155,-19,-2,-27,-505,-939,-884,790,746,-161,-102,-21,-36,
1496922,1333235,168856,1199988,166829,165797,-543,1247,-437,528,-847,155,-15,6,-47,-503,-918,-898,790,746,-161,-87,-41,-53,
1496922,1333235,168856,1199213,166829,165797,-538,1216,-430,528,-844,157,-4,22,-48,-483,-914,-878,790,747,-174,-53,-42,-60,
1496922,1333235,168856,1199213,166754,165797,-540,1229,-449,531,-846,152,-11,31,-60,-453,-894,-925,789,740,-161,-42,-51,-68,
1496922,1333235,168856,1199213,166754,165879,-555,1269,-457,531,-846,152,-10,43,-69,-484,-887,-926,789,740,-161,-38,-65,-80,
1496922,1333235,168856,1199213,166754,165879,-546,1251,-481,532,-842,160,-9,59,-82,-497,-897,-885,786,738,-167,-30,-63,-98,
1496922,1333235,168856,1199213,166754,165879,-542,1247,-424,532,-842,160,-1,60,-104,-501,-889,-902,786,738,-167,-25,-66,-113,
1453501,1333235,168856,1199213,166754,165879,-576,1235,-475,532,-843,152,6,69,-117,-468,-919,-888,787,748,-162,-10,-69,-122,
1453501,1350868,168856,1199213,166754,165879,-581,1210,-480,532,-841,152,-21,64,-139,-477,-969,-848,787,748,-162,0,-60,-127,
1453501,1350868,168834,1199213,166754,165879,-597,1177,-527,536,-841,152,-37,51,-131,-449,-1014,-853,784,749,-154,1,-55,-120,
1453501,1350868,168834,1219502,166754,165879,-627,1162,-548,540,-842,153,-39,28,-126,-474,-1024,-867,786,745,-167,-14,-62,-108,
1453501,1350868,168834,1219502,166777,165879,-601,1142,-522,540,-842,153,-30,5,-114,-468,-1037,-848,786,745,-167,-47,-73,-93,
1453501,1350868,168834,1219502,166777,165845,-577,1142,-506,537,-836,163,-20,-3,-98,-452,-1030,-847,781,749,-147,-67,-82,-73,
1453501,1350868,168834,1219502,166777,165845,-604,1141,-484,537,-836,163,-12,-2,-78,-416,-975,-942,781,749,-147,-55,-80,-45,
1453501,1350868,168834,1219502,166777,165845,-605,1146,-548,539,-827,146,-16,-3,-62,-458,-976,-893,783,750,-153,-29,-50,-33,
1446710,1350868,168834,1219502,166777,165845,-606,1161,-509,538,-839,151,-22,-9,-41,-527,-976,-785,783,750,-153,-10,-36,-18,
1446710,1315679,168834,1219502,166777,165845,-569,1185,-455,538,-839,151,-35,-8,-42,-466,-939,-899,783,751,-150,22,-22,0,
1446710,1315679,168894,1219502,166777,165845,-613,1179,-555,540,-840,149,-50,-4,-47,-467,-938,-886,783,751,-153,41,-6,7,
1446710,1315679,168894,1250780,166777,165845,-597,1174,-484,540,-840,149,-74,10,-39,-493,-939,-826,783,746,-153,39,5,6,
1446710,1315679,168894,1250780,166739,165845,-585,1166,-499,535,-834,149,-124,36,-35,-490,-921,-836,783,747,-159,58,15,5,
1446710,1315679,168894,1250780,166739,165835,-582,1180,-459,535,-833,157,-118,50,-30,-511,-936,-808,783,747,-159,58,35,5,
1446710,1315679,168894,1250780,166739,165835,-565,1173,-481,542,-833,157,-86,37,-16,-491,-882,-854,783,746,-155,60,55,-19,
1446710,1315679,168894,1250780,166739,165835,-585,1181,-410,542,-837,155,-39,17,-7,-483,-907,-847,783,746,-155,68,88,-35,
1426518,1315679,168894,1250780,166739,165835,-607,1172,-414,542,-837,155,-25,12,11,-448,-974,-830,780,750,-154,39,91,-48,
1426518,1292335,168894,1250780,166739,165835,-627,1189,-455,539,-828,161,-45,19,18,-404,-981,-893,780,750,-154,-30,70,-47,
1426518,1292335,168874,1250780,166739,165835,-604,1229,-439,539,-828,161,-73,20,22,-467,-983,-873,780,757,-145,-81,42,-38,
1426518,1292335,168874,1199545,166739,165835,-568,1238,-404,538,-832,152,-75,27,16,-494,-961,-891,781,744,-154,-88,40,-40,
1426518,1292335,168874,1199545,166707,165835,-599,1223,-469,542,-838,150,-71,14,13,-472,-944,-951,781,744,-154,-56,40,-24,
1426518,1292335,168874,1199545,166707,165816,-585,1238,-273,542,-838,150,-84,13,1,-477,-975,-1005,779,747,-175,-26,34,-14,
1426518,1292335,168874,1199545,166707,165816,-550,1228,-540,539,-836,158,-90,-9,-23,-483,-972,-879,779,747,-175,-18,18,-9,
1426518,1292335,168874,1199545,166707,165816,-565,1223,-507,539,-836,158,-93,-19,-40,-474,-943,-866,780,754,-162,-21,8,-7,
1421342,1292335,168874,1199545,166707,165816,-584,1213,-412,537,-835,146,-95,-11,-44,-426,-912,-946,780,754,-162,7,15,3,
1421342,1207767,168874,1199545,166707,165816,-561,1179,-491,538,-837,160,-103,0,-45,-465,-920,-892,784,755,-181,17,30,-5,
1421342,1207767,168987,1199545,166707,165816,-585,1181,-427,538,-837,160,-112,17,-41,-470,-918,-865,783,751,-170,23,27,-8,
1421342,1207767,168987,1154524,166707,165816,-589,1186,-391,541,-840,160,-82,23,-34,-501,-921,-840,783,751,-170,12,28,-12,
1421342,1207767,168987,1154524,166654,165816,-566,1194,-446,541,-840,160,-54,20,-24,-476,-927,-854,780,747,-171,-9,19,-20,
1421342,1207767,168987,1154524,166654,165853,-609,1212,-485,539,-837,160,-39,18,-17,-479,-959,-967,780,747,-171,-19,26,-27,
1421342,1207767,168987,1154524,166654,165853,-538,1221,-461,539,-837,160,-33,19,-15,-466,-963,-925,778,751,-175,-8,18,-26,
1421342,1207767,168987,1154524,166654,165853,-571,1233,-529,538,-830,145,-24,19,-24,-479,-967,-893,778,751,-175,-4,7,-23,
1384652,1207767,168987,1154524,166654,165853,-588,1241,-483,539,-839,155,-31,7,-37,-464,-960,-925,781,759,-174,11,-1,-17,
1384652,1206635,168987,1154524,166654,165853,-584,1220,-455,539,-839,155,-74,-2,-54,-486,-970,-866,781,759,-174,37,-15,-9,
1384652,1206635,168912,1154524,166654,165853,-599,1227,-475,538,-839,164,-103,7,-65,-489,-941,-839,778,753,-162,46,-15,-6,
1384652,1206635,168912,1158290,166654,165853,-569,1251,-442,538,-839,164,-123,16,-66,-515,-905,-827,780,751,-162,69,6,-17,
1384652,1206635,168912,1158290,166505,165853,-542,1213,-412,537,-830,153,-121,21,-72,-461,-884,-919,780,751,-162,54,15,-34,
1384652,1206635,168912,1158290,166505,165765,-567,1176,-477,540,-836,161,-109,25,-77,-508,-977,-888,780,748,-161,22,12,-34,
1384652,1206635,168912,1158290,166505,165765,-608,1165,-465,540,-836,161,-82,18,-73,-486,-970,-856,780,748,-161,-32,-5,-43,
1384652,1206635,168912,1158290,166505,165765,-610,1128,-447,542,-837,163,-66,0,-51,-462,-965,-882,778,755,-169,-70,-24,-50,
1381547,1206635,168912,1158290,166505,165765,-605,1196,-493,542,-837,163,-64,-9,-35,-460,-928,-899,778,755,-169,-61,-21,-36,
1381547,1212753,168912,1158290,166505,165765,-582,1206,-418,541,-838,152,-48,-6,-30,-491,-965,-847,776,759,-164,-25,7,-18,
1381547,1212753,168949,1158290,166505,165765,-571,1235,-475,541,-838,152,-41,0,-29,-468,-987,-912,783,753,-172,23,18,-7,
1381547,1212753,168949,1159743,166505,165765,-596,1228,-506,540,-833,154,-57,-1,-44,-444,-965,-956,783,753,-172,28,13,-3,
1381547,1212753,168949,1159743,166741,165765,-567,1240,-456,543,-837,160,-74,-9,-59,-474,-948,-896,783,750,-161,30,-5,-2,
1381547,1212753,168949,1159743,166741,165715,-552,1251,-401,543,-837,160,-73,-17,-71,-491,-897,-866,783,750,-161,32,-18,-11,
1381547,1212753,168949,1159743,166741,165715,-569,1245,-438,539,-836,167,-67,-5,-85,-497,-886,-869,781,751,-167,46,-13,-22,
1381547,1212753,168949,1159743,166741,165715,-553,1259,-387,539,-836,167,-40,2,-92,-480,-906,-834,781,751,-167,66,5,-35,
1247389,1212753,168949,1159743,166741,165715,-565,1257,-433,539,-833,154,-28,12,-102,-463,-914,-881,778,755,-155,86,23,-56,
1247389,1120504,168949,1159743,166741,165715,-565,1256,-463,542,-833,160,-10,20,-120,-477,-933,-842,778,755,-177,94,35,-60,
1247389,1120504,168985,1159743,166741,165715,-558,1258,-423,542,-833,160,20,27,-136,-478,-917,-888,779,753,-177,99,44,-68,
1247389,1120504,168985,1149716,166741,165715,-561,1341,-539,547,-836,162,51,16,-156,-572,-778,-799,774,755,-163,120,64,-79,
1247389,1120504,168985,1149716,166709,165715,-626,1257,-465,547,-836,162,120,-34,-192,-496,-808,-886,774,755,-163,229,121,-118,
1247389,1120504,168985,1149716,166709,165957,-622,1184,-579,548,-829,157,98,-64,-209,-417,-1046,-876,774,757,-168,241,140,-139,
1247389,1120504,168985,1149716,166709,165957,-608,1155,-445,548,-829,157,-219,-64,-210,-410,-1070,-875,774,757,-168,153,104,-136,
1247389,1120504,168985,1149716,166709,165957,-601,1106,-467,554,-825,151,-21,-56,-196,-404,-1016,-911,767,757,-151,19,22,-112,
1131640,1120504,168985,1149716,166709,165957,-638,1101,-438,555,-828,155,11,-32,-175,-437,-975,-909,767,757,-151,43,21,-101,
1131640,885294,168985,1149716,166709,165957,-589,1039,-529,555,-828,155,37,-6,-141,-429,-990,-956,766,766,-150,83,19,-88,
1131640,885294,168962,1149716,166709,165957,-643,1045,-523,559,-827,149,14,15,-101,-427,-1042,-910,769,762,-163,97,10,-57,
1131640,885294,168962,1144899,166709,165957,-674,1079,-529,559,-827,149,-11,30,-63,-439,-1071,-833,769,762,-163,67,-28,-46,
1131640,885294,168962,1144899,166722,165957,-638,1118,-512,554,-822,152,-43,24,-37,-430,-1036,-886,769,762,-158,22,-39,-28,
1131640,885294,168962,1144899,166722,165980,-638,1145,-509,557,-826,149,-60,21,-21,-436,-972,-857,769,762,-158,-3,-29,-16,
1131640,885294,168962,1144899,166722,165980,-600,1161,-466,557,-826,149,-62,10,-6,-439,-953,-865,771,767,-154,-1,-15,-6,
1131640,885294,168962,1144899,166722,165980,-613,1182,-491,554,-825,145,-79,2,-3,-426,-935,-896,771,767,-154,14,-8,-5,
1136547,885294,168962,1144899,166722,165980,-603,1211,-443,554,-825,145,-78,-1,-3,-467,-961,-832,770,769,-166,41,11,-1,
1136547,961557,168962,1144899,166722,165980,-613,1206,-511,555,-822,155,-41,-9,-21,-459,-978,-831,767,766,-142,36,24,-2,
1136547,961557,168933,1144899,166722,165980,-618,1195,-464,555,-822,153,-1,-1,-17,-440,-991,-836,767,766,-142,39,34,4,
1136547,961557,168933,1144455,166722,165980,-593,1174,-431,556,-826,153,21,0,-1,-452,-1013,-827,768,760,-156,12,25,1,
1136547,961557,168933,1144455,166746,165980,-636,1138,-501,555,-829,151,-7,7,1,-480,-1001,-807,768,760,-156,-13,14,8,
1136547,961557,168933,1144455,166746,165910,-594,1195,-516,555,-829,151,-48,15,15,-455,-967,-835,769,758,-145,-19,8,9,
1136547,961557,168933,1144455,166746,165910,-595,1231,-463,552,-829,156,-76,20,7,-454,-984,-819,769,758,-145,-13,23,18,
1136547,961557,168933,1144455,166746,165910,-595,1265,-475,552,-829,156,-85,10,-2,-436,-990,-839,770,764,-154,2,42,15,
1121821,961557,168933,1144455,166746,165910,-582,1251,-460,553,-822,161,-64,4,-10,-433,-1005,-823,770,764,-154,-14,51,17,
1121821,1090385,168933,1144455,166746,165910,-611,1238,-435,551,-829,159,-20,0,-25,-418,-969,-888,773,766,-153,-41,57,20,
1121821,1090385,168805,1144455,166746,165910,-622,1195,-478,551,-829,159,3,1,-38,-426,-932,-981,772,757,-154,-51,33,25,
1121821,1090385,168805,1060691,166746,165910,-631,1127,-420,552,-829,151,5,-256,-32,-479,-937,-905,772,757,-154,-37,16,27,
1121821,1090385,168805,1060691,166600,165910,-639,1141,-436,552,-829,151,-50,0,-26,-457,-991,-879,770,758,-160,35,21,25,
1121821,1090385,168805,1060691,166600,165857,-605,1145,-475,551,-824,153,-82,15,-13,-451,-1025,-828,770,758,-160,54,13,30,
1121821,1090385,168805,1060691,166600,165857,-590,1211,-452,551,-827,145,-92,22,-2,-429,-1037,-857,773,761,-153,51,-2,44,
1121821,1090385,168805,1060691,166600,165857,-595,1197,-523,553,-827,145,-73,13,-5,-417,-1040,-881,773,761,-153,20,-2,71,
1036051,1090385,168805,1060691,166600,165857,-598,1194,-524,554,-830,153,-62,3,-15,-451,-1046,-810,775,759,-160,-20,-6,89,
1036051,1096587,168805,1060691,166600,165857,-621,1221,-541,554,-830,153,-51,-4,-20,-443,-988,-878,776,761,-166,-46,-16,97,
1036051,1096587,168837,1060691,166600,165857,-610,1202,-509,552,-829,155,-69,-17,-35,-483,-954,-829,776,761,-166,-53,-30,105,
1036051,1096587,168837,1004682,166600,165857,-645,1195,-484,552,-829,155,-74,-27,-39,-474,-925,-875,779,753,-143,-33,-11,98,
1036051,1096587,168837,1004682,166735,165857,-580,1161,-397,552,-824,153,-87,-32,-42,-493,-902,-861,779,753,-143,-29,-11,94,
1036051,1096587,168837,1004682,166735,165861,-619,1163,-408,555,-826,152,-79,-21,-41,-502,-872,-842,778,749,-153,-35,-1,71,
1036051,1096587,168837,1004682,166735,165861,-570,1141,-453,555,-826,152,-58,13,-16,-532,-858,-833,778,749,-153,-32,10,44,
1036051,1096587,168837,1004682,166735,165861,-612,1121,-490,551,-827,151,-61,29,-1,-505,-856,-860,782,763,-160,-7,16,18,
1070546,1096587,168837,1004682,166735,165861,-616,1195,-506,551,-827,151,-101,40,6,-512,-843,-878,782,763,-159,-6,19,-17,
1070546,964968,168837,1004682,166735,165861,-600,1249,-515,554,-827,157,-124,26,-1,-515,-841,-854,782,748,-159,6,31,-52,
1070546,964968,168474,1004682,166735,165861,-599,1291,-482,550,-820,158,-127,5,-20,-479,-862,-956,779,753,-143,48,31,-77,
1070546,964968,168474,964412,166735,165861,-594,1319,-490,550,-820,158,-109,-9,-51,-480,-922,-863,779,753,-143,96,41,-97,
1070546,964968,168474,964412,166702,165861,-555,1299,-401,553,-831,163,-76,-35,-83,-445,-1045,-876,777,754,-164,124,53,-104,
1070546,964968,168474,964412,166702,165644,-585,1204,-469,553,-831,163,-27,-42,-94,-426,-1093,-900,777,754,-164,130,44,-98,
1070546,964968,168474,964412,166702,165644,-619,1154,-467,551,-828,153,-16,-35,-107,-401,-1109,-924,776,757,-150,126,35,-37,
1070546,964968,168474,964412,166702,165644,-615,1130,-504,551,-828,153,-19,-19,-104,-397,-1113,-914,776,757,-150,86,-54,-1,
1065800,964968,168474,964412,166702,165644,-600,1150,-476,553,-819,154,-30,-2,-94,-385,-1058,-939,772,764,-161,-17,-72,28,
1065800,954281,168474,964412,166702,165644,-622,1148,-503,554,-828,158,-39,8,-84,-435,-1010,-863,775,753,-161,-20,-76,50,
1065800,954281,168847,964412,166702,165644,-639,1158,-470,554,-828,158,-50,11,-69,-453,-955,-888,775,753,-161,-4,-76,56,
1065800,954281,168847,912997,166702,165644,-602,1162,-437,559,-829,153,-54,10,-58,-484,-935,-820,781,753,-134,3,-67,45,
1065800,954281,168847,912997,166749,165644,-626,1198,-468,559,-829,153,-61,22,-52,-496,-909,-797,781,753,-134,6,-54,25,
1065800,954281,168847,912997,166749,165841,-623,1195,-457,550,-814,153,-78,13,-56,-483,-874,-835,779,756,-151,4,-28,9,
1065800,954281,168847,912997,166749,165841,-614,1208,-506,556,-822,157,-93,20,-61,-482,-884,-823,779,756,-151,1,-6,-7,
1065800,954281,168847,912997,166749,165841,-616,1234,-448,556,-822,157,-101,17,-64,-488,-899,-812,780,760,-161,42,15,-19,
1070726,954281,168847,912997,166749,165841,-627,1253,-429,559,-824,157,-103,-6,-76,-467,-925,-873,780,756,-155,81,54,-26,
1070726,583396,168847,912997,166749,165841,-630,1231,-490,559,-824,157,-70,-28,-88,-446,-1004,-864,780,756,-155,128,84,-19,
1070726,583396,168883,912997,166749,165841,-614,1178,-470,558,-819,158,-48,-48,-99,-416,-1101,-921,780,755,-161,115,59,0,
1070726,583396,168883,914219,166749,165841,-604,1136,-481,558,-819,158,-32,-48,-88,-396,-1103,-904,780,755,-161,44,2,33,
1070726,583396,168883,914219,166631,165841,-600,1112,-440,557,-815,144,-49,-26,-74,-425,-1020,-920,781,750,-143,-47,-50,55,
1070726,583396,168883,914219,166631,165735,-642,1106,-513,559,-821,161,-67,-9,-62,-486,-933,-899,781,750,-143,-92,-82,76,
1070726,583396,168883,914219,166631,165735,-615,1150,-449,559,-821,161,-75,-1,-41,-482,-890,-860,780,753,-144,-70,-83,82,
1070726,583396,168883,914219,166631,165735,-597,1156,-457,559,-820,168,-74,-3,-26,-477,-917,-881,780,753,-144,-16,-55,72,
1131301,583396,168883,914219,166631,165735,-642,1152,-532,559,-820,168,-73,-12,-20,-454,-934,-908,785,753,-154,33,-47,68,
1131301,230281,168883,914219,166631,165735,-651,1168,-401,556,-821,161,-56,-13,-18,-481,-968,-839,788,745,-152,41,-48,65,
1131301,230281,168936,914219,166631,165735,-623,1128,-443,561,-822,159,-62,-16,-5,-502,-936,-835,788,745,-152,5,-74,44,
1131301,230281,168936,850691,166631,165735,-613,1111,-523,561,-822,159,-73,-8,12,-518,-841,-806,789,746,-154,-25,-90,22,
1131301,230281,168936,850691,166741,165735,-600,1159,-438,557,-828,165,-82,9,26,-550,-835,-740,789,746,-154,10,-54,-25,
1131301,230281,168936,850691,166741,165713,-635,1190,-505,557,-828,165,-90,25,35,-514,-843,-802,791,750,-150,43,-17,-53,
1131301,230281,168936,850691,166741,165713,-594,1225,-497,555,-822,157,-92,30,41,-533,-883,-764,791,750,-150,55,17,-83,
1131301,230281,168936,850691,166741,165713,-621,1261,-486,555,-822,157,-87,21,36,-527,-927,-811,784,754,-168,57,32,-102,
1133820,230281,168936,850691,166741,165713,-588,1261,-449,554,-825,163,-63,-6,12,-485,-938,-856,785,753,-148,47,28,-117,
1133820,426688,168936,850691,166741,165713,-592,1235,-467,555,-826,168,-47,-19,-5,-505,-957,-838,785,753,-148,32,18,-131,
1133820,426688,168778,850691,166741,165713,-598,1197,-484,555,-826,168,-35,-13,-15,-488,-935,-880,781,754,-136,37,21,-147,
1133820,426688,168778,925006,166741,165713,-614,1202,-476,556,-825,170,-38,5,-21,-446,-995,-860,781,754,-136,62,25,-143,
1133820,426688,168778,925006,166704,165713,-607,1203,-459,556,-825,170,-49,18,-24,-443,-1052,-802,782,754,-142,92,36,-129,
1133820,426688,168778,925006,166704,165899,-598,1166,-425,553,-821,163,-28,14,-23,-390,-1091,-842,782,754,-142,86,52,-108,
1133820,426688,168778,925006,166704,165899,-653,1113,-502,554,-827,165,-28,1,-15,-379,-1118,-857,778,766,-132,72,47,-71,
1133820,426688,168778,925006,166704,165899,-681,1094,-491,554,-827,165,-43,1,-5,-370,-1137,-876,778,766,-153,31,43,-23,
1127355,426688,168778,925006,166704,165899,-647,1113,-478,553,-827,168,-66,4,56,-381,-1119,-895,779,758,-153,-29,15,24,
1127355,597212,168778,925006,166704,165899,-610,1118,-444,553,-827,168,-103,28,84,-394,-1081,-897,782,753,-133,-76,-13,64,
1127355,597212,169052,925006,166704,165899,-622,1162,-465,546,-826,164,-101,38,99,-441,-1007,-901,782,753,-133,-115,-39,92,
1127355,597212,169052,931745,166704,165899,-582,1143,-428,546,-826,165,-92,43,108,-541,-886,-831,783,753,-133,-117,-61,100,
1127355,597212,169052,931745,166848,165899,-602,1163,-457,546,-834,165,-107,54,120,-512,-813,-848,783,753,-133,-106,-59,88,
1127355,597212,169052,931745,166848,165874,-587,1205,-498,544,-836,165,-112,57,119,-559,-801,-744,786,750,-133,-74,-47,59,
1127355,597212,169052,931745,166848,165874,-420,1678,-413,544,-836,165,-97,53,109,-515,-821,-790,786,750,-133,-27,-18,-249,
1127355,597212,169052,931745,166848,165874,-537,1255,-510,543,-829,168,45,29,22,-466,-976,-801,783,756,-136,3,-11,-60,
1250832,597212,169052,931745,166848,165874,-605,1186,-421,543,-829,168,93,1,-15,-530,-922,-807,782,750,-146,-196,-34,-79,
1250832,646807,169052,931745,166848,165874,-606,1176,-522,540,-833,160,-15,34,-25,-515,-881,-817,782,750,-146,-154,-12,-89,
1250832,646807,168976,931745,166848,165874,-567,1197,-468,545,-832,169,-107,78,-39,-475,-829,-891,781,751,-145,-64,34,-98,
1250832,646807,168976,1155497,166848,165874,-578,1329,-442,545,-832,169,-139,56,-72,-401,-1154,-952,781,751,-145,18,62,-100,
1250832,646807,168976,1155497,166862,165874,-678,1169,-564,542,-835,162,-136,37,-78,-416,-1158,-890,777,756,-151,-12,33,-69,
1250832,646807,168976,1155497,166862,165907,-623,1176,-507,542,-835,162,-158,20,-78,-464,-1046,-876,777,756,-151,-49,-15,-36,
1250832,646807,168976,1155497,166862,165907,-583,1189,-424,545,-828,168,-152,11,-68,-469,-1000,-840,781,758,-150,-6,-20,-7,
1250832,646807,168976,1155497,166862,165907,-571,1212,-450,545,-829,164,-143,7,-73,-472,-939,-800,782,758,-147,49,14,16,
1479862,646807,168976,1155497,166862,165907,-503,1264,-399,545,-829,164,-99,-3,-87,-431,-917,-772,782,758,-147,73,52,26,
1479862,259888,168976,1155497,166862,165907,-549,1255,-494,546,-829,166,-105,-30,-115,-428,-881,-785,779,751,-149,72,80,23,
1479862,259888,168808,1155497,166862,165907,-537,1388,-570,546,-829,166,-148,-47,-140,-507,-748,-933,779,751,-149,118,128,-2,
1479862,259888,168808,1110625,166862,165907,-573,1318,-538,547,-826,175,-88,-95,-175,-541,-859,-926,784,751,-145,215,161,-44,
1479862,259888,168808,1110625,166678,165907,-557,1264,-531,547,-826,175,-94,-102,-205,-504,-956,-986,784,751,-145,250,152,-92,
1479862,259888,168808,1110625,166678,165898,-581,1276,-480,552,-814,174,-104,-108,-494,-465,-1039,-981,777,759,-144,245,101,-112,
1479862,259888,168808,1110625,166678,165898,-572,1232,-443,557,-821,177,-74,-82,-279,-436,-1087,-882,777,759,-144,208,36,-119,
1479862,259888,168808,1110625,166678,165898,-575,1229,-429,557,-821,177,-50,-75,-283,-416,-1079,-904,775,762,-161,141,-25,-113,
1775611,259888,168808,1110625,166678,165898,-616,1183,-387,565,-814,178,-23,-57,-287,-417,-1096,-858,773,758,-129,104,-78,-89,
1775611,298729,168808,1110625,166678,165898,-649,1177,-395,565,-814,178,-5,-34,-284,-406,-1127,-836,773,758,-129,101,-80,-52,
1775611,298729,168875,1110625,166678,165898,-674,1155,-360,568,-812,177,8,-11,-271,-394,-1170,-764,776,757,-137,68,-71,-4,
1775611,298729,168875,1061270,166678,165898,-649,1172,-391,574,-801,179,5,-1,-260,-404,-1160,-779,776,757,-137,24,-60,95,
1775611,298729,168875,1061270,166772,165898,-659,1159,-419,574,-801,179,-24,4,-261,-436,-1116,-750,776,763,-138,-86,-38,138,
1775611,298729,168875,1061270,166772,165958,-690,1161,-490,578,-806,179,-59,-4,-254,-459,-1028,-813,776,763,-138,-127,-44,161,
1775611,298729,168875,1061270,166772,165958,-656,1173,-482,578,-806,179,-81,-24,-255,-508,-968,-786,782,757,-163,-129,-31,168,
1775611,298729,168875,1061270,166772,165958,-639,1157,-439,580,-802,173,-100,-46,-256,-502,-916,-795,785,754,-140,-106,-18,159,
1845680,298729,168875,1061270,166772,165958,-666,1155,-499,580,-802,173,-91,-61,-244,-470,-911,-862,785,754,-140,-83,-13,145,
1845680,370653,168875,1061270,166772,165958,-668,1128,-483,582,-792,175,-68,-66,-229,-513,-917,-868,789,745,-158,-68,-22,137,
1845680,370653,169041,1061270,166772,165958,-669,1133,-403,589,-795,176,-55,-64,-215,-510,-917,-858,789,745,-158,-49,-4,119,
1845680,370653,169041,1151690,166772,165958,-701,1109,-494,589,-795,176,-55,-69,-190,-463,-919,-862,787,743,-138,-31,5,102,
1845680,370653,169041,1151690,166745,165958,-701,1107,-458,588,-794,183,-61,-74,-180,-450,-956,-845,787,743,-138,-28,6,93,
1845680,370653,169041,1151690,166745,165973,-664,1101,-422,588,-794,183,-59,-71,-151,-479,-963,-843,792,753,-135,-46,16,87,
1845680,370653,169041,1151690,166745,165973,-694,1113,-430,592,-787,182,-78,-72,-135,-477,-942,-845,792,753,-144,-76,12,86,
1845680,370653,169041,1151690,166745,165973,-718,1106,-517,592,-784,187,-103,-80,-121,-474,-907,-888,795,744,-144,-87,24,80,
1907058,370653,169041,1151690,166745,165973,-721,1111,-526,592,-784,187,-136,-94,-106,-478,-922,-855,796,738,-164,-69,45,75,
1907058,245949,169041,1151690,166745,165973,-696,1134,-503,593,-790,185,-181,-110,-97,-489,-951,-849,796,738,-164,-41,75,80,
1907058,245949,168980,1151690,166745,165973,-668,1177,-474,593,-790,185,-199,-132,-84,-461,-1017,-924,797,737,-145,-28,81,85,
1907058,245949,168980,1181651,166745,165973,-660,1162,-464,591,-783,203,-160,-171,-86,-491,-1017,-908,797,737,-145,-29,60,103,
1907058,245949,168980,1181651,166584,165973,-687,1124,-488,591,-783,203,-150,-187,-78,-467,-977,-952,799,737,-155,-22,21,120,
1907058,245949,168980,1181651,166584,165960,-711,1077,-468,594,-782,204,-172,-195,-55,-481,-988,-938,799,737,-155,-4,-5,134,
1907058,245949,168980,1181651,166584,165960,-702,1044,-490,594,-783,206,-220,-190,-29,-467,-1011,-902,802,735,-162,28,-15,143,
1907058,245949,168980,1181651,166584,165960,-690,1076,-483,594,-783,206,-277,-186,-5,-436,-1012,-883,803,731,-131,31,-11,198,
2013515,245949,168980,1181651,166584,165960,-668,1161,-463,589,-788,213,-301,-210,13,-460,-1013,-831,803,731,-131,18,6,221,
2013515,173091,168980,1181651,166584,165960,-691,1156,-486,589,-788,213,-285,-232,18,-485,-1015,-791,810,725,-160,-7,16,238,
2013515,173091,168556,1181651,166584,165960,-708,1129,-462,585,-781,212,-274,-246,24,-477,-960,-826,810,725,-160,-22,38,245,
2013515,173091,168556,1350595,166584,165960,-736,1110,-445,588,-784,228,-267,-265,38,-537,-960,-807,813,723,-154,-19,50,260,
2013515,173091,168556,1350595,166717,165960,-720,1077,-449,588,-784,228,-269,-276,59,-473,-961,-935,813,723,-154,-13,41,264,
2013515,173091,168556,1350595,166717,166013,-728,1095,-396,581,-786,233,-297,-285,92,-490,-955,-924,818,724,-145,-20,33,264,
2013515,173091,168556,1350595,166717,166013,-696,1151,-411,581,-786,233,-345,-285,122,-522,-948,-858,818,714,-146,-15,8,277,
2013515,173091,168556,1350595,166717,166013,-668,1213,-391,576,-790,245,-349,-308,131,-509,-942,-891,824,714,-146,-25,1,282,
2180583,173091,168556,1350595,166717,166013,-686,1257,-380,576,-790,245,-346,-325,124,-507,-917,-891,825,705,-152,-47,-10,282,
2180583,191902,168556,1350595,166717,166013,-655,1265,-342,570,-785,255,-347,-341,104,-563,-905,-814,825,705,-152,-55,-27,275,
2180583,191902,168874,1350595,166717,166013,-630,1281,-337,569,-788,259,-342,-351,75,-558,-847,-785,832,703,-145,-61,-14,257,
2180583,191902,168874,1575468,166717,166013,-649,1286,-337,569,-788,259,-328,-360,48,-577,-859,-803,832,703,-145,-72,1,234,
2180583,191902,168874,1575468,166586,166013,-649,1285,-292,566,-788,279,-318,-355,23,-579,-855,-843,833,698,-155,-75,26,206,
2180583,191902,168874,1575468,166586,165673,-669,1272,-319,566,-788,279,-302,-343,-2,-561,-870,-892,833,698,-155,-71,27,183,
2180583,191902,168874,1575468,166586,165673,-639,1258,-231,561,-785,278,-288,-324,-22,-575,-890,-879,838,699,-171,-66,32,163,
2180583,191902,168874,1575468,166586,165673,-681,1244,-236,562,-786,294,-238,-297,-38,-539,-880,-881,841,690,-179,-74,27,148,
2141378,191902,168874,1575468,166586,165673,-668,1177,-203,562,-786,294,-194,-282,-35,-565,-891,-822,841,690,-179,-83,33,137,
2141378,534687,168874,1575468,166586,165673,-732,1078,-290,557,-784,302,-208,-249,-11,-564,-846,-827,844,686,-168,-102,31,125,
2141378,534687,168732,1575468,166586,165673,-767,1123,-259,557,-784,302,-241,-248,22,-604,-821,-891,844,686,-168,-110,42,104,
2141378,534687,168732,1501152,166586,165673,-738,1143,-165,557,-785,300,-238,-251,45,-578,-806,-868,845,688,-169,-95,45,45,
2141378,534687,168732,1501152,166646,165673,-732,1107,-240,557,-785,300,-216,-236,68,-571,-860,-864,845,688,-169,-31,78,28,
2141378,534687,168732,1501152,166646,165767,-713,1102,-142,552,-787,303,-173,-216,95,-575,-893,-865,842,694,-162,-34,77,18,
2141378,534687,168732,1501152,166646,165767,-732,1125,-107,550,-788,314,-137,-173,125,-582,-890,-836,843,685,-187,-57,74,7,
2141378,534687,168732,1501152,166646,165767,-744,1101,-78,550,-788,314,-84,-121,159,-580,-858,-838,843,685,-187,-91,57,-6,
1884318,534687,168732,1501152,166646,165767,-755,1102,-49,542,-790,312,-37,-70,193,-607,-835,-834,841,682,-182,-99,54,-39,
1884318,600374,168732,1501152,166646,165767,-749,1117,-37,542,-790,312,-2,-13,234,-600,-770,-903,841,682,-182,-69,67,-73,
1884318,600374,168787,1501152,166646,165767,-725,1125,-49,537,-793,313,26,43,273,-598,-791,-902,842,685,-182,-16,81,-103,
1884318,600374,168787,1498306,166646,165767,-688,1164,-85,530,-803,310,58,161,332,-559,-859,-915,842,685,-182,45,88,-134,
1884318,600374,168787,1498306,166609,165767,-668,1193,-165,530,-803,310,22,181,329,-503,-942,-908,836,694,-164,58,72,-146,
1884318,600374,168787,1498306,166609,165574,-646,1347,-293,530,-809,304,-7,154,309,-464,-985,-905,836,694,-164,25,61,-139,
1884318,600374,168787,1498306,166609,165574,-586,1373,-320,530,-809,304,-8,111,275,-500,-936,-902,835,690,-193,-9,42,-113,
1884318,600374,168787,1498306,166609,165574,-559,1407,-428,522,-806,310,-7,73,229,-506,-925,-956,831,691,-183,-1,45,-93,
2004232,600374,168787,1498306,166609,165574,-544,1434,-391,522,-806,309,-2,58,175,-495,-954,-984,831,691,-183,42,56,-73,
2004232,274962,168787,1498306,166609,165574,-517,1421,-394,518,-814,309,-16,68,111,-501,-981,-969,835,692,-175,52,43,-55,
2004232,274962,168849,1498306,166609,165574,-523,1458,-395,519,-817,298,-39,62,45,-477,-983,-973,835,692,-175,46,22,-33,
2004232,274962,168849,1618489,166609,165574,-553,1442,-398,519,-817,298,-41,37,-19,-455,-964,-998,831,697,-168,23,6,-11,
2004232,274962,168849,1618489,166715,165574,-588,1369,-513,516,-818,303,-37,-8,-88,-489,-957,-940,831,697,-168,11,-11,16,
2004232,274962,168849,1618489,166715,165889,-551,1286,-410,516,-818,303,-29,-52,-175,-502,-929,-920,832,700,-185,3,-12,26,
2004232,274962,168849,1618489,166715,165889,-637,1245,-437,518,-804,303,-63,-56,-188,-537,-891,-890,835,692,-193,-16,-30,28,
2004232,274962,168849,1618489,166715,165889,-625,1222,-321,524,-815,308,-90,-61,-189,-561,-821,-986,835,692,-193,-26,-53,-3,
2136021,274962,168849,1618489,166715,165889,-648,1172,-359,524,-815,308,-104,-78,-182,-580,-768,-997,837,692,-157,9,-115,-44,
2136021,316813,168849,1618489,166715,165889,-673,1139,-305,528,-811,304,-152,-95,-158,-594,-766,-927,837,692,-157,75,-108,-87,
2136021,316813,168904,1618489,166715,165889,-688,1134,-343,528,-811,304,-185,-113,-128,-552,-830,-908,836,692,-169,136,-79,-116,
2136021,316813,168904,1706783,166715,165889,-669,1170,-254,526,-802,309,-199,-113,-103,-568,-939,-779,836,692,-169,173,-63,-127,
2136021,316813,168904,1706783,166880,165889,-634,1181,-286,526,-800,314,-175,-111,-88,-482,-1039,-810,836,704,-164,177,-52,-119,
2136021,316813,168904,1706783,166880,165847,-673,1176,-325,524,-800,314,-165,-117,-66,-491,-1090,-769,836,698,-167,103,-56,-86,
2136021,316813,168904,1706783,166880,165847,-671,1169,-366,525,-805,315,-184,-142,-57,-525,-1080,-755,833,698,-167,19,-58,-56,
2136021,316813,168904,1706783,166880,165847,-675,1218,-352,525,-805,315,-242,-186,-38,-533,-998,-793,832,696,-152,-26,-52,-29,
2179821,316813,168904,1706783,166880,165847,-635,1219,-299,521,-802,333,-265,-229,-16,-552,-948,-778,832,696,-152,-32,-18,-19,
2179821,225366,168904,1706783,166880,165847,-646,1214,-285,521,-802,333,-228,-261,-9,-561,-994,-787,829,697,-164,-7,8,2,
2179821,225366,168843,1706783,166880,165847,-640,1181,-228,519,-792,334,-210,-256,2,-552,-980,-788,829,697,-164,-25,17,15,
2179821,225366,168843,1732532,166880,165847,-654,1164,-242,517,-802,339,-190,-249,14,-534,-935,-846,831,699,-169,-80,17,26,
2179821,225366,168843,1732532,166796,165847,-709,1171,-208,517,-802,339,-181,-241,35,-556,-860,-871,831,699,-169,-118,11,17,
2179821,225366,168843,1732532,166796,166087,-680,1169,-98,516,-804,342,-168,-234,57,-606,-820,-826,833,701,-161,-133,5,-4,
2179821,225366,168843,1732532,166796,166087,-692,1165,-122,516,-804,342,-162,-207,78,-578,-769,-876,831,695,-176,-122,18,-46,
2179821,225366,168843,1732532,166796,166087,-665,1195,-19,510,-795,335,-131,-154,97,-591,-792,-810,831,695,-176,-96,43,-84,
1863624,225366,168843,1732532,166796,166087,-691,1211,-35,501,-805,347,-73,-115,116,-571,-855,-913,829,698,-175,-61,96,-97,
1863624,317525,168843,1732532,166796,166087,-681,1184,2,501,-805,347,9,-59,128,-520,-942,-894,829,698,-175,-37,133,-125,
1863624,317525,168974,1732532,166796,166087,-702,1120,-6,497,-811,346,90,-10,150,-484,-964,-970,828,703,-170,-26,138,-129,
1863624,317525,168974,1437572,166796,166087,-658,1187,-100,497,-811,346,17,122,228,-487,-1001,-984,828,703,-170,-19,119,-85,
1863624,317525,168974,1437572,166896,166087,-604,1301,-165,491,-812,345,-24,159,236,-479,-1031,-993,826,704,-177,7,68,-43,
1863624,317525,168974,1437572,166896,165837,-583,1414,-193,491,-812,345,-12,168,210,-457,-1080,-1003,829,705,-184,26,13,2,
1863624,317525,168974,1437572,166896,165837,-536,1426,-194,489,-807,341,25,170,159,-438,-1065,-1022,829,705,-184,5,-22,40,
1863624,317525,168974,1437572,166896,165837,-561,1435,-231,491,-816,341,26,160,108,-461,-1016,-980,827,698,-174,-17,-52,74,
1861652,317525,168974,1437572,166896,165837,-556,1459,-506,491,-816,341,9,150,38,-510,-908,-915,827,698,-174,-19,-58,91,
1861652,331587,168974,1437572,166896,165837,-509,1475,-249,487,-820,343,-4,147,-24,-551,-872,-844,829,699,-177,-24,-38,103,
1861652,331587,168864,1437572,166896,165837,-534,1450,-279,487,-820,343,13,154,-95,-519,-853,-904,829,699,-177,-19,-34,96,
1861652,331587,168864,1369060,166896,165837,-542,1409,-254,493,-812,336,54,150,-156,-562,-843,-875,832,698,-176,-3,-17,80,
1861652,331587,168864,1369060,166794,165837,-578,1348,-213,502,-810,320,88,144,-211,-547,-835,-890,832,698,-176,3,-17,62,
1861652,331587,168864,1369060,166794,165937,-602,1295,-277,502,-810,320,96,146,-266,-559,-826,-859,830,693,-198,-6,-9,42,
1861652,331587,168864,1369060,166794,165937,-602,1259,-265,505,-816,332,90,141,-271,-575,-807,-880,834,692,-179,-20,-8,13,
1861652,331587,168864,1369060,166794,165937,-645,1202,-282,505,-816,332,104,138,-276,-573,-752,-927,834,692,-179,-6,-2,-36,
1719861,331587,168864,1369060,166794,165937,-645,1137,-257,516,-803,320,114,143,-259,-567,-786,-896,832,696,-168,25,12,-77,
1719861,350539,168864,1369060,166794,165937,-698,1121,-318,516,-803,320,87,149,-230,-563,-839,-878,832,696,-168,53,12,-116,
1719861,350539,168841,1369060,166794,165937,-720,1103,-280,525,-808,306,56,146,-199,-574,-886,-840,832,704,-168,68,18,-145,
1719861,350539,168841,1302402,166794,165937,-697,1127,-279,528,-809,314,29,136,-167,-549,-891,-863,832,704,-168,72,9,-160,
1719861,350539,168841,1302402,166468,165937,-684,1101,-334,528,-809,314,32,127,-131,-513,-910,-908,826,703,-175,83,24,-172,
1719861,350539,168841,1302402,166468,165815,-705,1092,-335,530,-806,317,20,122,-93,-518,-950,-928,828,705,-176,89,37,-169,
1719861,350539,168841,1302402,166468,165815,-696,1099,-298,530,-806,317,-3,119,-52,-501,-984,-927,828,705,-176,98,35,-157,
1719861,350539,168841,1302402,166468,165815,-697,1149,-334,526,-803,307,-37,117,-9,-502,-1000,-891,821,705,-178,86,16,-118,
1809152,350539,168841,1302402,166468,165815,-669,1192,-306,526,-810,308,-76,94,30,-478,-1001,-865,821,705,-178,77,-18,-99,
1809152,307307,168841,1302402,166468,165815,-647,1248,-267,526,-810,308,-67,71,33,-496,-963,-867,819,707,-166,22,-10,-79,
1809152,307307,168883,1302402,166468,165815,-639,1515,-326,523,-809,308,-56,52,22,-516,-929,-836,819,707,-166,2,-6,-66,
1809152,307307,168883,1293216,166468,165815,-610,1279,-311,523,-809,308,-51,40,15,-530,-919,-831,822,711,-160,24,8,-66,
1809152,307307,168883,1293216,166725,165815,-628,1293,-295,525,-808,318,-39,46,-3,-520,-902,-878,822,711,-153,35,24,-62,
1809152,307307,168883,1293216,166725,165851,-599,1318,-274,525,-808,318,-16,55,-24,-516,-927,-828,820,711,-153,30,34,-70,
1809152,307307,168883,1293216,166725,165851,-618,1305,-275,527,-806,308,12,58,-47,-510,-937,-882,822,709,-171,1,42,-70,
1809152,307307,168883,1293216,166725,165851,-652,1266,-319,524,-809,303,28,40,-68,-508,-927,-883,822,709,-171,-17,42,-75,
1873758,307307,168883,1293216,166725,165851,-649,1222,-305,524,-809,303,18,23,-73,-539,-891,-899,816,710,-164,-2,37,-81,
1873758,355132,168883,1293216,166725,165851,-645,1200,-354,528,-804,305,-5,18,-73,-531,-925,-888,816,710,-164,47,28,-84,
1873758,355132,168836,1293216,166725,165851,-659,1198,-294,528,-804,305,-15,13,-74,-485,-957,-893,816,713,-180,82,31,-79,
1873758,355132,168836,1160992,166725,165851,-653,1209,-252,531,-801,300,-19,31,-68,-493,-998,-874,816,713,-180,72,30,-75,
1873758,355132,168836,1160992,166738,165851,-640,1211,-277,531,-808,295,5,33,-50,-502,-975,-884,815,723,-167,62,6,-62,
1873758,355132,168836,1160992,166738,165862,-672,1187,-312,531,-808,295,17,32,-43,-506,-941,-920,817,714,-169,45,-7,-60,
1873758,355132,168836,1160992,166738,165862,-670,1144,-328,531,-809,297,-15,49,-23,-510,-914,-953,817,714,-169,69,-10,-51,
1873758,355132,168836,1160992,166738,165862,-659,1189,-273,531,-809,297,-60,55,-4,-515,-941,-872,815,715,-171,83,-14,-41,
1908264,355132,168836,1160992,166738,165862,-663,1215,-296,530,-809,297,-78,64,10,-493,-953,-867,815,715,-171,82,-23,-46,
1908264,321907,168836,1160992,166738,165862,-663,1228,-326,530,-809,297,-70,47,13,-507,-889,-848,814,721,-163,49,-33,-41,
1908264,321907,168652,1160992,166738,165862,-649,1212,-260,527,-808,299,-44,36,17,-546,-872,-849,814,721,-163,19,-42,-50,
1908264,321907,168652,1264381,166738,165862,-651,1195,-278,530,-809,298,-61,36,22,-537,-868,-863,813,723,-170,11,-25,-66,
1908264,321907,168652,1264381,166716,165862,-648,1266,-260,530,-809,298,-98,53,18,-542,-883,-843,813,721,-152,24,11,-103,
1908264,321907,168652,1264381,166716,166031,-637,1251,-246,526,-810,309,-102,56,10,-519,-908,-835,813,721,-152,33,21,-115,
1908264,321907,168652,1264381,166716,166031,-646,1217,-296,526,-810,309,-54,44,11,-505,-911,-853,809,717,-154,22,31,-124,
1908264,321907,168652,1264381,166716,166031,-648,1234,-271,523,-808,295,-45,38,10,-510,-927,-824,809,717,-154,13,33,-133,
1895684,321907,168652,1264381,166716,166031,-641,1253,-226,526,-810,295,-33,48,8,-515,-906,-898,811,721,-172,1,29,-141,
1895684,327381,168652,1264381,166716,166031,-666,1263,-288,526,-810,295,-18,57,3,-490,-902,-909,811,721,-172,1,30,-149,
1895684,327381,169054,1264381,166716,166031,-639,1260,-307,528,-813,293,-12,61,-4,-475,-916,-932,805,734,-164,25,36,-155,
1895684,327381,169054,1079580,166716,166031,-645,1252,-306,528,-813,293,5,58,-5,-498,-932,-870,805,734,-164,41,40,-150,
1895684,327381,169054,1079580,166815,166031,-613,1243,-287,525,-808,285,17,52,-5,-475,-972,-850,802,730,-155,54,52,-146,
1895684,327381,169054,1079580,166815,165921,-620,1244,-306,525,-808,292,28,62,-12,-460,-997,-857,799,730,-168,48,58,-126,
1895684,327381,169054,1079580,166815,165921,-664,1229,-338,527,-813,292,46,70,-19,-496,-1014,-841,799,730,-168,47,54,-106,
1895684,327381,169054,1079580,166815,165921,-638,1234,-261,528,-814,289,56,72,-23,-449,-1026,-910,800,731,-170,61,41,-84,
1688203,327381,169054,1079580,166815,165921,-592,1262,-300,528,-814,289,38,86,-26,-437,-1033,-921,800,731,-170,62,28,-62,
1688203,504791,169054,1079580,166815,165921,-631,1283,-278,526,-813,291,13,85,-42,-474,-1025,-881,797,738,-163,49,2,-34,
1688203,504791,168960,1079580,166815,165921,-611,1294,-305,526,-813,291,36,81,-64,-473,-996,-860,797,738,-163,34,-7,-14,
1688203,504791,168960,1009583,166815,165921,-622,1279,-330,531,-811,274,66,69,-75,-478,-984,-862,798,739,-158,36,-5,1,
1688203,504791,168960,1009583,166597,165921,-630,1235,-344,529,-814,286,88,54,-86,-496,-991,-791,802,732,-158,24,-2,9,
1688203,504791,168960,1009583,166597,165886,-622,1207,-279,529,-814,286,82,62,-83,-480,-945,-840,802,732,-158,13,-3,16,
1688203,504791,168960,1009583,166597,165886,-673,1175,-329,535,-818,280,55,64,-74,-520,-936,-834,799,726,-161,9,14,15,
1688203,504791,168960,1009583,166597,165886,-675,1174,-364,535,-818,280,13,53,-65,-497,-906,-862,799,726,-161,1,20,8,
1745306,504791,168960,1009583,166597,165886,-653,1182,-364,531,-811,284,-21,36,-52,-521,-909,-837,798,733,-161,-2,19,-14,
1745306,490781,168960,1009583,166597,165886,-641,1208,-309,531,-812,276,-42,23,-45,-502,-887,-899,798,733,-161,20,16,-32,
1745306,490781,168752,1009583,166597,165886,-646,1208,-317,533,-812,276,-38,16,-35,-507,-902,-880,798,737,-170,42,15,-49,
1745306,490781,168752,773384,166597,165886,-638,1198,-286,531,-818,276,-3,20,-14,-496,-912,-915,798,731,-171,72,9,-62,
1745306,490781,168752,773384,166610,165886,-654,1184,-263,531,-818,276,11,23,-3,-491,-929,-902,801,731,-171,84,2,-69,
1745306,490781,168752,773384,166610,165965,-652,1168,-324,531,-812,276,32,17,13,-495,-952,-889,799,731,-173,82,-5,-70,
1745306,490781,168752,773384,166610,165965,-644,1168,-349,531,-812,276,47,5,24,-473,-954,-854,799,731,-173,87,-2,-59,
1745306,490781,168752,773384,166610,165965,-666,1171,-353,529,-805,278,56,2,37,-465,-972,-850,799,732,-169,72,-14,-65,
1663371,490781,168752,773384,166610,165965,-627,1172,-264,529,-820,274,69,11,54,-480,-968,-837,799,732,-169,67,-10,-54,
1663371,471931,168752,773384,166610,165965,-652,1193,-342,529,-820,274,81,34,77,-469,-971,-853,798,731,-149,63,-1,-50,
1663371,471931,168662,773384,166610,165965,-658,1212,-308,526,-822,276,68,73,82,-465,-987,-849,798,731,-149,51,8,-41,
1663371,471931,168662,787194,166610,165965,-629,1285,-333,526,-822,276,10,107,85,-478,-989,-825,796,740,-153,44,22,-35,
1663371,471931,168662,787194,166767,165965,-623,1330,-348,525,-816,266,-39,112,72,-461,-991,-853,795,737,-171,32,22,-26,
1663371,471931,168662,787194,166767,165874,-599,1372,-336,525,-820,259,-67,78,7,-458,-1014,-818,795,737,-171,25,22,-19,
1663371,471931,168662,787194,166767,165874,-560,1382,-285,525,-820,259,-50,54,-32,-473,-1002,-834,796,735,-155,8,26,-8,
1663371,471931,168662,787194,166767,165874,-564,1359,-317,530,-821,265,-20,53,-75,-479,-963,-828,796,735,-155,-19,33,2,
1515442,471931,168662,787194,166767,165874,-599,1294,-321,530,-821,265,4,69,-102,-483,-921,-856,798,742,-158,-35,32,5,
1515442,486525,168662,787194,166767,165874,-633,1254,-358,531,-817,255,26,79,-128,-481,-905,-936,798,742,-158,-36,45,12,
1515442,486525,168814,787194,166767,165874,-613,1219,-337,531,-817,255,32,87,-141,-511,-897,-920,795,738,-156,-22,44,1,
1515442,486525,168814,688120,166767,165874,-620,1222,-314,530,-815,258,33,90,-142,-506,-900,-918,795,732,-150,2,37,-11,
1515442,486525,168814,688120,166743,165874,-641,1205,-403,532,-820,255,36,94,-137,-481,-900,-935,795,732,-150,27,32,-56,
1515442,486525,168814,688120,166743,165863,-627,1203,-372,532,-820,255,36,91,-130,-491,-930,-874,798,734,-167,52,3,-66,
1515442,486525,168814,688120,166743,165863,-673,1162,-449,535,-817,257,34,82,-123,-470,-919,-865,798,734,-167,43,2,-76,
1515442,486525,168814,688120,166743,165863,-658,1154,-381,535,-817,257,12,76,-107,-491,-951,-844,796,732,-161,36,3,-77,
1383714,486525,168814,688120,166743,165863,-664,1187,-329,534,-809,258,-19,52,-82,-460,-933,-885,796,732,-161,32,2,-91,
1383714,497767,168814,688120,166743,165863,-631,1178,-379,539,-815,255,-62,43,-78,-496,-952,-833,788,741,-148,30,2,-97,
1383714,497767,168934,688120,166743,165863,-623,1185,-381,539,-815,255,-49,24,-66,-468,-942,-851,788,741,-148,20,7,-101,
1383714,497767,168934,695678,166743,165863,-666,1196,-372,539,-818,260,-36,11,-58,-489,-950,-817,791,741,-156,18,3,-107,
1383714,497767,168934,695678,166763,165863,-636,1156,-382,539,-818,260,-30,5,-43,-485,-949,-842,789,739,-162,29,9,-111,
1383714,497767,168934,695678,166763,165954,-646,1150,-360,537,-813,255,-45,5,-28,-473,-954,-834,789,739,-162,38,20,-110,
1383714,497767,168934,695678,166763,165954,-655,1167,-332,537,-813,255,-61,6,-4,-466,-1022,-815,789,740,-164,44,41,-109,
1383714,497767,168934,695678,166763,165954,-650,1197,-345,540,-814,255,-63,18,4,-437,-1051,-834,789,740,-164,37,46,-97,
1300749,497767,168934,695678,166763,165954,-610,1202,-336,538,-818,259,-66,18,11,-427,-1044,-827,782,753,-151,10,47,-81,
1300749,502178,168934,695678,166763,165954,-612,1220,-346,538,-818,259,-60,19,13,-423,-1017,-884,782,753,-151,-32,36,-59,
1300749,502178,168998,695678,166763,165954,-639,1220,-353,537,-816,258,-55,20,8,-456,-973,-926,785,746,-173,-46,19,-36,
1300749,502178,168998,728622,166763,165954,-649,1224,-332,537,-816,258,-82,18,5,-503,-971,-885,787,741,-152,-17,8,-28,
1300749,502178,168998,728622,166893,165954,-645,1243,-371,536,-807,254,-106,24,-2,-484,-988,-905,787,741,-152,33,0,-27,
1300749,502178,168998,728622,166893,165865,-616,1267,-321,535,-819,259,-107,14,-8,-422,-993,-913,786,740,-161,51,-25,-21,
1300749,502178,168998,728622,166893,165865,-609,1270,-347,535,-819,259,-87,11,-18,-435,-994,-846,786,740,-161,39,-36,-6,
1300749,502178,168998,728622,166893,165865,-611,1249,-378,536,-819,251,-61,10,-40,-443,-983,-851,789,744,-161,19,-34,6,
1393705,502178,168998,728622,166893,165865,-621,1236,-344,536,-819,251,-52,-1,-56,-449,-959,-814,789,744,-161,0,-33,15,
1393705,606611,168998,728622,166893,165865,-633,1217,-349,537,-819,261,-48,-2,-63,-462,-944,-843,784,747,-153,-6,0,14,
1393705,606611,168908,728622,166893,165865,-635,1223,-364,537,-819,261,-45,3,-57,-494,-938,-824,784,747,-148,1,11,9,
1393705,606611,168908,719400,166893,165865,-672,1215,-372,540,-811,250,-29,4,-59,-469,-932,-870,788,744,-148,-7,12,0,
1393705,606611,168908,719400,166838,165865,-628,1183,-305,540,-815,257,-29,-2,-59,-487,-917,-871,787,743,-154,2,10,-13,
1393705,606611,168908,719400,166838,165746,-658,1168,-359,540,-815,257,-30,252,-35,-493,-920,-844,787,743,-154,18,12,-39,
1393705,606611,168908,719400,166838,165746,-668,1193,-376,539,-818,250,-57,3,-20,-493,-908,-854,787,742,-149,31,10,-59,
1393705,606611,168908,719400,166838,165746,-670,1181,-327,539,-818,250,-65,13,-12,-480,-930,-867,787,742,-149,38,17,-70,
1264625,606611,168908,719400,166838,165746,-633,1193,-323,535,-813,244,-68,11,3,-473,-948,-867,787,746,-159,45,11,-76,
1264625,593922,168908,719400,166838,165746,-638,1201,-352,536,-818,252,-66,19,5,-459,-954,-844,787,746,-159,24,16,-86,
1264625,593922,168996,719400,166838,165746,-641,1209,-338,536,-818,252,-53,14,9,-461,-945,-864,783,754,-153,13,9,-98,
1264625,593922,168996,684622,166838,165746,-616,1191,-376,535,-821,263,-24,27,22,-465,-956,-875,783,749,-152,18,23,-98,
1264625,593922,168996,684622,166881,165746,-651,1175,-342,535,-821,263,-17,25,25,-440,-966,-875,783,749,-152,32,44,-98,
1264625,593922,168996,684622,166881,165909,-647,1173,-337,533,-821,264,-20,28,40,-442,-990,-915,781,748,-165,57,27,-96,
1264625,593922,168996,684622,166881,165909,-654,1181,-358,533,-821,8,-30,20,51,-434,-1009,-893,781,748,-165,50,1,-83,
1264625,593922,168996,684622,166881,165909,-626,1194,-330,535,-818,255,-28,14,61,-427,-1011,-886,781,756,-156,39,-20,-73,
1306366,593922,168996,684622,166881,165909,-627,1194,-378,532,-823,251,-32,-7,70,-436,-999,-830,781,756,-156,40,-28,-66,
1306366,523507,168996,684622,166881,165909,-615,1172,-344,532,-823,251,-45,-12,78,-439,-1013,-851,779,756,-164,51,-23,-47,
1306366,523507,169011,684622,166881,165909,-618,1229,-451,526,-825,249,-73,1,96,-422,-1006,-830,777,758,-158,49,-10,-34,
1306366,523507,169011,770435,166881,165909,-464,1648,-294,526,-825,249,-56,9,57,-427,-1057,-807,777,758,-158,71,9,-21,
1306366,523507,169011,770435,166797,165909,-569,1315,-390,525,-818,247,97,-42,-11,-453,-1073,-792,778,749,-154,44,29,12,
1306366,523507,169011,770435,166797,165873,-678,1119,-364,527,-823,254,80,-73,-14,-466,-984,-902,778,749,-154,-29,16,15,
1306366,523507,169011,770435,166797,165873,-646,1117,-346,527,-823,254,-67,-8,-12,-446,-945,-861,781,747,-146,45,27,19,
1306366,523507,169011,770435,166797,165873,-616,1275,-333,528,-826,251,-109,18,6,-443,-1000,-830,781,747,-146,49,30,26,
1358767,523507,169011,770435,166797,165873,-641,1186,-315,528,-826,251,-38,5,-8,-445,-1034,-812,779,750,-144,24,40,29,
1358767,585455,169011,770435,166797,165873,-663,1133,-364,524,-829,253,28,-8,-3,-434,-1018,-799,779,750,-144,23,50,44,
1358767,585455,168990,770435,166797,165873,-645,1171,-332,524,-829,256,16,-9,24,-413,-992,-839,782,756,-165,31,64,64,
1358767,585455,168990,734388,166797,165873,-639,1227,-372,521,-828,256,-13,-6,41,-444,-1009,-835,785,748,-169,25,70,78,
1358767,585455,168990,734388,166878,165873,-615,1212,-342,521,-830,249,-23,-14,48,-465,-1013,-818,785,748,-169,8,63,81,
1358767,585455,168990,734388,166878,165870,-594,1236,-376,521,-830,249,-42,-7,36,-465,-1013,-866,784,744,-161,18,66,83,
1358767,585455,168990,734388,166878,165870,-582,1219,-401,518,-830,257,-54,2,33,-465,-995,-859,784,744,-161,3,50,86,
1358767,585455,168990,734388,166878,165870,-606,1251,-338,518,-830,257,-57,5,29,-460,-984,-894,790,750,-157,-10,25,96,
1359861,585455,168990,734388,166878,165870,-618,1250,-409,514,-824,250,-52,-5,25,-468,-953,-877,790,750,-157,-7,14,90,
1359861,648742,168990,734388,166878,165870,-604,1253,-348,515,-831,255,-49,-14,16,-462,-942,-892,789,748,-150,-5,12,84,
1359861,648742,168837,734388,166878,165870,-619,1268,-309,515,-831,255,-51,-17,8,-457,-919,-871,789,741,-159,-1,17,75,
1359861,648742,168837,725842,166878,165870,-569,1250,-264,519,-834,244,-60,-12,-1,-485,-934,-855,789,741,-159,-13,15,58,
1359861,648742,168837,725842,166680,165870,-622,1239,-370,519,-834,244,-51,-1,3,-462,-942,-843,790,739,-149,-10,14,49,
1359861,648742,168837,725842,166680,165941,-612,1249,-336,515,-827,248,-39,2,-2,-447,-932,-900,790,739,-149,-18,7,45,
1359861,648742,168837,725842,166680,165941,-607,1240,-364,515,-831,252,2,8,2,-444,-931,-944,791,733,-155,-1,15,34,
1359861,648742,168837,725842,166680,165941,-601,1257,-409,516,-831,252,29,-7,-5,-468,-939,-871,791,733,-155,17,18,23,
1302530,648742,168837,725842,166680,165941,-602,1246,-350,515,-835,242,50,-9,-11,-476,-906,-869,788,750,-152,22,14,-1,
1302530,640762,168837,725842,166680,165941,-587,1226,-327,515,-835,242,23,-3,-15,-432,-920,-936,788,750,-162,20,9,-12,
1302530,640762,168979,725842,166680,165941,-653,1237,-460,516,-833,241,-23,-3,-20,-491,-1001,-808,792,736,-162,18,-4,-9,
1302530,640762,168979,762190,166680,165941,-588,1258,-374,516,-833,241,-49,2,-29,-495,-979,-826,792,741,-162,11,-11,-10,
1302530,640762,168979,762190,166863,165941,-598,1255,-403,511,-834,253,-60,1,-39,-454,-957,-928,792,741,-162,16,-17,-15,
1302530,640762,168979,762190,166863,165996,-585,1248,-324,513,-837,248,-51,1,-43,-446,-952,-903,793,733,-152,21,-14,-11,
1302530,640762,168979,762190,166863,165996,-606,1231,-379,513,-837,248,-28,-1,-57,-463,-959,-868,793,733,-152,27,-20,-20,
1302530,640762,168979,762190,166863,165996,-608,1196,-348,512,-833,249,-9,12,-48,-505,-994,-754,793,739,-157,23,-14,-20,
1348083,640762,168979,762190,166863,165996,-618,1193,-346,512,-833,249,-18,19,-28,-467,-966,-786,793,739,-157,12,1,-12,
1348083,674673,168979,762190,166863,165996,-645,1191,-402,514,-828,243,-30,20,-23,-487,-992,-781,790,744,-144,5,13,-15,
1348083,674673,168941,762190,166863,165996,-617,1214,-346,514,-834,248,-46,20,-23,-487,-976,-802,792,743,-146,-8,14,-22,
1348083,674673,168941,782323,166863,165996,-624,1220,-344,514,-834,248,-62,18,-13,-458,-947,-884,792,743,-146,-12,15,-18,
1348083,674673,168941,782323,166725,165996,-595,1222,-394,516,-838,242,-73,16,-15,-506,-985,-855,794,738,-146,-22,11,-22,
1348083,674673,168941,782323,166725,165978,-604,1260,-357,516,-838,242,-70,15,-22,-506,-983,-790,794,738,-146,-14,7,-23,
1348083,674673,168941,782323,166725,165978,-608,1257,-341,515,-830,257,-59,18,-28,-435,-938,-911,791,742,-156,-23,-4,-26,
1348083,674673,168941,782323,166725,165978,-608,1223,-343,515,-830,257,-57,17,-28,-452,-954,-899,791,742,-156,-31,8,-27,
1358946,674673,168941,782323,166725,165978,-612,1219,-375,516,-827,236,-57,20,-31,-465,-964,-856,791,743,-175,-37,3,-33,
1358946,693340,168941,782323,166725,165978,-579,1218,-364,515,-838,247,-59,22,-25,-496,-995,-777,788,740,-151,-43,-6,-41,
1358946,693340,169076,782323,166725,165978,-661,1245,-371,515,-838,247,-53,15,-34,-462,-947,-869,788,740,-151,-56,-13,-45,
1358946,693340,169076,737569,166725,165978,-576,1211,-350,514,-832,249,-52,14,-29,-508,-992,-775,789,736,-158,-66,-6,-48,
1358946,693340,169076,737569,166719,165978,-617,1196,-432,514,-832,249,-65,18,-22,-464,-977,-817,789,736,-158,-59,-2,-34,
1358946,693340,169076,737569,166719,165958,-608,1207,-381,514,-828,246,-79,19,-17,-415,-972,-943,789,741,-160,-40,29,-30,
1358946,693340,169076,737569,166719,165958,-615,1246,-327,512,-835,244,-79,12,-18,-487,-982,-860,789,741,-160,-5,23,-13,
1358946,693340,169076,737569,166719,165958,-569,1248,-381,512,-835,244,-74,6,-23,-466,-977,-863,785,745,-160,17,17,-8,
1370197,693340,169076,737569,166719,165958,-609,1242,-372,512,-837,248,-63,1,-22,-481,-971,-812,785,745,-160,26,22,-4,
1370197,673992,169076,737569,166719,165958,-621,1226,-377,512,-837,248,-63,-1,-23,-426,-947,-926,787,744,-156,29,34,-6,
1370197,673992,168972,737569,166719,165958,-609,1219,-346,512,-831,260,-59,3,-26,-435,-942,-927,789,737,-163,19,21,-8,
1370197,673992,168972,633014,166719,165958,-598,1222,-370,512,-831,260,-58,2,-26,-432,-947,-891,789,737,-163,10,22,-9,
1370197,673992,168972,633014,166482,165958,-580,1222,-308,514,-827,240,-63,4,-25,-459,-951,-840,787,740,-166,-1,13,-21,
1370197,673992,168972,633014,166482,165899,-615,1225,-373,517,-836,248,-60,8,-13,-472,-954,-846,787,740,-166,-10,9,-27,
1370197,673992,168972,633014,166482,165899,-585,1226,-390,517,-836,248,-36,9,-11,-497,-977,-792,788,746,-157,-7,12,-26,
1370197,673992,168972,633014,166482,165899,-626,1231,-374,512,-834,251,-43,0,-10,-507,-1006,-736,788,746,-157,-11,16,-28,
1344554,673992,168972,633014,166482,165899,-591,1221,-358,512,-834,251,-35,1,-6,-455,-959,-844,790,742,-172,-4,17,-28,
1344554,614354,168972,633014,166482,165899,-603,1225,-401,513,-828,254,-37,4,-7,-446,-957,-905,791,740,-153,-13,24,-29,
1344554,614354,168961,633014,166482,165899,-599,1245,-344,511,-834,249,-46,12,-11,-462,-959,-845,791,740,-153,-6,33,-28,
1344554,614354,168961,704300,166482,165899,-559,1233,-343,511,-834,249,-61,19,-8,-457,-961,-867,787,739,-163,-2,26,-28,
1344554,614354,168961,704300,166855,165899,-616,1225,-295,512,-836,251,-73,21,-15,-466,-944,-821,787,739,-163,-11,26,-20,
1344554,614354,168961,704300,166855,165407,-595,1186,-367,512,-836,251,-72,21,-12,-415,-925,-921,787,740,-161,-26,26,-27,
1344554,614354,168961,704300,166855,165407,-628,1211,-396,509,-835,242,-57,16,-6,-471,-960,-846,787,740,-161,-41,25,-29,
1344554,614354,168961,704300,166855,165407,-572,1238,-361,509,-835,242,-50,19,2,-423,-964,-928,784,749,-156,-55,22,-28,
1518574,614354,168961,704300,166855,165407,-591,1261,-385,511,-834,252,-25,12,-4,-468,-982,-897,784,749,-156,-53,11,-44,
1518574,667855,168961,704300,166855,165407,-583,1270,-362,508,-840,248,-21,4,-13,-466,-989,-902,786,743,-156,-55,-1,-23,
1518574,667855,168929,704300,166855,165407,-570,1279,-403,508,-840,248,-25,-2,-28,-450,-978,-948,791,740,-164,-29,-19,-14,
1518574,667855,168929,819939,166855,165407,-571,1265,-382,507,-835,254,-28,-8,-50,-467,-975,-924,791,740,-164,-3,-39,-9,
1518574,667855,168929,819939,166790,165407,-581,1260,-367,507,-835,254,-39,-17,-66,-447,-979,-871,787,740,-170,21,-44,-5,
1518574,667855,168929,819939,166790,165969,-581,1233,-339,513,-835,249,-46,-17,-71,-489,-971,-789,787,740,-170,32,-45,-7,
1518574,667855,168929,819939,166790,165969,-630,1206,-402,514,-835,243,-65,-13,-73,-454,-940,-867,787,739,-164,52,-28,-2,
1518574,667855,168929,819939,166790,165969,-605,1190,-388,514,-835,243,-72,-2,-62,-467,-950,-839,787,739,-164,52,-19,-1,
1411154,667855,168929,819939,166790,165969,-594,1224,-372,512,-836,243,-66,8,-49,-480,-946,-799,788,743,-159,34,-4,-1,
1411154,748903,168929,819939,166790,165969,-595,1226,-320,512,-836,243,-58,6,-48,-440,-934,-913,788,738,-167,16,1,-2,
1411154,748903,169029,819939,166790,165969,-617,1233,-330,510,-834,253,-44,-2,-35,-478,-964,-842,788,738,-167,6,-12,-9,
1411154,748903,169029,843884,166790,165969,-608,1224,-383,510,-834,243,-40,3,-40,-487,-966,-896,787,741,-155,-14,-14,-20,
1411154,748903,169029,843884,166889,165969,-610,1231,-351,512,-832,243,-56,6,-38,-458,-963,-849,787,741,-155,-20,-17,-23,
1411154,748903,169029,843884,166889,165861,-604,1220,-399,508,-835,244,-64,9,-27,-463,-956,-848,788,743,-163,-26,-4,-25,
1411154,748903,169029,843884,166889,165861,-627,1215,-395,508,-835,244,-73,14,-24,-468,-968,-837,788,743,-163,-11,11,-27,
1411154,748903,169029,843884,166889,165861,-598,1229,-341,511,-832,242,-76,21,-23,-485,-969,-818,788,749,-171,1,17,-24,
1351593,748903,169029,843884,166889,165861,-617,1231,-339,511,-832,242,-74,26,-23,-473,-965,-838,788,746,-157,15,24,-20,
1351593,716401,169029,843884,166889,165861,-579,1233,-318,510,-831,240,-62,25,-24,-433,-960,-906,788,746,-157,25,21,-10,
1351593,716401,168827,843884,166889,165861,-602,1232,-389,512,-835,249,-50,15,-25,-505,-981,-779,789,742,-168,31,24,-14,
1351593,716401,168827,824449,166889,165861,-575,1236,-378,512,-835,249,-39,7,-22,-485,-944,-905,789,742,-168,24,15,-12,
1351593,716401,168827,824449,166866,165861,-592,1240,-330,512,-835,245,-28,6,-26,-452,-965,-879,786,742,-164,5,12,-16,
1351593,716401,168827,824449,166866,165883,-591,1217,-388,512,-835,245,-28,6,-26,-436,-955,-920,786,742,-164,0,5,-19,
1351593,716401,168827,824449,166866,165883,-605,1225,-362,508,-830,246,-42,7,-25,-424,-948,-908,783,748,-166,-7,12,-13,
1351593,716401,168827,824449,166866,165883,-603,1207,-399,508,-835,246,-43,6,-22,-468,-974,-828,783,748,-166,-7,25,-13,
1309660,716401,168827,824449,166866,165883,-614,1207,-400,509,-835,246,-44,6,-17,-448,-955,-856,788,741,-164,-8,22,-13,
1309660,685239,168827,824449,166866,165883,-616,1223,-330,513,-841,244,-34,6,-13,-483,-963,-806,788,739,-169,-8,23,-9,
1309660,685239,168966,824449,166866,165883,-599,1253,-308,513,-841,244,-29,2,-13,-467,-940,-872,788,739,-169,-15,28,-17,
1309660,685239,168966,829607,166866,165883,-561,1249,-326,509,-835,243,-23,8,-17,-464,-955,-859,787,739,-158,-22,14,-20,
1309660,685239,168966,829607,166918,165883,-603,1239,-434,509,-835,243,-22,-1,-23,-465,-970,-884,787,739,-158,-25,4,-15,
1309660,685239,168966,829607,166918,165926,-552,1250,-332,510,-833,242,-33,1,-28,-462,-964,-908,785,745,-172,-10,-2,-16,
1309660,685239,168966,829607,166918,165926,-602,1258,-355,514,-836,247,-37,6,-35,-507,-993,-791,785,745,-172,0,-7,-15,
1309660,685239,168966,829607,166918,165926,-592,1269,-337,514,-836,247,-43,2,-48,-477,-982,-853,783,747,-159,-1,-16,-10,
1296655,685239,168966,829607,166918,165926,-611,1215,-372,510,-840,252,-24,-2,-51,-441,-938,-927,788,740,-158,-1,-20,-4,
1296655,675316,168966,829607,166918,165926,-600,1210,-343,510,-840,252,-20,-2,-50,-453,-947,-871,788,740,-158,-4,-14,-13,
1296655,675316,168822,829607,166918,165926,-570,1201,-330,513,-835,247,-27,-5,-44,-504,-994,-745,787,742,-177,-1,-20,-9,
1296655,675316,168822,856020,166918,165926,-623,1200,-406,514,-834,254,-35,-9,-44,-476,-955,-832,787,742,-177,10,-12,-6,
1296655,675316,168822,856020,166912,165926,-574,1228,-280,514,-834,254,-45,1,-36,-474,-970,-823,788,739,-163,14,2,-4,
1296655,675316,168822,856020,166912,165947,-612,1242,-349,513,-838,247,-50,6,-34,-460,-962,-878,788,739,-163,16,12,-5,
1296655,675316,168822,856020,166912,165947,-604,1239,-343,513,-838,247,-40,7,-38,-496,-994,-807,788,748,-162,10,9,-7,
1296655,675316,168822,856020,166912,165947,-564,1221,-384,511,-833,241,-41,9,-28,-469,-963,-834,788,739,-163,10,4,-12,
1284383,675316,168822,856020,166912,165947,-610,1233,-334,511,-833,241,-44,7,-31,-434,-942,-936,785,739,-163,11,2,-12,
1284383,686371,168822,856020,166912,165947,-602,1218,-433,507,-834,249,-44,5,-31,-448,-951,-862,787,739,-166,8,3,-14,
1284383,686371,168980,856020,166912,165947,-624,1245,-353,507,-840,244,-42,1,-33,-497,-968,-817,787,739,-166,2,3,-14,
1284383,686371,168980,848868,166912,165947,-583,1208,-338,507,-840,244,-40,8,-31,-428,-934,-909,786,740,-174,2,6,-16,
1284383,686371,168980,848868,166836,165947,-598,1222,-352,510,-838,253,-40,12,-24,-467,-957,-854,786,740,-174,2,8,-16,
1284383,686371,168980,848868,166836,165842,-648,1229,-394,510,-838,253,-44,9,-22,-465,-977,-834,784,739,-170,6,-4,-12,
1284383,686371,168980,848868,166836,165842,-560,1244,-332,504,-835,242,-30,6,-32,-477,-991,-844,784,739,-170,0,-10,-12,
1284383,686371,168980,848868,166836,165842,-599,1248,-409,513,-833,240,-24,4,-32,-472,-981,-876,787,750,-151,-7,-13,-19,
1317179,686371,168980,848868,166836,165842,-560,1242,-366,513,-833,240,-27,-5,-42,-456,-963,-887,786,737,-153,4,-25,-14,
1317179,685714,168980,848868,166836,165842,-581,1221,-389,511,-838,245,-39,-8,-47,-468,-963,-856,786,737,-153,14,-18,-1,
1317179,685714,168901,848868,166836,165842,-596,1223,-359,511,-838,245,-53,-2,-48,-415,-930,-828,787,740,-166,25,-1,-2,
1317179,685714,168901,868270,166836,165842,-617,1210,-391,511,-838,239,-59,3,-42,-459,-952,-883,787,740,-166,28,-1,-5,
1317179,685714,168901,868270,166882,165842,-581,1220,-318,511,-838,239,-52,8,-33,-465,-952,-870,785,741,-168,15,2,-6,
1317179,685714,168901,868270,166882,165938,-594,1228,-383,511,-836,251,-46,1,-35,-481,-954,-845,785,741,-168,-4,-2,-9,
1317179,685714,168901,868270,166882,165938,-604,1229,-357,511,-838,245,-35,1,-30,-422,-942,-919,787,743,-167,2,5,-16,
