0,0,0,0,0,0,-158,45,1311,-310,326,833,0,5,-18,-119,-101,1313,-476,242,837,-3,29,-49,
5000872,0,0,0,0,0,-148,42,1308,-309,328,830,1,12,-20,-112,-99,1270,-476,242,837,-7,36,-50,
5000872,4683826,0,0,0,0,-153,53,1343,-309,328,830,-1,14,-20,-124,-107,1309,-475,241,842,-9,29,-50,
5000872,4683826,4939223,0,0,0,-158,63,1338,-311,335,827,5,10,-22,-121,-98,1309,-475,241,842,-13,31,-49,
5000872,4683826,4939223,5129836,0,0,-160,61,1340,-311,335,827,6,3,-28,-121,-104,1306,-480,247,846,-8,28,-44,
5000872,4683826,4939223,5129836,4573448,0,-160,64,1343,-310,328,829,2,3,-18,-108,-98,1316,-480,247,846,-13,28,-47,
5000872,4683826,4939223,5129836,4573448,4815482,-168,49,1344,-308,327,834,2,4,-19,-112,-104,1296,-482,254,852,-15,35,-49,
5000872,4683826,4939223,5129836,4573448,4815482,-143,56,1332,-308,327,834,7,5,-25,-133,-105,1319,-480,243,836,-13,29,-42,
5000872,4683826,4939223,5129836,4573448,4815482,-147,54,1332,-306,322,837,6,7,-17,-114,-101,1304,-480,243,836,-20,25,-46,
5011902,4683826,4939223,5129836,4573448,4815482,-158,61,1328,-306,322,837,8,11,-18,-122,-105,1306,-478,244,845,-7,39,-49,
5011902,4639756,4939223,5129836,4573448,4815482,-156,55,1341,-308,329,835,9,10,-16,-125,-108,1310,-478,244,845,0,30,-47,
5011902,4639756,4935693,5129836,4573448,4815482,-150,60,1338,-308,329,835,5,3,-13,-131,-105,1296,-479,247,842,-1,34,-49,
5011902,4639756,4935693,5138371,4573448,4815482,-157,57,1340,-310,334,828,2,7,-24,-114,-102,1302,-479,247,842,-9,29,-39,
5011902,4639756,4935693,5138371,4282906,4815482,-156,56,1348,-308,326,827,3,10,-24,-120,-102,1302,-482,249,832,-12,30,-46,
5011902,4639756,4935693,5138371,4282906,4800609,-157,60,1340,-308,326,827,7,7,-19,-114,-105,1302,-480,242,830,-15,33,-47,
5011902,4639756,4935693,5138371,4282906,4800609,-155,54,1332,-307,325,834,8,3,-23,-130,-104,1304,-480,242,830,-12,36,-41,
5011902,4639756,4935693,5138371,4282906,4800609,-139,48,1334,-307,325,834,2,4,-23,-130,-106,1319,-479,243,838,-9,34,-41,
5047495,4639756,4935693,5138371,4282906,4800609,-147,60,1325,-311,329,842,0,3,-21,-126,-96,1307,-479,243,838,-6,31,-46,
5047495,4343398,4935693,5138371,4282906,4800609,-143,52,1335,-311,329,842,6,1,-21,-111,-103,1296,-479,249,848,-7,27,-41,
5047495,4343398,4903345,5138371,4282906,4800609,-152,50,1340,-311,332,828,9,1,-23,-120,-101,1288,-479,246,848,-8,27,-35,
5047495,4343398,4903345,5168548,4282906,4800609,-143,63,1333,-307,330,835,10,0,-21,-115,-101,1313,-479,246,848,253,15,-38,
5047495,4343398,4903345,5168548,2769004,4800609,-147,44,1330,-307,330,835,2,-2,-22,-137,-88,1315,-479,242,847,9,17,-37,
5047495,4343398,4903345,5168548,2769004,4770364,-146,58,1328,-309,326,834,15,1,-29,-118,-100,1309,-479,242,847,5,17,-36,
5047495,4343398,4903345,5168548,2769004,4770364,-153,51,1341,-309,326,834,17,0,-23,-126,-110,1305,-478,242,847,2,18,-38,
5047495,4343398,4903345,5168548,2769004,4770364,-146,49,1341,-306,325,822,16,-3,-14,-122,-107,1304,-478,242,847,1,15,-33,
5118014,4343398,4903345,5168548,2769004,4770364,-154,63,1342,-306,325,822,10,0,-16,-116,-94,1309,-478,249,839,1,9,-28,
5118014,1823556,4903345,5168548,2769004,4770364,-162,49,1342,-311,331,837,5,1,-22,-124,-107,1305,-482,240,840,3,3,-35,
5118014,1823556,4805930,5168548,2769004,4770364,-145,56,1338,-311,331,837,11,2,-20,-122,-89,1292,-482,240,840,5,6,-33,
5118014,1823556,4805930,5192745,2769004,4770364,-155,47,1339,-312,324,835,12,0,-20,-134,-91,1306,-481,241,838,10,4,-28,
5118014,1823556,4805930,5192745,167146,4770364,-153,59,1349,-310,320,832,11,-1,-18,-111,-95,1309,-481,241,838,8,4,-30,
5118014,1823556,4805930,5192745,167146,4529325,-152,69,1335,-310,320,832,8,-4,-14,-128,-103,1312,-481,246,850,8,2,-25,
5118014,1823556,4805930,5192745,167146,4529325,-136,66,1343,-308,320,826,11,-4,-19,-114,-94,1308,-481,246,850,9,3,-23,
5118014,1823556,4805930,5192745,167146,4529325,-158,63,1330,-308,320,826,5,-1,-13,-127,-94,1302,-481,247,846,9,7,-26,
5165685,1823556,4805930,5192745,167146,4529325,-161,78,1320,-311,326,823,8,-14,2,-128,-97,1301,-480,236,844,15,-2,-24,
5165685,168614,4805930,5192745,167146,4529325,-159,95,1336,-311,326,823,16,-20,52,-110,-94,1301,-480,236,844,23,0,-22,
5165685,168614,4205821,5192745,167146,4529325,-161,78,1335,-306,334,838,0,-36,148,-127,-101,1307,-482,239,843,30,-3,-19,
5165685,168614,4205821,5207102,167146,4529325,-148,65,1331,-308,325,827,-12,-39,206,-122,-99,1306,-482,239,843,22,-6,-17,
5165685,168614,4205821,5207102,167289,4529325,-148,60,1335,-308,325,827,-23,-49,209,-116,-110,1314,-482,241,842,20,-27,-35,
5165685,168614,4205821,5207102,167289,4258519,-156,76,1354,-308,330,836,-45,-67,194,-119,-97,1318,-482,241,842,74,-40,-45,
5165685,168614,4205821,5207102,167289,4258519,-153,62,1335,-308,330,836,-55,-130,231,-117,-105,1310,-484,237,842,88,-38,-56,
5165685,168614,4205821,5207102,167289,4258519,-147,49,1343,-312,334,831,-45,-124,243,-114,-86,1313,-486,236,842,90,-35,-78,
5195222,168614,4205821,5207102,167289,4258519,-130,75,1334,-312,334,831,-37,-113,249,-115,-88,1305,-486,236,842,67,-37,-93,
5195222,168623,4205821,5207102,167289,4258519,-153,69,1339,-311,345,834,-27,-112,265,-114,-73,1301,-486,228,841,64,-26,-95,
5195222,168623,3760301,5207102,167289,4258519,-144,88,1347,-311,343,826,-28,-123,299,-119,-75,1308,-486,228,841,49,-21,-82,
5195222,168623,3760301,5223634,167289,4258519,-152,92,1347,-311,343,826,-41,-139,343,-108,-71,1296,-489,229,843,40,-9,-82,
5195222,168623,3760301,5223634,167210,4258519,-136,91,1341,-307,343,824,-45,-140,402,-105,-64,1286,-488,233,837,24,-5,-79,
5195222,168623,3760301,5223634,167210,3939241,-125,99,1338,-307,343,824,-51,-120,475,-120,-82,1302,-488,233,837,7,5,-65,
5195222,168623,3760301,5223634,167210,3939241,-130,92,1327,-305,348,825,-46,-87,542,-120,-74,1313,-489,226,851,-7,17,-60,
5195222,168623,3760301,5223634,167210,3939241,-147,99,1335,-305,348,825,-46,-66,619,-124,-80,1299,-489,226,851,-19,32,-54,
5202397,168623,3760301,5223634,167210,3939241,-140,99,1333,-296,364,816,-64,-69,702,-131,-82,1300,-492,228,845,-17,43,-58,
5202397,168602,3760301,5223634,167210,3939241,-132,87,1343,-296,364,813,-71,-56,777,-121,-85,1310,-492,228,845,-29,41,-52,
5202397,168602,3363334,5223634,167210,3939241,-122,74,1336,-292,362,813,-56,-37,850,-118,-83,1303,-489,232,844,-38,52,-54,
5202397,168602,3363334,5226777,167210,3939241,-121,71,1334,-275,367,821,-50,-10,893,-121,-78,1304,-491,228,837,-47,59,-52,
5202397,168602,3363334,5226777,167305,3939241,-112,36,1327,-275,367,821,-37,32,901,-107,-81,1311,-491,228,837,-58,75,-47,
5202397,168602,3363334,5226777,167305,4058916,-133,26,1330,-267,372,813,-21,100,868,-114,-81,1304,-491,224,844,-76,97,-46,
5202397,168602,3363334,5226777,167305,4058916,-146,18,1359,-267,372,813,-27,92,821,-111,-77,1316,-491,224,844,-98,108,-33,
5202397,168602,3363334,5226777,167305,4058916,-130,42,1336,-258,379,818,-50,65,775,-111,-92,1319,-492,228,853,-99,110,-27,
5193027,168602,3363334,5226777,167305,4058916,-118,40,1345,-258,379,818,-55,63,760,-118,-94,1316,-492,228,853,-98,103,-31,
5193027,168649,3363334,5226777,167305,4058916,-120,45,1322,-247,391,813,-45,112,760,-125,-90,1306,-487,236,847,-94,98,-34,
5193027,168649,3426460,5226777,167305,4058916,-98,21,1335,-238,391,825,-33,163,758,-115,-102,1322,-489,232,851,-80,81,-42,
5193027,168649,3426460,5215667,167305,4058916,-122,11,1341,-238,391,825,-27,193,727,-114,-98,1306,-489,232,851,-53,62,-44,
5193027,168649,3426460,5215667,167240,4058916,-128,36,1353,-226,391,822,-19,200,680,-115,-89,1306,-484,236,844,-46,61,-42,
5193027,168649,3426460,5215667,167240,4390271,-154,54,1345,-226,391,822,-25,173,635,-107,-105,1295,-484,236,844,-57,63,-43,
5193027,168649,3426460,5215667,167240,4390271,-131,52,1327,-215,398,822,-35,157,624,-125,-100,1307,-486,240,847,-60,54,-49,
5193027,168649,3426460,5215667,167240,4390271,-132,69,1325,-215,398,822,-14,181,652,-129,-113,1324,-486,240,839,-50,54,-48,
5162837,168649,3426460,5215667,167240,4390271,-160,40,1368,-205,407,808,1,210,686,-124,-100,1304,-484,241,839,-50,50,-55,
5162837,168248,3426460,5215667,167240,4390271,-186,37,1365,-196,403,819,0,150,690,-121,-98,1331,-487,234,836,-39,37,-57,
5162837,168248,4232136,5215667,167240,4390271,-124,30,1341,-196,403,819,-31,72,586,-113,-98,1310,-487,234,836,-24,38,-64,
5162837,168248,4232136,5096914,167240,4390271,-138,4,1333,-190,403,818,-50,64,422,-118,-107,1308,-486,233,843,-29,49,-70,
5162837,168248,4232136,5096914,1363066,4390271,-139,29,1351,-190,403,818,-37,48,113,-130,-91,1333,-486,233,843,-45,89,-82,
5162837,168248,4232136,5096914,1363066,4761463,-141,51,1341,-189,405,832,-28,48,47,-112,-104,1308,-486,245,838,-80,121,-96,
5162837,168248,4232136,5096914,1363066,4761463,-148,59,1350,-189,405,832,-35,44,26,-127,-105,1331,-486,244,850,-101,104,-144,
5162837,168248,4232136,5096914,1363066,4761463,-144,50,1355,-190,418,817,-33,45,19,-105,-101,1314,-486,244,850,-39,68,-144,
5014562,168248,4232136,5096914,1363066,4761463,-153,54,1350,-190,409,827,-34,48,29,-99,-106,1309,-482,234,846,-2,10,-141,
5014562,3131738,4232136,5096914,1363066,4761463,-144,57,1324,-186,409,827,-35,60,23,-119,-107,1343,-482,234,846,12,-19,-138,
5014562,3131738,4957871,5096914,1363066,4761463,-171,72,1342,-186,406,821,-31,59,19,-117,-84,1335,-485,239,848,20,-30,-135,
5014562,3131738,4957871,2893287,1363066,4761463,-166,52,1345,-186,406,821,-36,50,12,-118,-10,1393,-485,239,848,88,-25,-168,
5014562,3131738,4957871,2893287,4245615,4761463,-160,54,1349,-184,408,824,-44,37,16,-104,-206,1556,-490,234,844,186,140,-204,
5014562,3131738,4957871,2893287,4245615,4886980,-163,52,1363,-184,408,824,-52,23,22,-114,-115,1519,-479,231,863,0,379,-119,
5014562,3131738,4957871,2893287,4245615,4886980,-139,40,1373,-183,413,815,-56,21,28,-116,-94,1602,-479,231,863,-67,522,-72,
5014562,3131738,4957871,2893287,4245615,4886980,-150,34,1363,-183,413,815,-42,17,44,-105,-125,1694,-467,234,856,-89,722,-54,
3875937,3131738,4957871,2893287,4245615,4886980,-135,29,1397,-181,413,818,13,26,58,-128,-140,1782,-467,234,856,-105,932,-39,
3875937,4149244,4957871,2893287,4245615,4886980,-137,21,1393,-181,403,819,138,21,76,-148,-132,1807,-449,238,856,-99,1147,-21,
3875937,4149244,5170407,2893287,4245615,4886980,-131,-85,1407,-181,403,819,237,17,111,-170,-98,1851,-449,238,856,-71,1340,4,
3875937,4149244,5170407,1611553,4245615,4886980,-195,43,1276,-174,403,830,222,401,125,-160,-111,1915,-421,244,864,-74,1568,5,
3875937,4149244,5170407,1611553,4002073,4886980,-174,140,1490,-174,403,830,188,429,114,-164,-170,2024,-383,245,886,-92,1872,-1,
3875937,4149244,5170407,1611553,4002073,4085762,-166,116,1580,-163,405,834,164,503,76,-170,-186,2243,-383,245,886,-126,2226,32,
3875937,4149244,5170407,1611553,4002073,4085762,-159,82,1734,-163,405,834,155,665,47,-172,-334,2204,-325,256,906,-225,2574,87,
3875937,4149244,5170407,1611553,4002073,4085762,-152,76,1847,-151,401,849,167,902,33,-178,-298,2140,-325,256,906,-306,3231,227,
167388,4149244,5170407,1611553,4002073,4085762,-169,62,1986,-122,394,846,199,1178,29,-180,-278,2111,-256,279,910,-551,3513,284,
167388,4963834,5170407,1611553,4002073,4085762,-178,88,1961,-122,394,846,200,1485,25,-156,-188,2046,-256,293,892,-666,3781,341,
167388,4963834,5196247,1611553,4002073,4085762,-191,66,1848,-84,386,840,194,1765,16,-250,-189,1815,-178,293,892,-729,3992,372,
167388,4963834,5196247,1570398,4002073,4085762,-254,60,1648,-84,386,840,182,2005,31,-207,-117,1565,-84,312,907,-754,4128,389,
167388,4963834,5196247,1570398,3738031,4085762,-261,84,1512,-37,381,853,176,2199,44,-283,-294,1428,-84,312,907,-767,4202,424,
167388,4963834,5196247,1570398,3738031,2030747,-298,59,1467,-37,381,853,193,2310,40,-317,-291,1319,8,336,887,-797,4242,496,
167388,4963834,5196247,1570398,3738031,2030747,-339,6,1460,13,384,866,216,2377,47,-343,-250,1283,8,336,887,-818,4276,566,
167388,4963834,5196247,1570398,3738031,2030747,-378,-16,1475,13,373,855,246,2436,81,-350,-299,1182,100,361,864,-829,4345,625,
167081,4963834,5196247,1570398,3738031,2030747,-407,31,1458,72,373,855,272,2495,129,-410,-132,1215,200,378,834,-883,4421,686,
167081,5221824,5196247,1570398,3738031,2030747,-431,-24,1350,135,360,840,326,2554,170,-434,-229,1071,200,378,834,-882,4503,718,
167081,5221824,5013361,1570398,3738031,2030747,-464,64,1307,135,360,840,331,2610,246,-500,-243,1139,297,387,794,-979,4550,777,
167081,5221824,5013361,1684670,3738031,2030747,-517,130,1229,197,349,852,316,2683,243,-623,-118,1187,297,387,794,-1016,4591,828,
167081,5221824,5013361,1684670,3273563,2030747,-540,145,1228,197,349,852,288,2715,241,-593,-209,1227,394,404,729,-944,4660,836,
167081,5221824,5013361,1684670,3273563,445770,-592,143,1218,256,346,830,282,2752,235,-624,-237,1218,394,404,729,-951,4761,877,
167081,5221824,5013361,1684670,3273563,445770,-627,141,1273,256,346,830,276,2804,242,-727,-105,1350,484,414,657,-938,4865,942,
167081,5221824,5013361,1684670,3273563,445770,-683,115,1305,324,333,817,289,2867,253,-655,-102,1245,575,403,572,-780,4954,1248,
167100,5221824,5013361,1684670,3273563,445770,-698,164,1294,391,315,797,317,2939,259,-587,-169,1129,575,403,572,-358,5162,1079,
167100,5246790,5013361,1684670,3273563,445770,-693,155,1284,391,315,797,374,3032,272,-384,-579,-21,655,392,484,-441,5189,1162,
167100,5246790,4876537,1684670,3273563,445770,-701,249,1185,456,302,768,453,3125,288,-406,-575,-98,655,392,484,-531,4946,1311,
167100,5246790,4876537,1803564,3273563,445770,-820,266,1128,456,302,768,528,3193,275,-518,-275,285,719,377,392,-725,4703,1455,
167100,5246790,4876537,1803564,1853358,445770,-891,301,1081,521,286,726,565,3230,253,-542,241,135,719,377,392,-746,4595,1510,
167100,5246790,4876537,1803564,1853358,166695,-916,345,1029,521,286,726,561,3263,216,-599,455,181,778,349,292,-569,4528,1434,
167100,5246790,4876537,1803564,1853358,166695,-925,368,957,583,281,693,582,3274,170,-664,371,-138,816,319,195,-449,4331,1302,
167100,5246790,4876537,1803564,1853358,166695,-1031,378,1020,648,256,636,611,3283,116,-488,487,-734,816,319,195,-535,4152,1144,
167164,5246790,4876537,1803564,1853358,166695,-1081,309,1068,648,256,636,633,3304,75,-498,803,-951,847,296,108,-594,4066,1000,
167164,5213245,4876537,1803564,1853358,166695,-1119,196,1070,701,239,587,652,3358,89,-462,762,-1205,847,296,108,-505,3942,832,
167164,5213245,4715243,1803564,1853358,166695,-1260,-91,1109,701,239,587,699,3565,167,-404,539,-1488,861,290,26,-365,3833,675,
167164,5213245,4715243,4676012,1853358,166695,-1243,-146,828,760,228,536,627,3670,285,-1262,586,3356,861,268,-71,-206,3798,666,
167164,5213245,4715243,4676012,167173,166695,-733,771,-432,760,228,536,330,3564,290,-4518,4578,7465,865,268,-71,-227,4491,521,
167164,5213245,4715243,4676012,167173,165922,-687,2434,558,813,227,451,444,3264,-63,-4219,1937,-6620,862,278,-111,2037,3251,-376,
167164,5213245,4715243,4676012,167173,165922,-1439,-61,415,845,210,400,1488,2923,-279,1794,57,-5589,862,278,-111,2589,1612,-964,
167164,5213245,4715243,4676012,167173,165922,-2108,-2233,-37,845,210,400,912,2576,48,1818,291,-3040,863,295,-86,296,-840,-819,
167025,5213245,4715243,4676012,167173,165922,-1820,-509,-674,867,197,362,-217,1924,477,3224,-1688,-2803,863,295,-86,599,-789,-681,
167025,4736062,4715243,4676012,167173,165922,-396,560,-2204,867,197,362,-439,1015,562,1919,-3904,-2438,856,314,-83,401,-228,413,
167025,4736062,4058647,4676012,167173,165922,320,877,-2210,883,191,350,-454,508,431,-736,-3123,-2960,869,277,-88,-1346,-452,1398,
167025,4736062,4058647,4539899,167173,165922,-333,1432,-1488,883,191,350,-334,235,234,-1815,-822,-2535,869,277,-88,-1689,-547,1833,
167025,4736062,4058647,4539899,167108,165922,-1061,1374,-676,873,190,365,128,-110,-20,-1357,582,-950,874,233,-67,-1212,-685,1640,
167025,4736062,4058647,4539899,167108,166048,-1361,687,-236,873,190,365,660,-543,-273,-773,1011,-634,874,233,-67,-1252,-796,1251,
167025,4736062,4058647,4539899,167108,166048,-1372,383,-81,868,189,374,775,-852,-392,-1263,1438,-238,882,214,-58,-1317,-958,884,
167025,4736062,4058647,4539899,167108,166048,-1354,530,4,853,189,404,745,-976,-396,-1676,2033,191,882,214,-58,-688,-798,664,
167017,4736062,4058647,4539899,167108,166048,-1582,466,196,853,189,404,877,-1053,-324,-2754,1336,445,883,201,-34,160,-532,459,
167017,4676101,4058647,4539899,167108,166048,-1862,-201,411,839,182,433,800,-889,-188,-1516,1662,969,884,192,-38,663,-160,119,
167017,4676101,3986183,4539899,167108,166048,-1771,-88,512,839,182,433,580,-596,5,-2034,592,652,884,192,-38,638,43,-257,
167017,4676101,3986183,3570137,167108,166048,-1454,182,576,838,178,433,565,-288,176,-1759,586,447,884,200,-26,673,-172,-345,
167017,4676101,3986183,3570137,167266,166048,-1103,104,699,838,178,433,739,-71,259,-1617,340,356,884,200,-26,827,-266,-504,
167017,4676101,3986183,3570137,167266,166008,-1082,13,937,834,167,451,797,-9,312,-1525,382,341,882,217,-19,846,-258,-580,
167017,4676101,3986183,3570137,167266,166008,-1212,62,1184,840,146,456,800,31,362,-1542,309,377,882,217,-19,843,-174,-631,
167017,4676101,3986183,3570137,167266,166008,-1488,132,1350,840,146,456,830,87,427,-1474,175,304,879,223,-19,840,-42,-680,
166759,4676101,3986183,3570137,167266,166008,-1751,63,1406,844,119,452,844,266,517,-1431,93,301,879,234,-19,707,136,-706,
166759,4437274,3986183,3570137,167266,166008,-1679,68,1348,844,119,452,792,541,626,-1418,183,260,879,234,-19,493,344,-748,
166759,4437274,3244443,3570137,167266,166008,-1589,167,1213,854,96,441,767,810,743,-1388,94,182,875,252,-21,193,791,-777,
166759,4437274,3244443,4268720,167266,166008,-1453,139,1030,854,96,441,819,1064,844,-1362,7,64,875,252,-21,16,973,-771,
166759,4437274,3244443,4268720,167114,166008,-1344,51,856,871,71,405,808,1287,904,-1328,-40,-102,869,276,-42,-186,1083,-745,
166759,4437274,3244443,4268720,167114,165756,-1243,142,800,898,41,381,604,1537,965,-1307,24,-320,865,285,-60,-347,1152,-706,
166759,4437274,3244443,4268720,167114,165756,-1167,364,704,898,41,381,380,1808,1006,-1305,125,-526,865,285,-60,-427,1197,-686,
166759,4437274,3244443,4268720,167114,165756,-1082,522,652,923,8,334,284,2039,1007,-1310,227,-735,864,292,-105,-383,1185,-695,
167176,4437274,3244443,4268720,167114,165756,-1092,531,678,923,8,334,147,2386,910,-1239,187,-1087,864,292,-105,-218,1065,-673,
167176,2160689,3244443,4268720,167114,165756,-940,682,227,943,-16,258,-20,2538,856,-1116,-5,-1299,857,304,-117,-2,874,-616,
167176,2160689,2319315,4268720,167114,165756,-789,940,-246,943,-16,258,-67,2536,781,-1059,-110,-1368,857,304,-117,120,714,-549,
167176,2160689,2319315,4315099,167114,165756,-651,1322,-493,959,-28,225,197,2362,635,-970,-134,-1404,853,319,-131,154,572,-492,
167176,2160689,2319315,4315099,167107,165756,-610,1369,-409,959,-28,225,688,2221,417,-958,-112,-1355,855,326,-138,162,468,-462,
167176,2160689,2319315,4315099,167107,165765,-611,1426,-353,974,-46,161,1282,2212,189,-977,-83,-1296,855,326,-138,201,412,-459,
167176,2160689,2319315,4315099,167107,165765,-628,1582,-444,987,-51,114,2039,2175,-76,-1057,-261,-1144,850,329,-142,291,349,-424,
167176,2160689,2319315,4315099,167107,165765,-659,1436,-464,987,-51,114,2869,2089,-353,-1195,-232,-986,850,329,-142,320,240,-335,
3404731,2160689,2319315,4315099,167107,165765,-959,222,-658,992,-52,60,3486,2031,-559,-1231,-187,-850,851,340,-133,288,120,-235,
3404731,168480,2319315,4315099,167107,165765,-1086,-364,-891,992,-52,60,3467,1978,-601,-1269,-120,-774,851,340,-133,247,13,-151,
3404731,168480,168803,4315099,167107,165765,-1149,-608,-1032,996,-46,14,2772,1934,-474,-1308,-23,-701,847,341,-139,211,-84,-69,
3404731,168480,168803,3880291,167107,165765,-1242,-627,-1253,996,-46,14,1758,1907,-311,-1287,65,-671,847,334,-133,245,-132,-68,
3404731,168480,168803,3880291,167340,165765,-1418,-427,-1369,997,-38,-35,622,1779,-245,-1274,70,-678,847,334,-133,278,-133,-78,
3404731,168480,168803,3880291,167340,165988,-1315,-44,-1480,997,-40,-66,-415,1647,-198,-1277,61,-641,849,335,-124,287,-128,-94,
3404731,168480,168803,3880291,167340,165988,-1121,376,-1567,997,-40,-66,-1031,1504,-164,-1261,57,-674,849,335,-124,266,-126,-114,
3404731,168480,168803,3880291,167340,165988,-1024,650,-1533,995,-32,-98,-1227,1005,-218,-1274,86,-697,847,346,-112,220,-130,-132,
3647982,168480,168803,3880291,167340,165988,-700,1019,-1454,995,-32,-98,-885,691,-238,-1268,124,-717,847,346,-127,206,-147,-168,
3647982,168339,168803,3880291,167340,165988,-636,1199,-1332,995,-18,-116,-461,338,-331,-1267,156,-753,849,335,-127,242,-157,-212,
3647982,168339,168825,3880291,167340,165988,-739,1208,-1158,995,-18,-116,84,7,-474,-1245,117,-755,849,344,-106,316,-175,-245,
3647982,168339,168825,3501381,167340,165988,-834,971,-983,993,-7,-116,559,-190,-587,-1244,15,-744,849,344,-106,347,-190,-267,
3647982,168339,168825,3501381,167270,165988,-738,634,-871,995,6,-94,786,-307,-666,-1241,-18,-726,848,346,-103,321,-204,-280,
3647982,168339,168825,3501381,167270,166038,-1151,527,-756,995,6,-94,768,-335,-729,-1273,7,-678,848,346,-103,291,-226,-286,
3647982,168339,168825,3501381,167270,166038,-1457,496,-761,994,21,-87,695,-273,-819,-1283,33,-627,846,357,-95,303,-230,-283,
3647982,168339,168825,3501381,167270,166038,-1419,448,-639,994,21,-87,444,-341,-848,-1267,-5,-591,848,362,-65,393,-198,-287,
3201236,168339,168825,3501381,167270,166038,-1387,490,-576,995,42,-72,303,-473,-850,-1259,-85,-609,848,362,-65,467,-165,-272,
3201236,168573,168825,3501381,167270,166038,-1332,396,-427,995,42,-72,333,-577,-856,-1258,-156,-605,849,361,-74,440,-144,-245,
3201236,168573,544538,3501381,167270,166038,-1309,319,-361,991,72,-51,412,-650,-848,-1275,-192,-627,849,361,-74,328,-144,-216,
3201236,168573,544538,2950574,167270,166038,-1283,189,-312,991,72,-51,497,-639,-821,-1274,-165,-597,842,360,-70,206,-146,-129,
3201236,168573,544538,2950574,166955,166038,-1302,50,-294,986,86,-39,539,-545,-764,-1288,-165,-579,842,360,-70,59,-164,-87,
3201236,168573,544538,2950574,166955,166047,-1333,-66,-283,986,99,-33,508,-412,-676,-1275,-144,-575,847,364,-65,4,-156,-60,
3201236,168573,544538,2950574,166955,166047,-1353,-103,-313,986,99,-33,418,-150,-455,-1274,-130,-596,845,361,-64,-63,-150,-42,
3201236,168573,544538,2950574,166955,166047,-1371,-54,-405,985,108,-31,189,-55,-344,-1268,-98,-606,845,361,-64,-125,-143,-21,
3174886,168573,544538,2950574,166955,166047,-1408,-108,-475,985,108,-31,88,8,-243,-1297,-31,-589,846,360,-65,-156,-139,-14,
3174886,168607,544538,2950574,166955,166047,-1429,-95,-506,981,114,-47,-68,42,-156,-1277,-5,-579,846,360,-65,-146,-120,-13,
3174886,168607,535022,2950574,166955,166047,-1397,-6,-545,981,114,-47,-249,66,-47,-1296,-15,-563,846,359,-56,-124,-97,-17,
3174886,168607,535022,2778649,166955,166047,-1354,126,-530,985,119,-42,-366,63,30,-1311,-46,-532,846,359,-56,-122,-67,-25,
3174886,168607,535022,2778649,167247,166047,-1318,237,-516,985,112,-36,-381,61,78,-1299,-24,-516,844,362,-60,-123,-31,-21,
3174886,168607,535022,2778649,167247,165867,-1288,294,-526,985,112,-36,-327,74,96,-1310,-36,-486,846,353,-51,-125,13,-28,
3174886,168607,535022,2778649,167247,165867,-1262,335,-568,985,108,-43,-252,80,104,-1319,-35,-518,846,353,-51,-126,55,-27,
3174886,168607,535022,2778649,167247,165867,-1251,368,-600,985,108,-43,-184,83,95,-1309,-49,-560,850,353,-61,-120,77,-8,
3256929,168607,535022,2778649,167247,165867,-1248,362,-606,985,114,-36,-130,86,76,-1300,-34,-585,850,353,-61,-141,96,-2,
3256929,168580,535022,2778649,167247,165867,-1254,365,-604,985,114,-36,-98,87,65,-1295,-8,-619,849,353,-66,-169,98,4,
3256929,168580,515934,2778649,167247,165867,-1242,377,-605,986,111,-42,-71,90,44,-1296,38,-637,849,353,-75,-177,100,-8,
3256929,168580,515934,2937802,167247,165867,-1261,396,-608,987,110,-45,-43,98,26,-1276,68,-663,848,353,-75,-177,106,-24,
3256929,168580,515934,2937802,167251,165867,-1265,405,-628,987,110,-45,-32,95,0,-1277,95,-675,847,350,-65,-160,100,-70,
3256929,168580,515934,2937802,167251,166149,-1252,427,-617,990,103,-53,-30,73,-58,-1530,50,-676,847,350,-65,-110,94,-95,
3256929,168580,515934,2937802,167251,166149,-1242,442,-625,990,103,-53,22,61,-97,-1270,50,-691,848,347,-64,-104,90,-124,
3256929,168580,515934,2937802,167251,166149,-1236,429,-592,986,108,-54,54,62,-133,-1269,35,-659,848,347,-64,-108,84,-147,
2637000,168580,515934,2937802,167251,166149,-1263,387,-596,986,108,-54,84,58,-165,-1271,28,-660,845,358,-64,-110,89,-168,
2637000,168546,515934,2937802,167251,166149,-1269,363,-597,986,115,-45,102,60,-196,-1263,24,-636,849,353,-69,-126,95,-185,
2637000,168546,532008,2937802,167251,166149,-1310,326,-591,986,115,-60,68,45,-215,-1285,12,-615,849,353,-69,-125,117,-196,
2637000,168546,532008,2588637,167251,166149,-1307,293,-605,980,121,-60,10,34,-225,-1279,24,-613,845,355,-63,-150,134,-214,
2637000,168546,532008,2588637,167226,166149,-1301,299,-591,986,121,-52,-39,27,-229,-1347,161,-643,845,355,-63,-102,122,-229,
2637000,168546,532008,2588637,167226,166126,-1265,316,-579,986,121,-52,-63,24,-238,-1326,138,-659,845,362,-76,40,96,-272,
2637000,168546,532008,2588637,167226,166126,-1325,238,-578,982,128,-35,-56,26,-240,-1315,68,-664,845,362,-76,195,89,-312,
2637000,168546,532008,2588637,167226,166126,-1347,179,-623,982,128,-35,-114,2,-240,-1295,-5,-675,842,365,-61,266,69,-340,
3230910,168546,532008,2588637,167226,166126,-1307,214,-632,983,135,-74,-262,-11,-227,-1289,-61,-643,843,366,-68,274,55,-349,
3230910,168586,532008,2588637,167226,166126,-1273,290,-608,983,135,-74,-408,-24,-219,-1266,-93,-658,843,366,-68,241,40,-348,
3230910,168586,535527,2588637,167226,166126,-1265,364,-593,982,144,-53,-435,-30,-216,-1523,-133,-616,840,375,-79,213,24,-328,
3230910,168586,535527,2732434,167226,166126,-1242,400,-566,980,140,-43,-362,-32,-228,-1250,-128,-632,840,375,-79,176,14,-300,
3230910,168586,535527,2732434,167269,166126,-1234,468,-564,980,140,-43,-237,-27,-288,-1281,-108,-623,843,376,-72,118,14,-272,
3230910,168586,535527,2732434,167269,166148,-1247,448,-563,982,148,-53,95,-25,-324,-1274,-104,-612,843,376,-72,69,19,-235,
3230910,168586,535527,2732434,167269,166148,-1279,283,-544,982,148,-53,167,-9,-350,-1289,-91,-605,837,386,-68,40,28,-226,
3230910,168586,535527,2732434,167269,166148,-1288,229,-523,979,159,-37,187,16,-355,-1297,-87,-608,840,380,-76,45,36,-221,
3412330,168586,535527,2732434,167269,166148,-1312,195,-532,979,159,-37,169,39,-345,-1289,-89,-643,840,380,-76,47,24,-208,
3412330,168422,535527,2732434,167269,166148,-1295,196,-538,974,175,-49,151,61,-322,-1282,-74,-646,840,385,-61,50,24,-209,
3412330,168422,625659,2732434,167269,166148,-1320,180,-555,976,176,-52,133,75,-313,-1276,-59,-660,840,385,-61,47,20,-202,
3412330,168422,625659,2747054,167269,166148,-1323,145,-569,976,176,-52,93,73,-291,-1285,-73,-631,832,391,-72,36,23,-205,
3412330,168422,625659,2747054,167195,166148,-1325,145,-593,970,181,-48,49,77,-261,-1272,-66,-647,832,388,-65,43,25,-209,
3412330,168422,625659,2747054,167195,166131,-1283,176,-608,970,181,-48,24,75,-241,-1267,-74,-646,834,388,-65,46,16,-208,
3412330,168422,625659,2747054,167195,166131,-1281,166,-625,970,182,-63,39,68,-223,-1278,-79,-644,833,384,-65,44,15,-202,
3412330,168422,625659,2747054,167195,166131,-1261,145,-636,970,182,-63,62,62,-202,-1287,-88,-652,833,384,-65,24,0,-200,
3423281,168422,625659,2747054,167195,166131,-1283,142,-639,972,192,-43,68,53,-180,-1289,-66,-639,833,392,-61,25,-13,-201,
3423281,168389,625659,2747054,167195,166131,-1289,138,-641,972,192,-43,40,43,-158,-1277,-73,-653,833,392,-61,16,-7,-202,
3423281,168389,664934,2747054,167195,166131,-1268,162,-641,967,189,-43,2,34,-127,-1271,-61,-666,834,399,-73,19,-11,-200,
3423281,168389,664934,2635103,167195,166131,-1278,188,-654,972,192,-59,-8,29,-100,-1276,-66,-678,832,400,-71,39,-21,-197,
3423281,168389,664934,2635103,167282,166131,-1294,210,-633,972,192,-59,56,-9,-88,-1285,-78,-679,832,400,-71,54,-37,-205,
3423281,168389,664934,2635103,167282,166100,-1305,136,-604,969,194,-51,79,-21,-68,-1282,-76,-641,832,397,-67,66,-49,-206,
3423281,168389,664934,2635103,167282,166100,-1304,118,-584,969,194,-51,70,-22,-48,-1281,-113,-648,832,397,-67,58,-51,-209,
3423281,168389,664934,2635103,167282,166100,-1302,110,-596,966,196,-43,26,-27,-23,-1281,-104,-650,831,400,-52,32,-61,-204,
3321347,168389,664934,2635103,167282,166100,-1314,118,-609,966,196,-43,-16,-35,-1,-1276,-78,-641,831,400,-52,10,-66,-203,
3321347,168642,664934,2635103,167282,166100,-1304,113,-596,970,201,-53,-42,-36,25,-1286,-73,-617,829,405,-62,29,-63,-211,
3321347,168642,819261,2635103,167282,166100,-1325,118,-582,970,191,-53,-66,-41,55,-1287,-78,-593,831,405,-60,36,-49,-213,
3321347,168642,819261,2224682,167282,166100,-1306,127,-569,970,191,-53,-84,-36,80,-1280,-88,-584,831,405,-60,34,-35,-215,
3321347,168642,819261,2224682,167157,166100,-1306,164,-594,975,187,-45,-100,-33,96,-1289,-87,-587,826,404,-44,28,-18,-218,
3321347,168642,819261,2224682,167157,165953,-1313,169,-588,975,187,-45,-114,-30,125,-1299,-86,-582,826,404,-44,30,-8,-222,
3321347,168642,819261,2224682,167157,165953,-1303,185,-577,970,187,-41,-134,-29,131,-1296,-96,-553,825,412,-54,42,21,-234,
3321347,168642,819261,2224682,167157,165953,-1307,196,-571,970,187,-41,-157,-31,146,-1284,-122,-574,825,412,-54,56,45,-239,
3316235,168642,819261,2224682,167157,165953,-1300,242,-566,969,184,-58,-168,-28,163,-1292,-136,-583,824,419,-45,49,66,-233,
3316235,168712,819261,2224682,167157,165953,-1296,250,-550,974,178,-47,-152,-27,165,-1294,-143,-590,824,415,-60,53,78,-221,
3316235,168712,869896,2224682,167157,165953,-1289,256,-535,974,178,-47,-133,-14,163,-1280,-124,-629,824,415,-60,38,83,-215,
3316235,168712,869896,2272050,167157,165953,-1292,265,-542,975,169,-51,-100,-7,156,-1280,-141,-610,822,414,-57,38,83,-212,
3316235,168712,869896,2272050,167225,165953,-1319,258,-575,975,169,-51,-103,-16,142,-1279,-141,-645,822,414,-57,32,94,-204,
3316235,168712,869896,2272050,167225,166128,-1296,266,-596,974,168,-41,-114,-20,139,-1262,-156,-643,822,427,-55,21,86,-194,
3316235,168712,869896,2272050,167225,166128,-1283,265,-582,974,168,-41,-118,-23,135,-1266,-132,-680,822,424,-43,12,80,-184,
3316235,168712,869896,2272050,167225,166128,-1279,292,-571,976,171,-43,-114,-16,131,-1265,-125,-655,823,424,-43,23,66,-172,
3337138,168712,869896,2272050,167225,166128,-1278,297,-575,976,163,-49,-111,-11,120,-1289,-125,-643,820,421,-50,46,46,-178,
3337138,168747,869896,2272050,167225,166128,-1280,294,-580,978,163,-49,-109,-1,108,-1284,-133,-652,820,421,-50,40,35,-177,
3337138,168747,839930,2272050,167225,166128,-1282,302,-585,977,158,-52,-101,-6,96,-1276,-119,-655,819,424,-54,49,28,-180,
3337138,168747,839930,2404112,167225,166128,-1281,321,-590,977,158,-52,-83,-9,83,-1273,-113,-640,819,424,-54,44,21,-189,
3337138,168747,839930,2404112,167004,166128,-1287,268,-564,979,150,-42,-72,-10,71,-1285,-95,-643,821,434,-54,54,17,-202,
3337138,168747,839930,2404112,167004,166014,-1308,261,-556,979,150,-42,-69,-14,66,-1291,-105,-617,823,428,-41,71,19,-207,
3337138,168747,839930,2404112,167004,166014,-1286,266,-564,976,155,-44,-77,-14,67,-1278,-109,-625,823,428,-41,86,20,-224,
3337138,168747,839930,2404112,167004,166014,-1284,292,-552,976,155,-44,-89,-4,62,-1277,-138,-618,815,432,-49,81,23,-223,
3344332,168747,839930,2404112,167004,166014,-1302,285,-542,978,155,-77,-94,-2,61,-1282,-144,-623,815,432,-49,85,28,-227,
3344332,168745,839930,2404112,167004,166014,-1306,271,-564,980,146,-43,-94,2,75,-1285,-141,-613,813,439,-50,88,28,-225,
3344332,168745,1160351,2404112,167004,166014,-1293,274,-548,980,146,-43,-105,4,74,-1278,-149,-629,813,439,-50,98,40,-228,
3344332,168745,1160351,2624005,167004,166014,-1290,287,-573,981,147,-60,-90,11,78,-1278,-161,-624,812,442,-56,100,35,-231,
3344332,168745,1160351,2624005,167308,166014,-1295,287,-565,981,147,-60,-81,21,72,-1276,-158,-620,817,440,-49,97,35,-224,
3344332,168745,1160351,2624005,167308,165780,-1290,297,-593,979,145,-55,-84,26,70,-1276,-157,-616,817,440,-49,86,39,-224,
3344332,168745,1160351,2624005,167308,165780,-1307,303,-567,979,145,-55,-74,31,67,-1282,-162,-617,812,441,-44,76,34,-220,
3344332,168745,1160351,2624005,167308,165780,-1301,303,-574,978,146,-62,-69,23,68,-1283,-141,-625,812,441,-44,72,40,-220,
3375866,168745,1160351,2624005,167308,165780,-1301,298,-579,980,141,-65,-57,13,66,-1278,-145,-600,808,441,-37,82,50,-229,
3375866,168730,1160351,2624005,167308,165780,-1305,270,-579,980,141,-65,-54,5,72,-1282,-139,-593,808,441,-37,110,79,-242,
3375866,168730,1127989,2624005,167308,165780,-1303,281,-569,980,135,-51,-55,6,74,-1265,-168,-611,810,451,-46,109,81,-244,
3375866,168730,1127989,2688562,167308,165780,-1285,288,-551,980,135,-51,-70,11,82,-1265,-180,-612,809,451,-40,81,83,-245,
3375866,168730,1127989,2688562,167351,165780,-1295,289,-565,981,134,-62,-63,18,87,-1274,-173,-615,809,451,-40,81,88,-252,
3375866,168730,1127989,2688562,167351,166088,-1286,276,-568,981,134,-62,-61,21,93,-1272,-160,-610,806,452,-51,87,100,-259,
3375866,168730,1127989,2688562,167351,166088,-1288,286,-565,983,134,-61,-69,22,99,-1275,-177,-620,806,452,-51,94,111,-265,
3375866,168730,1127989,2688562,167351,166088,-1277,303,-558,983,127,-59,-76,33,107,-1269,-151,-621,803,462,-48,101,113,-268,
3427844,168730,1127989,2688562,167351,166088,-1259,296,-557,984,127,-59,-70,44,108,-1281,-154,-606,805,463,-43,136,119,-271,
3427844,168726,1127989,2688562,167351,166088,-1272,318,-542,985,124,-62,-61,66,118,-1269,-164,-615,805,463,-43,177,136,-283,
3427844,168726,1170560,2688562,167351,166088,-1275,311,-573,985,124,-62,-67,68,119,-1248,-216,-634,804,465,-43,215,151,-277,
3427844,168726,1170560,2763086,167351,166088,-1279,320,-624,984,119,-55,-106,61,123,-1236,-276,-634,804,465,-43,236,183,-264,
3427844,168726,1170560,2763086,167301,166088,-1275,356,-625,984,119,-55,-143,48,112,-1198,-287,-614,800,466,-48,255,215,-238,
3427844,168726,1170560,2763086,167301,166104,-1268,381,-599,981,116,-71,-147,37,102,-1205,-286,-628,800,466,-48,246,246,-213,
3427844,168726,1170560,2763086,167301,166104,-1264,428,-596,981,116,-71,-117,27,83,-1189,-301,-619,798,471,-55,221,301,-180,
3427844,168726,1170560,2763086,167301,166104,-1248,425,-584,985,115,-67,-67,18,61,-1187,-281,-615,801,470,-37,191,348,-157,
3523318,168726,1170560,2763086,167301,166104,-1247,407,-573,986,114,-66,-6,18,43,-1187,-240,-615,801,470,-37,171,411,-124,
3523318,168602,1170560,2763086,167301,166104,-1250,390,-573,986,114,-66,9,27,20,-1161,-145,-586,801,469,-63,179,510,-95,
3523318,168602,1263737,2763086,167301,166104,-1248,420,-546,984,109,-62,11,51,-2,-1144,-163,-548,801,469,-63,276,782,-106,
3523318,168602,1263737,2685441,167301,166104,-1256,405,-563,984,109,-62,30,62,-16,-1066,-165,-587,801,477,-71,302,958,-105,
3523318,168602,1263737,2685441,167352,166104,-1259,400,-567,983,116,-72,70,72,-37,-1015,-182,-560,801,477,-71,285,1149,-107,
3523318,168602,1263737,2685441,167352,166219,-1282,396,-556,983,116,-72,85,86,-52,-1062,-196,-549,802,477,-99,209,1319,-116,
3523318,168602,1263737,2685441,167352,166219,-1264,384,-552,985,117,-86,86,94,-68,-1041,-191,-626,799,472,-129,149,1439,-120,
3523318,168602,1263737,2685441,167352,166219,-1246,373,-577,985,111,-73,88,108,-82,-1108,-173,-648,799,472,-129,138,1512,-136,
3531987,168602,1263737,2685441,167352,166219,-1254,391,-607,985,111,-73,87,132,-117,-1180,-228,-769,792,472,-137,147,1528,-152,
3531987,184572,1263737,2685441,167352,166219,-1256,391,-626,985,113,-72,126,131,-131,-1169,-233,-848,792,472,-137,153,1492,-176,
3531987,184572,2149477,2685441,167352,166219,-1263,383,-599,985,113,-72,150,122,-143,-1234,-260,-893,786,479,-172,156,1394,-204,
3531987,184572,2149477,829504,167352,166219,-1298,316,-614,980,120,-70,161,103,-153,-1204,-297,-1014,786,479,-194,148,1260,-229,
3531987,184572,2149477,829504,167277,166219,-1333,261,-637,980,120,-70,106,75,-156,-1256,-366,-1051,785,480,-194,111,1090,-252,
3531987,184572,2149477,829504,167277,166175,-1327,253,-644,980,131,-67,-1,34,-150,-1205,-412,-1037,782,481,-218,12,893,-231,
3531987,184572,2149477,829504,167277,166175,-1277,301,-626,982,130,-78,-57,10,-137,-1241,-253,-1003,782,481,-218,-89,716,-233,
3531987,184572,2149477,829504,167277,166175,-1247,321,-605,982,130,-78,-52,5,-125,-1211,-218,-990,777,482,-218,-83,562,-243,
3684393,184572,2149477,829504,167277,166175,-1255,305,-601,983,128,-75,-30,12,-128,-1204,-151,-926,777,482,-218,-40,439,-247,
3684393,369663,2149477,829504,167277,166175,-1268,337,-578,983,128,-75,-11,25,-125,-1161,-187,-913,773,494,-237,51,355,-262,
3684393,369663,2738625,829504,167277,166175,-1262,340,-561,984,129,-89,9,44,-126,-1128,-240,-872,771,498,-230,144,313,-284,
3684393,369663,2738625,797659,167277,166175,-1262,317,-569,984,129,-89,42,62,-124,-1101,-271,-853,771,498,-230,186,291,-288,
3684393,369663,2738625,797659,167304,166175,-1274,316,-570,980,141,-75,57,73,-126,-1062,-333,-857,766,497,-236,154,299,-275,
3684393,369663,2738625,797659,167304,166061,-1302,306,-560,980,141,-75,71,88,-131,-1048,-396,-876,766,497,-236,92,286,-249,
3684393,369663,2738625,797659,167304,166061,-1284,281,-593,982,136,-72,74,89,-132,-1052,-358,-886,763,502,-236,10,278,-227,
3684393,369663,2738625,797659,167304,166061,-1278,287,-601,983,141,-78,67,100,-127,-1040,-328,-929,763,502,-236,-46,272,-203,
3424598,369663,2738625,797659,167304,166061,-1264,294,-601,983,141,-78,66,107,-119,-1081,-312,-939,759,502,-223,-55,261,-199,
3424598,1793550,2738625,797659,167304,166061,-1256,303,-595,982,143,-93,83,117,-118,-1076,-279,-956,763,502,-229,-68,244,-204,
3424598,1793550,3168448,797659,167304,166061,-1245,274,-578,982,143,-93,104,135,-123,-1100,-274,-960,763,502,-229,-56,218,-209,
3424598,1793550,3168448,758728,167304,166061,-1265,268,-594,979,143,-100,120,157,-113,-1107,-255,-963,758,504,-250,-41,183,-218,
3424598,1793550,3168448,758728,167280,166061,-1261,295,-583,979,143,-100,147,180,-103,-1091,-277,-948,758,504,-250,-25,140,-236,
3424598,1793550,3168448,758728,167280,166230,-1251,273,-593,981,155,-98,162,200,-99,-1087,-258,-937,755,508,-244,-39,104,-248,
3424598,1793550,3168448,758728,167280,166230,-1254,241,-597,979,150,-103,176,225,-89,-1072,-234,-949,755,508,-244,-58,78,-260,
3424598,1793550,3168448,758728,167280,166230,-1275,198,-605,979,150,-103,151,256,-71,-1081,-202,-907,754,517,-234,-46,58,-279,
1878556,1793550,3168448,758728,167280,166230,-1274,194,-598,978,149,-102,82,288,-56,-1092,-186,-874,752,516,-238,-5,55,-315,
1878556,2679874,3168448,758728,167280,166230,-1244,224,-595,978,149,-102,2,324,-34,-1068,-219,-869,752,516,-238,57,68,-331,
1878556,2679874,3087603,758728,167280,166230,-1228,258,-612,976,150,-110,-57,372,-10,-1005,-337,-877,745,523,-249,116,97,-350,
1878556,2679874,3087603,862487,167280,166230,-1195,256,-625,976,150,-110,-65,426,11,-1008,-377,-880,745,523,-249,138,123,-344,
1878556,2679874,3087603,862487,167268,166230,-1200,216,-596,977,154,-127,-40,490,23,-1016,-402,-927,744,528,-245,74,152,-323,
1878556,2679874,3087603,862487,167268,166183,-1195,184,-649,979,148,-144,-47,567,57,-1019,-401,-922,744,528,-247,35,142,-298,
1878556,2679874,3087603,862487,167268,166183,-1212,158,-629,979,148,-144,-102,749,126,-1048,-411,-921,741,530,-247,28,138,-270,
1878556,2679874,3087603,862487,167268,166183,-1094,162,-522,977,139,-165,-240,951,201,-1033,-401,-929,740,531,-253,18,128,-243,
1998298,2679874,3087603,862487,167268,166183,-1012,18,-485,977,139,-165,-214,1221,327,-1031,-427,-939,740,531,-253,-2,118,-207,
1998298,1713915,3087603,862487,167268,166183,-826,-51,-608,972,132,-182,-241,1550,478,-1031,-410,-935,739,533,-248,-30,102,-176,
1998298,1713915,2528072,862487,167268,166183,-931,-72,-580,972,132,-182,-354,1842,614,-1039,-396,-925,739,533,-248,-49,92,-148,
1998298,1713915,2528072,840443,167268,166183,-833,-114,-641,966,117,-252,-582,2037,752,-1052,-364,-919,739,540,-259,-42,75,-123,
1998298,1713915,2528072,840443,166909,166183,-970,186,-757,966,117,-508,-740,2157,876,-1028,-373,-914,740,536,-254,-43,73,-105,
1998298,1713915,2528072,840443,166909,165955,-987,332,-859,959,86,-316,-730,2147,902,-1013,-363,-919,740,536,-254,-49,65,-95,
1998298,1713915,2528072,840443,166909,165955,-1103,418,-1046,953,62,-346,-692,2008,896,-1033,-348,-908,738,535,-259,-52,76,-76,
1998298,1713915,2528072,840443,166909,165955,-1093,552,-1182,953,62,-346,-618,1766,833,-1022,-362,-907,738,535,-259,-51,87,-71,
167212,1713915,2528072,840443,166909,165955,-1319,586,-1442,943,37,-372,-615,1447,757,-1029,-363,-913,739,538,-259,-60,100,-60,
167212,2112082,2528072,840443,166909,165955,-1410,797,-1455,943,37,-372,-670,1069,678,-1022,-346,-911,739,538,-259,-91,100,-52,
167212,2112082,3053906,840443,166909,165955,-1349,845,-1404,939,22,-389,-655,675,562,-999,-318,-912,738,533,-265,-98,97,-50,
167212,2112082,3053906,849373,166909,165955,-1261,833,-1235,939,22,-389,-538,279,436,-998,-321,-912,741,528,-257,-95,112,-50,
167212,2112082,3053906,849373,167340,165955,-1143,683,-983,938,20,-404,-372,-29,334,-988,-320,-923,741,528,-257,-95,131,-61,
167212,2112082,3053906,849373,167340,165748,-1072,556,-827,940,3,-389,-253,-205,224,-1003,-318,-944,738,529,-268,-135,151,-63,
167212,2112082,3053906,849373,167340,165748,-1001,533,-709,940,3,-389,-201,-162,205,-1037,-298,-926,738,529,-268,-147,149,-64,
167212,2112082,3053906,849373,167340,165748,-943,581,-666,941,-5,-387,-152,-43,180,-1045,-289,-944,738,532,-268,-119,144,-70,
167166,2112082,3053906,849373,167340,165748,-888,678,-713,941,-5,-387,-71,66,135,-1070,-276,-951,738,532,-268,-83,132,-79,
167166,168681,3053906,849373,167340,165748,-906,695,-805,945,-4,-382,-12,166,69,-1051,-308,-924,740,539,-269,-69,117,-87,
167166,168681,2813166,849373,167340,165748,-930,706,-887,945,-4,-382,28,233,10,-1041,-306,-965,741,525,-275,-73,108,-88,
167166,168681,2813166,820222,167340,165748,-942,680,-957,938,-1,-392,61,241,-50,-1045,-300,-947,741,525,-275,-75,93,-94,
167166,168681,2813166,820222,167250,165748,-977,640,-1031,937,0,-406,63,219,-95,-1044,-259,-933,736,524,-270,-60,88,-99,
167166,168681,2813166,820222,167250,166122,-999,598,-1052,937,0,-406,61,171,-135,-1010,-277,-955,736,524,-270,-33,92,-110,
167166,168681,2813166,820222,167250,166122,-1010,539,-1061,930,-3,-396,64,122,-164,-1017,-306,-937,736,535,-281,-21,103,-126,
167166,168681,2813166,820222,167250,166122,-1015,429,-986,930,-3,-396,65,74,-163,-1007,-321,-958,736,528,-283,-23,95,-127,
167217,168681,2813166,820222,167250,166122,-1013,410,-955,931,5,-393,43,49,-152,-998,-344,-962,734,528,-283,-40,90,-119,
167217,168584,2813166,820222,167250,166122,-1028,384,-914,931,5,-393,14,40,-131,-1001,-326,-978,740,524,-272,-68,81,-116,
167217,168584,2943431,820222,167250,166122,-1010,384,-910,933,11,-409,-6,40,-102,-1019,-291,-958,740,524,-272,-60,74,-118,
167217,168584,2943431,359749,167250,166122,-1012,412,-885,933,11,-412,-22,47,-68,-983,-295,-961,733,529,-285,-53,61,-116,
167217,168584,2943431,359749,167034,166122,-1003,428,-903,933,6,-412,-40,58,-15,-985,-303,-955,733,529,-285,-33,69,-116,
167217,168584,2943431,359749,167034,166040,-977,446,-918,933,3,-406,-71,80,-3,-1003,-308,-921,736,530,-278,-24,76,-133,
167217,168584,2943431,359749,167034,166040,-997,463,-956,933,3,-406,-62,75,10,-1020,-309,-932,738,531,-279,-31,96,-133,
167217,168584,2943431,359749,167034,166040,-966,460,-973,932,0,-402,-62,64,7,-1012,-323,-949,738,531,-279,-37,98,-128,
166821,168584,2943431,359749,167034,166040,-993,467,-930,932,0,-402,-64,58,16,-1032,-318,-951,734,529,-285,-28,99,-128,
166821,168552,2943431,359749,167034,166040,-969,491,-961,928,3,-404,-74,54,27,-1018,-355,-954,734,529,-285,-30,96,-121,
166821,168552,2970884,359749,167034,166040,-984,483,-935,928,3,-404,-67,52,39,-1026,-333,-985,733,535,-286,-34,86,-107,
166821,168552,2970884,314876,167034,166040,-967,476,-946,932,4,-421,-64,52,43,-1023,-317,-982,733,535,-286,-30,70,-91,
166821,168552,2970884,314876,167359,166040,-981,496,-948,932,-6,-410,-64,50,45,-1019,-311,-957,735,533,-285,-27,49,-88,
166821,168552,2970884,314876,167359,166111,-980,509,-951,932,-6,-410,-61,43,52,-1014,-322,-969,732,527,-292,0,34,-87,
166821,168552,2970884,314876,167359,166111,-991,260,-955,935,-4,-415,-61,33,54,-1006,-319,-958,732,527,-292,-11,28,-81,
166821,168552,2970884,314876,167359,166111,-980,540,-930,935,-4,-415,-65,29,45,-1004,-275,-937,735,527,-285,-29,26,-88,
167010,168552,2970884,314876,167359,166111,-988,553,-931,934,-6,-411,-64,27,39,-999,-281,-956,735,527,-285,-18,26,-92,
167010,168678,2970884,314876,167359,166111,-961,555,-918,934,-6,-411,-58,13,35,-1003,-292,-948,734,526,-293,-12,27,-103,
167010,168678,2754718,314876,167359,166111,-966,547,-917,930,-7,-414,-35,6,22,-1000,-301,-949,734,526,-293,-1,25,-114,
167010,168678,2754718,299170,167359,166111,-958,524,-915,934,-7,-409,-17,9,10,-1011,-295,-932,734,530,-285,-5,43,-116,
167010,168678,2754718,299170,167366,166111,-974,525,-924,934,-7,-409,-4,6,7,-1019,-300,-959,734,527,-275,12,52,-111,
167010,168678,2754718,299170,167366,166162,-979,505,-924,931,-14,-409,-5,12,-1,-1020,-322,-979,734,527,-275,26,45,-115,
167010,168678,2754718,299170,167366,166162,-987,500,-932,931,-14,-409,-14,11,1,-1000,-349,-969,734,528,-278,30,39,-112,
167010,168678,2754718,299170,167366,166162,-969,507,-954,932,-14,-409,-23,10,3,-1004,-335,-954,734,528,-278,17,19,-95,
167165,168678,2754718,299170,167366,166162,-980,529,-937,932,-14,-409,-33,11,0,-998,-342,-949,732,536,-284,2,18,-93,
167165,168662,2754718,299170,167366,166162,-978,538,-939,933,-2,-415,-31,6,0,-1002,-337,-969,730,533,-284,-8,29,-91,
167165,168662,2707729,299170,167366,166162,-972,524,-951,933,-2,-413,-12,3,3,-1002,-309,-977,730,533,-284,-19,13,-81,
167165,168662,2707729,653875,167366,166162,-972,505,-918,931,-9,-413,-10,-5,3,-1011,-312,-969,732,527,-281,-17,9,-84,
167165,168662,2707729,653875,167338,166162,-972,507,-926,932,-15,-406,-15,-5,4,-1005,-296,-958,732,527,-281,-14,21,-99,
167165,168662,2707729,653875,167338,166166,-961,516,-927,932,-15,-406,-19,-7,9,-1006,-280,-934,735,530,-286,-5,28,-106,
167165,168662,2707729,653875,167338,166166,-964,528,-926,932,-17,-412,-20,-6,6,-1005,-312,-956,735,530,-286,16,24,-102,
167165,168662,2707729,653875,167338,166166,-969,528,-938,932,-17,-412,-5,1,7,-1025,-326,-951,733,533,-269,30,21,-101,
167093,168662,2707729,653875,167338,166166,-976,511,-934,932,-15,-412,6,3,4,-1012,-328,-968,734,527,-279,27,20,-107,
167093,168644,2707729,653875,167338,166166,-976,508,-940,932,-15,-412,15,-1,11,-999,-332,-969,734,527,-279,20,20,-114,
167093,168644,2669910,653875,167338,166166,-979,505,-930,933,-14,-418,10,-1,16,-1001,-292,-958,735,528,-274,13,12,-96,
167093,168644,2669910,594996,167338,166166,-977,515,-924,934,-16,-408,-26,-6,17,-1002,-302,-962,735,528,-274,4,10,-99,
167093,168644,2669910,594996,167373,166166,-981,516,-919,934,-16,-408,-29,0,25,-999,-312,-947,735,533,-282,23,1,-103,
167093,168644,2669910,594996,167373,166128,-963,537,-918,937,-22,-415,-32,3,19,-1001,-331,-952,735,533,-282,25,10,-115,
167093,168644,2669910,594996,167373,166128,-970,528,-931,937,-22,-415,-36,-10,27,-1008,-337,-934,733,537,-286,14,17,-114,
167093,168644,2669910,594996,167373,166128,-965,539,-940,930,-19,-412,-36,-10,24,-1000,-324,-946,736,531,-277,10,14,-96,
167207,168644,2669910,594996,167373,166128,-962,541,-931,930,-19,-412,-33,-7,20,-1010,-333,-953,736,531,-277,-5,13,-98,
167207,168664,2669910,594996,167373,166128,-968,539,-939,933,-17,-421,-24,-7,20,-1006,-298,-957,734,531,-284,-9,16,-104,
167207,168664,2557994,594996,167373,166128,-961,529,-929,936,-23,-403,-20,-7,12,-1022,-286,-962,734,531,-284,-6,9,-111,
167207,168664,2557994,626370,167373,166128,-981,537,-917,936,-23,-403,-23,-10,11,-999,-303,-965,732,529,-274,1,12,-123,
167207,168664,2557994,626370,167351,166128,-976,527,-930,931,-23,-410,-26,-5,9,-1016,-310,-943,732,529,-280,5,14,-125,
167207,168664,2557994,626370,167351,166175,-978,550,-904,931,-23,-410,-33,2,8,-1011,-303,-972,729,534,-280,11,12,-132,
167207,168664,2557994,626370,167351,166175,-964,564,-922,932,-26,-415,-34,1,6,-997,-315,-971,734,533,-279,11,20,-132,
167207,168664,2557994,626370,167351,166175,-955,559,-920,932,-26,-415,-33,1,-6,-1016,-324,-937,734,533,-279,-7,13,-132,
167251,168664,2557994,626370,167351,166175,-961,563,-920,931,-16,-413,-16,2,-8,-1013,-323,-929,734,531,-277,2,1,-130,
167251,168643,2557994,626370,167351,166175,-976,543,-921,931,-22,-410,5,0,-15,-998,-334,-926,734,531,-277,13,11,-134,
167251,168643,2568970,626370,167351,166175,-972,530,-917,933,-22,-410,14,6,-23,-1015,-348,-933,731,542,-277,18,20,-139,
167251,168643,2568970,623542,167351,166175,-972,541,-921,935,-24,-409,12,10,-30,-988,-352,-958,729,535,-283,4,23,-125,
167251,168643,2568970,623542,167577,166175,-975,524,-926,935,-24,-409,11,9,-30,-1012,-356,-942,729,535,-283,-10,34,-113,
167251,168643,2568970,623542,167577,166163,-968,521,-935,937,-19,-400,11,13,-27,-1012,-336,-936,735,534,-269,-23,33,-101,
167251,168643,2568970,623542,167577,166163,-983,516,-913,937,-19,-400,9,7,-27,-1019,-341,-946,735,534,-269,-22,29,-102,
167251,168643,2568970,623542,167577,166163,-981,524,-936,932,-21,-415,4,7,-26,-1020,-315,-946,733,536,-278,-38,38,-95,
167130,168643,2568970,623542,167577,166163,-978,520,-948,932,-21,-415,4,9,-18,-1010,-311,-966,733,536,-278,-35,37,-98,
167130,168671,2568970,623542,167577,166163,-973,520,-936,934,-20,-407,-9,1,-11,-1010,-317,-960,727,539,-275,-17,20,-98,
167130,168671,2553923,623542,167577,166163,-974,528,-931,935,-25,-415,-11,-4,-13,-1011,-315,-956,732,534,-290,-13,20,-92,
167130,168671,2553923,565273,167577,166163,-964,534,-923,935,-25,-415,-13,-7,-11,-1013,-320,-940,732,534,-290,-23,30,-99,
167130,168671,2553923,565273,167300,166163,-959,549,-928,935,-25,-415,-11,2,-9,-1013,-307,-964,734,535,-278,-24,31,-103,
167130,168671,2553923,565273,167300,166274,-982,531,-915,935,-25,-415,-8,-1,-6,-1019,-317,-944,734,535,-278,-25,26,-104,
167130,168671,2553923,565273,167300,166274,-985,546,-925,934,-22,-405,-8,-5,-10,-996,-313,-954,732,534,-288,-26,24,-105,
167130,168671,2553923,565273,167300,166274,-963,554,-925,934,-22,-405,-3,13,-25,-1021,-308,-938,732,534,-288,-16,16,-107,
167239,168671,2553923,565273,167300,166274,-962,530,-918,933,-17,-415,-3,13,-28,-1001,-310,-945,732,543,-287,-10,26,-107,
167239,168541,2553923,565273,167300,166274,-985,540,-934,937,-25,-413,-4,7,-20,-1009,-314,-957,734,535,-287,-10,27,-111,
167239,168541,2524209,565273,167300,166274,-970,531,-926,937,-25,-413,5,11,-24,-995,-316,-943,734,535,-287,-11,26,-111,
167239,168541,2524209,572800,167300,166274,-976,536,-931,936,-25,-399,4,8,-36,-1003,-341,-938,735,534,-285,-11,34,-106,
167239,168541,2524209,572800,167207,166274,-980,544,-935,936,-25,-399,-1,3,-25,-1008,-323,-946,735,534,-285,-17,40,-107,
167239,168541,2524209,572800,167207,166168,-977,545,-924,933,-24,-417,8,7,-29,-998,-336,-945,728,538,-276,-5,41,-111,
167239,168541,2524209,572800,167207,166168,-979,537,-941,933,-24,-417,16,10,-39,-993,-342,-949,728,538,-285,-10,40,-107,
167239,168541,2524209,572800,167207,166168,-983,538,-950,933,-15,-408,17,5,-34,-1008,-331,-961,728,536,-285,-24,41,-99,
167175,168541,2524209,572800,167207,166168,-962,540,-925,933,-19,-418,20,9,-34,-1004,-319,-950,734,531,-283,-27,50,-92,
167175,168344,2524209,572800,167207,166168,-976,525,-931,933,-19,-418,18,12,-36,-1014,-319,-939,734,531,-283,-17,47,-95,
167175,168344,2489779,572800,167207,166168,-972,510,-928,935,-23,-415,17,11,-37,-1003,-330,-948,730,530,-286,-17,48,-91,
167175,168344,2489779,250817,167207,166168,-976,519,-925,935,-23,-415,14,9,-37,-1015,-314,-950,730,530,-286,-15,44,-102,
167175,168344,2489779,250817,167141,166168,-989,519,-916,936,-23,-404,6,6,-31,-1010,-321,-954,732,541,-276,-13,49,-102,
167175,168344,2489779,250817,167141,166101,-977,529,-928,936,-23,-404,2,7,-31,-1006,-329,-957,733,538,-274,-19,50,-105,
167175,168344,2489779,250817,167141,166101,-973,519,-938,932,-21,-410,1,10,-29,-1005,-319,-963,733,538,-274,-14,39,-104,
167175,168344,2489779,250817,167141,166101,-968,539,-914,932,-21,-410,-10,11,-24,-1000,-318,-952,734,534,-287,-21,48,-102,
167328,168344,2489779,250817,167141,166101,-970,533,-927,936,-19,-407,247,11,-27,-1014,-317,-948,734,534,-287,-17,52,-104,
167328,168658,2489779,250817,167141,166101,-973,543,-931,935,-24,-402,9,7,-30,-1003,-328,-944,731,536,-282,-12,64,-94,
167328,168658,2428950,250817,167141,166101,-980,536,-933,935,-24,-402,9,6,-29,-985,-336,-960,731,536,-282,-9,64,-95,
167328,168658,2428950,228140,167141,166101,-981,527,-919,935,-25,-409,8,7,-29,-1004,-345,-958,732,538,-281,-3,64,-90,
167328,168658,2428950,228140,167012,166101,-985,523,-933,935,-25,-409,1,4,-27,-1012,-349,-930,734,531,-282,-4,61,-84,
167328,168658,2428950,228140,167012,166101,-974,551,-928,934,-19,-410,-6,4,-28,-1011,-332,-940,734,531,-282,-8,57,-77,
167328,168658,2428950,228140,167012,166101,-965,546,-924,934,-19,-410,-8,7,-27,-1000,-330,-922,734,533,-288,-21,60,-77,
167328,168658,2428950,228140,167012,166101,-968,547,-918,934,-15,-421,6,5,-30,-1010,-317,-940,734,533,-288,-22,58,-72,
167034,168658,2428950,228140,167012,166101,-968,543,-924,939,-21,-405,12,7,-30,-1002,-319,-962,730,530,-276,-24,57,-73,
167034,168257,2428950,228140,167012,166101,-973,528,-929,939,-21,-405,20,8,-33,-1019,-294,-963,730,530,-276,-21,54,-69,
167034,168257,2423854,228140,167012,166101,-978,516,-925,934,-22,-409,17,12,-43,-1013,-310,-956,733,535,-283,-14,51,-86,
167034,168257,2423854,236551,167012,166101,-969,520,-928,934,-22,-409,11,7,-31,-1008,-300,-964,733,527,-266,-14,38,-90,
167034,168257,2423854,236551,167032,166101,-978,533,-924,936,-20,-400,-3,9,-28,-1000,-301,-955,733,527,-266,-11,33,-103,
167034,168257,2423854,236551,167032,166167,-973,541,-926,936,-20,-400,0,14,-32,-997,-289,-970,734,536,-279,-6,39,-112,
167034,168257,2423854,236551,167032,166167,-971,537,-928,933,-15,-403,4,8,-29,-1000,-308,-958,734,536,-279,-2,36,-117,
167034,168257,2423854,236551,167032,166167,-964,512,-927,935,-20,-399,15,8,-35,-1000,-331,-967,732,536,-281,5,30,-120,
167063,168257,2423854,236551,167032,166167,-980,512,-930,935,-20,-399,2,8,-32,-1006,-327,-961,732,530,-276,1,40,-119,
167063,168579,2423854,236551,167032,166167,-974,523,-943,937,-21,-412,-7,9,-26,-992,-328,-948,732,530,-276,-5,37,-120,
167063,168579,2465977,236551,167032,166167,-984,538,-941,937,-21,-412,7,12,-26,-997,-341,-952,732,534,-282,-15,32,-119,
167063,168579,2465977,234457,167032,166167,-973,521,-934,934,-20,-411,9,12,-29,-1000,-320,-938,732,534,-282,-9,32,-115,
167063,168579,2465977,234457,167302,166167,-990,521,-925,934,-20,-411,12,15,-33,-1006,-319,-949,732,531,-285,-1,34,-111,
167063,168579,2465977,234457,167302,166198,-977,520,-923,931,-18,-418,8,14,-29,-1002,-322,-958,732,531,-285,-5,29,-112,
167063,168579,2465977,234457,167302,166198,-974,525,-920,931,-18,-418,6,11,-26,-1005,-330,-959,729,539,-282,-4,38,-105,
167063,168579,2465977,234457,167302,166198,-973,525,-935,938,-25,-411,-1,9,-30,-1006,-336,-939,734,533,-290,-16,27,-104,
167324,168579,2465977,234457,167302,166198,-967,519,-931,934,-20,-411,4,12,-26,-1006,-327,-945,734,533,-290,-20,33,-99,
167324,168685,2465977,234457,167302,166198,-971,536,-926,934,-20,-411,4,6,-19,-1014,-318,-942,730,533,-282,-11,44,-90,
167324,168685,2512808,234457,167302,166198,-983,522,-912,935,-22,-418,0,7,-25,-996,-332,-946,730,533,-282,-11,36,-100,
167324,168685,2512808,243024,167302,166198,-976,529,-922,935,-22,-418,-9,-2,-13,-994,-315,-962,732,537,-281,-16,28,-100,
167324,168685,2512808,243024,167332,166198,-981,537,-913,932,-19,-414,-9,6,-18,-1011,-324,-948,732,537,-281,-19,41,-102,
167324,168685,2512808,243024,167332,166200,-968,540,-917,932,-19,-414,-11,14,-18,-1006,-315,-953,730,536,-282,-23,39,-104,
167324,168685,2512808,243024,167332,166200,-966,529,-922,935,-19,-418,2,18,-18,-999,-323,-944,731,527,-288,-19,42,-98,
167324,168685,2512808,243024,167332,166200,-969,540,-937,931,-22,-410,-4,8,-21,-992,-321,-957,731,527,-288,-20,43,-101,
167296,168685,2512808,243024,167332,166200,-968,529,-928,931,-22,-410,-1,6,-22,-996,-321,-969,730,533,-283,-11,41,-100,
167296,168769,2512808,243024,167332,166200,-968,531,-930,930,-21,-408,-3,10,-26,-1004,-314,-951,730,533,-283,-9,40,-106,
167296,168769,2517117,243024,167332,166200,-966,551,-934,930,-21,-408,-1,8,-31,-1008,-330,-956,730,537,-279,-14,31,-98,
167296,168769,2517117,258869,167332,166200,-967,541,-922,930,-20,-408,5,7,-29,-1003,-326,-961,730,537,-279,-11,29,-89,
167296,168769,2517117,258869,167310,166200,-973,534,-930,930,-20,-408,10,14,-29,-994,-336,-946,732,538,-280,-2,32,-90,
167296,168769,2517117,258869,167310,166038,-981,517,-934,928,-10,-410,12,10,-32,-996,-334,-944,734,531,-283,-15,39,-89,
167296,168769,2517117,258869,167310,166038,-961,519,-938,932,-17,-415,5,9,-33,-1003,-330,-956,734,531,-283,-25,39,-89,
167296,168769,2517117,258869,167310,166038,-974,508,-914,932,-17,-415,3,14,-32,-1008,-309,-953,733,528,-275,-23,35,-84,
167253,168769,2517117,258869,167310,166038,-971,524,-916,932,-21,-412,3,7,-27,-1017,-318,-953,733,528,-275,-22,45,-89,
167253,168781,2517117,258869,167310,166038,-968,519,-931,932,-21,-412,15,13,-24,-1017,-310,-961,731,543,-279,-20,41,-95,
167253,168781,2503931,258869,167310,166038,-971,516,-921,934,-24,-414,12,16,-29,-1003,-328,-960,731,531,-273,-22,41,-100,
167253,168781,2503931,249732,167310,166038,-969,514,-919,934,-24,-414,2,9,-23,-1005,-306,-956,737,531,-273,-19,30,-100,
167253,168781,2503931,249732,167326,166038,-984,525,-922,929,-17,-406,0,22,-26,-1006,-312,-951,734,532,-280,-16,31,-110,
167253,168781,2503931,249732,167326,166207,-976,520,-927,929,-17,-403,1,24,-22,-1010,-314,-965,734,532,-280,-16,34,-111,
167253,168781,2503931,249732,167326,166207,-969,532,-943,932,-22,-403,-3,13,-15,-1001,-321,-960,731,531,-275,-18,26,-118,
167253,168781,2503931,249732,167326,166207,-966,527,-930,935,-20,-408,-7,4,-20,-990,-328,-959,731,531,-275,-7,30,-114,
167303,168781,2503931,249732,167326,166207,-984,527,-933,935,-20,-408,-18,5,-17,-1007,-322,-943,734,537,-288,-11,29,-109,
167303,168720,2503931,249732,167326,166207,-976,534,-919,929,-20,-404,-14,6,-15,-1004,-341,-953,731,533,-274,-5,26,-110,
167303,168720,2511953,249732,167326,166207,-976,543,-934,929,-20,-404,-12,1,-10,-1004,-335,-940,731,533,-274,-4,34,-110,
167303,168720,2511953,248670,167326,166207,-967,545,-927,931,-18,-403,-5,11,-13,-997,-338,-963,731,529,-281,-13,45,-104,
167303,168720,2511953,248670,167173,166207,-969,532,-920,931,-18,-403,-8,8,-29,-1006,-331,-943,731,529,-281,-20,34,-96,
167303,168720,2511953,248670,167173,165953,-990,528,-934,933,-16,-408,-5,1,-22,-990,-335,-945,732,540,-273,-16,44,-102,
167303,168720,2511953,248670,167173,165953,-978,531,-930,934,-21,-415,-2,6,-15,-1003,-324,-972,732,540,-273,-15,43,-91,
167303,168720,2511953,248670,167173,165953,-974,519,-934,934,-21,-415,-4,-1,-11,-997,-327,-954,732,539,-287,-17,49,-88,
167127,168720,2511953,248670,167173,165953,-981,519,-928,935,-24,-410,-4,8,-15,-1010,-328,-947,733,531,-274,-19,44,-93,
167127,168684,2511953,248670,167173,165953,-969,514,-932,935,-24,-410,-7,9,-11,-1007,-326,-955,733,531,-274,-24,33,-86,
167127,168684,2504075,248670,167173,165953,-966,505,-921,933,-22,-422,-7,2,3,-997,-302,-965,735,529,-279,-29,32,-83,
167127,168684,2504075,250783,167173,165953,-979,508,-927,933,-22,-422,-10,4,9,-1005,-301,-962,735,529,-279,-25,23,-98,
167127,168684,2504075,250783,167368,165953,-975,519,-934,933,-22,-406,-16,-1,20,-1004,-304,-969,733,531,-284,-16,30,-100,
167127,168684,2504075,250783,167368,165634,-972,521,-923,934,-23,-413,-25,3,19,-1006,-314,-966,733,531,-284,-10,43,-108,
167127,168684,2504075,250783,167368,165634,-967,531,-940,934,-23,-413,-22,-2,32,-1017,-322,-968,729,531,-280,-5,31,-99,
167127,168684,2504075,250783,167368,165634,-974,519,-900,933,-28,-412,-29,3,20,-1001,-328,-946,732,527,-283,-9,22,-106,
167245,168684,2504075,250783,167368,165634,-971,565,-917,933,-28,-412,-31,5,13,-1004,-319,-956,732,527,-283,-16,25,-110,
167245,168729,2504075,250783,167368,165634,-975,567,-915,934,-25,-412,-17,4,11,-1015,-317,-955,734,530,-291,-19,22,-105,
167245,168729,2441551,250783,167368,165634,-967,564,-912,934,-25,-412,-10,2,10,-995,-323,-967,734,530,-291,-17,29,-105,
167245,168729,2441551,257149,167368,165634,-956,555,-918,929,-18,-420,-7,3,-6,-999,-327,-948,730,533,-289,-14,35,-103,
167245,168729,2441551,257149,167369,165634,-956,562,-923,929,-18,-413,-7,1,-11,-1008,-323,-954,730,536,-280,-15,30,-107,
167245,168729,2441551,257149,167369,166220,-966,570,-907,932,-29,-413,1,13,-23,-1002,-324,-963,735,536,-280,-19,28,-111,
167245,168729,2441551,257149,167369,166220,-962,557,-927,937,-33,-412,6,16,-29,-995,-328,-947,733,533,-284,-23,37,-105,
167245,168729,2441551,257149,167369,166220,-971,551,-927,937,-33,-412,10,11,-42,-999,-330,-961,733,533,-284,-19,36,-97,
167284,168729,2441551,257149,167369,166220,-980,536,-924,934,-27,-409,17,14,-41,-988,-333,-964,733,532,-281,-10,30,-95,
167284,168732,2441551,257149,167369,166220,-977,531,-933,934,-27,-409,22,11,-44,-1003,-334,-957,733,532,-281,-17,30,-91,
167284,168732,2454577,257149,167369,166220,-962,519,-931,936,-32,-402,21,10,-35,-1004,-312,-965,730,536,-293,-27,41,-83,
167284,168732,2454577,261860,167369,166220,-979,510,-941,936,-32,-402,15,12,-32,-1001,-322,-961,734,533,-276,-18,36,-86,
167284,168732,2454577,261860,167446,166220,-975,516,-939,931,-21,-415,-5,6,-33,-1012,-314,-944,734,533,-276,-19,36,-83,
167284,168732,2454577,261860,167446,166186,-970,532,-923,936,-26,-410,-6,4,-25,-1018,-325,-946,732,529,-290,-19,38,-82,
167284,168732,2454577,261860,167446,166186,-960,527,-926,936,-26,-410,2,18,-28,-1013,-311,-958,732,529,-290,-20,43,-88,
167284,168732,2454577,261860,167446,166186,-975,524,-936,934,-28,-408,5,10,-25,-1005,-314,-973,736,538,-278,-13,25,-93,
167202,168732,2454577,261860,167446,166186,-970,523,-933,934,-28,-408,-2,7,-32,-994,-311,-969,736,538,-278,-21,27,-98,
167202,168699,2454577,261860,167446,166186,-971,537,-931,934,-23,-397,-9,1,-20,-1002,-316,-960,732,534,-285,-16,34,-103,
167202,168699,2455408,261860,167446,166186,-968,538,-922,934,-23,-397,-8,2,-17,-1004,-313,-941,733,531,-292,-10,33,-104,
167202,168699,2455408,349839,167446,166186,-966,525,-929,934,-17,-422,-8,13,-20,-1005,-321,-966,733,531,-292,-9,33,-98,
167202,168699,2455408,349839,167314,166186,-972,532,-930,935,-25,-417,-1,11,-26,-997,-324,-953,734,531,-284,-17,28,-97,
167202,168699,2455408,349839,167314,166288,-954,537,-935,935,-25,-417,-5,4,-23,-1007,-332,-943,734,531,-284,-19,34,-100,
167202,168699,2455408,349839,167314,166288,-965,538,-924,939,-28,-405,-5,0,-15,-997,-328,-942,730,533,-286,-18,44,-98,
167202,168699,2455408,349839,167314,166288,-973,536,-940,939,-28,-405,3,10,-24,-1000,-323,-958,730,533,-286,-10,36,-98,
167060,168699,2455408,349839,167314,166288,-966,534,-928,933,-26,-420,4,8,-25,-990,-322,-983,731,530,-290,-9,37,-91,
167060,168535,2455408,349839,167314,166288,-970,540,-937,933,-26,-420,0,6,-22,-996,-319,-944,734,530,-272,-11,28,-86,
167060,168535,2451555,349839,167314,166288,-969,527,-923,932,-22,-395,-6,0,-14,-1004,-310,-935,734,530,-272,-16,39,-97,
167060,168535,2451555,369320,167314,166288,-975,532,-937,932,-22,-416,-7,6,-14,-995,-321,-940,732,531,-298,-17,42,-106,
167060,168535,2451555,369320,167406,166288,-974,520,-926,935,-29,-416,-14,8,-22,-1014,-331,-959,732,531,-298,-12,43,-105,
167060,168535,2451555,369320,167406,166289,-980,527,-933,933,-27,-410,-16,2,-14,-996,-318,-958,732,537,-291,-8,38,-104,
167060,168535,2451555,369320,167406,166289,-975,540,-926,933,-27,-410,-15,4,-8,-995,-326,-946,730,533,-287,-9,27,-96,
167060,168535,2451555,369320,167406,166289,-970,539,-928,936,-27,-409,-3,6,-17,-991,-327,-958,730,533,-287,-10,32,-101,
167202,168535,2451555,369320,167406,166289,-974,539,-924,936,-27,-409,-3,11,-20,-1002,-316,-970,739,531,-278,-10,38,-101,
167202,168521,2451555,369320,167406,166289,-973,536,-919,933,-26,-401,-2,5,-16,-996,-329,-968,739,531,-278,-8,28,-102,
167202,168521,2413520,369320,167406,166289,-973,540,-924,933,-26,-401,-10,6,-15,-1000,-324,-957,732,528,-282,-17,27,-107,
167202,168521,2413520,322842,167406,166289,-970,542,-921,934,-22,-402,-9,3,-19,-1000,-327,-951,732,528,-282,-24,30,-107,
167202,168521,2413520,322842,167327,166289,-973,544,-917,935,-29,-414,-7,2,-19,-1020,-322,-956,733,538,-283,-17,33,-102,
167202,168521,2413520,322842,167327,166268,-981,550,-925,935,-29,-414,-1,2,-19,-1007,-308,-957,734,529,-279,-13,27,-102,
167202,168521,2413520,322842,167327,166268,-968,533,-924,936,-27,-410,0,7,-26,-995,-316,-954,734,529,-279,-17,27,-113,
167202,168521,2413520,322842,167327,166268,-974,534,-924,936,-27,-410,3,5,-30,-1000,-330,-957,734,530,-278,-10,31,-114,
167414,168521,2413520,322842,167327,166268,-966,531,-937,936,-18,-409,4,10,-26,-1009,-322,-950,734,530,-278,-11,31,-111,
167414,168719,2413520,322842,167327,166268,-966,531,-944,936,-18,-409,9,19,-28,-981,-336,-959,734,533,-284,-15,35,-110,
167414,168719,2403914,322842,167327,166268,-975,540,-928,931,-21,-417,6,10,-23,-1012,-336,-925,734,533,-284,-14,35,-106,
167414,168719,2403914,332805,167327,166268,-977,545,-923,933,-28,-410,15,11,-31,-1011,-330,-954,733,542,-291,-11,32,-99,
167414,168719,2403914,332805,167327,166268,-970,524,-919,933,-28,-410,6,11,-32,-1004,-331,-943,731,532,-288,-18,30,-98,
167414,168719,2403914,332805,167327,166313,-980,534,-927,937,-29,-401,-6,7,-21,-997,-321,-940,731,532,-288,-9,26,-105,
167414,168719,2403914,332805,167327,166313,-986,546,-921,937,-29,-401,-3,5,-22,-997,-331,-946,732,528,-291,-16,28,-97,
167414,168719,2403914,332805,167327,166313,-960,541,-932,937,-29,-399,3,10,-28,-1020,-338,-942,732,528,-291,-10,33,-94,
167398,168719,2403914,332805,167327,166313,-965,544,-938,937,-29,-399,-3,8,-26,-1009,-335,-935,729,534,-293,-25,42,-85,
167398,168670,2403914,332805,167327,166313,-971,533,-931,931,-18,-405,3,15,-30,-996,-309,-970,729,534,-285,-13,45,-82,
167398,168670,2422735,332805,167327,166313,-971,537,-926,931,-27,-408,-3,17,-27,-1004,-320,-950,732,529,-285,-9,34,-91,
167398,168670,2422735,332487,167327,166313,-963,544,-924,935,-27,-408,-3,15,-32,-1008,-314,-943,735,530,-290,-15,33,-95,
167398,168670,2422735,332487,167347,166313,-965,530,-934,936,-29,-408,2,17,-37,-1000,-311,-970,735,530,-290,-19,36,-99,
167398,168670,2422735,332487,167347,166317,-967,543,-935,936,-29,-408,0,10,-29,-1009,-313,-950,735,527,-288,-12,44,-100,
167398,168670,2422735,332487,167347,166317,-966,530,-928,931,-30,-399,-1,7,-20,-1001,-318,-948,735,527,-288,-9,37,-108,
167398,168670,2422735,332487,167347,166317,-970,540,-932,931,-30,-399,4,10,-19,-1008,-334,-943,731,532,-291,-6,33,-109,
167414,168670,2422735,332487,167347,166317,-954,541,-926,933,-29,-416,2,7,-21,-996,-323,-963,731,529,-289,-13,29,-109,
167414,168732,2422735,332487,167347,166317,-983,541,-912,933,-29,-416,4,12,-31,-1005,-332,-952,731,529,-289,-11,31,-105,
167414,168732,2416884,332487,167347,166317,-977,538,-921,935,-25,-405,-5,9,-27,-998,-316,-947,734,531,-284,-10,26,-105,
167414,168732,2416884,323765,167347,166317,-969,545,-921,934,-28,-402,-4,7,-20,-1017,-328,-956,734,531,-284,-15,36,-99,
167414,168732,2416884,323765,167324,166317,-961,537,-930,934,-28,-402,-4,10,-24,-990,-325,-959,732,530,-283,-14,30,-99,
167414,168732,2416884,323765,167324,166241,-978,545,-924,936,-25,-408,-2,7,-15,-1007,-331,-940,732,530,-283,-5,34,-97,
167414,168732,2416884,323765,167324,166241,-965,546,-927,936,-25,-408,-1,12,-25,-988,-333,-975,729,539,-288,-15,37,-100,
167414,168732,2416884,323765,167324,166241,-967,544,-908,932,-24,-413,-1,8,-28,-1013,-331,-965,733,526,-300,-18,34,-101,
167378,168732,2416884,323765,167324,166241,-976,549,-934,932,-24,-413,0,8,-25,-995,-318,-959,733,526,-300,-12,37,-99,
167378,168702,2416884,323765,167324,166241,-970,535,-927,932,-21,-397,-2,2,-30,-1001,-314,-953,734,529,-274,-18,28,-103,
167378,168702,2421605,323765,167324,166241,-965,530,-930,934,-28,-411,6,6,-31,-989,-319,-947,734,529,-274,-13,34,-97,
167378,168702,2421605,347748,167324,166241,-970,527,-925,934,-28,-411,-1,5,-25,-998,-326,-948,736,531,-288,-20,32,-98,
167378,168702,2421605,347748,167338,166241,-970,527,-928,935,-30,-410,1,6,-24,-1004,-312,-952,736,531,-288,-17,37,-102,
167378,168702,2421605,347748,167338,165993,-972,532,-935,935,-30,-410,6,12,-25,-1012,-321,-955,732,544,-290,-12,36,-97,
167378,168702,2421605,347748,167338,165993,-968,541,-925,937,-26,-402,3,9,-28,-1001,-328,-954,732,530,-289,-15,35,-98,
167378,168702,2421605,347748,167338,165993,-966,533,-919,937,-26,-402,-2,7,-24,-986,-321,-956,732,530,-289,-15,39,-93,
167427,168702,2421605,347748,167338,165993,-964,535,-934,933,-23,-421,-1,8,-22,-1011,-327,-958,733,533,-281,-18,30,-95,
167427,168748,2421605,347748,167338,165993,-984,525,-922,933,-23,-413,-9,5,-19,-1002,-329,-966,733,533,-281,-8,24,-102,
167427,168748,2419200,347748,167338,165993,-972,539,-922,935,-23,-413,-6,3,-12,-987,-321,-961,730,533,-287,-27,27,-107,
167427,168748,2419200,331753,167338,165993,-966,537,-923,935,-28,-400,-5,8,-11,-1005,-324,-949,730,533,-283,-22,30,-101,
167427,168748,2419200,331753,167405,165993,-983,550,-925,935,-28,-400,-5,14,-26,-999,-325,-944,729,531,-283,-11,39,-99,
167427,168748,2419200,331753,167405,166168,-960,550,-921,938,-26,-401,-3,11,-27,-997,-323,-958,734,530,-277,-9,31,-98,
167427,168748,2419200,331753,167405,166168,-970,540,-921,938,-26,-401,-2,11,-23,-1015,-328,-966,734,530,-277,-7,26,-104,
167427,168748,2419200,331753,167405,166168,-967,529,-939,935,-30,-417,1,8,-29,-1007,-321,-964,734,531,-280,-10,25,-93,
167292,168748,2419200,331753,167405,166168,-968,543,-913,935,-30,-417,1,8,-25,-1009,-320,-948,734,531,-280,-14,27,-101,
167292,168843,2419200,331753,167405,166168,-978,531,-929,937,-22,-398,9,6,-16,-1014,-316,-953,734,535,-290,-12,23,-102,
167292,168843,2294020,331753,167405,166168,-972,536,-924,934,-30,-407,3,10,-23,-992,-319,-957,733,537,-293,-17,31,-107,
167292,168843,2294020,340291,167405,166168,-967,531,-913,934,-30,-407,-2,18,-24,-1015,-316,-953,733,537,-293,-12,29,-100,
167292,168843,2294020,340291,167375,166168,-960,542,-916,935,-29,-411,0,13,-20,-992,-321,-976,731,532,-276,-11,32,-97,
167292,168843,2294020,340291,167375,166247,-975,542,-943,935,-29,-411,-2,11,-12,-1007,-329,-947,731,532,-276,-13,41,-106,
167292,168843,2294020,340291,167375,166247,-965,529,-927,934,-26,-418,6,16,-24,-999,-329,-967,734,538,-287,-18,36,-98,
167292,168843,2294020,340291,167375,166247,-981,523,-930,934,-26,-418,3,8,-18,-998,-314,-953,734,538,-287,-20,33,-92,
167289,168843,2294020,340291,167375,166247,-963,536,-926,933,-22,-413,-4,11,-24,-995,-320,-956,735,533,-277,-18,34,-98,
167289,168720,2294020,340291,167375,166247,-954,538,-924,938,-29,-410,-3,12,-17,-981,-314,-956,732,530,-277,-9,33,-98,
167289,168720,2288798,340291,167375,166247,-977,547,-920,938,-29,-410,-6,7,-18,-1013,-313,-958,732,530,-277,-8,31,-91,
167289,168720,2288798,332596,167375,166247,-961,542,-925,933,-29,-411,2,8,-24,-1009,-326,-948,733,530,-282,-5,32,-90,
167289,168720,2288798,332596,167405,166247,-982,546,-932,933,-29,-411,1,8,-28,-1002,-316,-963,733,530,-282,-11,34,-90,
167289,168720,2288798,332596,167405,166227,-977,539,-922,932,-31,-402,10,8,-28,-1004,-327,-949,735,533,-278,-8,38,-92,
167289,168720,2288798,332596,167405,166227,-968,533,-920,932,-31,-402,7,14,-32,-1008,-338,-950,735,533,-278,-5,37,-86,
167289,168720,2288798,332596,167405,166227,-975,531,-922,936,-17,-405,3,6,-30,-985,-350,-957,735,538,-289,-4,31,-85,
167145,168720,2288798,332596,167405,166227,-965,540,-926,936,-23,-408,2,11,-25,-1014,-322,-940,738,525,-287,-24,35,-82,
167145,168758,2288798,332596,167405,166227,-966,533,-924,937,-23,-408,1,10,-29,-991,-313,-970,738,525,-287,-13,34,-88,
167145,168758,2291107,332596,167405,166227,-977,526,-929,933,-25,-403,-1,8,-34,-991,-320,-968,734,528,-285,-7,39,-92,
167145,168758,2291107,328636,167405,166227,-975,528,-928,933,-25,-403,-9,11,-30,-1009,-311,-957,734,528,-285,-13,28,-95,
167145,168758,2291107,328636,167369,166227,-976,539,-907,931,-28,-407,-11,10,-26,-1002,-303,-959,733,537,-285,-18,30,-102,
167145,168758,2291107,328636,167369,166091,-968,541,-923,931,-28,-407,-3,5,-22,-1001,-295,-953,733,531,-292,-17,39,-106,
167145,168758,2291107,328636,167369,166091,-966,541,-922,931,-25,-413,-9,5,-28,-1006,-308,-975,733,531,-292,-14,27,-110,
167145,168758,2291107,328636,167369,166091,-961,546,-923,931,-25,-413,3,9,-25,-1012,-327,-952,734,527,-295,-14,33,-125,
167250,168758,2291107,328636,167369,166091,-975,539,-922,932,-28,-412,-4,13,-22,-994,-327,-963,734,527,-295,-10,27,-120,
167250,168138,2291107,328636,167369,166091,-962,538,-917,935,-29,-413,7,9,-23,-984,-313,-956,733,530,-285,-18,22,-109,
167250,168138,2411366,328636,167369,166091,-963,528,-921,935,-29,-413,1,10,-25,-990,-315,-960,733,530,-285,-11,36,-116,
167250,168138,2411366,332311,167369,166091,-963,536,-926,932,-32,-404,-4,9,-32,-1000,-330,-939,730,533,-290,-13,33,-113,
167250,168138,2411366,332311,167359,166091,-973,543,-919,932,-32,-404,-10,12,-26,-1003,-331,-923,735,536,-290,-11,33,-111,
167250,168138,2411366,332311,167359,166227,-967,543,-924,934,-30,-408,-10,9,-21,-1001,-334,-947,735,536,-290,-17,34,-109,
167250,168138,2411366,332311,167359,166227,-954,544,-931,934,-30,-408,-8,9,-22,-992,-344,-975,732,532,-279,-20,29,-107,
167250,168138,2411366,332311,167359,166227,-969,535,-916,933,-19,-407,3,11,-28,-1004,-328,-939,732,532,-279,-7,27,-94,
167294,168138,2411366,332311,167359,166227,-979,535,-931,934,-27,-418,2,17,-26,-1003,-340,-954,732,538,-280,-4,27,-86,
167294,168755,2411366,332311,167359,166227,-972,532,-929,934,-27,-418,-7,11,-26,-992,-322,-952,732,538,-280,-8,35,-83,
167294,168755,2409708,332311,167359,166227,-967,529,-931,935,-23,-408,-24,7,-22,-1005,-329,-965,732,535,-279,-15,33,-81,
167294,168755,2409708,380088,167359,166227,-967,551,-933,935,-23,-408,-46,17,-25,-1010,-312,-946,731,529,-291,-15,39,-78,
167294,168755,2409708,380088,167387,166227,-960,556,-929,932,-29,-412,-54,19,-25,-998,-315,-966,731,529,-291,-15,42,-84,
167294,168755,2409708,380088,167387,166159,-961,559,-905,932,-29,-412,-52,21,-45,-1005,-322,-971,738,529,-279,-16,30,-87,
167294,168755,2409708,380088,167387,166159,-964,573,-910,929,-24,-412,-35,20,-50,-988,-320,-972,738,529,-279,-11,18,-90,
167294,168755,2409708,380088,167387,166159,-966,556,-926,932,-22,-413,-28,22,-55,-1005,-308,-957,734,530,-274,-24,29,-97,
167325,168755,2409708,380088,167387,166159,-967,557,-917,932,-22,-413,-34,25,-64,-1009,-300,-936,734,530,-274,-24,35,-101,
167325,168760,2409708,380088,167387,166159,-976,570,-926,935,-27,-409,-26,26,-72,-1002,-308,-935,732,534,-291,-24,38,-107,
167325,168760,2410659,380088,167387,166159,-962,554,-929,935,-27,-409,-19,32,-72,-1006,-302,-958,731,531,-272,-24,32,-103,
167325,168760,2410659,377873,167387,166159,-979,546,-910,935,-27,-404,-13,32,-77,-1005,-312,-949,731,531,-272,-34,29,-116,
167325,168760,2410659,377873,167295,166159,-976,519,-915,935,-27,-404,-11,20,-71,-1000,-330,-961,733,530,-288,-22,31,-116,
167325,168760,2410659,377873,167295,166243,-972,536,-921,931,-21,-417,-22,21,-79,-1002,-320,-959,733,530,-288,-22,21,-112,
167325,168760,2410659,377873,167295,166243,-970,562,-899,931,-21,-417,-19,33,-83,-999,-307,-964,733,536,-281,-20,24,-110,
167325,168760,2410659,377873,167295,166243,-959,608,-898,926,-24,-415,-11,38,-92,-1017,-321,-935,733,532,-278,-3,18,-116,
167308,168760,2410659,377873,167295,166243,-944,608,-913,933,-22,-413,57,36,-99,-989,-334,-951,735,532,-278,10,17,-112,
167308,168729,2410659,377873,167295,166243,-941,560,-903,933,-22,-413,139,32,-109,-998,-352,-949,732,530,-279,-2,31,-105,
167308,168729,2060886,377873,167295,166243,-970,429,-945,934,-18,-421,175,29,-108,-997,-341,-958,732,530,-279,-15,25,-99,
167308,168729,2060886,383343,167295,166243,-990,415,-963,934,-18,-421,137,43,-90,-1011,-321,-966,733,530,-279,-23,30,-89,
167308,168729,2060886,383343,167084,166243,-978,464,-958,930,-13,-426,63,59,-41,-990,-324,-965,733,530,-279,-25,35,-87,
167308,168729,2060886,383343,167084,166248,-976,510,-959,930,-13,-426,-15,51,-36,-991,-312,-962,733,534,-283,-27,35,-83,
167308,168729,2060886,383343,167084,166248,-962,528,-959,930,-13,-418,-21,43,-32,-1000,-320,-940,733,531,-287,-21,39,-86,
167308,168729,2060886,383343,167084,166248,-980,541,-964,931,-17,-415,-14,29,-26,-1003,-317,-955,733,531,-287,-25,35,-97,
167349,168729,2060886,383343,167084,166248,-975,523,-933,931,-17,-415,-18,23,-27,-1000,-311,-956,732,535,-287,-24,30,-91,
167349,168740,2060886,383343,167084,166248,-983,532,-908,935,-21,-410,-23,19,-31,-1000,-311,-955,732,535,-287,-24,38,-89,
167349,168740,1577005,383343,167084,166248,-970,553,-934,935,-21,-410,-12,23,-37,-1001,-326,-937,733,530,-288,-14,35,-102,
167349,168740,1577005,588593,167084,166248,-968,544,-925,929,-11,-420,7,28,-39,-1010,-316,-942,733,530,-288,-15,42,-98,
167349,168740,1577005,588593,167380,166248,-978,528,-944,929,-11,-420,28,27,-37,-995,-316,-955,733,536,-293,-15,39,-95,
167349,168740,1577005,588593,167380,166330,-986,494,-933,931,-11,-424,33,20,-38,-996,-321,-958,734,527,-286,-16,37,-104,
167349,168740,1577005,588593,167380,166330,-965,514,-942,928,-8,-421,28,23,-43,-1022,-317,-959,734,527,-286,-19,40,-108,
167349,168740,1577005,588593,167380,166330,-975,515,-951,928,-8,-421,28,20,-35,-1001,-324,-970,730,527,-285,-8,39,-109,
167382,168740,1577005,588593,167380,166330,-974,511,-953,930,-15,-417,34,12,-30,-1004,-322,-936,730,527,-285,-11,38,-104,
167382,168749,1577005,588593,167380,166330,-976,471,-942,930,-15,-417,23,16,-20,-990,-323,-973,733,529,-280,-14,38,-102,
167382,168749,1418369,588593,167380,166330,-982,482,-952,930,-15,-418,-3,14,-7,-1013,-328,-960,733,529,-280,-16,39,-95,
167382,168749,1418369,656225,167380,166330,-963,508,-936,930,-15,-418,-20,5,8,-1008,-305,-951,733,529,-275,-18,32,-98,
167382,168749,1418369,656225,167348,166330,-965,528,-942,928,-8,-413,-28,0,14,-1003,-307,-970,735,528,-293,-14,30,-96,
167382,168749,1418369,656225,167348,166311,-964,531,-926,928,-8,-413,-24,-3,18,-1002,-311,-965,735,528,-293,-13,35,-101,
167382,168749,1418369,656225,167348,166311,-961,530,-926,926,-19,-413,-22,-2,15,-999,-310,-963,734,530,-280,-18,35,-99,
167382,168749,1418369,656225,167348,166311,-974,530,-941,934,-22,-418,-31,4,17,-997,-317,-959,734,530,-280,-11,33,-106,
167402,168749,1418369,656225,167348,166311,-964,531,-935,934,-22,-418,-34,9,10,-992,-311,-961,731,538,-279,-14,48,-109,
167402,168687,1418369,656225,167348,166311,-960,551,-938,930,-17,-420,-36,2,8,-1008,-320,-966,730,530,-287,-14,31,-103,
167402,168687,1376027,656225,167348,166311,-962,547,-928,930,-17,-420,-37,-1,13,-1005,-314,-968,730,530,-287,-3,26,-101,
167402,168687,1376027,646858,167348,166311,-955,540,-922,928,-22,-414,-15,1,2,-1000,-323,-967,731,526,-289,-13,27,-100,
167402,168687,1376027,646858,167371,166311,-969,533,-910,928,-22,-414,-6,3,-1,-1000,-324,-945,731,526,-289,-14,30,-99,
167402,168687,1376027,646858,167371,166270,-979,544,-929,930,-13,-415,-19,1,3,-1003,-323,-942,734,527,-282,-16,32,-101,
167402,168687,1376027,646858,167371,166270,-954,565,-909,930,-24,-419,-26,7,-2,-993,-329,-958,734,527,-282,-17,33,-98,
167402,168687,1376027,646858,167371,166270,-959,566,-917,930,-24,-419,-7,7,-16,-1001,-316,-944,733,534,-294,-17,42,-91,
167296,168687,1376027,646858,167371,166270,-968,541,-925,928,-21,-424,17,5,-19,-994,-333,-948,731,528,-287,-21,40,-94,
167296,168705,1376027,646858,167371,166270,-965,524,-928,928,-21,-424,27,8,-20,-999,-329,-958,731,528,-287,-16,37,-89,
167296,168705,1385595,646858,167371,166270,-956,519,-934,933,-16,-424,21,13,-23,-1000,-319,-945,732,530,-286,-24,26,-87,
167296,168705,1385595,639154,167371,166270,-960,542,-925,933,-16,-424,-5,7,-24,-1001,-320,-967,732,530,-286,-30,30,-93,
167296,168705,1385595,639154,167439,166270,-948,538,-925,931,-17,-421,-5,5,-20,-1013,-303,-940,730,533,-289,-32,32,-89,
167296,168705,1385595,639154,167439,166275,-962,551,-937,934,-18,-417,-1,9,-24,-993,-306,-954,730,533,-289,-27,27,-101,
167296,168705,1385595,639154,167439,166275,-961,549,-929,934,-18,-417,-10,8,-25,-1007,-327,-942,733,530,-293,-17,31,-107,
167296,168705,1385595,639154,167439,166275,-959,550,-926,931,-20,-413,14,11,-26,-1010,-320,-953,733,527,-272,-14,28,-102,
167084,168705,1385595,639154,167439,166275,-959,532,-939,931,-20,-413,13,8,-24,-991,-327,-957,733,527,-272,-12,30,-95,
167084,168626,1385595,639154,167439,166275,-952,518,-930,929,-19,-410,9,10,-25,-997,-324,-965,735,526,-283,-8,30,-101,
167084,168626,1389605,639154,167439,166275,-976,502,-930,929,-19,-410,0,10,-27,-1012,-320,-939,735,526,-283,-24,30,-108,
167084,168626,1389605,628858,167439,166275,-962,535,-923,928,-14,-414,-15,6,-18,-1000,-303,-950,732,534,-283,-15,24,-99,
167084,168626,1389605,628858,167321,166275,-963,544,-937,928,-22,-417,-6,12,-20,-1015,-324,-925,732,534,-289,-11,34,-91,
167084,168626,1389605,628858,167321,166380,-955,542,-920,926,-22,-417,0,19,-27,-1001,-319,-946,731,529,-289,-9,33,-96,
167084,168626,1389605,628858,167321,166380,-971,535,-928,932,-20,-419,-5,14,-29,-998,-324,-960,735,528,-284,-13,33,-98,
167084,168626,1389605,628858,167321,166380,-951,546,-947,932,-20,-419,-3,11,-28,-994,-325,-967,735,528,-284,-16,29,-98,
167428,168626,1389605,628858,167321,166380,-958,540,-923,929,-21,-411,6,8,-25,-1012,-309,-956,732,528,-281,-16,37,-97,
167428,168383,1389605,628858,167321,166380,-964,538,-937,929,-21,-411,14,20,-26,-1013,-322,-959,732,528,-281,-18,33,-92,
167428,168383,1379897,628858,167321,166380,-962,537,-919,931,-22,-414,13,11,-34,-1006,-318,-959,733,534,-296,-24,32,-93,
167428,168383,1379897,658477,167321,166380,-966,530,-931,931,-22,-414,17,14,-29,-1009,-324,-952,733,531,-293,-30,30,-100,
167428,168383,1379897,658477,167442,166380,-975,535,-940,929,-13,-423,18,16,-31,-1019,-310,-954,733,531,-293,-24,29,-90,
167428,168383,1379897,658477,167442,166238,-975,525,-937,927,-20,-420,19,9,-29,-998,-304,-955,731,528,-289,-10,39,-85,
167428,168383,1379897,658477,167442,166238,-964,522,-937,927,-20,-420,14,9,-22,-995,-316,-959,731,528,-289,-12,32,-97,
167428,168383,1379897,658477,167442,166238,-964,512,-931,927,-19,-418,11,9,-17,-996,-321,-962,729,527,-288,-16,44,-97,
167303,168383,1379897,658477,167442,166238,-982,522,-945,927,-19,-418,-2,6,-13,-987,-314,-967,729,527,-288,-14,33,-104,
167303,168702,1379897,658477,167442,166238,-959,520,-931,930,-17,-422,-8,6,-8,-999,-321,-956,733,535,-285,-26,30,-99,
167303,168702,1389724,658477,167442,166238,-962,527,-921,930,-17,-422,-14,8,-8,-998,-322,-959,734,530,-279,-20,32,-90,
167303,168702,1389724,662820,167442,166238,-962,528,-935,929,-16,-425,-10,10,-10,-1003,-315,-962,734,530,-279,-10,31,-99,
167303,168702,1389724,662820,167200,166238,-945,552,-941,926,-24,-415,-9,3,-7,-1010,-321,-941,735,526,-282,-10,34,-95,
167303,168702,1389724,662820,167200,166184,-960,539,-923,926,-24,-415,-2,8,-16,-1000,-322,-963,735,526,-282,-9,25,-99,
167303,168702,1389724,662820,167200,166184,-976,542,-936,930,-22,-420,11,11,-19,-1000,-323,-964,734,527,-291,-12,28,-105,
167303,168702,1389724,662820,167200,166184,-952,548,-940,930,-22,-420,10,13,-19,-999,-310,-967,734,527,-291,-18,30,-109,
167350,168702,1389724,662820,167200,166184,-952,544,-940,929,-20,-424,6,17,-26,-996,-309,-960,733,534,-280,-8,26,-104,
167350,168811,1389724,662820,167200,166184,-976,535,-922,929,-20,-424,-249,9,-21,-980,-315,-961,734,528,-282,-11,32,-102,
167350,168811,1382883,662820,167200,166184,-962,540,-937,928,-15,-414,13,10,-26,-1004,-309,-947,734,528,-282,-17,29,-107,
167350,168811,1382883,625445,167200,166184,-961,521,-936,928,-18,-421,12,8,-26,-1000,-326,-969,733,526,-285,-15,31,-106,
167350,168811,1382883,625445,167348,166184,-981,520,-926,932,-18,-421,-1,5,-26,-993,-334,-970,733,526,-285,-17,36,-100,
167350,168811,1382883,625445,167348,166237,-966,533,-911,930,-21,-414,1,10,-24,-997,-312,-960,727,530,-288,-20,34,-103,
167350,168811,1382883,625445,167348,166237,-964,543,-946,930,-21,-414,6,12,-23,-999,-321,-944,727,530,-285,-19,31,-102,
167350,168811,1382883,625445,167348,166237,-954,521,-936,928,-22,-410,2,12,-20,-994,-327,-938,731,529,-285,-21,37,-101,
167317,168811,1382883,625445,167348,166237,-966,527,-929,928,-22,-410,7,8,-18,-1002,-314,-957,733,528,-272,-10,33,-95,
167317,168842,1382883,625445,167348,166237,-963,521,-949,928,-18,-411,2,11,-16,-999,-332,-954,733,528,-272,-13,39,-97,
167317,168842,1383470,625445,167348,166237,-961,525,-925,928,-18,-411,2,14,-18,-1005,-320,-953,733,526,-285,-12,34,-88,
167317,168842,1383470,667704,167348,166237,-956,545,-924,927,-17,-426,-6,9,-19,-1002,-326,-947,733,526,-285,-8,39,-88,
167317,168842,1383470,667704,166839,166237,-963,544,-926,930,-24,-420,-4,8,-21,-992,-317,-967,732,528,-290,-12,41,-84,
167317,168842,1383470,667704,166839,166162,-960,522,-928,930,-24,-420,13,10,-22,-985,-310,-968,730,527,-284,-21,34,-87,
167317,168842,1383470,667704,166839,166162,-972,530,-948,934,-22,-425,16,9,-24,-1004,-308,-953,730,527,-284,-16,31,-92,
167317,168842,1383470,667704,166839,166162,-950,521,-933,934,-22,-425,15,10,-20,-996,-318,-962,734,529,-277,-17,28,-90,
167445,168842,1383470,667704,166839,166162,-950,528,-930,929,-17,-416,5,11,-23,-1003,-315,-955,734,529,-277,-17,38,-101,
167445,168850,1383470,667704,166839,166162,-967,539,-928,929,-17,-416,-3,11,-17,-1005,-322,-957,734,529,-287,-10,37,-100,
167445,168850,1382116,667704,166839,166162,-968,541,-931,931,-15,-416,0,13,-13,-1001,-321,-940,734,529,-287,-1,37,-94,
167445,168850,1382116,696834,166839,166162,-960,521,-928,934,-23,-415,-2,14,-21,-991,-311,-958,732,527,-294,13,42,-85,
167445,168850,1382116,696834,167405,166162,-969,536,-937,934,-23,-415,-9,10,-18,-992,-319,-955,731,523,-286,12,36,-94,
167445,168850,1382116,696834,167405,165950,-956,546,-938,934,-23,-421,-6,10,-17,-988,-323,-951,731,523,-286,10,37,-90,
167445,168850,1382116,696834,167405,165950,-966,548,-927,934,-23,-421,5,7,-21,-998,-332,-956,735,527,-286,-2,39,-75,
167445,168850,1382116,696834,167405,165950,-977,547,-937,927,-21,-411,15,14,-30,-1002,-311,-957,735,527,-286,-9,50,-81,
167311,168850,1382116,696834,167405,165950,-959,546,-949,927,-21,-411,16,16,-37,-993,-314,-950,732,529,-284,0,54,-75,
167311,168834,1382116,696834,167405,165950,-969,528,-941,931,-13,-428,24,16,-39,-1004,-344,-975,732,529,-284,12,56,-77,
167311,168834,1381925,696834,167405,165950,-951,529,-945,932,-15,-424,16,20,-36,-1001,-323,-978,733,531,-291,8,36,-71,
167311,168834,1381925,696794,167405,165950,-961,529,-941,932,-15,-424,19,11,-27,-992,-324,-974,734,525,-294,0,32,-69,
167311,168834,1381925,696794,167472,165950,-962,518,-948,930,-22,-416,15,5,-22,-1001,-313,-961,734,525,-294,-8,43,-58,
167311,168834,1381925,696794,167472,166131,-966,531,-934,930,-22,-416,6,7,-27,-993,-312,-938,729,524,-280,-9,50,-60,
167311,168834,1381925,696794,167472,166131,-972,525,-931,931,-23,-412,3,10,-21,-997,-309,-963,729,524,-280,-12,54,-66,
167311,168834,1381925,696794,167472,166131,-961,514,-935,931,-23,-412,3,10,-12,-999,-327,-958,734,534,-288,-1,52,-72,
167397,168834,1381925,696794,167472,166131,-965,524,-939,930,-20,-422,3,2,-7,-1012,-312,-965,734,527,-284,-20,50,-71,
167397,168794,1381925,696794,167472,166131,-963,517,-929,930,-20,-422,-3,3,-2,-986,-300,-975,734,527,-284,-28,41,-71,
167397,168794,1383430,696794,167472,166131,-966,516,-920,931,-21,-427,-8,8,-2,-1001,-287,-963,737,522,-289,-25,40,-77,
167397,168794,1383430,709461,167472,166131,-968,531,-938,932,-25,-419,-12,4,-4,-1001,-297,-964,737,522,-289,-9,35,-88,
167397,168794,1383430,709461,167483,166131,-950,554,-929,932,-25,-419,2,6,-9,-999,-313,-960,734,524,-283,-2,30,-89,
167397,168794,1383430,709461,167483,166250,-971,538,-928,935,-22,-415,5,7,-18,-985,-304,-968,734,524,-283,-8,23,-103,
167397,168794,1383430,709461,167483,166250,-964,538,-929,935,-22,-415,7,8,-13,-1013,-315,-955,734,530,-294,-15,21,-115,
167397,168794,1383430,709461,167483,166250,-959,550,-930,934,-24,-425,2,11,-14,-1001,-303,-968,738,527,-290,-16,27,-106,
167323,168794,1383430,709461,167483,166250,-949,549,-937,934,-24,-425,-4,14,-18,-1000,-305,-964,738,527,-290,0,29,-109,
167323,168820,1383430,709461,167483,166250,-952,541,-946,927,-17,-414,4,7,-19,-1002,-317,-964,736,525,-274,4,30,-120,
167323,168820,1373425,709461,167483,166250,-965,537,-931,931,-21,-418,5,2,-28,-995,-328,-952,736,525,-274,3,24,-112,
167323,168820,1373425,707378,167483,166250,-960,543,-939,931,-21,-418,11,4,-22,-1002,-319,-954,735,529,-282,-6,37,-98,
167323,168820,1373425,707378,167453,166250,-978,536,-925,931,-24,-410,8,1,-19,-988,-317,-965,735,529,-282,-5,33,-104,
167323,168820,1373425,707378,167453,166321,-974,520,-931,931,-24,-410,6,8,-24,-998,-319,-951,731,532,-298,-6,32,-106,
167323,168820,1373425,707378,167453,166321,-958,533,-932,931,-20,-418,-3,11,-16,-991,-315,-958,736,525,-283,-17,33,-105,
167323,168820,1373425,707378,167453,166321,-966,526,-927,931,-20,-418,-7,5,-16,-995,-319,-952,736,525,-283,-12,31,-97,
166970,168820,1373425,707378,167453,166321,-968,525,-933,929,-18,-414,-6,7,-13,-994,-316,-966,734,529,-290,-9,25,-97,
166970,168680,1373425,707378,167453,166321,-965,530,-946,929,-19,-413,-11,6,-12,-993,-314,-958,734,529,-290,-9,29,-103,
166970,168680,1375035,707378,167453,166321,-949,544,-947,929,-19,-413,-5,13,-16,-1000,-312,-970,733,526,-291,-14,32,-104,
166970,168680,1375035,705886,167453,166321,-966,534,-932,931,-26,-417,-12,8,-13,-1002,-314,-966,733,526,-291,-14,34,-104,
166970,168680,1375035,705886,167321,166321,-959,553,-945,931,-26,-417,-12,2,-13,-992,-314,-956,734,529,-284,-10,41,-100,
166970,168680,1375035,705886,167321,166084,-954,536,-932,932,-23,-423,-4,7,-15,-989,-331,-953,736,529,-276,-14,34,-100,
166970,168680,1375035,705886,167321,166084,-965,549,-936,932,-23,-423,-6,-4,-12,-1005,-317,-935,736,529,-276,-16,37,-96,
166970,168680,1375035,705886,167321,166084,-956,530,-951,928,-20,-416,1,3,-8,-997,-322,-954,735,524,-285,-16,34,-98,
167145,168680,1375035,705886,167321,166084,-963,530,-937,928,-20,-416,5,1,-7,-995,-318,-969,735,524,-285,-16,40,-100,
167145,168380,1375035,705886,167321,166084,-962,525,-938,927,-23,-424,-9,-1,-5,-999,-318,-964,734,531,-292,-17,40,-106,
167145,168380,1373623,705886,167321,166084,-979,535,-930,931,-27,-417,-9,6,-16,-1004,-316,-962,734,526,-289,-11,37,-97,
167145,168380,1373623,703621,167321,166084,-957,542,-922,931,-27,-417,-19,6,-12,-1006,-318,-959,732,526,-289,-5,24,-101,
167145,168380,1373623,703621,167457,166084,-966,557,-932,932,-28,-419,-23,6,-10,-988,-312,-967,736,525,-285,-3,29,-95,
167145,168380,1373623,703621,167457,166356,-959,549,-930,932,-28,-419,-12,7,-16,-993,-322,-969,736,525,-285,-10,24,-101,
167145,168380,1373623,703621,167457,166356,-953,551,-933,928,-28,-414,-8,6,-18,-1002,-313,-950,735,525,-282,-14,28,-103,
167145,168380,1373623,703621,167457,166356,-966,540,-939,928,-28,-414,-5,7,-19,-990,-316,-952,735,525,-282,-15,29,-107,
167512,168380,1373623,703621,167457,166356,-972,535,-939,927,-27,-416,0,9,-17,-995,-310,-963,732,528,-281,-13,27,-103,
167512,168564,1373623,703621,167457,166356,-975,533,-924,932,-26,-426,4,12,-22,-998,-316,-952,735,521,-292,-16,26,-92,
167512,168564,1375776,703621,167457,166356,-966,538,-930,932,-26,-426,-5,11,-17,-1003,-316,-954,735,521,-292,-20,33,-103,
167512,168564,1375776,703374,167457,166356,-971,541,-928,930,-30,-414,-2,14,-20,-1019,-303,-960,733,522,-288,-17,36,-103,
167512,168564,1375776,703374,167404,166356,-957,535,-926,930,-30,-414,3,14,-17,-1005,-325,-960,733,522,-288,-14,33,-106,
167512,168564,1375776,703374,167404,166374,-953,544,-932,928,-20,-419,2,8,-14,-988,-336,-971,735,532,-289,-17,38,-103,
167512,168564,1375776,703374,167404,166374,-961,533,-925,928,-20,-419,6,13,-13,-990,-338,-966,735,532,-289,-9,35,-98,
167512,168564,1375776,703374,167404,166374,-957,523,-934,932,-18,-432,5,6,-16,-993,-329,-966,734,533,-277,-10,33,-100,
167397,168564,1375776,703374,167404,166374,-964,540,-937,930,-25,-421,-9,11,-9,-1003,-320,-951,736,528,-272,-14,30,-94,
167397,168813,1375776,703374,167404,166374,-953,544,-942,930,-25,-421,-14,1,-5,-986,-321,-952,736,528,-272,-16,31,-88,
167397,168813,1362160,703374,167404,166374,-953,539,-925,932,-29,-411,-5,0,-2,-996,-304,-970,736,522,-284,-10,35,-100,
167397,168813,1362160,610522,167404,166374,-967,549,-925,932,-29,-411,-5,5,1,-1005,-312,-965,736,522,-284,-6,34,-102,
167397,168813,1362160,610522,167391,166374,-949,550,-943,929,-31,-407,-4,4,-11,-976,-309,-954,734,526,-283,-3,37,-100,
167397,168813,1362160,610522,167391,166334,-967,552,-926,929,-31,-407,-3,8,-5,-987,-323,-965,734,526,-283,-10,35,-100,
167397,168813,1362160,610522,167391,166334,-969,542,-945,930,-25,-421,-8,10,-12,-993,-318,-962,735,526,-289,-14,44,-89,
167397,168813,1362160,610522,167391,166334,-972,540,-920,930,-25,-419,-14,2,-9,-987,-317,-953,735,519,-293,-20,33,-92,
167416,168813,1362160,610522,167391,166334,-954,557,-940,931,-27,-419,-5,3,-5,-984,-326,-949,735,519,-293,-19,31,-101,
167416,168635,1362160,610522,167391,166334,-961,557,-930,929,-29,-418,6,9,-12,-996,-319,-948,736,526,-289,-23,30,-102,
167416,168635,1372960,610522,167391,166334,-965,551,-930,929,-29,-418,4,15,-13,-999,-316,-963,736,526,-289,-32,31,-96,
167416,168635,1372960,613165,167391,166334,-955,548,-936,931,-32,-414,-5,6,-18,-986,-314,-967,734,535,-289,-21,35,-99,
167416,168635,1372960,613165,167233,166334,-957,559,-930,931,-32,-414,-4,10,-20,-996,-319,-949,730,530,-299,-11,41,-100,
167416,168635,1372960,613165,167233,166268,-951,544,-914,932,-31,-418,-3,12,-22,-988,-305,-959,730,530,-299,-9,30,-108,
167416,168635,1372960,613165,167233,166268,-968,559,-917,932,-31,-418,-3,10,-27,-990,-315,-958,737,525,-297,-12,33,-115,
167416,168635,1372960,613165,167233,166268,-956,546,-933,932,-23,-422,8,11,-29,-1016,-322,-951,737,525,-297,-14,24,-108,
167312,168635,1372960,613165,167233,166268,-958,543,-934,930,-28,-404,9,15,-28,-984,-315,-966,734,525,-290,-12,30,-105,
167312,168767,1372960,613165,167233,166268,-955,535,-938,930,-28,-404,10,15,-35,-1000,-330,-942,734,525,-290,-12,29,-102,
167312,168767,1415745,613165,167233,166268,-955,522,-946,931,-30,-427,13,19,-31,-988,-327,-959,729,528,-285,-17,30,-102,
167312,168767,1415745,619985,167233,166268,-962,547,-949,931,-30,-427,11,15,-31,-1005,-330,-962,731,526,-280,-17,36,-102,
167312,168767,1415745,619985,167395,166268,-962,532,-947,930,-26,-416,6,10,-24,-986,-317,-979,731,526,-280,-20,26,-101,
167312,168767,1415745,619985,167395,165975,-969,508,-940,930,-26,-416,0,17,-29,-994,-338,-969,733,530,-286,-18,35,-93,
167312,168767,1415745,619985,167395,165975,-961,538,-936,930,-26,-413,-6,13,-19,-994,-312,-958,733,530,-286,-16,33,-88,
167312,168767,1415745,619985,167395,165975,-966,539,-925,931,-28,-417,-1,16,-20,-999,-300,-959,735,527,-285,-21,25,-91,
167463,168767,1415745,619985,167395,165975,-966,544,-934,931,-28,-417,4,12,-22,-986,-317,-957,735,527,-285,-20,26,-109,
167463,168718,1415745,619985,167395,165975,-972,537,-929,931,-28,-415,12,15,-17,-999,-326,-955,737,532,-287,-19,32,-95,
167463,168718,1410296,619985,167395,165975,-959,527,-935,931,-28,-415,11,15,-16,-991,-316,-960,731,526,-286,-22,36,-93,
167463,168718,1410296,619820,167395,165975,-964,538,-938,930,-31,-422,9,19,-16,-998,-318,-941,731,526,-286,-27,36,-99,
167463,168718,1410296,619820,167331,165975,-958,548,-945,930,-31,-422,8,11,-8,-1001,-321,-950,736,526,-285,-24,27,-107,
167463,168718,1410296,619820,167331,166120,-966,530,-930,927,-24,-403,8,7,-10,-991,-322,-965,736,526,-285,-20,31,-100,
167463,168718,1410296,619820,167331,166120,-981,529,-917,927,-26,-422,15,4,-8,-993,-316,-956,732,527,-294,-18,31,-105,
167463,168718,1410296,619820,167331,166120,-965,543,-932,928,-26,-422,2,11,-8,-1004,-313,-967,732,527,-294,-17,31,-107,
167478,168718,1410296,619820,167331,166120,-947,542,-944,929,-30,-420,-8,13,-10,-992,-314,-967,734,523,-276,-12,30,-107,
167478,168800,1410296,619820,167331,166120,-967,561,-930,929,-30,-420,-4,10,-9,-995,-325,-967,736,524,-288,-15,29,-108,
167478,168800,1416936,619820,167331,166120,-950,564,-940,930,-30,-412,1,19,-16,-994,-336,-957,736,524,-288,-21,29,-102,
167478,168800,1416936,628002,167331,166120,-945,545,-937,930,-30,-412,9,10,-19,-994,-327,-967,735,527,-297,-21,38,-105,
167478,168800,1416936,628002,167459,166120,-962,535,-945,930,-30,-428,37,18,-22,-990,-332,-955,735,527,-297,-10,31,-99,
167478,168800,1416936,628002,167459,166275,-962,526,-939,930,-30,-428,37,17,-23,-992,-330,-956,733,532,-283,-17,29,-88,
167478,168800,1416936,628002,167459,166275,-965,533,-920,931,-30,-421,35,18,-16,-1002,-328,-958,733,527,-289,-26,26,-91,
167478,168800,1416936,628002,167459,166275,-969,531,-938,931,-30,-420,27,18,-15,-988,-314,-954,733,527,-289,-26,36,-90,
167341,168800,1416936,628002,167459,166275,-975,530,-932,931,-30,-420,24,15,-2,-983,-300,-978,734,528,-292,-17,34,-92,
167341,168839,1416936,628002,167459,166275,-960,525,-947,931,-34,-419,19,16,0,-1002,-301,-944,734,528,-292,-7,29,-93,
167341,168839,1115690,628002,167459,166275,-963,537,-937,931,-34,-419,19,18,0,-1004,-311,-971,736,528,-288,-7,24,-100,
167341,168839,1115690,630921,167459,166275,-942,538,-924,931,-23,-434,12,16,3,-1006,-319,-965,736,528,-288,-5,23,-100,
167341,168839,1115690,630921,167421,166275,-965,536,-938,931,-23,-434,0,12,6,-998,-319,-952,735,528,-278,-1,24,-103,
167341,168839,1115690,630921,167421,166268,-964,542,-935,932,-27,-408,-3,15,7,-1007,-344,-942,733,526,-285,-10,31,-104,
167341,168839,1115690,630921,167421,166268,-956,556,-926,927,-31,-423,-17,16,5,-1009,-332,-960,733,526,-285,-17,27,-102,
167341,168839,1115690,630921,167421,166268,-940,577,-930,927,-31,-423,-6,23,-1,-1006,-317,-960,733,524,-285,-6,27,-94,
167276,168839,1115690,630921,167421,166268,-931,567,-943,929,-33,-420,18,18,-12,-979,-324,-959,733,524,-285,-16,26,-100,
167276,168804,1115690,630921,167421,166268,-954,542,-939,929,-33,-420,35,16,-20,-995,-318,-979,732,529,-293,-13,29,-107,
167276,168804,959375,630921,167421,166268,-950,538,-940,929,-39,-418,37,17,-24,-993,-320,-981,732,529,-293,-21,26,-102,
167276,168804,959375,630822,167421,166268,-965,530,-935,929,-39,-418,9,18,-22,-999,-319,-959,733,530,-285,-8,21,-98,
167276,168804,959375,630822,167528,166268,-963,557,-929,929,-30,-420,1,12,-24,-1008,-320,-967,736,524,-275,-3,23,-95,
167276,168804,959375,630822,167528,166267,-956,551,-928,929,-30,-414,13,18,-28,-988,-328,-963,736,524,-275,-11,24,-99,
167276,168804,959375,630822,167528,166267,-956,556,-938,929,-30,-414,15,15,-29,-989,-318,-970,734,522,-290,-19,17,-92,
