0,0,0,0,0,0,25,-174,1297,-626,-18,842,-53,-6,-36,-37,-8,1245,-228,-588,814,5,-3,-32,
4799543,0,0,0,0,0,18,-164,1299,-625,-14,819,-51,-4,-34,-72,-3,1308,-226,-587,822,7,-9,-36,
4799543,3810477,0,0,0,0,11,-180,1284,-627,-22,832,-49,-5,-37,-62,6,1325,-226,-587,822,6,-8,-36,
4799543,3810477,957757,0,0,0,1,-178,1293,-627,-22,832,-55,-8,-36,-42,8,1310,-227,-587,819,4,-9,-39,
4799543,3810477,957757,4351370,0,0,23,-173,1324,-626,-24,838,-46,-1,-42,-40,11,1313,-227,-587,819,4,0,-46,
4799543,3810477,957757,4351370,3668394,0,-6,-169,1320,-626,-24,838,-45,-2,-34,-56,2,1334,-228,-586,823,-247,-3,-45,
4799543,3810477,957757,4351370,3668394,2676673,3,-157,1357,-628,-18,835,-48,-11,-35,-61,-1,1356,-231,-587,820,-5,1,-50,
4799543,3810477,957757,4351370,3668394,2676673,24,-178,1284,-628,-18,837,-45,-7,-42,-33,26,1277,-231,-587,820,-5,1,-41,
4799543,3810477,957757,4351370,3668394,2676673,26,-180,1342,-626,-18,837,-50,-3,-40,-58,-8,1346,-226,-589,817,-4,1,-46,
4804887,3810477,957757,4351370,3668394,2676673,-8,-170,1304,-624,-25,834,-42,-5,-42,-33,11,1325,-226,-589,817,1,-3,-48,
4804887,3804772,957757,4351370,3668394,2676673,-5,-166,1293,-624,-25,834,-43,-7,-40,-61,-5,1332,-226,-580,816,1,1,-44,
4804887,3804772,898415,4351370,3668394,2676673,-4,-173,1331,-624,-19,832,-47,-4,-37,-41,6,1308,-226,-580,816,2,4,-42,
4804887,3804772,898415,4393384,3668394,2676673,18,-165,1332,-624,-19,832,-50,0,-37,-20,18,1258,-228,-581,809,-7,6,-50,
4804887,3804772,898415,4393384,3650453,2676673,5,-171,1308,-625,-14,834,-49,-7,-34,-54,5,1328,-229,-584,814,-3,-7,-41,
4804887,3804772,898415,4393384,3650453,2498056,29,-183,1327,-626,-21,825,-45,5,-35,-54,12,1314,-229,-584,814,-7,-8,-44,
4804887,3804772,898415,4393384,3650453,2498056,-3,-181,1295,-626,-21,825,-44,2,-36,-43,10,1315,-230,-589,825,-5,-10,-49,
4804887,3804772,898415,4393384,3650453,2498056,15,-172,1322,-626,-24,841,-52,-1,-40,-37,9,1303,-230,-589,825,-7,4,-48,
4807325,3804772,898415,4393384,3650453,2498056,31,-178,1300,-626,-24,841,-47,-1,-38,-39,8,1325,-227,-585,815,4,-3,-40,
4807325,3781763,898415,4393384,3650453,2498056,8,-170,1330,-624,-21,837,-49,-8,-36,-48,6,1335,-227,-585,815,-1,1,-38,
4807325,3781763,865444,4393384,3650453,2498056,-6,-172,1271,-624,-21,839,-49,-3,-37,-38,1,1314,-229,-579,824,0,0,-46,
4807325,3781763,865444,4434416,3650453,2498056,-12,-158,1284,-624,-21,839,-47,0,-42,-51,-2,1337,-229,-587,820,2,-11,-43,
4807325,3781763,865444,4434416,3548247,2498056,20,-165,1341,-628,-20,829,-47,3,-44,-32,0,1301,-229,-587,820,10,-9,-40,
4807325,3781763,865444,4434416,3548247,2018216,3,-158,1352,-628,-20,829,-47,-1,-44,-56,-5,1310,-230,-588,817,-3,-6,-46,
4807325,3781763,865444,4434416,3548247,2018216,35,-178,1343,-627,-24,823,-53,-6,-36,-35,17,1299,-230,-588,817,-4,-10,-47,
4807325,3781763,865444,4434416,3548247,2018216,15,-165,1327,-627,-24,823,-43,-3,-38,-37,10,1302,-228,-590,822,1,-12,-42,
4817031,3781763,865444,4434416,3548247,2018216,26,-170,1289,-626,-13,830,-43,-5,-38,-21,15,1292,-228,-590,822,6,-12,-45,
4817031,3740965,865444,4434416,3548247,2018216,25,-172,1364,-627,-24,835,-48,-4,-38,-23,0,1323,-233,-584,812,0,-8,-47,
4817031,3740965,772045,4434416,3548247,2018216,36,-177,1325,-627,-24,835,-58,-14,-42,-36,12,1308,-233,-584,812,11,-8,-40,
4817031,3740965,772045,4532248,3548247,2018216,6,-153,1321,-628,-24,827,-50,-17,-39,-58,2,1349,-227,-581,802,14,-9,-48,
4817031,3740965,772045,4532248,3204164,2018216,28,-165,1344,-628,-24,827,-63,-21,-44,-30,4,1266,-225,-590,828,0,-6,-46,
4817031,3740965,772045,4532248,3204164,1256072,8,-176,1262,-628,-18,819,-68,-20,-45,-37,10,1332,-225,-590,828,3,-11,-49,
4817031,3740965,772045,4532248,3204164,1256072,37,-173,1350,-628,-18,826,-69,-23,-45,-46,9,1305,-228,-587,827,7,-10,-41,
4817031,3740965,772045,4532248,3204164,1256072,13,-161,1348,-628,-18,826,-58,-24,-46,-35,4,1328,-228,-587,827,1,-27,-41,
4844374,3740965,772045,4532248,3204164,1256072,16,-183,1332,-631,-21,828,-66,-21,-43,-46,9,1323,-231,-588,815,7,-17,-40,
4844374,2947721,772045,4532248,3204164,1256072,28,-156,1318,-631,-21,828,-72,-24,-43,-60,-7,1364,-231,-588,815,3,-13,-46,
4844374,2947721,653618,4532248,3204164,1256072,22,-172,1289,-627,-13,827,-68,-24,-44,-33,7,1270,-231,-581,836,5,-11,-47,
4844374,2947721,653618,4674703,3204164,1256072,28,-167,1329,-627,-13,827,-62,-17,-37,-63,3,1334,-233,-585,797,6,-14,-53,
4844374,2947721,653618,4674703,2350069,1256072,7,-170,1324,-633,-17,829,-67,-13,-43,-66,10,1319,-233,-585,797,9,-19,-53,
4844374,2947721,653618,4674703,2350069,166020,29,-172,1335,-627,-23,829,-76,-24,-37,-41,-2,1312,-233,-588,816,12,-31,-57,
4844374,2947721,653618,4674703,2350069,166020,1,-170,1367,-627,-23,829,-81,-46,-43,-30,6,1320,-233,-588,816,8,-41,-59,
4844374,2947721,653618,4674703,2350069,166020,18,-173,1321,-631,-21,827,-91,-59,-49,-7,8,1306,-232,-594,806,14,-37,-69,
4896532,2947721,653618,4674703,2350069,166020,41,-190,1349,-631,-21,827,-86,-75,-50,-15,17,1279,-232,-594,806,9,-24,-76,
4896532,884940,653618,4674703,2350069,166020,17,-184,1310,-636,-14,830,-74,-80,-55,-7,28,1269,-236,-585,829,7,-16,-79,
4896532,884940,441583,4674703,2350069,166020,15,-163,1371,-635,-14,823,-66,-78,-51,-36,14,1293,-236,-585,829,6,-10,-70,
4896532,884940,441583,4803518,2350069,166020,70,-178,1371,-635,-14,823,-58,-81,-49,-37,3,1337,-235,-590,812,7,-9,-79,
4896532,884940,441583,4803518,1057313,166020,16,-188,1310,-638,-16,828,-46,-56,-44,-37,4,1326,-232,-592,804,7,-13,-85,
4896532,884940,441583,4803518,1057313,166163,52,-187,1324,-638,-16,828,-45,-37,-40,-30,8,1324,-232,-592,804,9,2,-81,
4896532,884940,441583,4803518,1057313,166163,28,-171,1316,-636,-18,820,-38,-22,-49,-21,4,1339,-232,-589,813,8,-1,-65,
4896532,884940,441583,4803518,1057313,166163,39,-176,1339,-636,-18,820,-45,-18,-47,-38,7,1302,-232,-589,813,4,-2,-41,
4912699,884940,441583,4803518,1057313,166163,36,-187,1325,-638,-20,818,-43,-8,-46,-49,2,1340,-233,-589,814,1,-15,-55,
4912699,863288,441583,4803518,1057313,166163,27,-169,1310,-639,-17,830,-44,-9,-34,-24,25,1315,-233,-589,814,5,-25,-60,
4912699,863288,244828,4803518,1057313,166163,57,-182,1291,-639,-17,830,-37,-5,-34,-12,13,1301,-237,-586,808,5,-15,-61,
4912699,863288,244828,4863683,1057313,166163,26,-178,1266,-636,-20,815,-37,0,-33,-25,12,1345,-234,-589,807,-12,-17,-40,
4912699,863288,244828,4863683,702066,166163,38,-194,1341,-636,-20,815,-39,-10,-40,-26,11,1341,-234,-589,807,-6,-21,-37,
4912699,863288,244828,4863683,702066,166313,6,-176,1308,-637,-12,827,-32,-33,-38,-9,10,1308,-237,-590,815,-6,-20,-41,
4912699,863288,244828,4863683,702066,166313,43,-184,1334,-636,-18,819,-26,-38,-26,-33,2,1341,-237,-590,815,-10,-18,-43,
4912699,863288,244828,4863683,702066,166313,29,-175,1269,-636,-18,819,-8,27,-13,-23,6,1325,-236,-593,816,-12,-2,-45,
4840360,863288,244828,4863683,702066,166313,23,-184,1305,-639,-19,828,-4,77,-6,-8,10,1300,-236,-593,816,-6,21,-29,
4840360,761121,244828,4863683,702066,166313,29,-185,1311,-639,-19,828,14,129,-16,-9,-7,1305,-237,-580,826,-14,35,-38,
4840360,761121,249800,4863683,702066,166313,39,-171,1324,-630,-21,814,20,163,-12,-26,-4,1329,-237,-580,823,-11,52,-60,
4840360,761121,249800,4866707,702066,166313,52,-174,1316,-630,-21,814,7,199,-7,-40,31,1333,-234,-590,823,-13,73,-60,
4840360,761121,249800,4866707,1767970,166313,-6,-165,1333,-634,-21,832,-8,228,8,-21,23,1308,-228,-592,807,-17,63,-48,
4840360,761121,249800,4866707,1767970,166983,-1,-162,1393,-623,-21,834,-21,220,20,-53,-1,1324,-228,-592,807,-12,61,-39,
4840360,761121,249800,4866707,1767970,166983,3,-166,1346,-623,-21,834,-11,182,13,-71,-15,1349,-230,-590,808,0,51,-26,
4840360,761121,249800,4866707,1767970,166983,16,-167,1362,-623,-23,829,-2,129,10,-59,-16,1292,-230,-590,808,-8,62,-27,
4452745,761121,249800,4866707,1767970,166983,-30,-155,1310,-623,-23,829,-6,112,11,-39,17,1320,-232,-586,823,-52,76,-73,
4452745,2135881,249800,4866707,1767970,166983,-12,-160,1317,-619,-15,831,-23,92,15,-13,20,1332,-232,-586,823,-252,253,-60,
4452745,2135881,1844564,4866707,1767970,166983,-27,-160,1346,-618,-24,832,16,131,25,-47,48,1362,-222,-575,808,-467,395,-73,
4452745,2135881,1844564,4117796,1767970,166983,-26,-177,1349,-618,-24,832,67,234,47,-65,5,1368,-211,-569,840,-617,516,-96,
4452745,2135881,1844564,4117796,4503312,166983,-14,-177,1348,-610,-23,840,97,376,75,-89,2,1335,-211,-569,840,-646,608,-78,
4452745,2135881,1844564,4117796,4503312,167149,-25,-202,1358,-610,-23,840,120,517,114,-136,-7,1554,-191,-559,854,-647,672,-76,
4452745,2135881,1844564,4117796,4503312,167149,-48,-300,1341,-601,-20,840,144,647,147,-164,-147,1856,-191,-559,854,-669,643,-94,
4452745,2135881,1844564,4117796,4503312,167149,-79,-683,1380,-601,-20,845,53,701,213,-279,100,2334,-178,-539,852,-840,722,-69,
1882241,2135881,1844564,4117796,4503312,167149,-93,-364,1906,-587,-19,845,-137,667,378,-138,-38,2425,-178,-539,852,-642,1130,-137,
1882241,4168388,1844564,4117796,4503312,167149,-120,-489,1789,-569,-22,855,75,656,470,6,-298,2236,-141,-518,860,-577,1576,-117,
1882241,4168388,3687041,4117796,4503312,167149,-84,-1233,1447,-569,-22,855,89,762,684,-26,-308,2348,-141,-499,895,-788,1989,15,
1882241,4168388,3687041,2669474,4503312,167149,-103,-1258,1344,-549,-2,866,-8,737,1127,-61,-340,2360,-85,-499,895,-1022,2398,127,
1882241,4168388,3687041,2669474,4923340,167149,48,-1256,1172,-549,-2,866,-121,735,2132,-5,-389,2148,-14,-473,912,-1301,2735,237,
1882241,4168388,3687041,2669474,4923340,166044,152,-1071,908,-530,36,876,-184,557,2584,4,-427,1748,-14,-473,912,-1579,2978,334,
1882241,4168388,3687041,2669474,4923340,166044,57,-843,968,-507,61,866,-195,314,2919,28,-452,1462,62,-423,921,-1897,3131,434,
1882241,4168388,3687041,2669474,4923340,166044,32,-862,983,-507,61,866,-181,94,3211,28,-487,1276,62,-423,921,-2166,3140,553,
1078503,4168388,3687041,2669474,4923340,166044,-79,-503,1200,-493,98,861,-174,-69,3427,-34,-479,1161,138,-364,933,-2375,3055,680,
1078503,4580840,3687041,2669474,4923340,166044,-63,-304,1352,-493,98,861,-186,-164,3575,-136,-433,1098,138,-364,933,-2536,2931,806,
1078503,4580840,1841769,2669474,4923340,166044,-83,-153,1463,-475,146,854,-199,-172,3658,-184,-448,1012,213,-298,942,-2656,2775,915,
1078503,4580840,1841769,737307,4923340,166044,7,-135,1649,-475,185,861,-156,-94,3673,-295,-231,796,278,-247,941,-2785,2565,1005,
1078503,4580840,1841769,737307,4948138,166044,59,-216,1636,-453,185,861,-83,53,3675,-452,-124,796,278,-247,941,-2747,2125,1032,
1078503,4580840,1841769,737307,4948138,178806,226,-56,1483,-425,214,860,-61,199,3668,-461,9,714,330,-191,933,-2653,1991,986,
1078503,4580840,1841769,737307,4948138,178806,144,580,1292,-425,214,860,-6,252,3290,-861,281,683,330,-191,933,-2535,1813,880,
1078503,4580840,1841769,737307,4948138,178806,16,600,1325,-392,241,867,157,240,2966,-944,279,680,376,-133,928,-2278,1686,701,
647200,4580840,1841769,737307,4948138,178806,-33,746,1389,-392,241,867,136,276,2641,-974,198,723,376,-133,928,-2105,1570,488,
647200,4800882,1841769,737307,4948138,178806,-95,810,1569,-371,260,867,153,369,2291,-1005,160,849,417,-88,936,-1996,1507,282,
647200,4800882,169606,737307,4948138,178806,-121,697,1676,-344,259,873,176,514,1966,-1075,68,975,461,-48,909,-1902,1459,84,
647200,4800882,169606,530483,4948138,178806,-94,863,1628,-344,259,873,234,696,1619,-1112,46,1012,461,-48,909,-1861,1444,-123,
647200,4800882,169606,530483,4923401,178806,53,1084,1428,-318,257,878,396,827,1170,-1078,-28,1089,499,-9,903,-1824,1471,-310,
647200,4800882,169606,530483,4923401,218135,-91,760,1324,-318,257,878,544,888,684,-938,-325,1007,499,-9,903,-1831,1536,-458,
647200,4800882,169606,530483,4923401,218135,-231,289,1258,-298,264,875,613,918,285,-923,-412,982,542,39,873,-1892,1637,-557,
647200,4800882,169606,530483,4923401,218135,-319,187,1350,-274,247,906,529,931,104,-899,-391,899,542,39,873,-1981,1711,-632,
559587,4800882,169606,530483,4923401,218135,-325,107,1338,-274,247,906,467,948,33,-925,-391,820,583,101,844,-2042,1779,-713,
559587,5001520,169606,530483,4923401,218135,-355,5,1696,-255,230,899,503,1058,20,-1008,-445,832,583,101,844,-2116,1825,-790,
559587,5001520,169294,530483,4923401,218135,-427,-130,1579,-255,230,899,917,1144,69,-1062,-650,944,632,148,827,-2113,1881,-849,
559587,5001520,169294,493375,4923401,218135,-434,-185,1420,-229,211,911,1143,1190,144,-1007,-1015,1089,681,194,777,-2004,1979,-820,
559587,5001520,169294,493375,4791257,218135,-465,-151,1291,-229,211,911,1284,1194,227,-832,-1326,1154,681,194,777,-1902,2128,-662,
559587,5001520,169294,493375,4791257,166433,-452,16,1110,-200,182,926,1350,1156,292,-367,-1673,707,729,236,716,-1815,2288,-383,
559587,5001520,169294,493375,4791257,166433,-468,77,1027,-178,146,940,1311,1087,309,-393,-1442,466,729,236,716,-1889,2407,-69,
559587,5001520,169294,493375,4791257,166433,-443,234,1063,-178,146,940,1179,1001,289,-528,-1295,373,777,272,662,-2077,2422,221,
455411,5001520,169294,493375,4791257,166433,-494,228,1216,-153,121,940,1038,924,244,-588,-1329,274,777,272,662,-2220,2399,593,
455411,5077703,169294,493375,4791257,166433,-510,226,1328,-153,121,940,950,891,220,-549,-1490,205,823,300,607,-2681,2210,722,
455411,5077703,169454,493375,4791257,166433,-543,282,1350,-134,107,961,919,908,199,-385,-1565,26,868,333,537,-3282,2027,782,
455411,5077703,169454,499687,4791257,166433,-516,269,1385,-113,83,953,945,944,186,-539,-1065,1124,868,333,537,-4343,2115,669,
455411,5077703,169454,499687,4413782,166433,-428,660,897,-113,83,953,617,984,10,-1977,-1031,6143,916,384,426,-5534,3046,555,
455411,5077703,169454,499687,4413782,300971,-233,1586,1807,-92,71,958,388,913,-316,-2659,757,-1118,916,384,426,-5143,2800,490,
455411,5077703,169454,499687,4413782,300971,-236,1104,1702,-92,71,958,1034,819,-668,-752,2053,-3716,944,409,350,-3093,1796,608,
455411,5077703,169454,499687,4413782,300971,-587,183,1153,-77,44,958,1528,774,-863,-255,2198,-4030,944,409,350,-1265,793,462,
484682,5077703,169454,499687,4413782,300971,-819,-69,1194,-77,44,958,1340,774,-848,-622,1491,-3077,954,412,315,-296,821,363,
484682,4838795,169454,499687,4413782,300971,-761,225,1308,-58,13,970,1020,778,-771,-65,1006,-3003,954,399,277,-17,1863,588,
484682,4838795,169351,499687,4413782,300971,-608,731,1393,-42,-9,963,718,811,-803,532,586,-2617,975,399,277,42,2720,857,
484682,4838795,169351,406785,4413782,300971,-480,1522,1865,-42,-9,963,686,815,-975,527,152,-2261,1006,375,204,200,2981,901,
484682,4838795,169351,406785,3132011,300971,-226,1303,1974,-24,-34,952,1020,808,-1243,-915,-1293,-544,1006,375,204,-23,2971,756,
484682,4838795,169351,406785,3132011,166678,14,1121,1820,-24,-34,952,1466,728,-1477,-746,-632,-250,1032,360,140,-717,3267,754,
484682,4838795,169351,406785,3132011,166678,316,496,1418,-19,-72,965,1967,398,-1171,-311,-1424,-679,1032,360,140,-450,2676,729,
484682,4838795,169351,406785,3132011,166678,315,-305,1072,-34,-133,959,2321,-813,-101,-1347,-2413,-230,1036,351,110,65,1896,635,
306736,4838795,169351,406785,3132011,166678,545,-693,625,-34,-133,959,2137,-1494,1608,-1802,-2890,158,1036,351,110,-77,1100,729,
306736,2414864,169351,406785,3132011,166678,1334,1142,574,-92,-199,956,2638,-2016,2856,-2131,-2266,481,1054,332,93,-676,972,1339,
306736,2414864,169230,406785,3132011,166678,488,2280,-25,-92,-199,956,3808,-2025,3300,-1077,-1654,694,1075,250,16,-1370,1655,2390,
306736,2414864,169230,647144,3132011,166678,168,1082,632,-158,-289,931,4233,-2308,3402,1679,-1247,-499,1075,250,16,-2108,2139,3988,
306736,2414864,169230,647144,1039651,166678,-321,103,1276,-158,-289,931,3745,-3174,3689,-895,1774,1084,1089,89,-82,-3278,3104,7003,
306736,2414864,169230,647144,1039651,166484,-1089,121,1276,-261,-358,897,3338,-3181,4095,-628,2142,27,1089,89,-82,-1504,4347,6418,
306736,2414864,169230,647144,1039651,166484,-1444,315,1202,-351,-399,881,2957,-2564,4449,-914,1337,132,1064,-43,-185,-305,4249,4985,
306736,2414864,169230,647144,1039651,166484,-1071,439,1212,-351,-399,881,3016,-1948,4745,-1063,709,245,1064,-43,-185,479,4041,3149,
559112,2414864,169230,647144,1039651,166484,-896,293,1025,-431,-439,834,3563,-1469,5084,-634,493,-223,1028,-100,-264,610,3454,1358,
559112,1160608,169230,647144,1039651,166484,-779,156,829,-431,-439,834,4856,-952,5562,-156,223,-478,1012,-98,-331,562,2546,-53,
559112,1160608,169680,647144,1039651,166484,-650,-34,734,-500,-476,775,4032,-1058,5481,169,-107,-514,1012,-98,-331,846,1627,-836,
559112,1160608,169680,856944,1039651,166484,-666,-154,855,-574,-478,739,2642,-1178,5086,475,-616,-287,1007,-76,-357,1355,845,-934,
559112,1160608,169680,856944,433536,166484,-917,174,839,-574,-478,739,1261,-1037,4354,630,-2494,847,1007,-76,-357,1393,24,-555,
559112,1160608,169680,856944,433536,166402,-1233,1365,899,-621,-443,722,361,-535,3338,-4565,-4340,-1106,1005,-73,-355,32,195,195,
559112,1160608,169680,856944,433536,166402,-1443,1566,878,-621,-443,722,52,178,2189,-1906,-195,-1164,1005,-73,-355,-2721,2405,1204,
559112,1160608,169680,856944,433536,166402,-1442,1236,825,-622,-417,730,177,898,966,-1185,768,-3115,971,-118,-407,-2200,2015,1550,
1084694,1160608,169680,856944,433536,166402,-1393,699,720,-622,-417,755,156,1564,-213,-888,53,-3398,971,-118,-407,-1178,1478,1535,
1084694,1029985,169680,856944,433536,166402,-1378,216,766,-584,-423,755,-208,2093,-1196,-726,212,-3139,950,-161,-412,-802,685,1527,
1084694,1029985,169723,856944,433536,166402,-1423,-153,842,-519,-427,799,-762,2468,-1905,-566,-421,-2778,942,-204,-414,-865,95,1422,
1084694,1029985,169723,2551804,433536,166402,-1335,-672,433,-519,-427,799,-1321,2621,-2224,-380,-570,-2447,942,-204,-414,-1599,-351,1229,
1084694,1029985,169723,2551804,187572,166402,-1304,-751,447,-451,-399,837,-2607,2172,-1745,-437,299,-1267,942,-235,-393,-1939,-679,753,
1084694,1029985,169723,2551804,187572,166363,-1335,-431,580,-451,-399,837,-3345,1700,-1046,-421,511,-832,942,-235,-393,-1905,-721,270,
1084694,1029985,169723,2551804,187572,166363,2921,4674,1214,-430,-308,862,-2443,-867,3836,-392,592,-671,947,-246,-372,-1726,-557,-105,
1084694,1029985,169723,2551804,187572,166363,2259,5919,2260,-499,-306,834,985,-2570,4456,-426,494,-649,947,-246,-372,-1492,-354,-311,
2923594,1029985,169723,2551804,187572,166363,-201,8498,4108,-499,-306,834,4873,-1565,805,-431,300,-686,946,-253,-348,-1314,-201,530,
2923594,1269347,169723,2551804,187572,166363,3315,506,789,-528,-410,809,4574,-971,-108,-591,368,-763,941,-294,-331,-1294,-163,1101,
2923594,1269347,169706,2551804,187572,166363,-14,1464,859,-528,-410,809,2166,-931,-199,-1099,895,-940,941,-294,-331,-1066,-92,1154,
2923594,1269347,169706,3045129,187572,166363,173,636,654,-543,-440,785,1710,-682,-329,-1369,1670,-1243,932,-318,-315,-412,15,867,
2923594,1269347,169706,3045129,167484,166363,87,809,1227,-543,-471,771,1358,-93,-175,-1187,269,-1409,932,-318,-315,343,72,646,
2923594,1269347,169706,3045129,167484,166600,247,951,1094,-547,-471,771,1353,162,101,-890,-416,-1259,922,-331,-336,354,-32,655,
2923594,1269347,169706,3045129,167484,166600,536,925,784,-541,-499,763,1529,289,212,-869,-488,-987,922,-331,-336,-172,-210,768,
2923594,1269347,169706,3045129,167484,166600,271,1103,746,-541,-499,763,1121,468,241,-873,-49,-832,914,-343,-332,-733,-281,871,
351658,1269347,169706,3045129,167484,166600,263,1107,681,-536,-509,749,741,680,278,-903,496,-751,914,-376,-320,-926,-248,882,
351658,1163284,169706,3045129,167484,166600,93,1138,673,-536,-509,749,388,869,337,-874,625,-726,908,-376,-320,-727,-116,823,
351658,1163284,169728,3045129,167484,166600,4,1138,676,-525,-509,764,246,954,388,-758,575,-727,898,-397,-309,-542,6,769,
351658,1163284,169728,2252457,167484,166600,-64,1244,725,-511,-526,761,426,915,403,-755,564,-1088,898,-397,-309,-508,95,715,
351658,1163284,169728,2252457,167382,166600,1,1099,857,-511,-526,761,724,835,390,-825,1096,-1344,887,-415,-303,-525,148,635,
351658,1163284,169728,2252457,167382,166600,482,1147,539,-500,-543,751,1066,700,347,-900,1269,-1519,887,-415,-303,-401,137,489,
351658,1163284,169728,2252457,167382,166600,640,1124,642,-500,-543,751,1322,498,257,-929,1065,-1500,880,-420,-316,-13,102,295,
351658,1163284,169728,2252457,167382,166600,400,1124,555,-499,-556,745,1477,276,167,-887,606,-1354,880,-420,-316,358,50,137,
172775,1163284,169728,2252457,167382,166600,483,1113,567,-500,-587,730,1544,158,102,-813,262,-1178,881,-410,-296,417,-14,51,
172775,643767,169728,2252457,167382,166600,351,1194,554,-500,-587,730,1500,70,47,-739,211,-1042,884,-420,-322,179,-65,24,
172775,643767,169808,2252457,167382,166600,228,1212,442,-497,-612,700,1193,61,32,-705,387,-1013,884,-420,-322,-94,-98,10,
172775,643767,169808,1918636,167382,166600,246,1241,454,-497,-612,700,1077,59,33,-740,610,-1214,881,-421,-306,-220,-109,-58,
172775,643767,169808,1918636,167449,166600,274,1239,466,-506,-626,688,1039,42,36,-801,753,-1183,881,-421,-306,-198,-107,-415,
172775,643767,169808,1918636,167449,166526,394,1208,372,-506,-626,688,1040,-6,10,-841,779,-1201,893,-410,-310,139,-76,-342,
172775,643767,169808,1918636,167449,166526,422,1273,250,-505,-648,679,1023,-111,-16,-875,721,-1177,893,-410,-310,263,-40,-407,
172775,643767,169808,1918636,167449,166526,452,1234,269,-507,-665,662,1011,-260,-59,-820,586,-1234,896,-400,-296,472,-19,-447,
193973,643767,169808,1918636,167449,166526,411,1356,291,-507,-665,662,990,-387,-96,-753,396,-1291,903,-391,-317,558,-46,-482,
193973,363786,169808,1918636,167449,166526,547,1347,190,-520,-688,637,1041,-458,-171,-691,265,-1308,903,-391,-317,537,-102,-460,
193973,363786,169525,1918636,167449,166526,530,1132,117,-520,-688,637,1153,-440,-215,-691,173,-1255,907,-378,-316,528,-147,-393,
193973,363786,169525,1650682,167449,166526,473,973,53,-526,-701,614,1078,-292,-159,-765,70,-1106,907,-378,-316,495,-166,-280,
193973,363786,169525,1650682,167349,166526,468,890,31,-527,-715,601,778,-178,128,-785,131,-1218,916,-370,-315,392,-235,-187,
193973,363786,169525,1650682,167349,166552,430,979,22,-527,-715,601,811,-265,229,-831,209,-1164,916,-370,-315,191,-308,-152,
193973,363786,169525,1650682,167349,166552,1031,2216,-375,-533,-732,577,1149,-426,-82,-813,294,-1121,918,-361,-303,4,-371,-168,
193973,363786,169525,1650682,167349,166552,778,1151,-258,-533,-732,577,1080,-563,-235,-798,409,-1071,918,-361,-303,-116,-376,-178,
957568,363786,169525,1650682,167349,166552,635,1380,-255,-543,-743,571,625,-432,-236,-726,568,-1037,925,-364,-306,-134,-366,-115,
957568,168873,169525,1650682,167349,166552,561,1269,-191,-543,-743,571,144,-175,-220,-614,649,-1011,927,-367,-292,-38,-317,43,
957568,168873,169648,1650682,167349,166552,598,1299,-47,-537,-747,563,6,-45,-210,-487,787,-950,927,-367,-292,117,-276,300,
957568,168873,169648,825396,167349,166552,542,1270,4,-534,-753,559,106,-23,-220,-733,778,-782,919,-379,-281,288,-269,554,
957568,168873,169648,825396,167292,166552,306,1262,-47,-534,-753,559,245,-6,-211,-678,786,-780,919,-379,-281,378,-276,733,
957568,168873,169648,825396,167292,166602,163,1204,-92,-534,-762,554,192,38,-173,-719,807,-816,915,-394,-300,363,-252,776,
957568,168873,169648,825396,167292,166602,180,1203,-3,-534,-762,554,12,52,-27,-791,875,-843,915,-394,-300,291,-147,733,
957568,168873,169648,825396,167292,166602,207,1196,-57,-532,-750,559,-379,83,46,-818,924,-788,905,-398,-295,347,8,635,
1861319,168873,169648,825396,167292,166602,234,1244,-29,-529,-749,567,-469,74,111,-774,915,-845,902,-409,-322,521,148,262,
1861319,225385,169648,825396,167292,166602,249,1268,29,-529,-749,567,-539,45,155,-823,761,-749,902,-409,-322,805,291,346,
1861319,225385,169649,825396,167292,166602,282,1354,-100,-534,-737,585,-635,5,176,-927,494,-785,892,-407,-315,1121,350,365,
1861319,225385,169649,1104233,167292,166602,400,1379,7,-534,-737,585,-741,-51,167,-1151,74,-941,892,-407,-315,993,396,416,
1861319,225385,169649,1104233,167114,166602,369,1394,53,-541,-727,583,-763,-130,125,-1004,15,-1088,882,-412,-336,855,434,499,
1861319,225385,169649,1104233,167114,166414,413,1334,103,-541,-727,583,-721,-202,79,-909,-75,-1216,882,-412,-336,733,321,722,
1861319,225385,169649,1104233,167114,166414,482,1582,199,-542,-713,596,-660,-222,27,-1011,-72,-1173,871,-410,-350,561,160,890,
1861319,225385,169649,1104233,167114,166414,378,1275,123,-545,-712,597,-529,-242,-76,-1072,71,-1165,871,-410,-367,353,51,919,
2458533,225385,169649,1104233,167114,166414,336,1279,276,-545,-712,597,-515,-240,-81,-1129,185,-1140,859,-439,-367,236,-9,840,
2458533,837633,169649,1104233,167114,166414,339,1286,261,-546,-708,599,-493,-112,-55,-1269,340,-1053,852,-446,-373,300,42,617,
2458533,837633,169729,1104233,167114,166414,328,1249,58,-546,-708,599,-381,-53,-49,-1257,366,-1097,852,-446,-373,501,141,366,
2458533,837633,169729,1396341,167114,166414,359,1285,270,-551,-700,604,-312,10,-36,-995,-133,-1084,851,-448,-364,697,185,258,
2458533,837633,169729,1396341,167297,166414,344,1290,255,-544,-700,616,-288,63,-25,-956,-289,-1150,851,-448,-364,764,148,347,
2458533,837633,169729,1396341,167297,166406,337,1263,302,-544,-700,616,-272,102,-16,-975,-274,-1137,841,-449,-392,695,91,475,
2458533,837633,169729,1396341,167297,166406,222,1286,240,-546,-697,615,-256,122,-12,-1064,-259,-1098,841,-449,-392,631,61,489,
2458533,837633,169729,1396341,167297,166406,240,1297,337,-546,-697,615,-249,123,-19,-1019,-310,-1202,833,-446,-388,603,79,362,
2923688,837633,169729,1396341,167297,166406,195,1303,373,-543,-692,618,-237,91,-23,-1017,-436,-1251,835,-448,-399,525,95,180,
2923688,1043420,169729,1396341,167297,166406,194,1295,450,-543,-692,617,-199,53,-30,-939,-488,-1319,835,-448,-399,373,95,-5,
2923688,1043420,169529,1396341,167297,166406,150,1299,361,-543,-691,617,-167,15,-37,-847,-534,-1321,835,-445,-404,123,52,-127,
2923688,1043420,169529,1481323,167297,166406,177,1288,332,-544,-694,618,-147,-21,-58,-734,-489,-1164,835,-445,-404,-148,-44,-61,
2923688,1043420,169529,1481323,167339,166406,188,1266,450,-544,-694,618,-55,-138,-62,-796,-220,-1058,833,-450,-389,-386,-131,147,
2923688,1043420,169529,1481323,167339,166530,179,1262,511,-549,-698,617,56,-171,-52,-823,45,-1020,833,-450,-389,-586,-182,402,
2923688,1043420,169529,1481323,167339,166530,243,1283,452,-549,-698,617,140,-177,-47,-826,220,-1032,828,-464,-387,-620,-155,446,
2923688,1043420,169529,1481323,167339,166530,269,1274,365,-555,-687,617,232,-174,-47,-870,316,-984,819,-476,-368,-495,-126,480,
3086336,1043420,169529,1481323,167339,166530,292,1286,432,-553,-704,608,301,-146,-50,-860,381,-1082,819,-476,-368,-374,-89,493,
3086336,872338,169529,1481323,167339,166530,262,1299,281,-553,-704,608,353,-94,-44,-862,390,-1106,814,-495,-373,-308,-61,482,
3086336,872338,169719,1481323,167339,166530,266,1304,256,-554,-714,608,419,-59,-40,-868,425,-1173,814,-495,-373,-302,-73,453,
3086336,872338,169719,1547924,167339,166530,290,1300,219,-554,-714,608,493,-66,-43,-893,608,-1259,811,-505,-350,-314,-96,397,
3086336,872338,169719,1547924,167504,166530,300,1300,218,-555,-717,581,550,-70,-46,-926,737,-1202,811,-505,-350,-284,-127,276,
3086336,872338,169719,1547924,167504,166467,271,1299,114,-555,-721,576,561,-75,-48,-891,787,-1161,809,-508,-352,-150,-127,130,
3086336,872338,169719,1547924,167504,166467,290,1318,212,-560,-721,576,553,-82,-52,-870,694,-1088,809,-508,-352,-8,-100,22,
3086336,872338,169719,1547924,167504,166467,271,1311,108,-561,-740,576,414,-86,-56,-851,617,-1005,810,-505,-361,63,-70,-82,
2218786,872338,169719,1547924,167504,166467,263,1335,81,-561,-740,576,269,-68,-52,-783,620,-1094,814,-507,-370,58,-53,-183,
2218786,426240,169719,1547924,167504,166467,291,1309,148,-562,-739,566,127,-28,-51,-775,674,-1129,814,-507,-370,44,-33,-259,
2218786,426240,169649,1547924,167504,166467,284,1317,152,-562,-739,566,80,-16,-50,-815,767,-1094,817,-498,-361,116,-13,-329,
2218786,426240,169649,1874512,167504,166467,291,1304,203,-558,-736,568,147,-37,-57,-820,752,-1068,817,-498,-361,224,42,-405,
2218786,426240,169649,1874512,167521,166467,274,1321,197,-558,-747,564,222,-48,-61,-784,696,-1103,823,-483,-353,357,71,-484,
2218786,426240,169649,1874512,167521,166471,291,1344,143,-558,-747,564,219,-45,-69,-775,638,-1158,823,-483,-353,465,105,-567,
2218786,426240,169649,1874512,167521,166471,313,1341,176,-558,-749,553,178,-26,-96,-784,639,-1184,830,-464,-361,539,130,-647,
2218786,426240,169649,1874512,167521,166471,286,1325,120,-558,-749,553,161,-14,-115,-804,538,-1146,843,-450,-360,668,152,-721,
1148690,426240,169649,1874512,167521,166471,277,1334,161,-558,-755,565,188,-18,-125,-796,396,-1159,843,-450,-360,810,179,-780,
1148690,327930,169649,1874512,167521,166471,271,1315,97,-554,-753,552,164,-8,-129,-764,222,-1170,850,-426,-383,912,187,-796,
1148690,327930,169681,1874512,167521,166471,252,1301,74,-554,-753,552,125,6,-119,-764,-45,-1132,850,-426,-383,789,153,-768,
1148690,327930,169681,2011827,167521,166471,213,1271,131,-554,-767,543,107,0,-89,-785,-110,-1134,858,-403,-400,629,109,-719,
1148690,327930,169681,2011827,167497,166471,287,1304,88,-554,-767,543,86,-17,-55,-782,-94,-1164,858,-403,-400,421,57,-684,
1148690,327930,169681,2011827,167497,166540,322,1371,115,-555,-764,545,35,-15,-35,-805,0,-1153,863,-381,-408,309,27,-630,
1148690,327930,169681,2011827,167497,166540,284,1383,93,-555,-764,545,-9,-8,-52,-795,86,-1167,863,-381,-399,295,24,-594,
1148690,327930,169681,2011827,167497,166540,300,1363,123,-559,-761,542,-16,-5,-85,-804,103,-1133,872,-371,-399,331,35,-562,
987821,327930,169681,2011827,167497,166540,298,1325,143,-552,-769,542,0,-3,-104,-792,62,-1116,880,-357,-419,389,45,-526,
987821,302834,169681,2011827,167497,166540,227,1302,94,-552,-769,542,8,3,-106,-737,32,-1198,880,-357,-419,429,65,-491,
987821,302834,169590,2011827,167497,166540,234,1281,71,-551,-767,543,3,1,-90,-708,-61,-1218,886,-342,-409,430,66,-451,
987821,302834,169590,2156481,167497,166540,251,1291,114,-551,-767,543,-24,3,-43,-726,-80,-1204,886,-342,-409,376,48,-409,
987821,302834,169590,2156481,167565,166540,233,1302,71,-555,-761,545,-82,5,-36,-726,-90,-1221,890,-331,-409,284,11,-373,
987821,302834,169590,2156481,167565,166471,274,1324,127,-553,-759,543,-90,8,-25,-776,-89,-1162,890,-331,-409,184,-24,-337,
987821,302834,169590,2156481,167565,166471,246,1324,77,-553,-759,543,-88,6,-22,-859,-35,-1119,893,-322,-402,142,-36,-302,
987821,302834,169590,2156481,167565,166471,262,1314,169,-551,-766,544,-97,6,-19,-900,-13,-1112,896,-321,-425,132,-27,-277,
1390151,302834,169590,2156481,167565,166471,267,1299,86,-551,-766,544,-120,7,-13,-918,-20,-1096,896,-321,-425,142,-22,-240,
1390151,293985,169590,2156481,167565,166471,281,1366,157,-551,-763,548,-142,9,3,-928,-20,-1065,896,-320,-424,150,-2,-207,
1390151,293985,169753,2156481,167565,166471,330,1387,138,-551,-763,548,-136,13,-15,-838,14,-1161,896,-320,-424,137,9,-192,
1390151,293985,169753,2098881,167565,166471,303,1401,186,-552,-764,547,-90,-2,-55,-794,33,-1197,899,-309,-423,144,14,-172,
1390151,293985,169753,2098881,167516,166471,253,1344,167,-551,-766,547,-39,-6,-85,-789,51,-1206,899,-309,-423,120,1,-164,
1390151,293985,169753,2098881,167516,166494,254,1300,140,-551,-766,547,17,-3,-94,-771,53,-1184,899,-304,-424,121,-3,-146,
1390151,293985,169753,2098881,167516,166494,250,1275,83,-553,-771,539,45,255,-85,-823,-7,-1096,899,-301,-438,163,21,-131,
1390151,293985,169753,2098881,167516,166494,212,1255,24,-553,-771,539,-18,5,-63,-823,-11,-1092,903,-301,-438,136,34,-112,
1362858,293985,169753,2098881,167516,166494,214,1271,15,-553,-760,549,-91,9,-22,-846,-24,-1067,905,-302,-423,116,57,-88,
1362858,278788,169753,2098881,167516,166494,271,1299,95,-550,-761,544,-163,11,7,-875,-6,-1067,905,-302,-423,97,69,-80,
1362858,278788,169808,2098881,167516,166494,303,1350,115,-550,-761,544,-184,-3,4,-893,2,-1088,903,-298,-436,91,77,-67,
1362858,278788,169808,2034262,167516,166494,281,1355,210,-551,-766,549,-159,-10,-16,-876,41,-1152,903,-298,-436,71,87,-76,
1362858,278788,169808,2034262,167414,166494,261,1375,155,-551,-766,549,-136,-4,-42,-855,97,-1255,901,-297,-422,29,64,-84,
1362858,278788,169808,2034262,167414,166504,275,1382,215,-550,-766,544,-104,8,-61,-866,169,-1262,901,-297,-422,9,41,-104,
1362858,278788,169808,2034262,167414,166504,323,1376,234,-550,-766,544,-45,6,-84,-849,221,-1253,901,-290,-447,66,15,-133,
1362858,278788,169808,2034262,167414,166504,323,1389,199,-549,-766,549,24,6,-113,-863,231,-1249,903,-293,-425,139,9,-180,
1338903,278788,169808,2034262,167414,166504,268,1348,100,-546,-764,547,74,6,-155,-848,247,-1276,903,-293,-425,194,11,-234,
1338903,304401,169808,2034262,167414,166504,14,1327,96,-546,-764,547,92,6,-174,-835,226,-1161,905,-281,-433,259,14,-282,
1338903,304401,169795,2034262,167414,166504,239,1313,113,-544,-773,549,78,9,-172,-832,63,-1131,905,-281,-433,311,16,-319,
1338903,304401,169795,2054829,167414,166504,246,1303,80,-544,-773,549,47,2,-169,-826,15,-1125,910,-263,-440,300,11,-350,
1338903,304401,169795,2054829,167546,166504,252,1315,94,-546,-769,538,21,8,-155,-774,20,-1130,910,-263,-440,237,10,-367,
1338903,304401,169795,2054829,167546,166917,254,1329,82,-541,-775,538,6,4,-149,-762,14,-1096,911,-253,-443,194,17,-388,
1338903,304401,169795,2054829,167546,166917,233,1349,63,-541,-775,538,7,0,-155,-758,-81,-1013,914,-251,-435,247,65,-380,
1338903,304401,169795,2054829,167546,166917,285,1360,151,-538,-778,532,30,-1,-164,-728,-228,-1068,914,-251,-435,284,111,-347,
955288,304401,169795,2054829,167546,166917,260,1403,138,-538,-778,532,65,-2,-179,-672,-290,-1172,915,-243,-457,168,96,-317,
955288,292554,169795,2054829,167546,166917,304,1446,116,-539,-779,535,96,-16,-206,-656,-8,-1255,915,-243,-457,-72,50,-267,
955288,292554,169726,2054829,167546,166917,328,1469,138,-539,-779,522,134,-34,-250,-764,6,-1269,918,-243,-435,-72,35,-252,
955288,292554,169726,2208082,167546,166917,308,1463,132,-535,-787,522,172,-51,-374,-781,-86,-1244,918,-243,-435,51,57,-231,
955288,292554,169726,2208082,167427,166917,281,1419,115,-527,-798,522,286,-108,-421,-796,-205,-1211,919,-233,-439,21,34,-203,
955288,292554,169726,2208082,167427,166471,231,1331,113,-527,-798,522,339,-134,-443,-779,-163,-1207,919,-233,-439,-94,-17,-184,
955288,292554,169726,2208082,167427,166471,176,1327,75,-523,-805,516,361,-144,-443,-807,-138,-1109,918,-231,-439,-135,-17,-161,
955288,292554,169726,2208082,167427,166471,188,1329,124,-523,-805,516,356,-138,-437,-830,-142,-1069,920,-235,-445,-100,3,-119,
1134000,292554,169726,2208082,167427,166471,180,1345,194,-515,-810,501,369,-118,-429,-865,-248,-1108,920,-235,-445,-193,-33,-88,
1134000,296640,169726,2208082,167427,166471,182,1318,161,-510,-823,500,413,-111,-413,-953,165,-1158,925,-238,-443,-378,-109,-87,
1134000,296640,169770,2208082,167427,166471,187,1319,168,-510,-823,500,484,-101,-397,-988,315,-1158,925,-238,-443,-293,-100,-104,
1134000,296640,169770,2253678,167427,166471,208,1389,93,-503,-834,483,533,-76,-384,-968,167,-1095,926,-234,-423,35,-18,-133,
1134000,296640,169770,2253678,167473,166471,210,1454,99,-503,-834,483,553,-57,-400,-890,-108,-1041,926,-234,-423,318,86,-144,
1134000,296640,169770,2253678,167473,166638,270,1493,106,-499,-838,470,589,-56,-430,-828,-317,-1054,923,-221,-450,346,103,-112,
1134000,296640,169770,2253678,167473,166638,230,1533,5,-499,-851,456,638,-83,-554,-807,-382,-1099,928,-226,-441,155,46,-61,
1134000,296640,169770,2253678,167473,166638,285,1565,140,-489,-851,456,781,-88,-631,-818,-135,-1142,928,-226,-441,-109,-13,-24,
542338,296640,169770,2253678,167473,166638,152,1494,83,-475,-869,441,858,-94,-670,-899,31,-1079,925,-227,-457,-121,-11,-6,
542338,302018,169770,2253678,167473,166638,36,1350,6,-475,-869,441,886,-95,-649,-853,103,-1212,925,-227,-457,-35,25,-19,
542338,302018,169767,2253678,167473,166638,149,1368,15,-467,-884,423,919,-95,-607,-816,250,-1210,924,-227,-439,-40,25,-58,
542338,302018,169767,2254078,167473,166638,89,1424,-48,-467,-884,423,993,-106,-602,-820,369,-1181,924,-227,-439,-18,27,-120,
542338,302018,169767,2254078,167433,166638,138,1418,0,-456,-889,401,1043,-112,-609,-840,252,-1143,926,-213,-437,174,85,-185,
542338,302018,169767,2254078,167433,166462,85,1430,-69,-444,-913,377,1076,-117,-622,-765,51,-1248,926,-213,-451,417,154,-278,
542338,302018,169767,2254078,167433,166462,96,1440,-47,-444,-913,377,1093,-122,-652,-784,-60,-1205,924,-206,-451,470,156,-290,
542338,302018,169767,2254078,167433,166462,103,1489,-91,-431,-927,349,1087,-108,-680,-806,-124,-1199,928,-201,-454,415,139,-283,
428193,302018,169767,2254078,167433,166462,88,1483,-70,-431,-927,349,1087,-78,-721,-809,-162,-1148,928,-201,-454,388,128,-256,
428193,234040,169767,2254078,167433,166462,65,1441,-77,-414,-940,318,1219,-90,-817,-849,-299,-1073,927,-192,-467,321,117,-234,
428193,234040,169625,2254078,167433,166462,27,1375,-152,-395,-948,292,1288,-95,-812,-843,-250,-1111,927,-192,-467,201,90,-201,
428193,234040,169625,2271607,167433,166462,9,1301,-199,-395,-948,292,1316,-91,-805,-911,-172,-1049,925,-186,-449,118,59,-178,
428193,234040,169625,2271607,167356,166462,-56,1281,-243,-376,-965,267,1279,-68,-791,-932,-69,-1107,925,-186,-449,127,69,-170,
428193,234040,169625,2271607,167356,166622,-67,1248,-278,-376,-965,267,1220,-25,-782,-959,-33,-1090,929,-174,-455,175,84,-172,
428193,234040,169625,2271607,167356,166622,-140,1262,-323,-364,-975,250,1157,9,-768,-913,-23,-1132,929,-175,-467,230,94,-183,
428193,234040,169625,2271607,167356,166622,-158,1245,-225,-364,-975,250,1090,32,-728,-886,-25,-1161,929,-175,-467,236,92,-205,
437136,234040,169625,2271607,167356,166622,-206,1198,-364,-346,-979,224,1005,76,-693,-866,47,-1207,929,-168,-473,190,57,-246,
437136,169096,169625,2271607,167356,166622,-248,1217,-283,-332,-992,200,900,127,-658,-802,141,-1222,929,-168,-473,194,30,-290,
437136,169096,169682,2271607,167356,166622,-319,1219,-288,-332,-992,200,801,204,-638,-820,164,-1217,930,-159,-469,276,42,-349,
437136,169096,169682,2347956,167356,166622,-350,1185,-430,-319,-1000,188,728,269,-579,-803,103,-1191,930,-159,-469,392,68,-410,
437136,169096,169682,2347956,167487,166622,-325,1210,-408,-319,-1000,188,584,372,-548,-767,49,-1138,934,-140,-476,490,101,-462,
437136,169096,169682,2347956,167487,166538,-359,1404,-352,-303,-998,170,507,402,-560,-741,-54,-1176,932,-126,-484,547,125,-496,
437136,169096,169682,2347956,167487,166538,-274,1522,-388,-287,-998,170,485,416,-617,-698,-109,-1208,932,-126,-484,558,136,-524,
437136,169096,169682,2347956,167487,166538,-258,1573,-379,-287,-998,170,529,394,-701,-681,-132,-1212,934,-115,-475,516,130,-561,
537937,169096,169682,2347956,167487,166538,-246,1593,-338,-267,-1013,143,641,329,-784,-647,-189,-1224,934,-115,-475,484,125,-598,
537937,168859,169682,2347956,167487,166538,-269,1554,-434,-267,-1013,143,800,253,-869,-691,-202,-1201,939,-100,-481,458,126,-612,
537937,168859,169710,2347956,167487,166538,-281,1437,-541,-246,-1005,114,906,188,-961,-688,-206,-1248,939,-100,-481,453,122,-624,
537937,168859,169710,2429320,167487,166538,-372,1328,-459,-246,-1005,114,973,137,-1007,-736,-230,-1225,938,-77,-493,446,97,-638,
537937,168859,169710,2429320,167336,166538,-365,1246,-573,-219,-1013,95,993,99,-1033,-731,-221,-1247,938,-77,-493,445,74,-644,
537937,168859,169710,2429320,167336,166469,-494,1120,-701,-194,-1024,78,997,49,-1028,-752,-241,-1211,941,-61,-488,459,58,-656,
537937,168859,169710,2429320,167336,166469,-491,926,-893,-194,-1024,78,638,74,-942,-763,-261,-1208,943,-40,-491,471,51,-664,
537937,168859,169710,2429320,167336,166469,-528,868,-886,-172,-1020,63,406,164,-888,-743,-243,-1235,943,-40,-491,480,31,-663,
593752,168859,169710,2429320,167336,166469,-426,912,-882,-172,-1020,63,155,267,-842,-768,-295,-1204,948,-23,-485,480,23,-659,
593752,185614,169710,2429320,167336,166469,-302,966,-830,-152,-1015,57,-11,340,-812,-747,-318,-1142,948,-23,-485,471,5,-662,
593752,185614,169578,2429320,167336,166469,-187,993,-835,-137,-1016,60,-95,381,-776,-725,-300,-1162,947,1,-483,456,-6,-669,
593752,185614,169578,2395846,167336,166469,-57,1033,-717,-137,-1016,60,-123,351,-713,-726,-332,-1169,947,1,-483,452,-18,-672,
593752,185614,169578,2395846,167545,166469,-28,1115,-698,-117,-1022,62,-118,303,-644,-730,-349,-1149,948,15,-477,448,-25,-667,
593752,185614,169578,2395846,167545,166465,14,1130,-651,-117,-1022,62,-105,251,-586,-699,-345,-1158,951,36,-496,449,-15,-676,
593752,185614,169578,2395846,167545,166465,37,1170,-614,-110,-1021,60,-106,206,-521,-683,-355,-1161,951,36,-496,484,-1,-668,
593752,185614,169578,2395846,167545,166465,30,1186,-706,-110,-1021,60,-123,157,-449,-687,-402,-1144,953,51,-492,519,16,-668,
529843,185614,169578,2395846,167545,166465,62,1259,-655,-101,-1019,59,-134,96,-389,-689,-478,-1127,953,51,-492,542,11,-664,
529843,171563,169578,2395846,167545,166465,40,1298,-695,-92,-1027,59,-82,-92,-310,-678,-505,-1136,948,74,-493,541,4,-649,
529843,171563,169547,2395846,167545,166465,44,1344,-669,-92,-1027,59,-7,-210,-275,-642,-523,-1135,948,74,-493,531,8,-620,
529843,171563,169547,2318114,167545,166465,-230,1409,-726,-86,-1025,70,98,-279,-290,-650,-529,-1121,953,95,-472,502,2,-605,
529843,171563,169547,2318114,167497,166465,-265,1342,-627,-86,-1025,70,193,-296,-367,-665,-544,-1101,953,95,-478,472,-1,-588,
529843,171563,169547,2318114,167497,166592,-358,1250,-692,-75,-1019,54,233,-306,-406,-695,-556,-1063,954,106,-478,446,-17,-566,
529843,171563,169547,2318114,167497,166592,-390,1215,-538,-65,-1024,47,229,-315,-420,-688,-575,-1082,953,123,-488,420,-16,-527,
529843,171563,169547,2318114,167497,166592,-445,1164,-630,-65,-1024,47,204,-322,-418,-698,-584,-1081,953,123,-488,350,-32,-513,
592630,171563,169547,2318114,167497,166592,-530,1064,-574,-56,-1023,44,153,-302,-388,-705,-551,-1092,956,134,-488,323,-33,-502,
592630,169022,169547,2318114,167497,166592,-518,1085,-503,-56,-1023,44,47,-271,-357,-737,-547,-1019,956,134,-488,301,-33,-489,
592630,169022,169760,2318114,167497,166592,-515,1108,-519,-52,-1022,38,-65,-230,-329,-741,-520,-1003,950,149,-465,313,-5,-484,
592630,169022,169760,2288290,167497,166592,-455,1130,-414,-52,-1022,51,-136,-162,-276,-718,-505,-1027,950,149,-465,365,24,-462,
592630,169022,169760,2288290,167283,166592,-451,1139,-368,-49,-1017,51,-124,-21,-268,-714,-572,-1028,954,166,-485,439,76,-432,
592630,169022,169760,2288290,167283,166402,-437,1140,-326,-39,-1022,46,-87,52,-253,-663,-666,-1069,950,172,-455,473,103,-394,
592630,169022,169760,2288290,167283,166402,-494,1137,-402,-39,-1022,46,-62,123,-236,-637,-742,-1073,950,172,-455,425,96,-342,
592630,169022,169760,2288290,167283,166402,-510,1187,-556,-34,-1024,56,-69,170,-224,-633,-768,-1084,948,180,-482,311,51,-287,
519696,169022,169760,2288290,167283,166402,-477,1241,-546,-34,-1024,56,-70,180,-214,-633,-651,-1119,948,180,-482,194,7,-251,
519696,169031,169760,2288290,167283,166402,-469,1250,-663,-30,-1018,51,-58,171,-209,-619,-579,-1162,949,190,-473,136,-16,-238,
519696,169031,169702,2288290,167283,166402,-469,1278,-683,-27,-1021,44,-35,134,-212,-661,-580,-1115,949,190,-473,144,-29,-236,
519696,169031,169702,2345924,167283,166402,-465,1308,-677,-27,-1021,44,-10,86,-233,-636,-560,-1160,950,198,-474,170,-20,-238,
519696,169031,169702,2345924,167626,166402,-375,1329,-686,-20,-1019,55,3,31,-263,-642,-582,-1107,950,202,-473,215,-3,-228,
519696,169031,169702,2345924,167626,166357,-380,1362,-673,-20,-1019,55,15,-4,-305,-616,-638,-1098,950,202,-473,258,15,-223,
519696,169031,169702,2345924,167626,166357,-363,1355,-735,-14,-1013,44,-250,-31,-413,-603,-688,-1068,947,202,-468,259,16,-198,
519696,169031,169702,2345924,167626,166357,-355,1384,-643,-14,-1013,46,-17,-33,-479,-606,-690,-1082,947,202,-468,217,1,-171,
509991,169031,169702,2345924,167626,166357,-409,1417,-702,0,-1013,46,-35,-38,-555,-630,-659,-1080,947,214,-460,175,-15,-158,
509991,168980,169702,2345924,167626,166357,-409,1429,-719,10,-1014,47,-58,-62,-623,-642,-660,-1071,947,214,-460,139,-28,-148,
509991,168980,169726,2345924,167626,166357,-435,1454,-649,10,-1014,47,-53,-95,-704,-641,-690,-1089,946,221,-474,143,-17,-105,
509991,168980,169726,2287631,167626,166357,-474,1471,-660,31,-1011,42,-19,-142,-788,-643,-702,-1087,946,221,-474,148,-20,-86,
509991,168980,169726,2287631,167636,166357,-521,1400,-657,31,-1011,42,68,-185,-889,-644,-717,-1064,951,221,-477,136,-13,-56,
509991,168980,169726,2287631,167636,166314,-610,1353,-701,49,-1001,35,139,-250,-980,-634,-731,-1074,950,217,-466,109,-31,-18,
509991,168980,169726,2287631,167636,166314,-628,1255,-616,78,-1006,33,179,-312,-1045,-639,-721,-1071,950,217,-466,84,-52,11,
509991,168980,169726,2287631,167636,166314,-632,1163,-644,78,-1006,33,156,-343,-1097,-642,-716,-1057,952,219,-469,70,-49,38,
167785,168980,169726,2287631,167636,166314,-661,1068,-521,104,-1002,27,94,-361,-1112,-628,-737,-1038,952,219,-469,60,-53,78,
167785,168979,169726,2287631,167636,166314,-736,1039,-560,104,-1002,27,-38,-365,-1138,-614,-747,-1035,952,219,-463,26,-43,111,
167785,168979,169771,2287631,167636,166314,-723,1016,-484,129,-985,31,-80,-361,-1135,-637,-748,-1042,952,219,-463,-24,-49,143,
167785,168979,169771,2153487,167636,166314,-742,968,-567,153,-979,18,-106,-349,-1128,-633,-704,-1051,951,217,-450,-98,-71,174,
167785,168979,169771,2153487,167599,166314,-756,939,-594,153,-979,18,-141,-351,-1106,-668,-649,-1064,954,210,-460,-159,-103,192,
167785,168979,169771,2153487,167599,166617,-781,920,-527,179,-979,36,-142,-353,-1070,-695,-570,-1069,954,210,-460,-176,-102,192,
167785,168979,169771,2153487,167599,166617,-804,871,-546,179,-979,36,-142,-360,-1035,-715,-541,-1071,955,200,-441,-145,-89,177,
167785,168979,169771,2153487,167599,166617,-852,882,-665,201,-970,33,-163,-373,-990,-743,-504,-1085,955,200,-441,-86,-67,168,
167298,168979,169771,2153487,167599,166617,-849,797,-618,201,-970,33,-152,-381,-946,-710,-522,-1074,957,195,-450,-48,-57,146,
167298,168979,169771,2153487,167599,166617,-914,818,-604,219,-958,44,-195,-422,-886,-723,-547,-1021,957,195,-450,-13,-46,129,
167298,168979,169848,2153487,167599,166617,-910,771,-627,240,-956,45,-236,-430,-822,-717,-567,-1049,956,199,-458,11,-39,112,
167298,168979,169848,2135478,167599,166617,-911,781,-591,240,-956,45,-328,-459,-715,-744,-581,-1014,956,199,-458,31,-21,116,
167298,168979,169848,2135478,167661,166617,-929,874,-500,256,-951,54,-523,-429,-690,-737,-579,-1054,961,192,-461,63,-19,106,
167298,168979,169848,2135478,167661,166517,-911,914,-519,256,-951,54,-574,-397,-668,-744,-596,-1040,963,192,-462,80,-24,96,
167298,168979,169848,2135478,167661,166517,-893,944,-523,271,-939,73,-578,-349,-692,-704,-607,-1036,963,192,-462,93,-9,114,
167298,168979,169848,2135478,167661,166517,-889,951,-490,285,-939,91,-526,-284,-706,-699,-680,-1024,963,187,-447,50,-27,138,
167329,168979,169848,2135478,167661,166517,-879,958,-417,285,-939,91,-442,-229,-728,-693,-657,-1066,963,187,-447,-11,-48,171,
167329,168979,169848,2135478,167661,166517,-846,941,-425,301,-929,91,-355,-155,-742,-712,-613,-1041,962,184,-461,-71,-70,183,
167329,168979,169785,2135478,167661,166517,-732,861,-408,301,-929,91,-260,-60,-729,-714,-557,-1050,962,184,-461,-100,-83,178,
167329,168979,169785,1601356,167661,166517,-746,816,-429,315,-922,87,-166,43,-697,-730,-532,-1044,961,184,-452,-94,-81,160,
167329,168979,169785,1601356,167454,166517,-688,755,-447,315,-922,87,-108,146,-629,-715,-522,-1048,965,176,-454,-62,-66,148,
167329,168979,169785,1601356,167454,166580,-649,703,-441,330,-910,87,-84,234,-521,-692,-516,-1063,965,176,-454,-21,-41,134,
167329,168979,169785,1601356,167454,166580,-701,661,-523,331,-913,92,-127,279,-170,-720,-537,-1049,964,175,-452,7,-13,125,
167329,168979,169785,1601356,167454,166580,-661,903,-586,331,-913,92,-304,191,67,-673,-519,-1075,964,175,-452,20,-3,119,
167381,168979,169785,1601356,167454,166580,-972,1050,-432,330,-916,92,-300,102,213,-695,-518,-1044,965,169,-452,40,11,106,
167381,168820,169785,1601356,167454,166580,-940,1055,-563,330,-916,92,-217,78,207,-689,-516,-1076,965,169,-452,43,17,84,
167381,168820,169768,1601356,167454,166580,-938,1056,-485,322,-916,103,-169,49,192,-709,-537,-1040,962,179,-442,61,30,71,
167381,168820,169768,1561663,167454,166580,-970,953,-540,317,-923,104,-115,10,194,-692,-538,-1065,962,179,-467,76,40,65,
167381,168820,169768,1561663,167445,166580,-985,947,-432,317,-923,104,-114,-16,218,-682,-560,-1057,964,168,-467,68,45,58,
167381,168820,169768,1561663,167445,166642,-927,953,-473,310,-931,101,-142,-20,243,-675,-576,-1078,968,169,-454,43,44,53,
167381,168820,169768,1561663,167445,166642,-927,957,-558,310,-931,101,-189,-4,265,-701,-577,-1071,968,169,-454,6,31,56,
167381,168820,169768,1561663,167445,166642,-896,1005,-455,301,-924,106,-241,20,280,-755,-547,-1087,963,164,-445,-24,19,54,
167535,168820,169768,1561663,167445,166642,-870,1044,-431,301,-924,106,-269,36,286,-771,-534,-1076,963,164,-445,-19,1,48,
167535,168612,169768,1561663,167445,166642,-884,1107,-452,298,-923,106,-259,35,274,-739,-527,-1079,963,166,-461,-1,-1,34,
167535,168612,169721,1561663,167445,166642,-856,1132,-439,293,-938,121,-200,14,258,-734,-537,-1076,963,166,-461,15,6,5,
167535,168612,169721,1562768,167445,166642,-856,1111,-473,293,-938,121,-123,-4,232,-735,-536,-1077,965,172,-434,39,-14,-2,
167535,168612,169721,1562768,167569,166642,-835,1116,-439,284,-935,109,-57,-13,210,-737,-549,-1072,966,164,-461,38,-23,-12,
167535,168612,169721,1562768,167569,166410,-822,1101,-423,284,-935,109,-14,-5,194,-735,-552,-1049,966,164,-461,23,-25,-36,
167535,168612,169721,1562768,167569,166410,-839,1083,-470,277,-937,109,21,-8,183,-747,-529,-1054,968,165,-437,24,-17,-48,
167535,168612,169721,1562768,167569,166410,-830,1057,-492,276,-939,115,31,-10,178,-718,-495,-1046,968,165,-437,35,-15,-57,
167602,168612,169721,1562768,167569,166410,-822,1050,-434,276,-939,115,7,5,163,-715,-502,-1065,965,167,-451,51,2,-70,
167602,168972,169721,1562768,167569,166410,-846,1065,-488,274,-944,122,-24,6,154,-743,-508,-1057,965,167,-451,68,8,-87,
167602,168972,169437,1562768,167569,166410,-832,1064,-523,274,-944,122,-42,10,146,-716,-524,-1054,964,178,-440,83,21,-101,
167602,168972,169437,1587007,167569,166410,-842,1086,-484,268,-941,110,-48,9,128,-720,-538,-1042,964,174,-433,101,34,-111,
167602,168972,169437,1587007,167538,166410,-859,1100,-522,268,-941,110,-38,-19,118,-714,-559,-1083,964,174,-433,100,31,-125,
167602,168972,169437,1587007,167538,166649,-820,1070,-473,262,-949,121,-37,-34,117,-724,-560,-1055,965,177,-467,90,34,-138,
167602,168972,169437,1587007,167538,166649,-863,1073,-427,262,-949,116,-40,-32,115,-721,-566,-1055,965,177,-467,92,26,-144,
167602,168972,169437,1587007,167538,166649,-832,1072,-498,262,-949,116,-58,-42,121,-748,-576,-1053,961,175,-456,102,14,-151,
167591,168972,169437,1587007,167538,166649,-829,1086,-471,258,-951,117,-80,-37,116,-726,-594,-1059,961,175,-456,134,20,-159,
167591,168946,169437,1587007,167538,166649,-817,1089,-456,258,-951,117,-99,-26,104,-708,-613,-1018,963,188,-451,169,28,-159,
167591,168946,169760,1587007,167538,166649,-791,1072,-500,255,-941,123,-113,-13,89,-701,-649,-1017,963,188,-451,165,29,-151,
167591,168946,169760,1600232,167538,166649,-816,1109,-433,252,-950,117,-110,-1,84,-689,-647,-1036,962,193,-469,149,23,-138,
167591,168946,169760,1600232,167489,166649,-769,1109,-374,252,-950,117,-93,-2,73,-681,-640,-1005,962,195,-434,113,20,-131,
167591,168946,169760,1600232,167489,166716,-812,1101,-463,251,-954,120,-58,-9,64,-709,-621,-1010,962,195,-434,93,20,-127,
167591,168946,169760,1600232,167489,166716,-802,1091,-433,251,-954,120,-61,6,52,-702,-603,-1000,963,193,-446,87,39,-127,
167591,168946,169760,1600232,167489,166716,-802,1111,-450,244,-949,123,-64,20,40,-696,-620,-1019,963,193,-446,98,78,-120,
167608,168946,169760,1600232,167489,166716,-813,1119,-434,244,-949,116,-62,27,28,-708,-623,-975,962,202,-443,131,99,-101,
167608,168916,169760,1600232,167489,166716,-801,1103,-470,243,-954,116,-42,21,25,-715,-646,-1030,962,202,-443,147,109,-97,
167608,168916,169776,1600232,167489,166716,-819,1102,-431,244,-948,119,-17,21,21,-716,-686,-1009,957,205,-462,129,113,-92,
167608,168916,169776,1846886,167489,166716,-848,1054,-514,244,-948,119,-1,12,22,-714,-689,-1023,956,206,-438,94,98,-86,
167608,168916,169776,1846886,167261,166716,-868,1051,-451,244,-951,117,8,3,18,-704,-680,-1054,956,206,-438,58,84,-83,
167608,168916,169776,1846886,167261,166503,-846,1052,-477,244,-951,117,1,-9,23,-704,-665,-1046,956,204,-465,32,69,-72,
167608,168916,169776,1846886,167261,166503,-823,1047,-463,242,-947,119,-26,-6,30,-720,-618,-1124,956,204,-465,27,40,-53,
167608,168916,169776,1846886,167261,166503,-820,1081,-502,240,-954,113,-71,5,35,-735,-581,-1098,960,205,-451,27,18,-49,
178220,168916,169776,1846886,167261,166503,-791,1126,-443,240,-954,113,-92,24,11,-696,-563,-1099,960,205,-451,50,8,-56,
178220,169035,169776,1846886,167261,166503,-771,1156,-443,241,-953,114,-66,32,-6,-689,-558,-1108,955,215,-459,86,-1,-72,
178220,169035,169677,1846886,167261,166503,-775,1172,-435,241,-953,114,-14,32,-24,-661,-590,-1079,955,215,-459,97,-5,-78,
178220,169035,169677,1841859,167261,166503,-787,1172,-459,235,-951,114,36,28,-37,-686,-577,-1078,955,211,-451,105,-2,-91,
178220,169035,169677,1841859,167515,166503,-817,1139,-454,235,-953,109,76,12,-61,-688,-579,-1081,955,213,-438,89,-14,-104,
178220,169035,169677,1841859,167515,166293,-830,1106,-493,240,-953,109,89,6,-73,-681,-546,-1054,955,213,-438,91,-18,-126,
178220,169035,169677,1841859,167515,166293,-809,1080,-455,240,-954,113,82,3,-85,-662,-548,-1057,955,214,-454,99,2,-148,
178220,169035,169677,1841859,167515,166293,-828,1074,-490,240,-954,113,68,3,-85,-662,-546,-1056,955,214,-454,123,4,-162,
192262,169035,169677,1841859,167515,166293,-826,1048,-535,241,-953,106,46,-5,-86,-672,-560,-1062,956,226,-440,148,23,-187,
192262,168983,169677,1841859,167515,166293,-819,1059,-492,241,-953,106,21,-1,-89,-650,-568,-1067,956,226,-440,158,34,-209,
192262,168983,169792,1841859,167515,166293,-814,1070,-515,242,-944,109,-2,1,-84,-660,-585,-1046,955,231,-458,148,39,-223,
192262,168983,169792,1854635,167515,166293,-794,1075,-464,249,-957,114,-12,255,-95,-647,-598,-1050,954,240,-446,166,46,-245,
192262,168983,169792,1854635,167523,166293,-810,1079,-437,249,-957,114,8,8,-89,-670,-620,-1037,954,240,-446,169,47,-260,
192262,168983,169792,1854635,167523,166562,-806,1032,-518,248,-955,117,26,12,-83,-686,-635,-1071,954,242,-451,176,38,-267,
192262,168983,169792,1854635,167523,166562,-836,1059,-467,248,-955,117,44,14,-87,-688,-643,-1044,954,242,-451,172,22,-275,
192262,168983,169792,1854635,167523,166562,-812,1008,-493,245,-944,93,59,23,-72,-689,-664,-1040,951,252,-446,171,6,-290,
212672,168983,169792,1854635,167523,166562,-859,1002,-505,251,-951,109,53,27,-56,-682,-662,-1051,951,252,-446,173,-3,-300,
212672,169053,169792,1854635,167523,166562,-835,984,-421,251,-951,109,32,36,-48,-674,-676,-1032,947,259,-446,165,-15,-310,
212672,169053,169486,1854635,167523,166562,-845,973,-752,251,-954,103,-4,43,-29,-680,-683,-998,947,259,-450,182,-17,-309,
212672,169053,169486,1771116,167523,166562,-819,992,-473,251,-954,103,-44,37,-11,-678,-684,-976,950,267,-450,197,-17,-304,
212672,169053,169486,1771116,167596,166562,-852,1014,-450,250,-954,104,-68,48,8,-661,-719,-980,949,271,-435,218,-6,-298,
212672,169053,169486,1771116,167596,166492,-840,1026,-472,250,-954,104,-75,62,25,-645,-719,-991,949,271,-435,216,12,-294,
212672,169053,169486,1771116,167596,166492,-833,1027,-541,249,-952,105,-96,86,35,-624,-759,-941,947,282,-449,207,29,-287,
212672,169053,169486,1771116,167596,166492,-817,1032,-487,248,-958,99,-80,81,46,-614,-771,-965,947,282,-449,202,45,-265,
281195,169053,169486,1771116,167596,166492,-783,1031,-536,248,-958,99,-66,79,55,-639,-782,-943,945,293,-454,208,76,-245,
281195,169034,169486,1771116,167596,166492,-816,1058,-421,247,-958,107,-53,75,62,-619,-798,-956,945,293,-454,207,92,-219,
281195,169034,169595,1771116,167596,166492,-838,1051,-478,247,-958,107,-41,62,69,-607,-849,-944,941,302,-445,205,110,-186,
281195,169034,169595,1767045,167596,166492,-806,1050,-507,242,-950,101,-41,57,74,-581,-856,-979,944,300,-430,176,118,-159,
281195,169034,169595,1767045,167528,166492,-822,1069,-455,239,-954,100,-36,52,80,-589,-894,-1008,944,300,-430,137,102,-129,
281195,169034,169595,1767045,167528,166432,-840,1051,-571,239,-954,100,-42,43,90,-578,-886,-1054,941,297,-444,87,65,-91,
281195,169034,169595,1767045,167528,166432,-824,1068,-539,236,-962,103,-48,29,90,-578,-849,-1065,941,297,-444,41,28,-52,
281195,169034,169595,1767045,167528,166432,-808,1106,-484,236,-962,103,-55,23,96,-595,-817,-1045,938,302,-446,4,-246,11,
362379,169034,169595,1767045,167528,166432,-815,1122,-467,231,-958,105,-68,23,76,-606,-797,-1061,938,302,-446,-32,-48,31,
362379,168877,169595,1767045,167528,166432,-774,1130,-516,231,-958,105,-83,18,71,-634,-780,-1023,941,296,-435,-35,-59,51,
362379,168877,169608,1767045,167528,166432,-783,1168,-467,232,-959,96,-74,2,47,-631,-766,-977,941,301,-426,-42,-61,66,
362379,168877,169608,1774851,167528,166432,-776,1165,-517,232,-963,103,-54,-7,32,-636,-727,-955,945,301,-426,-20,-41,69,
362379,168877,169608,1774851,167609,166432,-769,1149,-514,232,-963,103,-37,-16,16,-629,-737,-975,944,292,-445,-17,-34,75,
362379,168877,169608,1774851,167609,166631,-764,1131,-528,227,-962,94,-16,-14,4,-617,-728,-1000,944,292,-445,-22,-17,77,
362379,168877,169608,1774851,167609,166631,-788,1110,-498,227,-962,94,-1,-15,-12,-629,-729,-980,944,291,-433,-38,-20,81,
362379,168877,169608,1774851,167609,166631,-781,1100,-491,223,-957,109,2,-8,-27,-626,-732,-999,944,291,-433,-40,-18,86,
355478,168877,169608,1774851,167609,166631,-785,1065,-544,231,-962,98,-13,-8,-36,-623,-732,-1007,943,293,-445,-54,-15,88,
355478,168846,169608,1774851,167609,166631,-817,1066,-549,231,-962,98,-27,-11,-40,-634,-734,-976,943,293,-445,-84,-19,93,
355478,168846,169731,1774851,167609,166631,-819,1103,-447,227,-962,103,-48,-11,-35,-645,-738,-1013,947,294,-451,-108,-33,92,
355478,168846,169731,1764648,167609,166631,-813,1096,-527,227,-962,103,-66,-20,-36,-688,-711,-1002,947,280,-462,-125,-45,102,
355478,168846,169731,1764648,167608,166631,-772,1132,-406,227,-964,108,-59,-30,-48,-694,-668,-1032,947,280,-462,-114,-39,87,
355478,168846,169731,1764648,167608,166403,-808,1129,-535,227,-964,108,-59,-48,-52,-689,-673,-1041,952,277,-441,-86,-32,72,
355478,168846,169731,1764648,167608,166403,-814,1157,-482,230,-962,101,-54,-58,-64,-624,-681,-1018,952,277,-441,-53,-33,64,
355478,168846,169731,1764648,167608,166403,-773,1150,-518,230,-965,100,-42,-59,-88,-653,-688,-1027,948,280,-443,-45,-26,58,
167405,168846,169731,1764648,167608,166403,-517,1147,-497,230,-965,100,-26,-63,-108,-643,-695,-1056,948,280,-443,-32,-34,52,
167405,169010,169731,1764648,167608,166403,-757,1155,-451,230,-963,98,-6,-55,-129,-641,-697,-1045,951,277,-423,-26,-39,50,
167405,169010,169656,1764648,167608,166403,-772,1130,-539,230,-963,98,19,-41,-149,-635,-713,-1023,952,279,-429,-32,-45,51,
167405,169010,169656,1681659,167608,166403,-777,1100,-499,237,-950,94,24,-44,-175,-644,-689,-1062,952,279,-429,-47,-53,50,
167405,169010,169656,1681659,167527,166403,-761,1067,-500,239,-961,98,35,-32,-199,-670,-685,-1027,950,273,-430,-77,-93,47,
167405,169010,169656,1681659,167527,166596,-763,1037,-494,239,-961,98,34,-18,-208,-675,-646,-1089,950,273,-430,-69,-105,31,
167405,169010,169656,1681659,167527,166596,-841,1023,-588,242,-958,90,15,-12,-194,-652,-613,-1099,949,269,-425,-63,-117,21,
167405,169010,169656,1681659,167527,166596,-829,1013,-495,242,-958,90,15,-9,-186,-671,-611,-1060,949,269,-425,-68,-134,-8,
179747,169010,169656,1681659,167527,166596,-836,1006,-553,247,-951,100,-9,-23,-170,-706,-572,-1056,956,275,-439,-55,-152,-32,
179747,168878,169656,1681659,167527,166596,-900,1051,-491,247,-951,95,-38,-26,-163,-729,-580,-995,956,275,-439,-1,-144,-67,
179747,168878,169664,1681659,167527,166596,-865,1025,-565,251,-954,95,-59,-19,-170,-709,-577,-989,957,273,-426,33,-123,-100,
179747,168878,169664,1380650,167527,166596,-865,1043,-471,253,-955,99,-86,7,-173,-717,-606,-1012,960,273,-439,72,-110,-132,
179747,168878,169664,1380650,167466,166596,-819,1070,-460,253,-955,99,-120,36,-186,-706,-618,-951,960,273,-439,92,-83,-149,
179747,168878,169664,1380650,167466,166393,-785,1082,-420,259,-952,99,-129,41,-185,-720,-700,-970,956,274,-423,100,-65,-164,
179747,168878,169664,1380650,167466,166393,-811,1069,-488,259,-952,99,-110,37,-186,-680,-762,-977,956,274,-423,82,-56,-145,
179747,168878,169664,1380650,167466,166393,-833,1085,-496,260,-944,88,-69,26,-178,-669,-729,-1031,959,283,-413,38,-56,-92,
182348,168878,169664,1380650,167466,166393,-837,1074,-465,267,-947,92,-35,10,-171,-702,-680,-994,959,283,-413,-6,-64,-85,
182348,169049,169664,1380650,167466,166393,-847,1047,-493,267,-947,92,10,7,-173,-670,-674,-986,957,284,-443,-15,-73,-88,
182348,169049,169809,1380650,167466,166393,-867,1015,-466,269,-950,97,4,1,-157,-662,-670,-998,958,289,-402,-3,-62,-105,
182348,169049,169809,1264082,167466,166393,-877,1025,-491,269,-950,97,-10,-4,-145,-633,-671,-1020,958,289,-402,40,-45,-114,
182348,169049,169809,1264082,167572,166393,-910,1019,-498,267,-944,93,-22,-17,-136,-636,-683,-995,958,283,-422,91,-24,-107,
182348,169049,169809,1264082,167572,166531,-894,1003,-526,267,-941,94,-37,-41,-126,-604,-762,-988,958,283,-422,118,1,-111,
182348,169049,169809,1264082,167572,166531,-918,1031,-459,274,-941,94,-37,-58,-115,-611,-783,-976,958,289,-416,109,4,-111,
182348,169049,169809,1264082,167572,166531,-867,985,-480,275,-946,98,-26,-71,-95,-622,-775,-954,958,289,-416,83,-2,-108,
167577,169049,169809,1264082,167572,166531,-862,965,-466,275,-946,98,-16,-67,-73,-627,-779,-975,957,298,-428,4,-19,-100,
167577,169017,169809,1264082,167572,166531,-837,930,-470,273,-950,100,-8,-70,-53,-631,-776,-946,957,298,-422,-6,-4,-77,
167577,169017,169800,1264082,167572,166531,-868,931,-457,273,-950,100,-4,-55,-31,-643,-745,-961,957,296,-422,16,12,-51,
167577,169017,169800,1282079,167572,166531,-834,915,-430,271,-937,97,-6,-16,16,-666,-748,-964,956,293,-424,32,32,-29,
167577,169017,169800,1282079,167596,166531,-887,900,-542,275,-952,94,-43,4,40,-650,-798,-953,956,293,-424,40,62,-16,
167577,169017,169800,1282079,167596,166631,-855,900,-475,275,-952,94,-82,28,75,-666,-854,-956,954,293,-424,26,51,17,
167577,169017,169800,1282079,167596,166631,-892,986,-471,269,-949,98,-123,54,96,-655,-869,-998,954,293,-424,-11,35,41,
167577,169017,169800,1282079,167596,166631,-849,1016,-506,269,-949,98,-146,64,114,-645,-870,-1030,955,295,-414,-41,11,76,
229979,169017,169800,1282079,167596,166631,-900,1036,-549,264,-939,97,-146,64,125,-639,-845,-1036,955,295,-414,-91,-25,104,
229979,169011,169800,1282079,167596,166631,-849,1039,-460,263,-944,98,-144,56,133,-628,-803,-1036,956,289,-448,-122,-52,126,
229979,169011,169832,1282079,167596,166631,-844,1041,-495,263,-944,98,-128,38,142,-642,-767,-1032,961,285,-429,-147,-84,153,
229979,169011,169832,1587388,167596,166631,-877,1044,-278,255,-951,107,-130,26,150,-621,-718,-1024,961,285,-429,-164,-98,168,
229979,169011,169832,1587388,167569,166631,-843,1049,-561,255,-951,107,-139,25,147,-630,-687,-998,963,278,-416,-168,-104,175,
229979,169011,169832,1587388,167569,166718,-837,1035,-493,255,-951,104,-149,16,152,-651,-645,-972,963,278,-416,-158,-87,176,
229979,169011,169832,1587388,167569,166718,-806,1034,-465,255,-951,104,-133,31,157,-684,-603,-1012,963,276,-415,-146,-82,173,
229979,169011,169832,1587388,167569,166718,-781,1042,-409,247,-952,98,-133,49,158,-705,-589,-1011,963,276,-415,-120,-76,155,
309001,169011,169832,1587388,167569,166718,-825,1054,-462,246,-962,111,-146,67,163,-705,-585,-1000,963,272,-420,-85,-60,126,
309001,168978,169832,1587388,167569,166718,-812,1049,-496,246,-962,111,-162,81,168,-723,-601,-998,963,266,-423,-42,-31,99,
309001,168978,169878,1587388,167569,166718,-812,1085,-408,240,-962,112,-168,89,166,-728,-630,-989,964,266,-423,-4,-26,84,
309001,168978,169878,1610993,167569,166718,-835,1135,-483,240,-962,112,-177,81,164,-709,-657,-1006,965,261,-415,19,-23,63,
309001,168978,169878,1610993,167619,166718,-838,1165,-503,235,-951,118,-151,72,162,-703,-663,-983,965,261,-415,-42,-53,41,
309001,168978,169878,1610993,167619,166683,-805,1166,-444,236,-957,112,-129,55,143,-721,-626,-980,971,259,-402,-58,-62,22,
309001,168978,169878,1610993,167619,166683,-749,1161,-462,236,-957,112,-103,30,130,-721,-581,-1003,971,259,-402,-65,-65,1,
309001,168978,169878,1610993,167619,166683,-799,1168,-486,229,-962,118,-66,3,109,-724,-587,-1000,964,261,-407,-38,-51,-25,
167621,168978,169878,1610993,167619,166683,-769,1117,-528,229,-962,118,-58,-12,71,-727,-587,-956,964,261,-407,18,-30,-45,
167621,169061,169878,1610993,167619,166683,-757,1116,-488,227,-961,114,-64,-4,59,-721,-614,-960,966,270,-404,80,-3,-68,
167621,169061,169740,1610993,167619,166683,-761,1137,-494,227,-961,114,-85,3,51,-701,-660,-990,969,266,-419,104,41,-76,
167621,169061,169740,1622934,167619,166683,-782,1139,-505,224,-959,106,-85,12,36,-682,-699,-938,969,266,-419,96,53,-75,
167621,169061,169740,1622934,167581,166683,-739,1148,-457,222,-961,113,-78,13,15,-679,-734,-960,967,262,-409,78,56,-70,
167621,169061,169740,1622934,167581,166656,-779,1130,-453,222,-961,113,-72,7,-3,-670,-738,-1001,967,262,-409,44,51,-59,
167621,169061,169740,1622934,167581,166656,-771,1098,-456,221,-962,122,-45,8,-6,-682,-726,-1006,967,275,-423,17,48,-46,
167621,169061,169740,1622934,167581,166656,-791,1085,-462,221,-962,122,-41,17,-8,-682,-732,-1023,967,275,-423,-3,42,-42,
167555,169061,169740,1622934,167581,166656,-797,1061,-444,223,-961,110,-45,17,-9,-685,-727,-999,966,273,-408,-12,37,-26,
167555,168875,169740,1622934,167581,166656,-800,1052,-479,217,-961,118,-47,23,-5,-675,-711,-1016,967,269,-418,-33,23,-22,
167555,168875,169782,1622934,167581,166656,-819,1059,-466,217,-961,118,-43,37,3,-660,-694,-1031,967,269,-418,-24,10,-17,
167555,168875,169782,1574501,167581,166656,-803,1027,-439,221,-964,114,-51,61,29,-650,-684,-1029,966,264,-433,-22,9,-19,
167555,168875,169782,1574501,167582,166656,-807,1015,-480,221,-964,114,-73,91,38,-679,-637,-993,966,264,-433,-18,18,-12,
167555,168875,169782,1574501,167582,166686,-799,1032,-415,216,-968,113,-88,107,56,-671,-646,-1010,966,267,-419,2,25,-5,
167555,168875,169782,1574501,167582,166686,-770,1057,-490,216,-968,113,-112,116,68,-667,-660,-1009,966,267,-419,13,32,-9,
167555,168875,169782,1574501,167582,166686,-786,1104,-513,217,-963,114,-141,118,64,-672,-657,-991,964,272,-422,29,42,-16,
318415,168875,169782,1574501,167582,166686,-747,1139,-512,211,-962,116,-166,115,60,-674,-670,-1033,964,272,-422,67,39,-16,
318415,168876,169782,1574501,167582,166686,-745,1231,-596,211,-962,116,-173,94,48,-690,-701,-1034,965,272,-416,59,42,-13,
318415,168876,169620,1574501,167582,166686,-717,1244,-543,214,-966,126,-160,66,18,-715,-750,-1024,963,266,-416,12,38,20,
318415,168876,169620,1652084,167582,166686,-734,1244,-585,214,-966,126,-125,42,-21,-703,-733,-1025,963,266,-416,-31,36,52,
318415,168876,169620,1652084,167597,166686,-738,1231,-536,212,-965,120,-86,2,-62,-687,-620,-1018,966,262,-429,-42,33,63,
318415,168876,169620,1652084,167597,166628,-702,1197,-452,216,-965,111,-56,-20,-123,-681,-631,-1011,966,262,-429,5,40,59,
318415,168876,169620,1652084,167597,166628,-693,1178,-441,216,-965,111,-8,6,-155,-715,-652,-975,967,269,-418,40,61,49,
318415,168876,169620,1652084,167597,166628,-766,1155,-387,218,-963,123,-9,42,-168,-728,-634,-958,967,269,-418,74,81,40,
167680,168876,169620,1652084,167597,166628,-744,1146,-402,218,-963,123,-29,71,-185,-768,-650,-969,961,265,-424,110,94,3,
167680,169080,169620,1652084,167597,166628,-739,1166,-392,222,-961,116,-49,103,-198,-761,-691,-951,960,268,-430,141,89,-39,
167680,169080,169595,1652084,167597,166628,-762,1181,-369,222,-961,117,-49,126,-209,-749,-722,-962,960,268,-430,149,69,-77,
167680,169080,169595,1709648,167597,166628,-770,1208,-446,228,-962,117,-29,139,-240,-726,-772,-966,961,268,-426,138,48,-91,
167680,169080,169595,1709648,167609,166628,-735,1220,-411,233,-959,113,19,145,-266,-710,-865,-1005,961,268,-426,93,5,-85,
167680,169080,169595,1709648,167609,166603,-804,1228,-493,233,-959,113,73,127,-298,-696,-822,-1002,963,269,-430,21,-37,-76,
167680,169080,169595,1709648,167609,166603,-803,1209,-486,240,-953,111,116,105,-328,-695,-783,-1013,963,269,-430,-41,-85,-58,
167680,169080,169595,1709648,167609,166603,-805,1194,-510,240,-953,111,162,70,-369,-649,-733,-1029,963,277,-429,-73,-111,-46,
295106,169080,169595,1709648,167609,166603,-777,1139,-551,249,-943,101,193,-232,-446,-666,-711,-1017,963,277,-422,-113,-126,-27,
295106,169117,169595,1709648,167609,166603,-806,1110,-581,262,-949,104,228,-48,-457,-693,-720,-1037,962,267,-422,-121,-115,14,
295106,169117,169720,1709648,167609,166603,-804,1071,-565,262,-949,104,222,-83,-460,-689,-661,-1017,966,264,-411,-136,-103,110,
295106,169117,169720,1742418,167609,166603,-805,986,-526,270,-953,97,208,-102,-460,-702,-526,-997,966,264,-411,-126,-96,134,
295106,169117,169720,1742418,167486,166603,-835,934,-576,270,-953,97,173,-101,-450,-695,-438,-988,966,260,-424,172,-35,34,
295106,169117,169720,1742418,167486,166543,-826,900,-470,279,-942,85,127,-83,-433,-681,-485,-999,966,260,-424,105,15,-54,
295106,169117,169720,1742418,167486,166543,-864,877,-546,279,-935,91,65,-57,-402,-665,-550,-1002,967,262,-428,177,46,-111,
295106,169117,169720,1742418,167486,166543,-872,895,-528,288,-935,91,-12,-38,-375,-654,-579,-1003,967,262,-428,211,73,-148,
292220,169117,169720,1742418,167486,166543,-865,912,-529,295,-937,89,-63,-17,-351,-624,-588,-1024,965,276,-412,213,90,-194,
292220,168823,169720,1742418,167486,166543,-854,949,-565,295,-937,89,-96,12,-324,-626,-604,-1011,963,276,-415,216,91,-236,
292220,168823,169700,1742418,167486,166543,-884,971,-515,300,-931,90,-125,11,-307,-637,-635,-998,963,276,-415,219,95,-263,
292220,168823,169700,1862397,167486,166543,-875,974,-548,300,-931,90,-112,-10,-265,-640,-652,-1246,958,282,-408,215,101,-262,
292220,168823,169700,1862397,167593,166543,-889,986,-590,306,-928,95,-101,-24,-257,-677,-683,-995,958,282,-408,209,98,-277,
292220,168823,169700,1862397,167593,166568,-876,986,-478,312,-930,95,-98,-27,-254,-692,-687,-980,957,293,-417,199,90,-288,
292220,168823,169700,1862397,167593,166568,-902,957,-277,312,-930,95,-87,-37,-232,-687,-692,-979,957,293,-417,208,83,-312,
292220,168823,169700,1862397,167593,166568,-907,934,-434,315,-925,84,-97,-25,-218,-693,-701,-957,955,314,-417,216,81,-327,
167387,168823,169700,1862397,167593,166568,-908,954,-500,315,-925,84,-114,-9,-204,-703,-710,-989,955,308,-399,220,76,-333,
167387,168993,169700,1862397,167593,166568,-928,982,-468,321,-920,96,-133,8,-182,-673,-721,-951,953,308,-399,227,73,-345,
167387,168993,169694,1862397,167593,166568,-904,988,-385,323,-917,95,-121,17,-163,-662,-773,-992,955,318,-416,246,78,-343,
167387,168993,169694,1914133,167593,166568,-909,1004,-426,323,-917,95,-91,17,-161,-674,-807,-940,955,318,-416,248,75,-333,
167387,168993,169694,1914133,167692,166568,-933,1013,-495,325,-919,95,-42,1,-162,-615,-854,-945,950,324,-428,221,59,-327,
167387,168993,169694,1914133,167692,166557,-919,966,-512,325,-919,95,24,-12,-147,-576,-839,-937,950,324,-428,193,52,-316,
167387,168993,169694,1914133,167692,166557,-972,943,-523,330,-919,89,69,-46,-132,-601,-840,-929,947,333,-423,162,58,-291,
167387,168993,169694,1914133,167692,166557,-942,919,-523,330,-919,89,67,-46,-118,-606,-839,-958,947,333,-423,143,54,-233,
169413,168993,169694,1914133,167692,166557,-959,913,-530,329,-915,91,44,-51,-88,-601,-854,-947,943,345,-428,150,67,-214,
169413,168910,169694,1914133,167692,166557,-922,915,-483,329,-919,91,22,-39,-73,-589,-848,-948,945,345,-398,128,71,-192,
169413,168910,169566,1914133,167692,166557,-898,911,-526,329,-919,91,-1,-31,-57,-593,-842,-963,945,345,-398,123,74,-172,
169413,168910,169566,2016195,167692,166557,-911,936,-530,332,-917,94,-30,-23,-46,-607,-843,-953,946,346,-426,126,67,-145,
169413,168910,169566,2016195,167642,166557,-918,973,-497,332,-917,94,-64,-21,-40,-600,-866,-946,946,346,-426,120,81,-128,
169413,168910,169566,2016195,167642,166652,-935,999,-495,330,-913,89,-94,-7,-33,-590,-887,-946,942,355,-413,112,96,-104,
169413,168910,169566,2016195,167642,166652,-861,1018,-488,328,-917,92,-117,4,-28,-578,-895,-945,942,355,-413,89,85,-74,
169413,168910,169566,2016195,167642,166652,-910,1070,-529,328,-917,92,-118,8,-48,-599,-893,-908,938,358,-435,39,67,-42,
167631,168910,169566,2016195,167642,166652,-872,1058,-481,333,-921,98,-103,-23,-74,-583,-888,-951,937,351,-413,-13,65,-19,
167631,169120,169566,2016195,167642,166652,-889,1016,-488,333,-921,98,-44,-34,-90,-604,-858,-940,937,351,-413,-40,44,-4,
167631,169120,169825,2016195,167642,166652,-922,1002,-517,330,-915,91,-15,-33,-90,-642,-830,-929,939,348,-426,-45,44,12,
167631,169120,169825,2055890,167642,166652,-887,974,-521,330,-915,91,-4,-39,-84,-639,-768,-956,939,348,-426,-38,47,12,
167631,169120,169825,2055890,167695,166652,-921,945,-527,337,-909,102,-6,-38,-74,-609,-732,-930,936,346,-425,-23,58,9,
167631,169120,169825,2055890,167695,166625,-933,937,-503,334,-916,96,-9,-36,-64,-612,-720,-926,936,346,-425,1,81,5,
167631,169120,169825,2055890,167695,166625,-935,912,-495,334,-916,96,-15,-33,-48,-637,-742,-924,937,359,-430,3,99,-4,
167631,169120,169825,2055890,167695,166625,-927,927,-522,334,-916,98,-54,-22,-43,-636,-746,-916,937,359,-430,7,117,-12,
167539,169120,169825,2055890,167695,166625,-922,959,-509,334,-916,98,-112,8,-36,-636,-746,-925,935,351,-414,16,140,-24,
167539,169057,169825,2055890,167695,166625,-885,1001,-473,333,-910,92,-165,34,-30,-628,-728,-931,932,343,-439,6,143,-46,
167539,169057,169878,2055890,167695,166625,-898,1044,-461,336,-913,96,-179,54,-27,-640,-762,-925,932,343,-439,14,157,-61,
167539,169057,169878,2049235,167695,166625,-908,1072,-456,336,-913,96,-135,70,-56,-620,-799,-888,932,346,-427,4,161,-77,
167539,169057,169878,2049235,167210,166625,-899,1076,-479,338,-916,93,-77,84,-74,-596,-810,-975,932,346,-427,-249,180,-86,
167539,169057,169878,2049235,167210,166543,-872,1063,-441,338,-916,93,-43,65,-99,-597,-811,-961,927,354,-432,-35,173,-89,
167539,169057,169878,2049235,167210,166543,-901,1046,-463,336,-917,105,-4,61,-111,-607,-806,-950,927,354,-432,-59,164,-85,
167539,169057,169878,2049235,167210,166543,-931,1015,-481,336,-917,105,44,42,-114,-599,-780,-946,927,355,-447,-64,171,-85,
260677,169057,169878,2049235,167210,166543,-923,974,-490,339,-912,92,83,26,-111,-609,-774,-953,923,352,-428,-53,178,-85,
260677,169059,169878,2049235,167210,166543,-968,928,-543,341,-911,95,83,11,-108,-605,-776,-909,923,352,-428,-26,202,-87,
260677,169059,169786,2049235,167210,166543,-945,882,-489,341,-911,95,75,6,-95,-567,-759,-978,923,351,-432,-9,224,-84,
260677,169059,169786,2045755,167210,166543,-952,863,-530,341,-914,90,49,9,-72,-540,-811,-1003,923,351,-432,14,248,-75,
260677,169059,169786,2045755,167620,166543,-934,857,-507,341,-914,90,2,17,-44,-528,-830,-1049,917,357,-447,32,253,-59,
260677,169059,169786,2045755,167620,166726,-928,867,-535,341,-905,89,-64,27,-1,-551,-883,-1038,917,357,-447,13,241,-40,
260677,169059,169786,2045755,167620,166726,-910,895,-547,342,-914,90,-179,66,14,-498,-885,-1129,918,367,-458,-14,199,-20,
260677,169059,169786,2045755,167620,166726,-924,956,-564,342,-914,90,-208,78,15,-528,-907,-1091,918,355,-459,-45,164,4,
296853,169059,169786,2045755,167620,166726,-921,1066,-515,341,-915,96,-226,82,9,-527,-890,-1143,916,355,-459,-84,112,37,
296853,169000,169786,2045755,167620,166726,-886,1059,-521,341,-915,96,-188,97,-7,-540,-854,-1174,912,350,-468,-95,65,59,
296853,169000,169885,2045755,167620,166726,-856,1063,-545,341,-909,94,-147,108,-23,-544,-814,-1172,912,350,-468,-71,24,65,
296853,169000,169885,2063462,167620,166726,-861,1059,-461,341,-909,102,-108,101,-48,-542,-738,-1111,914,347,-459,-43,-13,84,
296853,169000,169885,2063462,167624,166726,-897,1065,-518,339,-910,102,-77,79,-59,-551,-761,-1074,914,347,-459,6,-30,83,
296853,169000,169885,2063462,167624,166707,-899,1075,-464,343,-914,96,-32,42,-60,-556,-763,-1017,914,349,-451,53,-40,91,
296853,169000,169885,2063462,167624,166707,-954,1037,-570,343,-914,96,17,13,-74,-571,-750,-1012,914,349,-451,61,-52,94,
296853,169000,169885,2063462,167624,166707,-915,985,-577,343,-911,91,49,-11,-84,-566,-764,-940,916,353,-460,60,-50,85,
167663,169000,169885,2063462,167624,166707,-910,944,-498,343,-911,91,87,-19,-93,-568,-755,-967,913,346,-455,56,-16,76,
167663,169032,169885,2063462,167624,166707,-935,922,-485,343,-904,90,46,-4,-85,-620,-757,-899,913,346,-455,-7,0,62,
167663,169032,169829,2063462,167624,166707,-920,905,-533,348,-909,90,-5,10,-69,-608,-709,-920,916,342,-468,-9,22,40,
167663,169032,169829,2062127,167624,166707,-953,936,-557,348,-909,90,-28,25,-58,-626,-688,-904,916,342,-468,-12,56,21,
167663,169032,169829,2062127,167645,166707,-911,968,-444,347,-912,89,-37,47,-54,-647,-698,-860,914,348,-461,14,85,-3,
167663,169032,169829,2062127,167645,166675,-887,944,-509,347,-912,89,-50,71,-59,-629,-698,-949,914,348,-461,60,122,-31,
167663,169032,169829,2062127,167645,166675,-944,987,-491,345,-906,96,-83,86,-52,-621,-710,-942,913,351,-468,96,147,-52,
167663,169032,169829,2062127,167645,166675,-937,1008,-486,345,-908,94,-107,112,-56,-613,-728,-961,913,352,-461,120,178,-71,
387321,169032,169829,2062127,167645,166675,-882,1031,-504,347,-908,94,-99,114,-63,-570,-748,-999,913,352,-461,140,204,-84,
387321,169056,169829,2062127,167645,166675,-902,1037,-549,350,-908,92,-80,99,-75,-579,-804,-951,911,347,-451,155,213,-86,
387321,169056,169704,2062127,167645,166675,-904,1040,-521,350,-908,92,-48,79,-107,-565,-876,-980,911,347,-451,155,219,-78,
387321,169056,169704,2122085,167645,166675,-889,1044,-450,352,-905,89,28,68,-119,-541,-917,-958,905,349,-465,126,209,-63,
387321,169056,169704,2122085,167537,166675,-890,992,-511,352,-905,89,34,64,-135,-552,-978,-947,905,349,-465,64,191,-42,
387321,169056,169704,2122085,167537,166730,-902,973,-475,351,-902,77,16,37,-143,-533,-987,-966,903,357,-471,-34,151,-15,
387321,169056,169704,2122085,167537,166730,-938,968,-576,357,-907,88,-2,10,-147,-520,-938,-1027,903,357,-471,-126,114,8,
387321,169056,169704,2122085,167537,166730,-983,972,-533,357,-907,88,-9,3,-143,-547,-932,-997,903,346,-489,-170,84,44,
542916,169056,169704,2122085,167537,166730,-928,984,-467,361,-907,87,-25,4,-150,-567,-913,-1040,904,343,-477,-178,64,87,
542916,169026,169704,2122085,167537,166730,-942,995,-467,361,-907,87,-42,3,-147,-554,-939,-1041,904,343,-477,-167,59,115,
542916,169026,169820,2122085,167537,166730,-925,999,-501,360,-893,83,-56,10,-153,-568,-924,-1116,902,340,-465,-172,30,153,
542916,169026,169820,2361644,167537,166730,-878,1010,-438,369,-899,83,-46,20,-155,-565,-857,-1163,902,340,-465,-205,-15,203,
542916,169026,169820,2361644,167501,166730,-898,1024,-454,369,-899,83,-17,34,-161,-627,-850,-1134,908,333,-481,-204,-113,222,
542916,169026,169820,2361644,167501,166099,-918,1007,-501,371,-900,89,69,57,-182,-610,-785,-1112,908,333,-481,-180,-191,230,
542916,169026,169820,2361644,167501,166099,-889,980,-544,371,-900,89,101,65,-199,-673,-732,-1088,909,332,-475,-171,-265,204,
542916,169026,169820,2361644,167501,166099,-936,948,-561,369,-889,82,112,81,-207,-755,-571,-996,915,322,-458,-124,-270,158,
748164,169026,169820,2361644,167501,166099,-936,930,-554,369,-889,82,91,100,-216,-803,-391,-988,915,322,-458,76,-229,81,
748164,169038,169820,2361644,167501,166099,-957,934,-634,381,-892,74,53,98,-214,-848,-363,-936,916,326,-462,341,-179,-20,
748164,169038,169794,2361644,167501,166099,-956,962,-563,383,-894,75,15,80,-214,-846,-388,-832,916,326,-462,554,-119,-118,
748164,169038,169794,2052713,167501,166099,-957,975,-650,383,-894,75,13,39,-218,-807,-452,-772,916,334,-458,739,-28,-218,
748164,169038,169794,2052713,167597,166099,-974,925,-604,387,-892,63,35,-8,-217,-802,-505,-732,916,334,-458,836,62,-291,
748164,169038,169794,2052713,167597,166667,-928,863,-523,387,-892,63,48,-39,-210,-787,-554,-730,913,356,-459,910,149,-331,
748164,169038,169794,2052713,167597,166667,-965,828,-619,390,-885,65,55,-48,-195,-760,-569,-689,913,370,-457,989,238,-364,
748164,169038,169794,2052713,167597,166667,-950,795,-491,394,-888,70,65,-41,-142,-714,-712,-717,908,370,-457,1043,326,-412,
682783,169038,169794,2052713,167597,166667,-977,763,-510,394,-888,70,58,24,-98,-709,-756,-670,902,384,-433,1025,455,-416,
682783,169141,169794,2052713,167597,166667,-980,750,-472,396,-886,71,38,60,-45,-592,-875,-715,902,384,-433,1000,517,-398,
682783,169141,169709,2052713,167597,166667,-1001,756,-514,396,-886,71,19,73,11,-578,-977,-738,891,404,-442,935,540,-382,
682783,169141,169709,2028214,167597,166667,-1038,765,-495,393,-885,55,5,91,59,-542,-1050,-790,891,404,-442,851,556,-348,
682783,169141,169709,2028214,167617,166667,-1007,740,-506,393,-885,55,-42,119,95,-520,-1073,-744,880,422,-459,802,568,-337,
682783,169141,169709,2028214,167617,166520,-1027,802,-443,389,-888,66,-110,138,133,-459,-1129,-854,880,422,-459,743,577,-320,
682783,169141,169709,2028214,167617,166520,-1024,830,-550,387,-894,70,-164,142,167,-406,-1179,-871,874,436,-453,684,564,-267,
682783,169141,169709,2028214,167617,166520,-997,954,-517,387,-894,70,-189,127,196,-398,-1220,-917,867,437,-463,640,528,-133,
820757,169141,169709,2028214,167617,166520,-949,968,-512,382,-896,73,-200,110,203,-343,-1137,-973,867,437,-463,513,456,-74,
820757,169073,169709,2028214,167617,166520,-942,984,-550,382,-896,73,-179,78,210,-371,-1204,-960,857,445,-461,449,422,-24,
820757,169073,169811,2028214,167617,166520,-921,976,-565,371,-896,71,-169,39,196,-286,-1241,-941,857,445,-461,346,375,23,
820757,169073,169811,1996754,167617,166520,-918,988,-536,367,-900,74,-158,27,194,-247,-1240,-941,852,458,-463,212,298,73,
820757,169073,169811,1996754,167594,166520,-938,995,-491,367,-900,74,-152,13,187,-236,-1231,-899,852,458,-463,24,205,122,
820757,169073,169811,1996754,167594,166649,-908,999,-551,367,-904,76,-137,3,176,-204,-1126,-901,853,449,-469,-154,148,164,
820757,169073,169811,1996754,167594,166649,-890,1003,-536,367,-904,76,-121,-1,167,-197,-1071,-861,856,436,-468,-281,123,172,
820757,169073,169811,1996754,167594,166649,-896,978,-556,358,-900,77,-117,-2,148,-232,-1030,-952,856,436,-468,-375,128,220,
820195,169073,169811,1996754,167594,166649,-867,959,-511,358,-900,71,-113,10,151,-209,-1014,-923,855,425,-486,-442,142,261,
820195,169169,169811,1996754,167594,166649,-889,973,-541,357,-906,71,-117,21,149,-241,-960,-967,855,425,-486,-490,165,286,
820195,169169,169764,1996754,167594,166649,-906,975,-578,353,-906,82,-124,18,145,-225,-960,-960,853,414,-481,-538,167,290,
820195,169169,169764,2210954,167594,166649,-917,982,-561,353,-906,82,-100,11,143,-219,-987,-968,853,414,-481,-605,170,302,
820195,169169,169764,2210954,167714,166649,-923,965,-526,344,-910,84,-82,2,148,-250,-970,-952,851,408,-503,-686,177,341,
820195,169169,169764,2210954,167714,166593,-900,918,-560,344,-910,84,-67,-17,160,-231,-961,-985,851,408,-503,-776,180,382,
820195,169169,169764,2210954,167714,166593,-918,923,-543,341,-912,71,-80,-12,173,-247,-934,-1093,854,382,-491,-859,159,410,
820195,169169,169764,2210954,167714,166593,-930,909,-540,338,-914,82,-96,12,198,-283,-865,-1135,855,360,-513,-949,126,446,
895056,169169,169764,2210954,167714,166593,-934,902,-498,338,-914,82,-114,35,218,-327,-765,-1191,855,360,-513,-1006,94,466,
895056,169162,169764,2210954,167714,166593,-908,925,-545,333,-921,89,-132,35,246,-502,-413,-1370,855,341,-526,-947,73,469,
895056,169162,169749,2210954,167714,166593,-891,949,-511,333,-921,89,-145,35,270,-575,-307,-1435,855,341,-526,-747,95,449,
895056,169162,169749,2360441,167714,166593,-873,954,-510,323,-919,99,-141,34,281,-601,-335,-1431,857,331,-538,-420,126,307,
895056,169162,169749,2360441,167660,166593,-904,986,-531,323,-928,84,-131,31,287,-612,-472,-1440,857,331,-538,478,195,240,
895056,169162,169749,2360441,167660,166648,-866,994,-506,320,-928,84,-116,20,303,-585,-650,-1329,854,335,-531,417,147,180,
895056,169162,169749,2360441,167660,166648,-866,1000,-532,310,-932,86,-115,4,311,-531,-786,-1248,856,329,-534,400,45,139,
895056,169162,169749,2360441,167660,166648,-858,978,-533,310,-932,86,-126,-4,310,-518,-817,-1130,856,329,-534,286,-84,97,
840007,169162,169749,2360441,167660,166648,-891,986,-577,304,-929,97,-190,6,319,-513,-800,-1026,861,331,-533,147,-172,63,
840007,169038,169749,2360441,167660,166648,-858,1016,-528,304,-929,97,-244,18,324,-581,-717,-883,861,331,-533,44,-234,24,
840007,169038,169778,2360441,167660,166648,-837,1059,-485,293,-926,98,-271,34,316,-582,-674,-861,862,332,-522,10,-231,-20,
840007,169038,169778,1985796,167660,166648,-823,1094,-477,288,-942,102,-280,44,305,-597,-676,-822,862,332,-522,23,-196,-61,
840007,169038,169778,1985796,167760,166648,-802,1129,-469,288,-942,102,-273,44,284,-602,-698,-818,865,337,-534,38,-134,-99,
840007,169038,169778,1985796,167760,166658,-784,1174,-464,280,-941,102,-240,44,261,-593,-727,-848,865,338,-521,81,-67,-128,
840007,169038,169778,1985796,167760,166658,-775,1180,-453,280,-941,102,-203,34,232,-584,-791,-841,866,338,-521,118,-11,-153,
840007,169038,169778,1985796,167760,166658,-802,1176,-480,274,-935,114,-146,29,204,-562,-839,-879,866,339,-523,149,36,-162,
833415,169038,169778,1985796,167760,166658,-806,1150,-464,268,-944,113,-108,21,174,-550,-900,-877,866,339,-523,173,70,-156,
833415,168898,169778,1985796,167760,166658,-803,1122,-510,268,-944,113,-93,15,145,-472,-955,-959,860,345,-507,143,87,-138,
833415,168898,169720,1985796,167760,166658,-791,1112,-504,269,-950,106,-88,6,115,-478,-981,-945,860,345,-507,95,67,-119,
833415,168898,169720,1907803,167760,166658,-809,1080,-486,269,-950,106,-87,8,106,-443,-990,-1011,862,348,-516,53,49,-85,
833415,168898,169720,1907803,167675,166658,-792,1071,-441,266,-944,113,-80,10,96,-446,-969,-1010,862,348,-516,2,28,-45,
833415,168898,169720,1907803,167675,166625,-822,1046,-507,266,-944,113,-63,9,104,-443,-949,-1030,861,351,-527,-54,14,-10,
833415,168898,169720,1907803,167675,166625,-806,1048,-446,260,-943,112,-57,9,109,-450,-901,-1004,861,344,-515,-85,-5,28,
833415,168898,169720,1907803,167675,166625,-833,1039,-468,258,-951,113,-44,18,114,-437,-858,-1065,861,344,-515,-95,-10,59,
847960,168898,169720,1907803,167675,166625,-796,1024,-484,258,-951,113,-37,33,129,-472,-848,-1050,862,342,-531,-72,-11,98,
847960,169162,169720,1907803,167675,166625,-812,1019,-504,255,-952,108,-59,44,141,-508,-844,-1005,862,342,-531,-31,-10,109,
847960,169162,169699,1907803,167675,166625,-809,1045,-514,255,-952,108,-76,50,158,-514,-842,-972,864,343,-516,-25,-2,122,
847960,169162,169699,1899570,167675,166625,-796,1057,-527,251,-943,115,-95,57,158,-499,-843,-999,864,343,-516,-25,-1,126,
847960,169162,169699,1899570,167632,166625,-814,1078,-508,244,-949,109,-108,60,170,-513,-844,-995,861,337,-527,-22,2,136,
847960,169162,169699,1899570,167632,166598,-784,1094,-531,244,-949,109,-105,39,170,-494,-852,-991,861,336,-547,-30,0,141,
847960,169162,169699,1899570,167632,166598,-761,1088,-497,241,-958,112,-103,39,159,-498,-869,-973,861,336,-547,-47,-8,153,
847960,169162,169699,1899570,167632,166598,-747,1123,-528,241,-958,112,-107,44,156,-513,-868,-964,869,326,-511,-71,-7,159,
824829,169162,169699,1899570,167632,166598,-760,1145,-530,238,-954,122,-105,45,136,-494,-831,-1017,869,326,-511,-82,-13,174,
824829,168996,169699,1899570,167632,166598,-751,1172,-483,238,-954,122,-108,49,126,-519,-848,-941,869,324,-522,-87,-13,180,
824829,168996,169877,1899570,167632,166598,-741,1179,-529,232,-954,124,-102,45,104,-509,-822,-975,869,324,-522,-91,-10,192,
824829,168996,169877,1853629,167632,166598,-747,1198,-443,230,-958,117,-98,44,77,-505,-819,-972,871,323,-526,-113,-2,192,
824829,168996,169877,1853629,168012,166598,-732,1204,-501,230,-958,117,-83,35,51,-521,-805,-1012,871,323,-526,-123,-1,197,
824829,168996,169877,1853629,168012,166573,-729,1232,-413,226,-958,128,-72,37,32,-534,-797,-1011,868,315,-505,-139,-5,195,
824829,168996,169877,1853629,168012,166573,-738,1208,-483,226,-958,128,-50,41,2,-563,-800,-1022,874,306,-513,-148,-19,189,
824829,168996,169877,1853629,168012,166573,-737,1199,-497,231,-955,124,-27,39,-61,-562,-769,-1025,874,306,-513,-164,-35,174,
655528,168996,169877,1853629,168012,166573,-708,1184,-460,232,-960,114,22,42,-81,-569,-706,-1058,875,303,-522,-151,-50,157,
655528,169085,169877,1853629,168012,166573,-757,1174,-547,232,-960,114,53,35,-95,-598,-705,-1031,875,303,-522,-117,-59,138,
655528,169085,169834,1853629,168012,166573,-739,1139,-531,231,-963,113,69,37,-113,-587,-712,-1034,873,297,-514,-65,-55,116,
655528,169085,169834,1717475,168012,166573,-739,1076,-517,231,-963,113,73,32,-113,-593,-709,-1014,873,297,-514,-38,-48,96,
655528,169085,169834,1717475,167423,166573,-743,1042,-531,234,-953,105,63,32,-114,-576,-716,-978,879,301,-530,-13,-56,52,
655528,169085,169834,1717475,167423,166557,-778,1035,-501,234,-953,105,43,40,-109,-561,-712,-978,880,298,-517,2,-44,25,
655528,169085,169834,1717475,167423,166557,-812,1032,-564,238,-957,115,26,42,-98,-588,-709,-966,880,298,-517,9,-35,-1,
655528,169085,169834,1717475,167423,166557,-806,1032,-486,240,-961,109,4,48,-79,-585,-711,-1006,879,298,-512,26,-26,-16,
712288,169085,169834,1717475,167423,166557,-770,1050,-494,240,-961,109,-21,50,-65,-584,-724,-997,879,298,-512,27,-19,-37,
712288,169074,169834,1717475,167423,166557,-816,1047,-454,241,-957,100,-24,41,-52,-568,-723,-995,880,298,-527,33,1,-60,
712288,169074,169819,1717475,167423,166557,-841,1051,-510,241,-957,100,-25,53,-25,-564,-731,-989,880,298,-527,51,-3,-76,
712288,169074,169819,1695862,167423,166557,-783,1027,-521,238,-956,108,-44,47,-22,-573,-734,-998,877,305,-522,57,10,-94,
712288,169074,169819,1695862,167618,166557,-781,1053,-482,241,-959,104,-40,49,-16,-551,-753,-1031,877,305,-533,73,13,-113,
712288,169074,169819,1695862,167618,166638,-782,1066,-482,241,-959,104,-35,40,-8,-554,-765,-1011,878,305,-533,81,16,-123,
712288,169074,169819,1695862,167618,166638,-1013,1061,-519,235,-957,108,-36,44,4,-560,-754,-1010,876,302,-520,82,13,-129,
712288,169074,169819,1695862,167618,166638,-773,1070,-508,235,-957,108,-35,35,9,-560,-761,-987,876,302,-520,94,21,-135,
813716,169074,169819,1695862,167618,166638,-737,1083,-530,236,-957,109,-33,23,15,-541,-774,-1000,877,311,-527,87,30,-145,
813716,169010,169819,1695862,167618,166638,-799,1079,-577,236,-957,109,-37,7,17,-536,-770,-1016,877,311,-527,97,29,-146,
813716,169010,169872,1695862,167618,166638,-725,1064,-510,236,-965,94,-36,1,18,-517,-779,-1080,875,313,-530,98,27,-152,
813716,169010,169872,1716714,167618,166638,-792,1076,-572,235,-958,108,-42,-9,18,-541,-807,-1027,875,313,-530,100,17,-152,
813716,169010,169872,1716714,167616,166638,-757,1084,-475,235,-958,108,-56,-5,23,-524,-827,-1037,874,319,-528,89,-4,-158,
813716,169010,169872,1716714,167616,166727,-747,1084,-508,235,-962,110,-62,-8,28,-505,-821,-1062,878,321,-521,83,-27,-161,
813716,169010,169872,1716714,167616,166727,-746,1092,-539,235,-962,110,-50,-14,33,-544,-832,-1015,878,321,-521,65,-52,-160,
813716,169010,169872,1716714,167616,166727,-747,1097,-518,232,-955,110,-42,-5,25,-526,-830,-1014,873,323,-518,57,-64,-159,
862116,169010,169872,1716714,167616,166727,-763,1076,-487,231,-964,105,-37,10,30,-507,-828,-1004,873,323,-518,59,-81,-135,
862116,169041,169872,1716714,167616,166727,-758,1118,-516,231,-964,105,-56,18,26,-531,-828,-984,875,325,-514,76,-71,-136,
862116,169041,169874,1716714,167616,166727,-748,1167,-435,227,-958,113,-64,28,15,-529,-821,-984,875,325,-514,81,-68,-127,
862116,169041,169874,1721369,167616,166727,-748,1162,-502,227,-958,113,-53,29,5,-518,-829,-970,874,337,-502,100,-64,-123,
862116,169041,169874,1721369,167623,166727,-747,1169,-554,227,-958,100,-35,27,-8,-519,-835,-950,874,335,-509,94,-54,-120,
862116,169041,169874,1721369,167623,166734,-756,1171,-472,227,-958,99,-17,23,-15,-533,-839,-940,878,335,-509,74,-53,-113,
862116,169041,169874,1721369,167623,166734,-742,1146,-532,227,-962,99,12,25,-32,-537,-841,-926,875,334,-516,62,-45,-104,
862116,169041,169874,1721369,167623,166734,-750,1135,-490,228,-964,103,30,20,-69,-520,-848,-936,875,334,-516,56,-24,-97,
887589,169041,169874,1721369,167623,166734,-748,1112,-485,228,-964,103,29,17,-74,-521,-826,-936,877,334,-519,35,0,-98,
887589,169062,169874,1721369,167623,166734,-710,1071,-533,229,-959,90,30,20,-79,-551,-827,-930,877,334,-519,22,10,-105,
887589,169062,169812,1721369,167623,166734,-738,1091,-504,229,-959,90,35,23,-77,-550,-833,-929,876,337,-508,22,17,-101,
887589,169062,169812,1763728,167623,166734,-761,1066,-503,232,-950,99,36,28,-74,-551,-828,-949,876,337,-508,9,25,-97,
887589,169062,169812,1763728,167643,166734,-706,1030,-537,232,-961,99,34,41,-65,-560,-828,-908,875,342,-509,4,25,-98,
887589,169062,169812,1763728,167643,166659,-746,1030,-560,232,-961,99,33,60,-48,-533,-802,-969,876,338,-525,16,43,-105,
887589,169062,169812,1763728,167643,166659,-729,1010,-526,233,-962,100,42,80,-29,-533,-820,-946,876,338,-525,40,56,-106,
887589,169062,169812,1763728,167643,166659,-755,1015,-510,233,-962,100,37,94,-16,-515,-890,-1027,871,342,-502,64,58,-98,
860936,169062,169812,1763728,167643,166659,-770,1013,-569,232,-960,100,35,108,5,-491,-907,-1011,871,342,-502,79,59,-86,
860936,168626,169812,1763728,167643,166659,-753,1022,-550,232,-962,96,37,125,26,-501,-920,-1009,869,347,-517,66,33,-74,
860936,168626,169645,1763728,167643,166659,-788,1051,-543,232,-962,96,50,162,58,-469,-887,-1074,869,347,-517,27,3,-56,
860936,168626,169645,1831873,167643,166659,-736,1024,-550,229,-962,91,42,162,64,-523,-871,-985,871,353,-495,7,-11,-42,
860936,168626,169645,1831873,167606,166659,-751,1043,-535,229,-962,91,30,154,80,-524,-863,-991,871,349,-511,2,-36,-17,
860936,168626,169645,1831873,167606,166726,-790,1067,-529,227,-961,86,10,144,89,-523,-856,-988,871,349,-511,16,-42,-12,
860936,168626,169645,1831873,167606,166726,-801,1072,-579,227,-961,86,-12,130,95,-525,-849,-971,872,345,-504,14,-32,3,
860936,168626,169645,1831873,167606,166726,-844,1094,-606,222,-959,86,-24,108,94,-263,-829,-959,872,345,-504,6,-26,6,
912219,168626,169645,1831873,167606,166726,-786,1109,-557,222,-966,86,-29,78,94,-519,-832,-958,869,345,-508,1,-17,14,
912219,168866,169645,1831873,167606,166726,-765,1115,-548,222,-966,86,-45,55,79,-527,-825,-929,869,345,-508,-5,-11,16,
912219,168866,169713,1831873,167606,166726,-788,1119,-619,220,-963,86,-72,38,66,-531,-813,-937,874,354,-496,-10,-10,8,
912219,168866,169713,1808755,167606,166726,-762,1163,-517,220,-963,86,-96,22,59,-549,-797,-944,874,354,-496,-8,1,0,
912219,168866,169713,1808755,167706,166726,-723,1154,-540,218,-957,75,-121,11,21,-546,-809,-965,869,342,-507,-13,11,-12,
912219,168866,169713,1808755,167706,166635,-706,1168,-477,216,-961,91,-108,-1,4,-565,-797,-943,874,342,-507,-1,10,-23,
912219,168866,169713,1808755,167706,166635,-733,1171,-546,216,-961,91,-79,3,-13,-519,-786,-1014,874,342,-507,13,22,-46,
912219,168866,169713,1808755,167706,166635,-707,1160,-491,218,-968,86,-39,9,-31,-538,-782,-976,871,344,-503,33,22,-58,
968631,168866,169713,1808755,167706,166635,-709,1126,-529,218,-968,86,-15,17,-42,-530,-804,-1001,871,344,-503,47,7,-72,
968631,169185,169713,1808755,167706,166635,-709,1127,-505,219,-961,88,3,23,-51,-535,-823,-985,873,351,-514,53,9,-75,
968631,169185,169368,1808755,167706,166635,-743,1113,-583,219,-961,88,12,18,-61,-510,-818,-984,873,351,-514,56,1,-77,
968631,169185,169368,1812961,167706,166635,-774,1101,-534,219,-959,74,6,22,-66,-526,-846,-974,872,352,-505,52,3,-81,
968631,169185,169368,1812961,167652,166635,-723,1084,-565,222,-969,85,1,14,-68,-523,-833,-993,870,352,-494,54,-5,-78,
968631,169185,169368,1812961,167652,166680,-747,1079,-532,222,-969,85,-9,8,-68,-506,-843,-980,870,352,-494,45,-8,-87,
968631,169185,169368,1812961,167652,166680,-716,1073,-500,219,-969,86,-25,5,-64,-500,-864,-998,868,351,-513,50,-14,-81,
968631,169185,169368,1812961,167652,166680,-737,1049,-577,219,-969,86,-27,10,-58,-493,-877,-962,868,351,-513,49,-13,-75,
946259,169185,169368,1812961,167652,166680,-738,1074,-511,220,-958,80,-30,10,-49,-483,-873,-981,870,353,-504,39,-14,-58,
946259,169185,169368,1812961,167652,166680,-737,1042,-569,223,-966,82,-37,11,-36,-479,-887,-946,870,353,-504,13,-2,-33,
946259,169185,169800,1812961,167652,166680,-769,1061,-516,223,-966,82,-48,17,-27,-494,-875,-936,870,361,-504,-4,-4,-20,
946259,169185,169800,1807567,167652,166680,-739,1055,-526,221,-965,78,-49,20,-15,-488,-847,-955,870,356,-498,-2,8,-13,
946259,169185,169800,1807567,167602,166680,-784,1059,-581,221,-965,78,-48,20,-3,-506,-837,-974,868,356,-498,-2,10,-10,
946259,169185,169800,1807567,167602,166652,-740,1070,-525,218,-964,74,-51,23,2,-511,-852,-1027,871,355,-508,-8,-5,-5,
946259,169185,169800,1807567,167602,166652,-754,1077,-525,218,-964,74,-56,21,7,-517,-833,-995,871,355,-508,-11,-6,-16,
946259,169185,169800,1807567,167602,166652,-712,1071,-539,220,-966,77,-44,18,21,-526,-815,-1017,869,353,-495,-6,-16,-23,
967965,169185,169800,1807567,167602,166652,-733,1104,-566,218,-965,79,-46,15,17,-528,-823,-982,869,353,-495,-1,-19,-30,
967965,169173,169800,1807567,167602,166652,-740,1071,-541,218,-965,79,-47,6,17,-516,-799,-982,867,359,-506,18,-18,-34,
967965,169173,169798,1807567,167602,166652,-717,1075,-512,216,-969,77,-32,13,24,-530,-806,-962,867,359,-506,34,-20,-45,
967965,169173,169798,1810605,167602,166652,-729,1075,-571,216,-969,77,-29,16,28,-529,-831,-962,870,364,-514,54,-18,-48,
967965,169173,169798,1810605,167752,166652,-735,1086,-557,213,-968,80,-21,17,30,-510,-832,-941,869,359,-503,48,-12,-55,
967965,169173,169798,1810605,167752,166636,-718,1075,-526,214,-970,78,-17,22,31,-520,-842,-954,869,359,-503,51,1,-55,
967965,169173,169798,1810605,167752,166636,-772,1062,-623,214,-970,78,-36,27,42,-506,-861,-922,873,356,-504,41,8,-52,
967965,169173,169798,1810605,167752,166636,-714,1112,-588,214,-970,87,-65,18,38,-483,-859,-1003,873,356,-504,22,14,-40,
889422,169173,169798,1810605,167752,166636,-724,1115,-569,214,-970,87,-78,16,37,-480,-881,-981,869,366,-501,10,8,-31,
889422,169141,169798,1810605,167752,166636,-725,1128,-569,210,-969,79,-94,12,28,-504,-911,-959,869,366,-501,14,1,-27,
889422,169141,169798,1810605,167752,166636,-705,1135,-540,210,-969,79,-105,4,17,-476,-887,-997,867,365,-505,7,-4,-9,
889422,169141,169798,1813741,167752,166636,-728,1147,-539,211,-968,79,-98,-2,8,-479,-888,-986,868,360,-501,-1,-10,5,
889422,169141,169798,1813741,167791,166636,-693,1145,-538,208,-972,82,-87,-13,-11,-480,-895,-975,868,360,-501,-17,-19,30,
889422,169141,169798,1813741,167791,166600,-701,1128,-547,208,-972,82,-62,-8,-19,-492,-893,-972,874,355,-486,-27,-27,39,
889422,169141,169798,1813741,167791,166600,-712,1144,-500,207,-976,87,-54,-3,-28,-510,-875,-990,874,355,-486,-44,-23,62,
889422,169141,169798,1813741,167791,166600,-715,1110,-595,207,-976,87,-38,-2,-37,-507,-867,-934,868,349,-503,-55,-26,66,
939897,169141,169798,1813741,167791,166600,-701,1118,-521,208,-966,69,-30,-2,-53,-504,-857,-993,868,349,-503,-57,-25,71,
939897,169168,169798,1813741,167791,166600,-714,1110,-552,210,-972,84,-36,-6,-60,-529,-886,-961,871,358,-506,-49,-33,80,
939897,169168,169738,1813741,167791,166600,-748,1110,-536,210,-972,84,-44,-12,-67,-502,-897,-1022,871,358,-506,-64,-55,94,
939897,169168,169738,1813317,167791,166600,-751,1116,-548,213,-970,79,-39,-23,-57,-499,-891,-1019,876,352,-503,-81,-70,111,
939897,169168,169738,1813317,167678,166600,-728,1083,-608,213,-970,79,-47,-26,-58,-481,-903,-1038,879,346,-484,-85,-76,131,
939897,169168,169738,1813317,167678,166558,-720,1079,-556,210,-965,86,-61,-31,-52,-505,-943,-973,879,346,-484,-102,-82,159,
939897,169168,169738,1813317,167678,166558,-726,1077,-548,210,-965,86,-80,-23,-59,-469,-1015,-1065,880,339,-499,-129,-118,191,
