0,0,0,0,0,0,7,-178,1308,442,46,824,-50,3,-43,-45,37,1288,293,449,793,10,254,-31,
4828988,0,0,0,0,0,14,-172,1326,442,46,824,-48,4,-40,-79,16,1300,293,449,793,3,3,-26,
4828988,3588357,0,0,0,0,17,-196,1353,443,43,833,-44,-3,-35,-94,44,1279,291,443,793,8,10,-22,
4828988,3588357,1900711,0,0,0,6,-176,1317,443,43,833,-46,-1,-42,-82,11,1387,291,443,793,4,11,-28,
4828988,3588357,1900711,4486520,0,0,-2,-194,1277,440,51,821,-42,-3,-39,-71,14,1370,295,458,790,5,-1,-29,
4828988,3588357,1900711,4486520,3389355,0,-22,-178,1349,442,47,826,-42,2,-37,-123,-2,1417,295,458,790,8,3,-24,
4828988,3588357,1900711,4486520,3389355,2112629,16,-173,1372,442,47,826,-44,5,-50,-90,-3,1395,291,452,790,7,5,-30,
4828988,3588357,1900711,4486520,3389355,2112629,-10,-176,1321,440,45,824,-43,5,-46,-52,28,1292,292,446,790,-3,-2,-31,
4828988,3588357,1900711,4486520,3389355,2112629,1,-173,1326,440,45,824,-46,4,-44,-87,5,1362,292,446,790,9,-3,-24,
4827751,3588357,1900711,4486520,3389355,2112629,5,-186,1345,441,44,817,-49,4,-37,-124,-9,1426,291,449,768,6,-6,-25,
4827751,3583437,1900711,4486520,3389355,2112629,-10,-191,1264,441,44,817,-49,5,-40,-25,47,1271,291,449,768,4,-2,-24,
4827751,3583437,1907588,4486520,3389355,2112629,-30,-158,1373,443,49,819,-48,5,-43,-92,14,1368,291,447,794,1,1,-25,
4827751,3583437,1907588,4486495,3389355,2112629,-9,-186,1311,442,46,823,-49,1,-41,-116,7,1420,291,447,794,1,2,-26,
4827751,3583437,1907588,4486495,3388111,2112629,-11,-176,1374,442,46,823,-50,-253,-41,-76,5,1368,289,453,779,14,-6,-21,
4827751,3583437,1907588,4486495,3388111,2058004,-7,-179,1323,442,45,823,-44,-1,-43,-104,-7,1442,289,453,788,2,-9,-27,
4827751,3583437,1907588,4486495,3388111,2058004,10,-189,1292,442,45,823,-41,1,-43,-37,29,1306,292,450,788,-1,-4,-33,
4827751,3583437,1907588,4486495,3388111,2058004,11,-184,1324,440,51,819,-46,-3,-45,-64,27,1335,292,445,790,5,1,-33,
4829905,3583437,1907588,4486495,3388111,2058004,4,-181,1345,441,45,824,-49,-3,-46,-69,12,1367,292,445,790,8,13,-31,
4829905,3588626,1907588,4486495,3388111,2058004,-17,-190,1276,441,45,824,-49,-4,-44,-58,15,1331,292,449,780,3,-1,-24,
4829905,3588626,1896088,4486495,3388111,2058004,-17,-185,1313,440,47,828,-47,2,-44,-80,11,1341,292,449,780,-4,12,-22,
4829905,3588626,1896088,4490987,3388111,2058004,12,-197,1344,440,47,828,-45,-3,-39,-35,32,1280,289,451,785,6,3,-28,
4829905,3588626,1896088,4490987,3370439,2058004,-11,-189,1286,437,47,814,-49,-2,-44,-58,21,1325,289,451,785,-255,-1,-22,
4829905,3588626,1896088,4490987,3370439,1919762,-1,-182,1346,437,47,819,-45,-6,-43,-63,26,1324,288,455,798,9,2,-26,
4829905,3588626,1896088,4490987,3370439,1919762,7,-178,1367,439,47,819,-41,-3,-42,-57,31,1330,288,448,789,9,-1,-18,
4829905,3588626,1896088,4490987,3370439,1919762,-16,-180,1313,442,45,820,-44,1,-48,-41,35,1296,288,448,789,13,-5,-26,
4830839,3588626,1896088,4490987,3370439,1919762,19,-170,1344,442,45,820,-48,-2,-39,-51,20,1346,291,449,776,-1,2,-30,
4830839,3596263,1896088,4490987,3370439,1919762,-6,-180,1359,443,45,824,-43,-2,-47,-44,33,1297,291,449,776,1,4,-28,
4830839,3596263,1871739,4490987,3370439,1919762,9,-189,1303,443,45,824,-44,4,-47,-67,15,1302,290,448,789,0,5,-32,
4830839,3596263,1871739,4492985,3370439,1919762,6,-182,1312,441,53,814,-48,-1,-38,-92,1,1425,290,448,789,-6,4,-25,
4830839,3596263,1871739,4492985,3371369,1919762,-13,-183,1351,439,42,835,-43,-2,-44,-75,7,1336,287,454,794,9,-4,-23,
4830839,3596263,1871739,4492985,3371369,1867999,17,-190,1339,439,42,835,-44,3,-41,-114,2,1417,291,454,773,2,-9,-23,
4830839,3596263,1871739,4492985,3371369,1867999,-17,-180,1314,441,45,824,-46,2,-41,-31,21,1273,291,454,773,5,-1,-29,
4830839,3596263,1871739,4492985,3371369,1867999,9,-183,1348,441,45,824,-42,2,-43,-83,18,1357,294,446,786,3,5,-26,
4828915,3596263,1871739,4492985,3371369,1867999,-7,-176,1342,440,49,819,-49,-1,-38,-25,27,1319,294,446,786,15,9,-25,
4828915,3607858,1871739,4492985,3371369,1867999,-18,-187,1271,440,47,825,-51,-2,-37,-73,18,1334,292,446,790,12,9,-28,
4828915,3607858,1859886,4492985,3371369,1867999,-5,-181,1341,443,47,825,-53,-7,-44,-33,28,1293,292,446,790,13,-1,-30,
4828915,3607858,1859886,4498775,3371369,1867999,-6,-187,1293,441,50,828,-52,0,-39,-52,18,1316,287,454,796,7,-2,-29,
4828915,3607858,1859886,4498775,3405223,1867999,8,-175,1336,441,50,828,-46,2,-42,-33,14,1287,287,454,796,6,-4,-27,
4828915,3607858,1859886,4498775,3405223,1725518,-1,-175,1314,439,50,825,-44,5,-37,-39,20,1286,288,449,793,8,-6,-27,
4828915,3607858,1859886,4498775,3405223,1725518,15,-194,1334,439,50,825,-47,-2,-37,-90,-6,1402,289,444,800,1,1,-25,
4828915,3607858,1859886,4498775,3405223,1725518,-1,-183,1316,438,49,832,-47,2,-40,-44,38,1275,289,444,800,5,-2,-29,
4830443,3607858,1859886,4498775,3405223,1725518,2,-182,1334,440,48,831,-48,-1,-43,-58,19,1364,293,443,791,4,-2,-34,
4830443,3606986,1859886,4498775,3405223,1725518,21,-182,1300,440,48,831,-43,-5,-48,-63,11,1349,293,443,791,12,-6,-27,
4830443,3606986,1833178,4498775,3405223,1725518,2,-190,1357,446,42,818,-45,-5,-43,-90,23,1355,290,450,785,13,-9,-27,
4830443,3606986,1833178,4548525,3405223,1725518,12,-191,1343,446,42,818,-50,-5,-41,-35,33,1275,290,450,785,11,-3,-32,
4830443,3606986,1833178,4548525,3366665,1725518,16,-180,1312,441,52,816,-44,-256,-43,-59,21,1311,291,454,794,16,-8,-30,
4830443,3606986,1833178,4548525,3366665,1155401,6,-195,1311,439,51,832,-46,-1,-44,-18,38,1231,290,448,776,13,-6,-33,
4830443,3606986,1833178,4548525,3366665,1155401,-18,-177,1274,439,51,832,-48,-4,-38,-75,3,1359,290,448,776,7,-11,-31,
4830443,3606986,1833178,4548525,3366665,1155401,8,-184,1318,441,43,821,-49,-9,-43,-42,38,1294,288,447,795,4,-1,-33,
4838729,3606986,1833178,4548525,3366665,1155401,-12,-176,1288,441,43,821,-52,-10,-40,-95,-1,1416,288,447,795,2,2,-30,
4838729,3448515,1833178,4548525,3366665,1155401,-7,-189,1317,444,46,821,-56,-7,-48,-71,15,1314,286,443,791,8,-4,-26,
4838729,3448515,1693954,4548525,3366665,1155401,-6,-191,1318,444,46,821,-51,-12,-47,-34,19,1286,286,443,791,11,-1,-30,
4838729,3448515,1693954,4588524,3366665,1155401,9,-183,1297,438,53,824,-56,-10,-47,-82,10,1370,287,452,787,8,-9,-27,
4838729,3448515,1693954,4588524,3263950,1155401,2,-178,1327,441,48,824,-60,-5,-47,-54,29,1304,287,452,789,4,-15,-34,
4838729,3448515,1693954,4588524,3263950,803699,11,-191,1308,441,48,824,-57,-10,-44,-48,23,1316,289,452,789,13,2,-33,
4838729,3448515,1693954,4588524,3263950,803699,5,-175,1371,440,43,828,-59,-7,-47,-51,17,1305,289,446,793,16,-2,-28,
4838729,3448515,1693954,4588524,3263950,803699,-5,-188,1277,440,43,828,-56,-9,-40,-30,39,1516,289,446,793,9,0,-36,
4853121,3448515,1693954,4588524,3263950,803699,12,-190,1327,438,49,826,-58,-9,-41,-63,23,1326,291,449,792,1,0,-29,
4853121,3400866,1693954,4588524,3263950,803699,-24,-189,1275,438,47,819,-51,-5,-46,-74,17,1370,291,449,792,7,7,-23,
4853121,3400866,1739373,4588524,3263950,803699,11,-186,1323,438,47,819,-45,-8,-43,-52,27,1297,290,452,788,8,-7,-30,
4853121,3400866,1739373,4603242,3263950,803699,5,-183,1322,440,49,816,-52,0,-39,-41,31,1282,290,452,788,7,-2,-33,
4853121,3400866,1739373,4603242,3215449,803699,5,-202,1279,440,49,816,-55,7,-35,-16,42,1248,290,451,775,10,0,-36,
4853121,3400866,1739373,4603242,3215449,541899,-5,-182,1353,440,48,830,-46,11,-36,-28,47,1256,290,446,798,3,3,-41,
4853121,3400866,1739373,4603242,3215449,541899,25,-183,1316,440,48,830,-38,14,-29,-40,43,1294,290,446,798,9,-5,-27,
4853121,3400866,1739373,4603242,3215449,541899,2,-189,1350,442,53,822,-38,22,-26,-98,4,1328,293,445,785,4,0,-29,
4813747,3400866,1739373,4603242,3215449,541899,-16,-198,1295,442,43,826,-35,24,-25,-58,33,1324,293,445,785,8,0,-27,
4813747,3657637,1739373,4603242,3215449,541899,16,-184,1311,442,43,826,-32,25,-27,-34,36,1274,288,454,784,5,-8,-29,
4813747,3657637,2507055,4603242,3215449,541899,-3,-181,1340,440,43,826,-41,18,-38,-85,19,1374,288,454,784,-1,-2,-32,
4813747,3657637,2507055,4609348,3215449,541899,-6,-198,1281,440,43,826,-46,14,-32,-33,47,1263,286,451,784,-1,12,-30,
4813747,3657637,2507055,4609348,3008093,541899,-30,-180,1352,438,50,812,-41,19,-33,-50,32,1309,287,452,788,-4,18,-26,
4813747,3657637,2507055,4609348,3008093,167165,10,-194,1334,443,48,823,-32,25,-22,-58,21,1316,287,452,788,-5,22,-29,
4813747,3657637,2507055,4609348,3008093,167165,2,-181,1351,443,48,823,-27,28,-18,-93,5,1425,289,448,795,-10,24,-22,
4813747,3657637,2507055,4609348,3008093,167165,-30,-176,1333,444,43,824,-27,29,-28,-54,52,1268,289,448,795,-19,33,-24,
4715579,3657637,2507055,4609348,3008093,167165,-6,-181,1311,444,43,824,-36,25,-25,-71,24,1352,289,447,791,-29,68,-34,
4715579,4079762,2507055,4609348,3008093,167165,-6,-180,1312,442,47,817,-37,14,-32,-20,37,1263,289,447,791,-53,91,-39,
4715579,4079762,3398202,4609348,3008093,167165,-33,-174,1324,442,47,817,-47,21,-27,-80,27,1330,294,460,793,-83,133,-51,
4715579,4079762,3398202,3981363,3008093,167165,-11,-180,1351,442,48,819,-47,21,-33,-71,75,1266,294,460,793,-127,204,-95,
4715579,4079762,3398202,3981363,2961197,167165,-31,-170,1321,442,43,829,-45,31,-25,-124,98,1436,296,454,781,-235,378,-149,
4715579,4079762,3398202,3981363,2961197,164646,-15,-174,1309,442,43,829,-43,39,-23,-166,272,1456,313,469,757,-469,703,-180,
4715579,4079762,3398202,3981363,2961197,164646,-11,-172,1371,444,47,822,-34,64,-15,-531,802,1715,313,469,757,-798,846,-247,
4715579,4079762,3398202,3981363,2961197,164646,-14,-182,1322,444,47,822,1,106,7,-430,1020,1669,319,490,768,-878,818,-635,
3440311,4079762,3398202,3981363,2961197,164646,14,-192,1366,444,48,807,60,175,36,53,265,1844,319,490,768,-691,617,-1490,
3440311,4583718,3398202,3981363,2961197,164646,0,-191,1327,454,35,810,163,335,82,842,179,1250,313,510,760,-937,427,-1088,
3440311,4583718,4489004,3981363,2961197,164646,11,-112,1424,454,35,810,241,609,124,1000,676,1070,313,510,760,-1410,-163,-55,
3440311,4583718,4489004,1578626,2961197,164646,-106,-584,2824,468,36,803,39,803,122,1107,1444,500,316,545,743,-1218,-559,1309,
3440311,4583718,4489004,1578626,1288041,164646,-102,-270,2798,468,36,803,-365,964,159,1219,2302,24,345,523,759,33,-593,2607,
3440311,4583718,4489004,1578626,1288041,180811,-7,-173,2056,499,37,772,-75,1610,194,1423,2769,-573,345,523,759,2189,-411,3549,
3440311,4583718,4489004,1578626,1288041,180811,-104,-225,1890,499,37,738,-53,2110,243,884,-629,4300,369,440,825,3240,-2010,4205,
3440311,4583718,4489004,1578626,1288041,180811,-72,-347,2847,548,30,738,0,2971,334,-3330,-378,1516,369,440,825,490,-1265,5292,
1038895,4583718,4489004,1578626,1288041,180811,20,-466,4373,612,33,691,-252,4164,472,-959,-972,1210,419,413,820,-264,255,3711,
1038895,3251204,4489004,1578626,1288041,180811,321,325,2262,612,33,691,-430,4984,457,-1089,-270,1376,419,413,820,-80,103,2022,
1038895,3251204,2058463,1578626,1288041,180811,1155,268,1354,689,40,617,-896,4561,229,-453,26,1349,423,401,804,92,-140,570,
1038895,3251204,2058463,4278421,1288041,180811,2092,1062,-366,689,40,617,-845,3742,330,-77,94,1193,423,399,835,91,-100,83,
1038895,3251204,2058463,4278421,3421058,180811,1976,489,-853,732,50,563,-410,2218,521,-59,38,1309,423,399,835,29,-101,-28,
1038895,3251204,2058463,4278421,3421058,642187,1733,-230,-260,742,21,557,-692,614,1057,-117,-18,1419,426,393,826,-19,-67,-86,
1038895,3251204,2058463,4278421,3421058,642187,1368,-121,182,742,21,557,-54,-233,1990,-71,-14,1420,426,393,826,-40,-28,-96,
1038895,3251204,2058463,4278421,3421058,642187,1236,1310,-581,725,-50,572,535,-805,2891,-48,6,1286,425,396,828,-37,-9,-79,
1184733,3251204,2058463,4278421,3421058,642187,1388,1756,-1518,725,-50,572,1307,-1582,3498,-86,-3,1372,425,396,828,-17,10,-73,
1184733,612730,2058463,4278421,3421058,642187,775,1147,336,657,-147,626,2172,-3385,2767,-69,-8,1326,425,400,819,-16,26,-70,
1184733,612730,167679,4278421,3421058,642187,-443,903,1287,657,-240,676,3260,-5086,2396,-56,24,1293,425,400,819,-21,24,-83,
1184733,612730,167679,4458304,3421058,642187,-1044,910,1190,556,-240,676,3371,-4596,2029,-96,15,1379,425,409,818,-19,25,-96,
1184733,612730,167679,4458304,4178735,642187,-1149,520,924,462,-337,713,3228,-4079,1747,-72,35,1309,426,398,823,-22,-234,-134,
1184733,612730,167679,4458304,4178735,1385500,-1261,-277,738,462,-337,713,2985,-3559,1604,-95,21,1365,426,398,823,-11,-9,-143,
1184733,612730,167679,4458304,4178735,1385500,-1115,-565,711,384,-398,728,2515,-3078,1375,-107,26,1301,422,398,830,-8,-11,-158,
1184733,612730,167679,4458304,4178735,1385500,-1008,-671,667,384,-398,728,1699,-2782,977,-65,18,1312,422,398,830,-7,-18,-177,
2960067,612730,167679,4458304,4178735,1385500,-865,-714,792,319,-426,740,792,-2757,479,-83,-22,1363,420,401,820,-11,-16,-179,
2960067,297595,167679,4458304,4178735,1385500,-4355,1250,9086,295,-361,785,-925,-2505,-44,-39,2,1285,420,401,820,-8,-16,-175,
2960067,297595,168428,4458304,4178735,1385500,-3797,502,-2618,295,-361,785,-7265,-345,-1354,-62,-28,1346,416,418,800,-1,-6,-167,
2960067,297595,168428,4684203,4178735,1385500,-137,-267,2666,328,-159,819,-9841,843,-2017,-13,-21,1277,422,406,819,-3,13,-145,
2960067,297595,168428,4684203,4386012,1385500,-767,-8,3747,328,-159,819,-4337,1470,-1749,-56,4,1318,422,406,819,-15,22,-117,
2960067,297595,168428,4684203,4386012,963527,-598,1670,1661,358,-64,813,-517,-182,-998,-56,27,1299,419,408,820,-15,15,-119,
2960067,297595,168428,4684203,4386012,963527,-562,-1447,1234,336,-75,822,150,-822,443,-69,75,1281,419,408,820,-15,29,-124,
2960067,297595,168428,4684203,4386012,963527,270,-964,1273,336,-75,822,471,-1208,1425,-99,96,1316,421,405,831,-24,34,-162,
4749240,297595,168428,4684203,4386012,963527,523,-530,1387,306,-119,835,836,-1356,1858,-102,127,1315,421,405,831,-33,34,-213,
4749240,435792,168428,4684203,4386012,963527,277,-300,1095,306,-119,835,1145,-1080,1774,-129,186,1326,413,418,821,-41,44,-280,
4749240,435792,167601,4684203,4386012,963527,257,-316,1045,280,-149,834,1003,-788,1461,-89,53,1336,413,418,816,-36,57,-350,
4749240,435792,167601,4718878,4386012,963527,238,-305,989,280,-149,834,504,-505,1024,-164,223,1358,410,415,816,-42,67,-391,
4749240,435792,167601,4718878,4538682,963527,176,-208,1101,270,-152,844,-124,-255,496,-88,158,1218,412,423,830,-20,82,-477,
4749240,435792,167601,4718878,4538682,665851,109,-140,1245,270,-146,844,-645,-94,111,-195,239,1350,412,423,830,-18,95,-550,
4749240,435792,167601,4718878,4538682,665851,66,-87,1304,270,-146,844,-890,17,6,-256,441,1363,410,422,827,-21,95,-640,
4749240,435792,167601,4718878,4538682,665851,-31,-61,1580,272,-131,840,-607,-122,229,-291,639,1295,410,422,827,6,81,-808,
4901508,435792,167601,4718878,4538682,665851,-112,48,1642,272,-131,840,-237,-630,434,-315,615,1273,395,435,817,31,74,-1286,
4901508,396773,167601,4718878,4538682,665851,-7,120,1601,254,-124,863,172,-1125,742,-338,892,1279,395,435,817,22,34,-1513,
4901508,396773,167503,4718878,4538682,665851,68,132,1443,221,-153,857,503,-1360,1063,-533,1185,1369,377,450,817,67,95,-1800,
4901508,396773,167503,4634741,4538682,665851,131,58,1343,221,-153,857,560,-1433,1241,-402,932,1364,361,454,827,91,139,-2102,
4901508,396773,167503,4634741,4553431,665851,156,-105,1271,185,-181,863,479,-1404,1276,-293,1155,1352,361,454,827,-5,238,-2303,
4901508,396773,167503,4634741,4553431,465488,140,-385,1243,185,-181,863,412,-1313,1184,-266,1215,1529,337,467,840,-6,387,-2308,
4901508,396773,167503,4634741,4553431,465488,201,-401,1313,155,-194,883,455,-1190,1031,-151,2245,1590,337,467,840,211,628,-2200,
4901508,396773,167503,4634741,4553431,465488,307,-420,1146,155,-194,883,523,-1013,830,-629,2150,2588,327,476,828,130,1117,-1570,
4999067,396773,167503,4634741,4553431,465488,496,-571,1161,132,-207,887,573,-806,590,-903,2037,2668,327,476,828,452,1598,-547,
4999067,295557,167503,4634741,4553431,465488,347,-576,1222,118,-220,882,364,-765,-452,-997,1034,2744,355,456,829,797,2134,920,
4999067,295557,168213,4634741,4553431,465488,238,-333,1465,118,-220,882,46,-1002,-740,-1106,2288,2375,355,397,827,820,2832,2836,
4999067,295557,168213,1098201,4553431,465488,236,-35,1636,97,-220,883,307,-1174,-715,-699,2959,1785,448,397,827,1190,3438,3792,
4999067,295557,168213,1098201,2163351,465488,201,75,1601,97,-220,883,631,-1431,-510,31,2983,1467,532,297,794,2315,3514,3086,
4999067,295557,168213,1098201,2163351,4042210,194,226,1560,64,-236,877,940,-1752,-205,602,2033,1236,532,297,794,4528,3120,1656,
4999067,295557,168213,1098201,2163351,4042210,294,268,1674,14,-268,882,1178,-2123,118,818,-3170,922,574,166,791,5853,2366,523,
4999067,295557,168213,1098201,2163351,4042210,371,321,1599,14,-268,882,1313,-2550,402,458,-4217,904,574,166,791,5588,1771,-102,
5016065,295557,168213,1098201,2163351,4042210,348,741,1491,-52,-313,877,1513,-2900,786,414,-4806,1251,597,99,781,4212,1488,-164,
5016065,178413,168213,1098201,2163351,4042210,555,374,1276,-52,-313,877,1805,-3119,1271,-411,-4324,2346,597,99,781,2403,986,-201,
5016065,178413,167708,1098201,2163351,4042210,574,219,1307,-136,-353,879,1998,-3264,1669,-1770,-3050,3313,606,86,764,946,390,-600,
5016065,178413,167708,925584,2163351,4042210,574,125,1192,-136,-353,879,2065,-3340,1850,-1935,-1304,3505,622,48,765,687,656,-270,
5016065,178413,167708,925584,877164,4042210,593,35,1312,-222,-403,852,2411,-3357,1752,-1843,451,3282,622,48,765,1793,1191,1995,
5016065,178413,167708,925584,877164,4594922,462,-153,1184,-308,-448,825,2408,-3301,1639,-1157,106,1931,658,-66,727,4900,2072,2596,
5016065,178413,167708,925584,877164,4594922,487,-498,999,-308,-448,825,2345,-3145,1548,-281,208,1580,658,-66,727,5657,2190,2845,
5016065,178413,167708,925584,877164,4594922,633,-425,1060,-384,-484,787,2214,-2975,1386,313,-118,1316,682,-196,682,6130,2359,2726,
4882904,178413,167708,925584,877164,4594922,723,-319,890,-384,-484,787,2089,-2795,1138,1115,-781,564,682,-196,682,5912,2385,2281,
4882904,167079,167708,925584,877164,4594922,762,-110,923,-445,-508,738,1992,-2619,890,1162,-686,-21,696,-322,614,4690,1883,1721,
4882904,167079,167743,925584,877164,4594922,877,-13,855,-500,-546,690,1834,-2492,746,231,389,113,695,-410,549,4003,1143,1523,
4882904,167079,167743,847071,877164,4594922,958,113,984,-500,-546,690,1612,-2398,695,-83,-76,791,695,-410,549,4339,819,2018,
4882904,167079,167743,847071,335441,4594922,880,361,1137,-550,-562,659,1420,-2361,756,-239,-715,508,657,-521,482,4695,687,2977,
4882904,167079,167743,847071,335441,270975,899,458,1074,-550,-562,659,1425,-2385,949,-964,-387,-72,657,-521,482,4879,824,3791,
4882904,167079,167743,847071,335441,270975,843,503,907,-604,-571,622,1595,-2484,1771,-1255,-892,-438,595,-637,403,4906,948,4084,
4882904,167079,167743,847071,335441,270975,914,345,665,-604,-571,622,1456,-2622,1936,-955,-1489,-244,595,-637,403,4861,716,4631,
3878394,167079,167743,847071,335441,270975,1044,12,389,-667,-576,565,734,-2359,1916,-2545,7276,1180,484,-753,311,4876,579,5911,
3878394,254145,167743,847071,335441,270975,583,-253,995,-705,-552,543,-191,-1452,1471,4113,3623,-1138,484,-753,167,6750,1766,3898,
3878394,254145,167915,847071,335441,270975,-317,898,3612,-705,-552,543,-762,338,666,-1031,1188,-2322,456,-816,167,5429,1099,201,
3878394,254145,167915,1510145,335441,270975,2772,1168,2646,-690,-546,577,-404,1742,-431,-446,1222,855,465,-797,238,-1041,-530,-352,
3878394,254145,167915,1510145,165597,270975,2400,27,2826,-690,-546,577,382,1518,-1636,-1026,5081,-1153,465,-797,238,-4523,-678,-1463,
3878394,254145,167915,1510145,165597,165109,2135,-574,2421,-651,-576,588,397,975,-2128,-1076,2552,785,536,-733,295,-3602,-243,-2990,
3878394,254145,167915,1510145,165597,165109,1798,-155,2208,-616,-596,598,-197,914,-1732,-1168,2032,423,536,-733,295,-2023,-148,-4334,
3878394,254145,167915,1510145,165597,165109,2238,546,2332,-616,-596,598,-401,1006,-1037,-1061,1346,191,631,-654,303,-903,139,-4724,
3777547,254145,167915,1510145,165597,165109,3131,511,2192,-605,-607,607,-70,622,-525,-587,498,0,631,-654,303,-8,697,-3206,
3777547,252151,167915,1510145,165597,165109,2953,615,2008,-605,-607,607,206,-977,135,-64,-222,-67,702,-605,278,1383,1406,-1462,
3777547,252151,167603,1510145,165597,165109,2682,901,1881,-622,-598,595,379,-1302,365,97,-624,-102,720,-623,228,1329,1236,193,
3777547,252151,167603,1376428,165597,165109,2519,1025,1718,-622,-598,571,612,-1340,453,-242,-501,42,720,-623,228,837,1081,1209,
3777547,252151,167603,1376428,165340,165109,2386,924,1541,-645,-608,571,890,-1344,402,-517,38,141,698,-650,217,293,1104,1552,
3777547,252151,167603,1376428,165340,164942,2246,669,1305,-670,-624,539,1150,-1471,272,-495,1304,92,698,-650,217,114,1206,1299,
3777547,252151,167603,1376428,165340,164942,1294,39,693,-670,-624,539,1319,-1687,180,-429,1432,32,684,-665,187,183,1344,616,
3777547,252151,167603,1376428,165340,164942,680,-172,437,-701,-632,504,1370,-1853,214,-330,1300,58,684,-665,187,195,1465,-216,
3277345,252151,167603,1376428,165340,164942,169,-350,283,-701,-632,504,1387,-1839,381,-353,1148,56,705,-651,155,-66,1513,-1073,
3277345,167113,167603,1376428,165340,164942,-255,-551,56,-729,-638,458,1369,-1660,605,-464,1054,-22,705,-612,132,-526,1673,-1950,
3277345,167113,167853,1376428,165340,164942,-402,-700,-85,-759,-645,433,1238,-1367,833,-445,924,26,751,-612,132,-944,2064,-2736,
3277345,167113,167853,2134958,165340,164942,-382,-650,-100,-759,-645,433,928,-1040,968,-139,914,-51,816,-546,118,-1186,2355,-3305,
3277345,167113,167853,2134958,166001,164942,-191,-222,-166,-775,-633,411,313,-380,822,261,788,-406,816,-546,118,-1137,2207,-3542,
3277345,167113,167853,2134958,166001,165104,-55,-39,-142,-775,-633,411,263,-93,565,429,69,-301,877,-482,116,-1091,1698,-3409,
3277345,167113,167853,2134958,166001,165104,45,-22,-234,-788,-624,413,342,164,230,27,239,-182,877,-482,116,-1427,1129,-2899,
3277345,167113,167853,2134958,166001,165104,130,-123,-324,-788,-636,413,399,362,-114,-43,1101,-132,908,-424,120,-1965,751,-2168,
3251023,167113,167853,2134958,166001,165104,188,-188,-382,-778,-636,413,363,481,-403,-712,2183,-180,908,-424,120,-2290,447,-384,
3251023,167135,167853,2134958,166001,165104,223,-228,-488,-767,-649,428,308,512,-585,-398,1881,317,905,-437,115,-1232,423,1155,
3251023,167135,168007,2134958,166001,165104,301,-215,-519,-767,-649,428,296,493,-656,-976,2268,225,893,-453,110,-644,291,964,
3251023,167135,168007,2290118,166001,165104,363,-242,-425,-759,-653,418,308,478,-636,-1168,2598,384,893,-453,110,-579,584,502,
3251023,167135,168007,2290118,165700,165104,557,-249,-405,-759,-653,418,314,436,-544,-894,1549,347,900,-448,102,-435,888,-661,
3251023,167135,168007,2290118,165700,164955,769,-335,-381,-744,-662,429,330,301,-415,-784,1796,349,900,-448,102,-474,1006,-684,
3251023,167135,168007,2290118,165700,164955,871,-398,-371,-743,-678,427,337,67,-22,-459,1722,195,912,-425,84,-243,1034,-931,
3251023,167135,168007,2290118,165700,164955,864,-377,-46,-743,-678,427,289,-359,-8,86,1069,-1,912,-425,84,-154,804,-1052,
3070882,167135,168007,2290118,165700,164955,914,-311,-127,-752,-682,406,267,-382,54,86,844,-128,926,-405,67,-298,338,-853,
3070882,167204,168007,2290118,165700,164955,905,-230,14,-752,-682,406,243,-323,56,-848,1530,6,938,-388,71,-92,154,-780,
3070882,167204,168000,2290118,165700,164955,971,-200,-29,-754,-674,400,210,-238,-4,-835,1109,-93,938,-388,71,53,204,-860,
3070882,167204,168000,2983164,165700,164955,953,-159,80,-755,-679,404,200,-135,-99,-880,413,-15,947,-375,74,-280,162,-734,
3070882,167204,168000,2983164,165666,164955,927,-129,76,-755,-679,404,179,-22,-199,-933,658,45,947,-375,74,-680,165,-522,
3070882,167204,168000,2983164,165666,164333,1004,-99,155,-751,-695,396,138,98,-301,-862,960,35,953,-365,82,-868,160,-364,
3070882,167204,168000,2983164,165666,164333,1273,20,205,-751,-695,396,69,182,-409,-858,1122,23,953,-365,82,-740,117,-306,
3070882,167204,168000,2983164,165666,164333,1407,100,237,-734,-694,392,-15,222,-521,-827,1036,-64,955,-352,73,-456,66,-304,
2958348,167204,168000,2983164,165666,164333,1418,218,315,-734,-694,392,-58,275,-657,-895,837,28,955,-352,73,-280,5,-274,
2958348,167198,168000,2983164,165666,164333,1552,248,346,-724,-706,421,-69,345,-942,-907,867,13,956,-351,87,-364,-24,-212,
2958348,167198,167874,2983164,165666,164333,1652,179,241,-707,-730,408,20,401,-1052,-890,1070,62,960,-345,94,-529,-30,-177,
2958348,167198,167874,3017812,165666,164333,1768,56,171,-707,-730,408,46,333,-1086,-832,1205,77,960,-345,94,-666,-9,-212,
2958348,167198,167874,3017812,165743,164333,1677,-149,172,-684,-743,423,12,262,-1047,-856,1081,324,964,-337,99,-752,45,-260,
2958348,167198,167874,3017812,165743,164890,1627,-185,132,-684,-743,423,-88,214,-946,-861,1085,321,964,-337,99,-810,138,-296,
2958348,167198,167874,3017812,165743,164890,1600,-169,135,-668,-752,418,-239,198,-814,-876,1156,414,965,-331,103,-838,228,-311,
2958348,167198,167874,3017812,165743,164890,1585,-113,197,-656,-754,418,-404,189,-684,-918,1278,370,965,-331,103,-742,255,-328,
2892366,167198,167874,3017812,165743,164890,1616,-84,251,-656,-754,418,-607,151,-566,-971,1143,354,965,-318,93,-410,220,-367,
2892366,167159,167874,3017812,165743,164890,1554,307,247,-645,-759,444,-838,52,-495,-927,857,246,971,-313,106,-88,169,-369,
2892366,167159,167885,3017812,165743,164890,1370,533,318,-645,-759,444,-1027,-44,-496,-901,749,133,971,-313,106,-112,181,-291,
2892366,167159,167885,2998993,165743,164890,1258,640,226,-636,-754,451,-1079,-114,-552,-912,789,169,976,-310,89,-196,213,-228,
2892366,167159,167885,2998993,165702,164890,1132,635,220,-636,-754,451,-939,-128,-718,-910,680,227,976,-310,89,-306,278,-155,
2892366,167159,167885,2998993,165702,164767,1038,593,198,-629,-752,463,-946,-78,-778,-895,705,236,977,-307,83,-515,385,-64,
2892366,167159,167885,2998993,165702,164767,889,616,163,-621,-757,482,-1049,7,-840,-892,847,239,977,-307,83,-685,468,33,
2892366,167159,167885,2998993,165702,164767,856,838,328,-621,-757,482,-1133,107,-885,-880,1135,207,975,-297,77,-631,459,79,
2609076,167159,167885,2998993,165702,164767,834,946,371,-604,-753,503,-1028,200,-881,-936,1214,120,975,-298,78,-320,364,56,
2609076,167051,167885,2998993,165702,164767,835,871,335,-604,-753,503,-752,214,-802,-964,970,74,979,-298,78,-91,292,33,
2609076,167051,167727,2998993,165702,164767,918,701,397,-587,-743,507,-491,139,-626,-924,864,4,980,-307,73,-102,239,53,
2609076,167051,167727,2617249,165702,164767,860,599,444,-581,-753,515,-354,20,-394,-859,904,-82,980,-307,73,-161,195,82,
2609076,167051,167727,2617249,165559,164767,833,522,267,-581,-753,515,-327,-59,-160,-881,874,-70,979,-310,80,-192,132,119,
2609076,167051,167727,2617249,165559,164750,823,549,347,-583,-748,509,-339,-60,20,-899,879,-11,979,-310,80,-244,76,160,
2609076,167051,167727,2617249,165559,164750,896,604,353,-583,-748,509,-350,15,210,-867,880,-3,973,-311,62,-308,49,206,
2609076,167051,167727,2617249,165559,164750,982,647,325,-586,-739,528,-451,314,221,-884,748,61,973,-311,62,-374,46,260,
2554453,167051,167727,2617249,165559,164750,991,721,312,-586,-739,528,-456,434,201,-893,660,86,974,-317,81,-489,45,341,
2554453,167130,167727,2617249,165559,164750,1012,809,413,-583,-727,529,-412,548,161,-863,753,146,969,-329,78,-720,56,443,
2554453,167130,167896,2617249,165559,164750,1004,861,462,-577,-728,540,-334,678,86,-883,991,226,969,-329,78,-873,64,526,
2554453,167130,167896,1559175,165559,164750,941,827,451,-577,-728,540,-232,836,3,-875,1233,324,963,-339,89,-827,45,527,
2554453,167130,167896,1559175,165776,164750,919,766,444,-564,-719,548,-138,1016,-89,-859,1180,249,963,-339,89,-661,-3,473,
2554453,167130,167896,1559175,165776,164789,1090,675,492,-564,-719,548,-67,1140,-182,-816,1085,224,958,-343,89,-528,-20,374,
2554453,167130,167896,1559175,165776,164789,1183,642,401,-546,-718,570,-44,1098,-275,-824,989,217,958,-343,89,-519,21,372,
2554453,167130,167896,1559175,165776,164789,1186,652,514,-528,-725,572,-30,920,-347,-866,997,289,952,-353,98,-538,31,392,
2219863,167130,167896,1559175,165776,164789,1108,643,548,-528,-725,572,13,757,-374,-843,1032,264,950,-360,94,-473,17,418,
2219863,167125,167896,1559175,165776,164789,992,548,558,-511,-732,584,67,671,-298,-832,1073,227,950,-360,94,-344,-19,419,
2219863,167125,167746,1559175,165776,164789,909,522,567,-511,-732,584,121,704,-196,-856,1052,253,941,-374,113,-199,-59,419,
2219863,167125,167746,983284,165776,164789,948,504,617,-496,-734,579,128,738,-84,-864,769,256,941,-374,113,-166,-70,475,
2219863,167125,167746,983284,165718,164789,955,519,580,-496,-737,584,138,761,10,-809,799,233,937,-384,107,-256,-66,543,
2219863,167125,167746,983284,165718,227800,1002,519,611,-489,-737,584,170,797,81,-780,898,191,937,-384,107,-333,-68,632,
2219863,167125,167746,983284,165718,227800,895,542,686,-478,-744,588,244,868,111,-764,939,210,928,-389,115,-337,-74,716,
2219863,167125,167746,983284,165718,227800,906,461,716,-478,-744,588,297,951,83,-787,942,197,928,-389,115,-325,-91,774,
1970409,167125,167746,983284,165718,227800,945,398,699,-463,-748,587,299,1010,22,-735,974,152,918,-410,114,-334,-129,829,
1970409,167200,167746,983284,165718,227800,942,432,717,-463,-748,587,230,1007,-62,-738,1004,202,908,-433,130,-318,-167,874,
1970409,167200,167440,983284,165718,227800,939,557,762,-445,-740,597,159,968,-155,-719,1064,176,908,-433,130,-287,-204,911,
1970409,167200,167440,603072,165718,227800,908,653,795,-427,-757,600,170,927,-267,-696,1111,255,894,-453,125,-277,-222,932,
1970409,167200,167440,603072,165758,227800,907,679,795,-427,-757,600,399,870,-438,-683,1252,383,894,-453,125,-381,-202,953,
1970409,167200,167440,603072,165758,326565,904,553,857,-409,-766,593,486,854,-466,-639,1391,399,880,-467,142,-443,-200,953,
1970409,167200,167440,603072,165758,326565,866,480,841,-409,-766,593,525,842,-447,-598,1477,396,880,-467,142,-381,-190,901,
1970409,167200,167440,603072,165758,326565,883,429,782,-390,-769,591,497,858,-399,-564,1328,369,871,-479,117,-177,-131,840,
1476920,167200,167440,603072,165758,326565,874,434,850,-369,-777,592,442,890,-329,-597,1221,368,857,-499,143,-94,-74,747,
1476920,167345,167440,603072,165758,326565,893,435,842,-369,-777,592,381,916,-266,-542,1256,268,857,-499,143,-17,-58,818,
1476920,167345,167837,603072,165758,326565,948,408,904,-352,-790,594,297,903,-211,-526,1086,230,841,-517,154,215,47,924,
1476920,167345,167837,740707,165758,326565,1083,463,964,-352,-790,594,145,844,-190,-627,966,279,841,-517,154,281,74,1052,
1476920,167345,167837,740707,165740,326565,1080,539,1028,-341,-783,592,6,749,-185,-643,1059,284,821,-541,132,161,141,1109,
1476920,167345,167837,740707,165740,389806,1036,561,1070,-341,-783,592,-42,649,-202,-705,1218,447,821,-541,132,-36,168,1095,
1476920,167345,167837,740707,165740,389806,946,556,1060,-328,-780,591,-6,612,-264,-669,1413,504,808,-558,126,-175,177,1014,
1476920,167345,167837,740707,165740,389806,880,531,1061,-313,-790,594,64,640,-297,-534,1629,461,808,-578,105,-80,230,930,
1261158,167345,167837,740707,165740,389806,837,516,839,-313,-790,594,101,694,-325,-494,1702,428,791,-578,105,268,405,820,
1261158,167219,167837,740707,165740,389806,727,444,1007,-299,-800,595,166,745,-344,-445,1223,450,785,-592,105,361,533,658,
1261158,167219,167884,740707,165740,389806,679,394,953,-299,-800,595,266,811,-354,-438,1213,386,785,-592,105,227,501,618,
1261158,167219,167884,707960,165740,389806,680,325,925,-281,-798,596,368,878,-357,-433,1308,365,774,-607,88,534,577,667,
1261158,167219,167884,707960,165745,389806,638,243,909,-263,-802,574,397,935,-361,-413,1024,302,774,-607,88,833,738,649,
1261158,167219,167884,707960,165745,164850,584,175,833,-263,-802,574,309,991,-355,-428,1058,254,759,-621,69,835,809,670,
1261158,167219,167884,707960,165745,164850,599,168,917,-237,-810,586,106,1045,-325,-495,1072,342,759,-621,69,712,793,707,
1261158,167219,167884,707960,165745,164850,566,479,1027,-237,-810,586,-134,1102,-286,-445,1295,252,752,-630,41,643,752,764,
948451,167219,167884,707960,165745,164850,589,624,1026,-215,-803,588,-296,1131,-273,-520,1250,252,738,-655,31,819,752,756,
948451,177118,167884,707960,165745,164850,630,699,992,-215,-803,588,-300,1057,-339,-508,1244,224,738,-655,31,786,655,658,
948451,177118,167970,707960,165745,164850,655,712,992,-197,-803,593,-77,925,-423,-574,1290,227,729,-657,10,722,486,583,
948451,177118,167970,1525191,165745,164850,694,653,971,-174,-807,599,35,747,-513,-512,1295,120,729,-657,10,680,389,513,
948451,177118,167970,1525191,165756,164850,676,594,1024,-174,-807,599,90,572,-576,-611,1232,278,719,-660,-14,643,387,460,
948451,177118,167970,1525191,165756,164786,570,466,986,-156,-803,592,105,447,-594,-469,1399,104,719,-660,-14,505,356,327,
948451,177118,167970,1525191,165756,164786,491,460,1068,-156,-803,592,66,412,-548,-513,1456,138,712,-662,-25,537,141,224,
948451,177118,167970,1525191,165756,164786,468,462,1111,-141,-801,589,-3,429,-462,-521,1318,171,710,-673,-30,511,46,116,
927493,177118,167970,1525191,165756,164786,498,450,1088,-129,-805,589,-74,476,-335,-506,1268,131,710,-673,-30,397,5,81,
927493,180878,167970,1525191,165756,164786,584,505,1088,-129,-805,589,-132,526,-212,-494,1262,123,711,-676,-53,208,21,62,
927493,180878,168144,1525191,165756,164786,662,560,1177,-119,-806,596,-141,524,-124,-439,1280,117,711,-676,-53,74,59,56,
927493,180878,168144,1869972,165756,164786,1140,1018,1841,-119,-806,596,-129,479,-66,-227,1113,34,707,-677,-42,79,104,64,
927493,180878,168144,1869972,165860,164786,1219,1589,1684,-116,-804,602,-716,-113,301,-187,571,-42,707,-677,-42,472,239,229,
927493,180878,168144,1869972,165860,164820,1174,759,638,-116,-804,602,238,-517,478,-504,730,108,695,-678,-64,699,292,566,
927493,180878,168144,1869972,165860,164820,1103,386,1139,-138,-803,591,641,-741,540,-464,1179,7,695,-678,-64,549,312,819,
927493,180878,168144,1869972,165860,164820,620,493,1343,-155,-807,591,162,-585,639,-471,1355,130,676,-698,-66,396,399,878,
1808403,180878,168144,1869972,165860,164820,390,777,1222,-155,-807,591,-151,-304,633,-390,1540,47,659,-715,-86,194,511,800,
1808403,593124,168144,1869972,165860,164820,534,777,1187,-163,-810,593,-195,-31,465,-284,1601,129,659,-715,-86,214,602,692,
1808403,593124,167980,1869972,165860,164820,641,669,1153,-163,-810,593,-194,129,241,-328,1425,43,648,-721,-102,376,643,554,
1808403,593124,167980,1604858,165860,164820,746,554,1057,-167,-797,603,-222,168,52,-320,1323,58,648,-721,-102,434,624,453,
1808403,593124,167980,1604858,165770,164820,793,542,1102,-163,-800,601,-251,114,-75,-382,1325,95,635,-726,-117,440,582,429,
1808403,593124,167980,1604858,165770,164884,811,550,1056,-163,-800,601,-248,-14,-148,-355,1340,88,635,-726,-117,429,585,402,
1808403,593124,167980,1604858,165770,164884,736,563,1087,-166,-801,607,-212,-148,-196,-325,1406,49,625,-726,-126,406,588,376,
1808403,593124,167980,1604858,165770,164884,631,562,1006,-166,-801,607,-171,-276,-204,-354,1401,112,621,-735,-158,399,606,331,
1745984,593124,167980,1604858,165770,164884,607,578,1059,-167,-801,597,-149,-274,-197,-307,1371,148,621,-735,-158,431,637,286,
1745984,1053840,167980,1604858,165770,164884,640,521,929,-167,-801,597,-72,-284,-145,-266,1318,55,611,-739,-154,537,689,236,
1745984,1053840,168069,1604858,165770,164884,619,499,871,-170,-800,609,-12,-317,-41,-244,1230,-93,611,-739,-154,599,756,270,
1745984,1053840,168069,830293,165770,164884,564,518,919,-175,-802,595,69,-333,88,-244,1146,-213,602,-737,-191,692,747,321,
1745984,1053840,168069,830293,165697,164884,496,366,911,-175,-802,595,63,-322,212,-290,1164,-155,602,-737,-191,634,699,387,
1745984,1053840,168069,830293,165697,164960,643,556,906,-184,-802,606,-108,-277,273,-217,1263,-289,589,-737,-197,665,649,457,
1745984,1053840,168069,830293,165697,164960,622,708,976,-184,-802,606,-187,-309,286,-269,1345,-234,589,-742,-238,689,556,476,
1745984,1053840,168069,830293,165697,164960,595,803,960,-196,-797,596,-101,-426,245,-250,1405,-255,579,-742,-238,783,425,462,
1850076,1053840,168069,830293,165697,164960,549,744,924,-205,-805,590,56,-540,162,-265,1516,-358,568,-748,-240,811,250,431,
1850076,1118215,168069,830293,165697,164960,528,690,993,-205,-805,590,159,-580,29,-190,1534,-270,568,-748,-240,835,55,373,
1850076,1118215,168050,830293,165697,164960,675,844,1060,-215,-810,592,138,-564,6,-243,1454,-252,563,-746,-266,918,-179,275,
1850076,1118215,168050,332690,165697,164960,733,869,975,-215,-810,592,176,-593,-7,-228,1365,-231,563,-746,-266,984,-370,207,
1850076,1118215,168050,332690,165764,164960,781,799,959,-228,-809,581,214,-707,29,-277,1342,-173,561,-739,-268,977,-509,179,
1850076,1118215,168050,332690,165764,164846,804,684,938,-228,-809,583,197,-952,164,-277,1393,-176,561,-739,-268,882,-553,160,
1850076,1118215,168050,332690,165764,164846,871,646,993,-246,-817,583,142,-1232,374,-337,1357,-158,563,-731,-274,757,-572,112,
1850076,1118215,168050,332690,165764,164846,691,591,992,-271,-816,566,47,-1345,622,-339,1250,-122,561,-731,-291,619,-554,70,
2181167,1118215,168050,332690,165764,164846,516,770,926,-271,-816,566,-56,-1246,850,-338,1260,-67,561,-731,-291,529,-475,68,
2181167,1139943,168050,332690,165764,164846,594,677,835,-308,-812,564,-34,-1073,1020,-347,1223,-263,566,-731,-298,519,-353,79,
2181167,1139943,167775,332690,165764,164846,650,426,798,-308,-812,564,98,-980,1150,-294,1277,-223,566,-731,-298,438,-287,115,
2181167,1139943,167775,436894,165764,164846,689,357,748,-346,-800,558,66,-983,1252,-266,1303,-294,563,-725,-283,330,-282,145,
2181167,1139943,167775,436894,165646,164846,737,384,820,-380,-803,554,-203,-1006,1323,-215,1269,-324,563,-725,-283,271,-305,161,
2181167,1139943,167775,436894,165646,164761,736,507,900,-380,-803,554,-288,-790,1248,-211,1225,-280,564,-725,-270,263,-352,230,
2181167,1139943,167775,436894,165646,164761,939,584,899,-409,-791,551,-291,-520,1102,-244,1148,-306,562,-735,-267,250,-434,293,
2181167,1139943,167775,436894,165646,164761,1092,540,941,-409,-791,551,-241,-335,925,-296,1214,-239,562,-735,-267,143,-423,348,
3024055,1139943,167775,436894,165646,164761,1828,567,1492,-430,-782,549,-244,-240,722,-292,1249,-250,555,-741,-279,34,-370,359,
3024055,1227452,167775,436894,165646,164761,2096,248,829,-430,-772,550,-360,-43,447,-482,1691,-78,555,-741,-279,-139,-311,215,
3024055,1227452,167849,436894,165646,164761,1189,302,833,-436,-772,550,-468,-86,190,-169,1481,-296,555,-744,-272,-61,-185,8,
3024055,1227452,167849,165916,165646,164761,1307,438,773,-435,-768,561,-501,-151,-40,-138,1382,-237,555,-744,-272,-23,-128,-104,
3024055,1227452,167849,165916,165774,164761,825,240,811,-435,-768,561,-279,-178,-272,-175,1412,-155,560,-733,-272,86,-119,-160,
3024055,1227452,167849,165916,165774,164950,763,266,927,-434,-768,552,-154,-165,-386,-104,1385,-262,560,-733,-272,287,-161,-172,
3024055,1227452,167849,165916,165774,164950,746,209,914,-434,-768,552,-74,-83,-380,-122,1311,-251,566,-735,-287,476,-226,-152,
3024055,1227452,167849,165916,165774,164950,891,351,976,-425,-764,556,142,80,-307,-150,1262,-278,569,-732,-274,570,-278,-107,
3675694,1227452,167849,165916,165774,164950,1003,411,894,-420,-780,554,222,124,-251,-155,1241,-303,569,-732,-274,552,-311,-64,
3675694,1447290,167849,165916,165774,164950,986,443,805,-420,-780,554,233,136,-209,-206,1240,-310,572,-727,-281,470,-315,-23,
3675694,1447290,167814,165916,165774,164950,902,488,802,-416,-786,560,186,138,-174,-199,1248,-357,572,-727,-281,385,-307,8,
3675694,1447290,167814,165796,165774,164950,890,500,780,-416,-786,560,136,141,-152,-228,1282,-306,574,-726,-302,339,-325,42,
3675694,1447290,167814,165796,165756,164950,901,491,728,-416,-783,548,90,140,-122,-239,1271,-291,574,-726,-302,332,-363,65,
3675694,1447290,167814,165796,165756,164955,930,509,796,-412,-789,552,45,98,-102,-261,1290,-334,577,-719,-283,315,-400,86,
3675694,1447290,167814,165796,165756,164955,947,504,809,-412,-789,552,24,54,-88,-261,1271,-327,575,-725,-292,283,-409,92,
3675694,1447290,167814,165796,165756,164955,935,506,790,-410,-792,553,-4,28,-91,-222,1213,-298,575,-725,-292,238,-400,113,
3817245,1447290,167814,165796,165756,164955,909,540,846,-410,-792,553,-3,14,-85,-114,1132,-372,577,-727,-279,151,-427,167,
3817245,1564226,167814,165796,165756,164955,924,530,843,-411,-790,543,191,22,32,-50,1236,-392,577,-727,-279,41,-547,373,
3817245,1564226,167901,165796,165756,164955,940,531,821,-411,-790,543,352,44,174,-55,1317,-366,572,-730,-269,-42,-899,424,
3817245,1564226,167901,165829,165756,164955,941,548,874,-410,-796,539,453,66,305,-80,1358,-342,572,-730,-269,-170,-1021,410,
3817245,1564226,167901,165829,165742,164955,930,517,839,-420,-798,531,489,94,389,-96,1276,-196,570,-737,-253,-231,-1061,414,
3817245,1564226,167901,165829,165742,164804,909,563,840,-420,-798,531,467,129,444,-7,1244,-196,570,-747,-241,-275,-1103,467,
3817245,1564226,167901,165829,165742,164804,916,616,827,-427,-802,524,484,164,496,74,1547,-89,567,-747,-241,-209,-1174,455,
3817245,1564226,167901,165829,165742,164804,948,536,786,-427,-802,524,640,165,626,63,1545,-376,566,-753,-214,-91,-1302,356,
4087161,1564226,167901,165829,165742,164804,1023,516,800,-438,-802,505,712,110,742,39,1290,-101,566,-753,-214,-36,-1434,254,
4087161,1654531,167901,165829,165742,164804,988,560,742,-453,-807,501,691,15,794,103,1320,-331,571,-761,-190,22,-1551,185,
4087161,1654531,167951,165829,165742,164804,1080,493,782,-453,-807,501,679,-95,793,62,1336,-150,571,-761,-190,53,-1753,197,
4087161,1654531,167951,166045,165742,164804,1039,613,682,-470,-811,491,647,-178,651,-90,1451,-104,570,-757,-167,118,-1798,206,
4087161,1654531,167951,166045,165822,164804,1127,688,655,-470,-811,491,883,-253,612,-88,1419,-73,570,-757,-167,155,-1686,149,
4087161,1654531,167951,166045,165822,165027,1321,1167,444,-486,-812,464,1318,-289,575,-59,1530,-67,576,-755,-142,91,-1512,33,
4087161,1654531,167951,166045,165822,165027,877,636,508,-486,-812,464,1932,-423,526,183,1441,-290,584,-761,-135,-3,-1456,-132,
4087161,1654531,167951,166045,165822,165027,671,203,674,-499,-828,424,1770,-271,665,119,1713,-300,584,-761,-135,-12,-1623,-228,
3810776,1654531,167951,166045,165822,165027,894,270,515,-510,-834,407,1168,36,704,173,1360,-241,595,-755,-101,196,-1816,-222,
3810776,935060,167951,166045,165822,165027,1155,496,518,-510,-834,407,676,353,595,-133,1136,-204,595,-755,-101,312,-1883,-179,
3810776,935060,167960,166045,165822,165027,1075,541,556,-513,-833,410,429,578,386,-279,1084,-280,602,-744,-86,313,-1721,-110,
3810776,935060,167960,663607,165822,165027,1087,642,468,-513,-833,410,368,712,146,-392,1197,-266,602,-744,-86,98,-1495,-56,
3810776,935060,167960,663607,165984,165027,1002,455,684,-507,-834,401,458,747,-100,-344,1274,-324,603,-747,-79,-87,-1205,-34,
3810776,935060,167960,663607,165984,164716,1052,477,521,-492,-848,401,441,752,-255,-365,1361,-336,608,-745,-49,-129,-977,-100,
3810776,935060,167960,663607,165984,164716,990,416,668,-492,-848,401,411,776,-517,-378,1373,-310,608,-745,-49,229,-721,-152,
3810776,935060,167960,663607,165984,164716,1019,598,653,-472,-852,402,306,861,-639,-428,1339,-301,610,-742,-45,227,-570,-205,
3947981,935060,167960,663607,165984,164716,975,416,760,-472,-852,402,451,856,-763,-685,1493,-247,610,-742,-45,246,-332,-299,
3947981,167452,167960,663607,165984,164716,1110,616,646,-447,-858,395,595,797,-827,-741,1566,-240,617,-731,-63,309,-14,-476,
3947981,167452,167869,663607,165984,164716,978,443,778,-447,-858,396,789,725,-857,-802,1496,-187,617,-731,-63,392,286,-713,
3947981,167452,167869,571199,165984,164716,880,265,953,-425,-869,396,749,731,-824,-735,1344,-191,631,-708,-58,412,529,-872,
3947981,167452,167869,571199,165895,164716,942,514,757,-399,-887,384,600,791,-795,-632,1175,-201,631,-708,-63,319,756,-914,
3947981,167452,167869,571199,165895,164873,792,473,875,-399,-887,384,561,868,-797,-597,1043,-178,652,-705,-63,163,968,-872,
3947981,167452,167869,571199,165895,164873,844,615,871,-377,-891,384,474,986,-793,-576,1017,-212,673,-688,-104,-2,1132,-809,
3947981,167452,167869,571199,165895,164873,686,444,978,-377,-891,384,457,1069,-823,-521,1082,-250,673,-688,-104,-100,1221,-744,
4118875,167452,167869,571199,165895,164873,778,576,871,-346,-892,374,444,1170,-851,-397,1145,-298,685,-678,-112,-49,1204,-642,
4118875,167301,167869,571199,165895,164873,652,465,892,-314,-908,377,388,1362,-963,-451,1178,-369,685,-678,-112,117,1071,-535,
4118875,167301,167958,571199,165895,164873,592,459,1033,-314,-908,377,260,1502,-999,-479,1262,-424,689,-666,-141,283,773,-446,
4118875,167301,167958,550827,165895,164873,616,554,1033,-277,-915,378,197,1664,-1026,-593,1292,-440,689,-666,-141,535,415,-346,
4118875,167301,167958,550827,165845,164873,607,725,982,-277,-915,378,309,1822,-1016,-738,1168,-427,694,-660,-136,761,119,-304,
4118875,167301,167958,550827,165845,164867,634,791,1001,-244,-919,371,565,1939,-959,-827,913,-412,701,-655,-155,782,-41,-285,
4118875,167301,167958,550827,165845,164867,596,794,980,-244,-930,361,827,1982,-885,-833,730,-368,701,-655,-155,521,-94,-207,
4118875,167301,167958,550827,165845,164867,584,783,873,-201,-930,361,954,1956,-833,-614,672,-313,702,-658,-155,50,-65,-56,
4041395,167301,167958,550827,165845,164867,537,811,928,-170,-945,352,923,1860,-856,-445,956,-289,702,-658,-155,-410,-30,158,
4041395,167229,167958,550827,165845,164867,502,856,938,-170,-945,352,760,1720,-913,-320,1146,-343,694,-660,-141,-682,21,337,
4041395,167229,167982,550827,165845,164867,417,902,898,-139,-944,338,545,1532,-963,-259,1263,-508,694,-660,-141,-755,56,478,
4041395,167229,167982,165882,165845,164867,450,979,837,-139,-944,338,191,1336,-1032,-355,1559,-203,684,-669,-144,-396,0,430,
4041395,167229,167982,165882,165823,164867,285,1082,805,-106,-942,348,-536,952,-905,-363,1609,-182,677,-677,-133,-111,-21,339,
4041395,167229,167982,165882,165823,164861,281,1020,850,-82,-941,362,-737,911,-692,-339,1597,-291,677,-677,-133,114,-45,238,
4041395,167229,167982,165882,165823,164861,303,947,963,-82,-941,362,-835,918,-508,-341,1557,-327,677,-682,-134,250,-79,134,
4041395,167229,167982,165882,165823,164861,343,904,967,-64,-933,374,-857,948,-354,-359,1477,-302,677,-682,-134,309,-76,51,
4183475,167229,167982,165882,165823,164861,280,860,991,-64,-933,374,-833,998,-244,-341,1432,-240,675,-679,-132,301,-64,-34,
4183475,167311,167982,165882,165823,164861,338,836,1051,-49,-919,386,-794,1036,-157,-301,1395,-305,675,-679,-132,295,-36,-119,
4183475,167311,168005,165882,165823,164861,337,778,997,-39,-914,412,-777,1036,-116,-323,1348,-330,679,-675,-145,282,-22,-185,
4183475,167311,168005,477650,165823,164861,365,757,1036,-39,-914,412,-800,1032,-149,-345,1340,-335,679,-675,-145,287,-1,-232,
4183475,167311,168005,477650,165870,164861,377,721,1054,-22,-908,412,-835,1007,-242,-359,1249,-341,684,-668,-149,245,31,-253,
4183475,167311,168005,477650,165870,164774,346,706,1051,-22,-908,412,-877,977,-375,-384,1177,-326,689,-669,-141,181,58,-263,
4183475,167311,168005,477650,165870,164774,287,735,1093,-4,-895,435,-919,895,-640,-362,1146,-410,689,-669,-141,116,86,-231,
4183475,167311,168005,477650,165870,164774,235,717,1082,-4,-895,435,-937,860,-712,-397,1188,-397,693,-665,-161,56,87,-184,
4204606,167311,168005,477650,165870,164774,203,731,1149,19,-878,445,-870,871,-703,-407,1189,-394,693,-665,-161,35,76,-138,
4204606,167356,168005,477650,165870,164774,163,737,1096,44,-877,456,-763,917,-635,-394,1169,-386,692,-652,-145,92,56,-85,
4204606,167356,168071,477650,165870,164774,124,739,1169,44,-877,456,-674,966,-540,-403,1167,-391,692,-652,-145,127,27,-31,
4204606,167356,168071,542322,165870,164774,-207,1148,1198,66,-864,472,-655,956,-435,-398,1226,-364,691,-658,-167,126,11,12,
4204606,167356,168071,542322,165807,164774,235,573,1059,66,-864,472,-896,639,-44,-389,1283,-377,696,-657,-163,100,-3,25,
4204606,167356,168071,542322,165807,164893,13,742,1005,70,-843,491,-1037,454,75,-371,1218,-381,696,-657,-163,83,9,26,
4204606,167356,168071,542322,165807,164893,153,723,1050,75,-835,509,-1212,402,55,-360,1265,-376,691,-663,-153,40,23,25,
4204606,167356,168071,542322,165807,164893,122,702,1117,75,-835,509,-1373,393,78,-361,1293,-352,691,-663,-153,-15,44,15,
4252443,167356,168071,542322,165807,164893,128,630,1185,78,-821,526,-1468,381,68,-346,1346,-374,691,-665,-153,-22,34,-10,
4252443,167334,168071,542322,165807,164893,131,560,1239,78,-821,526,-1441,330,22,-382,1348,-380,691,-665,-153,-3,21,-45,
4252443,167334,167963,542322,165807,164893,133,540,1221,83,-799,550,-1357,309,-4,-359,1341,-384,695,-654,-159,4,18,-82,
4252443,167334,167963,565524,165807,164893,131,515,1234,83,-799,550,-1265,285,-34,-390,1312,-351,695,-654,-144,10,10,-104,
4252443,167334,167963,565524,165812,164893,112,525,1274,90,-781,557,-1161,265,-59,-357,1316,-412,694,-659,-144,16,-10,-122,
4252443,167334,167963,565524,165812,164862,105,508,1256,95,-772,583,-1057,254,-61,-383,1311,-375,698,-656,-155,36,-26,-145,
4252443,167334,167963,565524,165812,164862,105,477,1294,95,-772,583,-974,238,-61,-383,1297,-372,698,-656,-155,71,-41,-166,
4252443,167334,167963,565524,165812,164862,105,458,1233,97,-759,586,-916,235,-64,-402,1221,-362,701,-654,-150,76,-50,-171,
4254770,167334,167963,565524,165812,164862,58,454,1321,97,-759,586,-842,227,-60,-392,1208,-386,701,-654,-150,53,-38,-159,
4254770,554621,167963,565524,165812,164862,80,432,1303,104,-741,600,-773,226,-42,-413,1184,-358,705,-650,-165,38,-14,-135,
4254770,554621,168036,565524,165812,164862,56,447,1231,102,-739,616,-733,226,-20,-420,1179,-380,705,-650,-165,22,-2,-106,
4254770,554621,168036,553654,165812,164862,91,456,1284,102,-739,616,-704,218,-14,-415,1205,-329,705,-645,-152,10,11,-81,
4254770,554621,168036,553654,165850,164862,94,424,1310,112,-728,627,-650,181,-25,-394,1218,-383,706,-650,-145,-2,25,-62,
4254770,554621,168036,553654,165850,164998,70,408,1265,112,-728,627,-599,166,-34,-385,1263,-396,706,-650,-145,-6,21,-46,
4254770,554621,168036,553654,165850,164998,91,398,1324,111,-718,632,-563,151,-32,-409,1255,-340,711,-652,-175,1,26,-44,
4254770,554621,168036,553654,165850,164998,50,398,1265,111,-718,632,-523,140,-27,-433,1218,-301,711,-652,-175,6,32,-42,
4219464,554621,168036,553654,165850,164998,69,381,1289,113,-707,633,-475,134,-29,-436,1253,-315,701,-646,-160,-3,42,-36,
4219464,1230029,168036,553654,165850,164998,76,386,1309,121,-699,642,-425,122,-32,-493,1334,-329,701,-646,-160,-13,49,-27,
4219464,1230029,168064,553654,165850,164998,78,369,1240,121,-699,642,-377,111,-35,-457,1338,-343,704,-642,-154,9,52,-89,
4219464,1230029,168064,590549,165850,164998,30,368,1296,117,-698,636,-325,99,-39,-468,1315,-385,708,-648,-176,137,16,-119,
4219464,1230029,168064,590549,165511,164998,77,363,1307,117,-698,636,-269,87,-34,-478,1251,-411,708,-648,-176,169,-7,-126,
4219464,1230029,168064,590549,165511,164867,60,366,1275,116,-690,647,-224,72,-33,-452,1176,-415,716,-644,-177,123,-19,-117,
4219464,1230029,168064,590549,165511,164867,41,376,1316,118,-689,648,-196,42,-30,-459,1152,-384,716,-644,-177,40,-14,-96,
4219464,1230029,168064,590549,165511,164867,94,349,1338,118,-689,648,-117,31,-38,-368,1154,-472,714,-643,-170,-31,-10,-73,
4225920,1230029,168064,590549,165511,164867,24,358,1219,123,-690,649,-91,6,-40,-369,1144,-409,714,-643,-170,-81,8,-28,
4225920,1221594,168064,590549,165511,164867,81,363,1341,123,-690,649,-70,-14,-43,-348,1127,-407,709,-642,-157,-118,17,34,
4225920,1221594,168040,590549,165511,164867,53,358,1312,117,-684,651,-52,-15,-49,-339,1140,-376,709,-642,-157,-143,28,92,
4225920,1221594,168040,447404,165511,164867,59,351,1238,117,-684,655,-32,-25,-47,-304,1190,-419,710,-643,-173,-158,28,141,
4225920,1221594,168040,447404,165802,164867,83,356,1319,118,-687,655,-6,-24,-40,-333,1235,-371,708,-650,-154,-141,23,172,
4225920,1221594,168040,447404,165802,164833,59,362,1243,118,-693,651,21,-13,-35,-371,1306,-397,708,-650,-154,-98,30,176,
4225920,1221594,168040,447404,165802,164833,51,377,1247,118,-693,651,33,-12,-34,-398,1361,-363,704,-654,-157,-56,25,163,
4225920,1221594,168040,447404,165802,164833,40,375,1256,117,-694,650,29,-14,-34,-396,1358,-345,704,-654,-157,-20,-2,135,
4231684,1221594,168040,447404,165802,164833,84,386,1298,117,-694,650,13,-24,-40,-374,1370,-378,702,-656,-145,22,-26,112,
4231684,1206640,168040,447404,165802,164833,21,379,1242,116,-686,643,-19,-20,-43,-379,1341,-333,702,-656,-145,72,-30,75,
4231684,1206640,168023,447404,165802,164833,56,379,1244,115,-697,643,-26,-15,-36,-376,1323,-322,700,-653,-158,89,-21,34,
4231684,1206640,168023,477698,165802,164833,91,365,1276,115,-697,643,-26,-3,-34,-380,1298,-356,703,-652,-157,81,-8,7,
4231684,1206640,168023,477698,165868,164833,68,401,1398,116,-696,647,-18,12,-32,-374,1292,-352,703,-652,-157,60,12,-20,
4231684,1206640,168023,477698,165868,164898,80,375,1244,116,-696,647,-31,6,-36,-374,1295,-365,703,-654,-134,26,35,-53,
4231684,1206640,168023,477698,165868,164898,51,391,1299,117,-690,656,-39,0,-36,-391,1274,-389,703,-654,-134,22,46,-90,
4231684,1206640,168023,477698,165868,164898,46,376,1255,117,-691,645,-32,-1,-39,-397,1239,-398,705,-651,-162,11,29,-91,
4231535,1206640,168023,477698,165868,164898,66,374,1343,115,-691,645,-33,-5,-41,-400,1200,-386,705,-651,-162,7,15,-77,
4231535,1372260,168023,477698,165868,164898,78,364,1306,117,-698,647,-27,3,-42,-431,1181,-393,702,-643,-163,6,15,-38,
4231535,1372260,167962,477698,165868,164898,73,374,1305,117,-698,647,-14,11,-42,-403,1178,-387,702,-643,-159,-13,12,-14,
4231535,1372260,167962,486150,165868,164898,79,386,1319,116,-694,656,-7,6,-35,-415,1188,-349,706,-650,-159,-14,10,14,
4231535,1372260,167962,486150,165759,164898,50,377,1234,116,-694,656,-11,-6,-33,-403,1210,-404,706,-655,-166,-6,0,35,
4231535,1372260,167962,486150,165759,165015,57,394,1303,116,-690,628,-13,-4,-39,-420,1212,-335,706,-655,-166,-12,-11,53,
4231535,1372260,167962,486150,165759,165015,69,370,1239,118,-697,643,-6,-9,-39,-411,1249,-360,703,-654,-166,-25,0,62,
4231535,1372260,167962,486150,165759,165015,67,393,1338,118,-697,643,-5,-8,-43,-399,1267,-361,703,-654,-166,-35,15,62,
4223441,1372260,167962,486150,165759,165015,81,403,1330,116,-699,639,-11,-7,-42,-394,1289,-358,701,-650,-160,-38,16,59,
4223441,1268070,167962,486150,165759,165015,73,370,1225,116,-699,639,-22,-3,-33,-383,1319,-358,701,-650,-160,-44,13,52,
4223441,1268070,168000,486150,165759,165015,65,401,1295,117,-696,645,-35,-5,-44,-378,1318,-350,701,-651,-171,-24,15,34,
4223441,1268070,168000,444622,165759,165015,64,395,1292,119,-692,640,-53,-5,-39,-403,1306,-334,701,-656,-171,-10,7,7,
4223441,1268070,168000,444622,164894,165015,38,394,1280,119,-692,640,-60,4,-31,-374,1325,-388,701,-656,-171,-4,9,-26,
4223441,1268070,168000,444622,164894,164907,71,389,1516,116,-699,647,-69,8,-30,-356,1308,-400,704,-654,-171,13,13,-62,
4223441,1268070,168000,444622,164894,164907,98,368,1308,116,-699,647,-71,10,-32,-379,1261,-384,704,-654,-171,21,13,-82,
4223441,1268070,168000,444622,164894,164907,48,385,1282,117,-692,646,-61,9,-29,-385,1240,-386,702,-654,-154,21,8,-93,
4227861,1268070,168000,444622,164894,164907,61,383,1258,117,-692,646,-55,4,-33,-412,1236,-392,702,-654,-154,7,4,-92,
4227861,1343236,168000,444622,164894,164907,39,380,1265,116,-688,647,-48,5,-29,-388,1217,-390,702,-642,-149,-7,-4,-80,
4227861,1343236,167956,444622,164894,164907,78,369,1286,115,-695,647,-39,4,-37,-413,1206,-355,702,-649,-167,0,-12,-39,
4227861,1343236,167956,455324,164894,164907,36,385,1290,115,-695,647,-36,-2,-40,-405,1180,-340,708,-649,-167,13,-2,-6,
4227861,1343236,167956,455324,165695,164907,40,382,1234,116,-699,644,-30,-5,-33,-421,1180,-345,702,-652,-173,7,6,31,
4227861,1343236,167956,455324,165695,164818,96,374,1279,116,-699,644,-29,0,-40,-411,1186,-338,702,-652,-173,-13,16,61,
4227861,1343236,167956,455324,165695,164818,47,396,1327,116,-692,635,-25,2,-42,-406,1246,-351,702,-652,-151,-18,23,77,
4227861,1343236,167956,455324,165695,164818,74,386,1272,117,-695,650,-29,1,-41,-398,1267,-361,702,-652,-151,-15,27,72,
4233994,1343236,167956,455324,165695,164818,68,390,1210,117,-695,650,-27,4,-37,-395,1276,-356,698,-653,-151,-6,33,68,
4233994,1354403,167956,455324,165695,164818,117,381,1225,114,-700,639,-75,7,-44,-368,1293,-384,698,-653,-151,-2,21,52,
4233994,1354403,167760,455324,165695,164818,76,386,1294,114,-700,639,-87,10,-38,-401,1280,-376,695,-649,-140,-6,8,42,
4233994,1354403,167760,342007,165695,164818,113,373,1304,115,-698,641,-101,18,-37,-379,1299,-350,699,-655,-141,-21,7,18,
4233994,1354403,167760,342007,165820,164818,64,388,1301,115,-698,641,-106,22,-34,-386,1287,-378,699,-655,-141,-41,9,6,
4233994,1354403,167760,342007,165820,164908,66,398,1284,117,-693,638,-108,28,-33,-376,1296,-362,698,-656,-147,-37,9,-12,
4233994,1354403,167760,342007,165820,164908,72,377,1234,116,-701,650,-118,39,-33,-392,1271,-366,698,-656,-147,-18,6,-27,
4233994,1354403,167760,342007,165820,164908,43,375,1275,116,-701,650,-137,41,-37,-400,1250,-357,704,-651,-153,-1,16,-39,
4221935,1354403,167760,342007,165820,164908,48,365,1219,119,-697,650,-135,45,-32,-408,1228,-353,704,-651,-153,13,3,-27,
4221935,1373806,167760,342007,165820,164908,54,375,1282,119,-697,650,-138,47,-31,-406,1206,-338,702,-646,-166,9,2,-17,
4221935,1373806,167992,342007,165820,164908,68,369,1298,115,-689,644,-139,47,-33,-401,1213,-362,702,-658,-167,-7,6,-3,
4221935,1373806,167992,356984,165820,164908,76,365,1279,119,-690,655,-144,43,-39,-407,1223,-368,702,-658,-167,-33,5,19,
4221935,1373806,167992,356984,165855,164908,51,372,1291,119,-690,655,-117,39,-36,-387,1246,-374,700,-656,-159,-47,1,36,
4221935,1373806,167992,356984,165855,164931,63,351,1275,119,-689,645,-100,32,-37,-416,1243,-339,700,-656,-159,-49,21,42,
4221935,1373806,167992,356984,165855,164931,65,365,1287,119,-689,645,-79,17,-36,-391,1252,-359,697,-658,-151,-45,19,58,
4221935,1373806,167992,356984,165855,164931,67,354,1324,121,-684,643,-53,12,-38,-396,1264,-360,697,-658,-151,-43,18,58,
4205200,1373806,167992,356984,165855,164931,47,367,1288,121,-684,643,-54,3,-37,-405,1251,-307,696,-652,-156,-50,26,58,
4205200,1487027,167992,356984,165855,164931,35,372,1240,120,-688,648,-48,-6,-38,-383,1283,-362,696,-652,-156,-48,23,62,
4205200,1487027,168012,356984,165855,164931,69,368,1259,120,-688,655,-47,-12,-47,-365,1295,-387,693,-656,-152,-55,32,56,
4205200,1487027,168012,165590,165855,164931,65,372,1305,120,-688,655,-34,-9,-47,-380,1300,-381,693,-660,-151,-51,29,44,
4205200,1487027,168012,165590,165820,164931,71,371,1325,121,-694,646,-25,-9,-40,-394,1285,-318,693,-660,-151,-35,27,33,
4205200,1487027,168012,165590,165820,164646,29,368,1253,121,-694,646,-15,-7,-42,-374,1295,-380,692,-666,-158,-4,26,16,
4205200,1487027,168012,165590,165820,164646,89,351,1308,118,-688,650,-17,-11,-37,-382,1272,-333,692,-666,-158,3,28,7,
4205200,1487027,168012,165590,165820,164646,47,366,1237,120,-694,654,-13,-12,-37,-368,1282,-389,695,-660,-146,7,27,-1,
4196359,1487027,168012,165590,165820,164646,51,378,1297,120,-694,654,-15,-9,-33,-373,1270,-352,695,-660,-146,12,25,-7,
4196359,1503647,168012,165590,165820,164646,80,350,1274,120,-691,650,-12,-10,-38,-378,1268,-363,692,-658,-157,2,28,-4,
4196359,1503647,167955,165590,165820,164646,61,370,1240,120,-691,650,-5,-2,-33,-385,1269,-345,691,-660,-156,-4,19,-7,
4196359,1503647,167955,166010,165820,164646,62,372,1247,114,-690,654,-17,-4,-37,-397,1253,-318,691,-660,-156,-4,10,-5,
4196359,1503647,167955,166010,165853,164646,66,364,1327,114,-690,651,-22,-7,-39,-367,1283,-385,695,-663,-137,-1,10,4,
4196359,1503647,167955,166010,165853,164945,46,387,1290,115,-692,651,-22,-4,-41,-379,1263,-356,695,-663,-137,4,8,-7,
4196359,1503647,167955,166010,165853,164945,82,365,1261,119,-694,648,-23,-2,-37,-373,1263,-370,696,-661,-150,19,7,-16,
4196359,1503647,167955,166010,165853,164945,84,376,1324,119,-694,648,-36,-6,-35,-393,1256,-352,696,-661,-150,18,9,-15,
4208818,1503647,167955,166010,165853,164945,94,370,1285,117,-693,649,-42,-2,-28,-373,1247,-370,696,-654,-146,10,10,-14,
4208818,1561403,167955,166010,165853,164945,58,380,1269,117,-693,649,-64,14,-26,-392,1243,-345,696,-657,-138,-3,5,-7,
4208818,1561403,168138,166010,165853,164945,57,381,1252,115,-689,659,-78,17,-19,-401,1234,-320,696,-657,-138,-9,6,1,
4208818,1561403,168138,165875,165853,164945,83,393,1300,117,-691,652,-93,26,-24,-391,1256,-354,697,-660,-153,-8,5,8,
4208818,1561403,168138,165875,165926,164945,69,377,1280,117,-691,652,-114,34,-26,-389,1236,-373,697,-660,-153,-6,10,17,
4208818,1561403,168138,165875,165926,164941,57,378,1218,117,-690,651,-142,48,-29,-412,1232,-319,698,-665,-152,-3,16,30,
4208818,1561403,168138,165875,165926,164941,66,364,1286,117,-690,651,-162,50,-26,-369,1249,-362,698,-665,-152,-9,10,38,
4208818,1561403,168138,165875,165926,164941,62,377,1273,120,-688,641,-177,53,-29,-413,1233,-330,693,-660,-147,-30,12,43,
4198837,1561403,168138,165875,165926,164941,69,366,1282,120,-682,656,-193,51,-26,-373,1257,-345,693,-660,-147,-35,18,52,
4198837,1656034,168138,165875,165926,164941,72,365,1321,120,-682,656,-208,53,-28,-352,1289,-405,692,-659,-164,-32,24,41,
4198837,1656034,168085,165875,165926,164941,38,342,1252,122,-688,658,-222,59,-20,-367,1298,-347,691,-670,-137,-10,20,39,
4198837,1656034,168085,165905,165926,164941,46,354,1306,122,-688,658,-216,61,-23,-363,1286,-352,691,-670,-137,11,19,38,
4198837,1656034,168085,165905,165892,164941,52,350,1257,123,-677,651,-168,58,-27,-393,1260,-357,692,-672,-155,23,21,34,
4198837,1656034,168085,165905,165892,164975,56,346,1318,123,-677,651,-150,49,-28,-362,1279,-371,692,-672,-155,8,11,20,
4198837,1656034,168085,165905,165892,164975,87,346,1332,123,-671,666,-129,39,-28,-388,1263,-322,692,-656,-158,3,20,17,
4198837,1656034,168085,165905,165892,164975,29,344,1286,124,-680,664,-106,35,-28,-364,1292,-363,692,-656,-158,-15,14,10,
4193996,1656034,168085,165905,165892,164975,77,352,1321,124,-680,664,-84,25,-29,-364,1291,-372,685,-660,-155,-16,9,1,
4193996,1718775,168085,165905,165892,164975,62,327,1274,125,-680,666,-63,10,-31,-376,1287,-351,688,-665,-161,-14,13,-10,
4193996,1718775,168084,165905,165892,164975,45,348,1334,125,-680,666,-33,0,-38,-342,1299,-360,688,-665,-161,-15,10,-20,
4193996,1718775,168084,165954,165892,164975,58,341,1306,119,-675,664,-13,-1,-39,-375,1291,-341,691,-667,-139,-15,16,-32,
4193996,1718775,168084,165954,165914,164975,60,350,1272,122,-676,658,-2,-4,-39,-356,1264,-352,691,-667,-139,-4,9,-32,
4193996,1718775,168084,165954,165914,165016,46,338,1299,122,-676,658,9,-4,-37,-379,1257,-352,691,-667,-159,13,2,-24,
4193996,1718775,168084,165954,165914,165016,39,348,1240,124,-681,658,15,-9,-30,-370,1238,-367,691,-667,-159,21,-4,-29,
4193996,1718775,168084,165954,165914,165016,47,359,1288,124,-681,658,17,-14,-27,-377,1231,-339,691,-661,-157,15,0,-13,
4192887,1718775,168084,165954,165914,165016,49,352,1266,122,-675,663,20,-10,-31,-385,1239,-349,691,-661,-157,-25,5,-2,
4192887,1754115,168084,165954,165914,165016,43,371,1292,122,-675,663,22,-4,-37,-355,1265,-371,692,-664,-155,-51,11,3,
4192887,1754115,168071,165954,165914,165016,73,367,1342,122,-672,656,16,-5,-40,-373,1261,-361,693,-665,-160,-35,6,10,
4192887,1754115,168071,165994,165914,165016,55,355,1247,123,-684,655,14,-2,-39,-364,1292,-375,693,-665,-160,-24,11,1,
4192887,1754115,168071,165994,165906,165016,29,358,1322,123,-684,655,11,-1,-36,-362,1296,-326,690,-669,-157,-4,-5,-6,
4192887,1754115,168071,165994,165906,165034,59,360,1272,123,-684,652,10,5,-27,-372,1274,-343,690,-669,-157,15,3,-14,
4192887,1754115,168071,165994,165906,165034,51,357,1248,123,-684,652,26,4,-28,-380,1272,-377,690,-661,-151,23,7,-19,
4192887,1754115,168071,165994,165906,165034,30,363,1277,119,-676,645,33,-4,-24,-376,1249,-319,690,-661,-151,10,12,-30,
4200906,1754115,168071,165994,165906,165034,68,361,1269,120,-686,650,33,-11,-34,-361,1265,-403,691,-659,-142,-7,13,-33,
4200906,1724271,168071,165994,165906,165034,27,374,1298,120,-686,650,28,-15,-33,-399,1264,-322,690,-666,-172,-13,11,-17,
4200906,1724271,168146,165994,165906,165034,54,369,1320,119,-692,656,32,-21,-33,-365,1275,-347,690,-666,-172,-17,2,-17,
4200906,1724271,168146,165962,165906,165034,60,374,1298,119,-692,656,28,-21,-34,-356,1275,-378,695,-663,-162,8,6,-25,
4200906,1724271,168146,165962,165943,165034,57,366,1181,116,-686,651,21,-12,-42,-349,1250,-405,695,-663,-162,28,-7,-23,
4200906,1724271,168146,165962,165943,164989,79,380,1336,116,-686,651,8,-14,-45,-415,1203,-286,695,-668,-147,37,-4,-18,
4200906,1724271,168146,165962,165943,164989,28,389,1215,122,-687,651,-22,-11,-49,-371,1249,-394,695,-668,-147,16,-3,-2,
4200906,1724271,168146,165962,165943,164989,58,378,1257,117,-692,651,-38,-1,-47,-347,1285,-433,691,-657,-165,-8,12,7,
4200255,1724271,168146,165962,165943,164989,52,374,1228,117,-692,651,-66,1,-44,-366,1287,-397,691,-660,-158,-18,16,16,
4200255,1720255,168146,165962,165943,164989,73,373,1294,118,-691,656,-85,12,-34,-387,1281,-331,692,-660,-158,-2,8,20,
4200255,1720255,167999,165962,165943,164989,48,370,1242,118,-691,656,-110,33,-35,-399,1268,-302,693,-666,-157,9,6,23,
4200255,1720255,167999,166087,165943,164989,55,379,1283,121,-686,654,-137,48,-29,-384,1251,-393,693,-666,-157,20,3,16,
4200255,1720255,167999,166087,165787,164989,87,365,1287,121,-682,655,-170,60,-26,-378,1268,-321,687,-666,-160,13,4,20,
4200255,1720255,167999,166087,165787,165010,64,368,1294,121,-682,655,-185,58,-24,-383,1260,-358,687,-666,-160,-2,6,15,
4200255,1720255,167999,166087,165787,165010,57,362,1312,119,-688,654,-184,58,-25,-348,1289,-420,690,-661,-159,-5,9,18,
4200255,1720255,167999,166087,165787,165010,32,340,1269,119,-688,654,-181,59,-24,-393,1266,-319,690,-661,-159,-15,4,15,
4196468,1720255,167999,166087,165787,165010,67,360,1278,123,-680,655,-176,54,-25,-383,1272,-323,690,-659,-159,-6,4,15,
4196468,1691140,167999,166087,165787,165010,45,352,1289,123,-680,655,-154,51,-25,-430,1259,-237,690,-670,-150,10,-4,16,
4196468,1691140,168065,166087,165787,165010,69,333,1259,120,-680,656,-144,39,-24,-357,1275,-365,690,-670,-150,14,5,12,
4196468,1691140,168065,166008,165787,165010,53,340,1273,122,-681,663,-114,31,-27,-393,1249,-375,690,-668,-163,4,7,18,
4196468,1691140,168065,166008,165834,165010,55,335,1284,122,-681,663,-87,23,-28,-382,1249,-314,690,-668,-163,-5,24,25,
4196468,1691140,168065,166008,165834,165047,57,345,1334,122,-681,664,-74,12,-35,-344,1286,-391,689,-667,-154,-12,20,29,
4196468,1691140,168065,166008,165834,165047,49,357,1297,122,-681,664,-63,-1,-39,-373,1291,-357,689,-667,-154,-5,13,33,
4196468,1691140,168065,166008,165834,165047,86,346,1328,119,-675,656,-60,2,-34,-373,1299,-357,686,-663,-142,4,-1,26,
4196976,1691140,168065,166008,165834,165047,47,363,1304,121,-680,655,-46,-3,-35,-413,1271,-270,687,-664,-151,12,0,10,
4196976,1747660,168065,166008,165834,165047,77,348,1335,121,-680,655,-49,-2,-37,-350,1278,-385,687,-664,-151,10,-3,6,
4196976,1747660,168014,166008,165834,165047,45,330,1214,121,-679,657,-41,-2,-39,-373,1278,-363,685,-670,-169,4,3,-5,
4196976,1747660,168014,165703,165834,165047,54,354,1279,121,-679,657,-35,-2,-35,-355,1263,-307,685,-670,-169,-8,1,-6,
4196976,1747660,168014,165703,165709,165047,53,353,1342,122,-677,650,-29,-2,-35,-368,1277,-363,688,-672,-153,7,4,-3,
4196976,1747660,168014,165703,165709,164902,59,353,1256,122,-677,657,-37,-1,-36,-375,1271,-353,688,-672,-153,15,1,-5,
4196976,1747660,168014,165703,165709,164902,71,357,1375,121,-679,657,-26,5,-36,-384,1256,-350,684,-662,-163,13,-5,-14,
4196976,1747660,168014,165703,165709,164902,36,349,1254,120,-682,664,-17,2,-30,-376,1248,-319,684,-662,-163,1,254,-18,
4197413,1747660,168014,165703,165709,164902,35,357,1265,120,-682,664,-8,2,-41,-364,1259,-389,687,-666,-140,-7,4,-16,
4197413,1769198,168014,165703,165709,164902,37,368,1311,120,-683,650,-5,5,-36,-385,1263,-310,689,-670,-142,-5,7,-12,
4197413,1769198,167993,165703,165709,164902,56,350,1319,120,-683,650,3,2,-37,-369,1271,-361,689,-670,-142,1,9,-9,
4197413,1769198,167993,166080,165709,164902,68,354,1321,120,-672,657,17,-1,-29,-391,1291,-336,687,-667,-142,12,5,-15,
4197413,1769198,167993,166080,165907,164902,46,343,1248,121,-686,650,19,-7,-33,-374,1266,-337,687,-667,-142,12,-5,-20,
4197413,1769198,167993,166080,165907,164923,26,355,1297,121,-686,650,32,-5,-41,-348,1271,-395,688,-666,-163,13,-7,-16,
4197413,1769198,167993,166080,165907,164923,56,374,1284,122,-685,654,40,-6,-33,-422,1239,-252,688,-666,-163,-4,0,-18,
4197413,1769198,167993,166080,165907,164923,34,354,1262,122,-685,654,31,-5,-39,-355,1269,-350,686,-664,-160,-6,-1,-21,
4199158,1769198,167993,166080,165907,164923,69,353,1254,118,-682,658,29,-10,-41,-384,1255,-311,687,-669,-161,-1,4,-20,
4199158,1770068,167993,166080,165907,164923,41,371,1302,118,-686,655,26,-11,-36,-400,1261,-319,687,-669,-161,7,7,-17,
4199158,1770068,168013,166080,165907,164923,75,357,1238,123,-686,655,28,-8,-43,-370,1250,-337,692,-669,-162,5,-9,-13,
4199158,1770068,168013,166134,165907,164923,50,370,1303,119,-692,648,24,-6,-36,-338,1262,-399,692,-669,-162,10,-7,-8,
4199158,1770068,168013,166134,165841,164923,61,370,1296,119,-692,648,9,0,-34,-363,1268,-370,690,-670,-148,12,16,-1,
4199158,1770068,168013,166134,165841,164367,41,364,1237,118,-691,650,4,-2,-34,-357,1275,-362,690,-670,-148,-3,7,4,
4199158,1770068,168013,166134,165841,164367,76,357,1249,118,-691,650,-6,-4,-35,-374,1270,-335,688,-662,-140,0,9,3,
4199158,1770068,168013,166134,165841,164367,107,362,1301,124,-679,648,-15,-7,-36,-389,1262,-306,688,-666,-153,5,13,4,
4204293,1770068,168013,166134,165841,164367,50,368,1278,118,-694,651,-21,-8,-35,-369,1275,-340,686,-666,-153,5,7,-2,
4204293,1752369,168013,166134,165841,164367,63,351,1229,118,-694,651,-20,-9,-44,-383,1273,-339,684,-667,-144,6,10,0,
4204293,1752369,167908,166134,165841,164367,88,361,1297,118,-693,656,-21,-6,-38,-370,1266,-369,684,-667,-144,1,5,2,
4204293,1752369,167908,165541,165841,164367,65,378,1287,118,-693,656,-27,-4,-37,-335,1294,-409,691,-668,-142,-6,12,-7,
4204293,1752369,167908,165541,165790,164367,67,367,1270,117,-689,643,-30,4,-39,-410,1249,-305,691,-668,-142,11,13,0,
4204293,1752369,167908,165541,165790,164917,57,375,1268,118,-684,644,-42,9,-29,-362,1260,-390,684,-665,-150,10,16,4,
4204293,1752369,167908,165541,165790,164917,43,369,1177,118,-684,644,-63,10,-34,-400,1246,-290,684,-665,-150,-7,7,5,
4204293,1752369,167908,165541,165790,164917,77,370,1267,117,-693,652,-59,15,-32,-387,1266,-314,687,-657,-148,-19,2,6,
4203385,1752369,167908,165541,165790,164917,78,371,1264,117,-693,652,-63,11,-31,-400,1266,-288,686,-670,-138,-13,1,3,
4203385,1773703,167908,165541,165790,164917,44,369,1278,118,-685,651,-69,9,-27,-363,1268,-364,686,-670,-138,0,7,-4,
4203385,1773703,167883,165541,165790,164917,61,369,1289,118,-685,651,-71,12,-28,-399,1273,-377,687,-672,-138,24,-1,0,
4203385,1773703,167883,165930,165790,164917,41,355,1208,120,-684,647,-83,9,-35,-396,1244,-319,687,-672,-138,23,4,-3,
4203385,1773703,167883,165930,165747,164917,93,365,1326,120,-689,654,-72,15,-34,-372,1253,-358,687,-660,-158,19,6,-5,
4203385,1773703,167883,165930,165747,164811,51,361,1313,120,-689,654,-66,13,-32,-396,1245,-292,687,-660,-158,0,-1,17,
4203385,1773703,167883,165930,165747,164811,30,374,1283,120,-692,647,-67,8,-27,-363,1285,-384,688,-666,-150,6,3,9,
4203385,1773703,167883,165930,165747,164811,54,368,1252,120,-692,647,-66,6,-28,-399,1253,-300,690,-667,-166,-1,14,6,
4203772,1773703,167883,165930,165747,164811,68,362,1237,120,-684,649,-61,9,-29,-361,1266,-363,690,-667,-166,1,20,9,
4203772,1757960,167883,165930,165747,164811,62,375,1317,120,-691,652,-63,8,-36,-348,1276,-387,687,-668,-134,-2,20,8,
4203772,1757960,168038,165930,165747,164811,49,351,1193,120,-691,652,-59,9,-31,-359,1270,-351,687,-668,-134,-9,10,7,
4203772,1757960,168038,166028,165747,164811,62,382,1336,119,-687,647,-57,3,-34,-373,1266,-326,686,-672,-148,-9,5,6,
4203772,1757960,168038,166028,165855,164811,62,353,1246,119,-687,647,-56,4,-31,-419,1265,-245,686,-672,-148,4,7,9,
4203772,1757960,168038,166028,165855,164976,43,361,1243,119,-686,653,-52,8,-33,-380,1266,-338,684,-660,-145,7,8,10,
4203772,1757960,168038,166028,165855,164976,67,365,1262,119,-686,653,-47,4,-37,-398,1281,-289,684,-660,-149,-4,4,-255,
4203772,1757960,168038,166028,165855,164976,47,375,1336,117,-689,646,-42,-1,-38,-401,1267,-292,684,-670,-149,13,2,-6,
4205111,1757960,168038,166028,165855,164976,44,362,1258,116,-691,654,-35,-6,-36,-360,1260,-360,686,-672,-146,17,8,-13,
4205111,1777665,168038,166028,165855,164976,50,369,1274,116,-691,654,-24,-1,-42,-376,1251,-320,686,-672,-146,9,17,-11,
4205111,1777665,167924,166028,165855,164976,95,374,1307,120,-692,653,-23,2,-33,-382,1253,-334,691,-672,-149,-3,11,0,
4205111,1777665,167924,165994,165855,164976,49,368,1251,120,-692,653,-41,-5,-32,-334,1276,-418,691,-672,-149,-1,5,6,
4205111,1777665,167924,165994,165940,164976,25,368,1217,119,-687,652,-41,-5,-33,-382,1251,-306,686,-669,-145,6,5,7,
4205111,1777665,167924,165994,165940,164904,96,361,1306,118,-692,649,-35,-4,-37,-366,1276,-346,686,-669,-145,8,5,9,
4205111,1777665,167924,165994,165940,164904,31,368,1227,118,-692,649,-41,-4,-35,-378,1268,-314,687,-665,-152,3,1,11,
4205111,1777665,167924,165994,165940,164904,66,369,1266,119,-688,656,-38,0,-41,-431,1238,-215,685,-671,-160,-6,-1,10,
4207092,1777665,167924,165994,165940,164904,57,368,1279,119,-688,656,-42,2,-39,-399,1269,-308,685,-671,-160,-1,1,6,
4207092,1754857,167924,165994,165940,164904,45,367,1288,121,-693,650,-44,3,-35,-410,1255,-323,683,-669,-159,5,9,-1,
4207092,1754857,167994,165994,165940,164904,82,361,1264,121,-693,648,-47,4,-35,-325,1299,-424,683,-669,-159,9,16,-5,
4207092,1754857,167994,166015,165940,164904,33,358,1244,114,-693,648,-46,8,-43,-353,1289,-380,685,-668,-152,8,22,-16,
4207092,1754857,167994,166015,165949,164904,54,369,1303,119,-691,658,-47,11,-36,-304,1290,-462,685,-668,-152,6,6,-11,
4207092,1754857,167994,166015,165949,164937,59,369,1271,119,-691,658,-49,10,-38,-362,1274,-344,683,-662,-153,12,18,-12,
4207092,1754857,167994,166015,165949,164937,58,370,1220,116,-693,648,-51,6,-39,-322,1290,-443,686,-668,-161,10,7,-14,
4207092,1754857,167994,166015,165949,164937,56,381,1264,116,-693,648,-51,3,-36,-349,1274,-382,686,-668,-161,4,9,-10,
4209346,1754857,167994,166015,165949,164937,64,368,1286,116,-685,643,-55,-3,-39,-339,1262,-402,685,-669,-149,2,6,-12,
4209346,1758584,167994,166015,165949,164937,106,377,1332,121,-694,644,-51,1,-45,-399,1251,-294,685,-669,-149,6,-5,-3,
4209346,1758584,168079,166015,165949,164937,72,365,1272,121,-694,644,-45,10,-35,-346,1260,-377,687,-672,-147,8,-5,1,
4209346,1758584,168079,166037,165949,164937,49,374,1304,118,-691,651,-54,3,-30,-334,1270,-423,687,-672,-147,-3,1,15,
4209346,1758584,168079,166037,165946,164937,93,365,1311,118,-691,651,-51,12,-33,-407,1266,-300,684,-666,-155,-13,6,9,
4209346,1758584,168079,166037,165946,164996,30,368,1250,119,-685,648,-51,12,-35,-317,1303,-421,684,-666,-155,-5,3,15,
4209346,1758584,168079,166037,165946,164996,76,366,1305,119,-687,656,-53,7,-37,-367,1284,-315,687,-668,-154,-4,1,3,
4209346,1758584,168079,166037,165946,164996,58,359,1221,117,-687,656,-59,2,-32,-344,1296,-406,683,-674,-156,-3,4,-11,
4209042,1758584,168079,166037,165946,164996,95,371,1370,120,-689,647,-52,0,-37,-400,1276,-272,683,-674,-156,14,-3,-20,
4209042,1785640,168079,166037,165946,164996,83,357,1318,120,-689,647,-47,-2,-29,-344,1295,-413,686,-674,-155,37,-3,-37,
4209042,1785640,168003,166037,165946,164996,77,360,1262,121,-691,657,-50,0,-36,-316,1292,-451,686,-674,-155,32,0,-40,
4209042,1785640,168003,166231,165946,164996,48,369,1270,121,-691,657,-44,2,-39,-358,1262,-367,685,-663,-145,23,3,-45,
4209042,1785640,168003,166231,165906,164996,36,374,1349,118,-678,639,-43,5,-37,-432,1219,-236,685,-663,-145,13,-10,-32,
4209042,1785640,168003,166231,165906,165074,66,370,1250,118,-692,652,-41,-2,-39,-358,1256,-370,683,-665,-152,19,4,-16,
4209042,1785640,168003,166231,165906,165074,87,355,1266,118,-692,652,-39,-4,-40,-318,1278,-461,688,-669,-159,12,11,-16,
4209042,1785640,168003,166231,165906,165074,24,372,1223,118,-689,656,-31,-3,-44,-355,1265,-392,688,-669,-159,11,20,-5,
4208845,1785640,168003,166231,165906,165074,86,362,1296,118,-689,656,-27,-1,-41,-344,1275,-393,687,-668,-144,8,8,7,
4208845,1805245,168003,166231,165906,165074,66,361,1192,120,-689,641,-19,2,-34,-374,1258,-336,687,-668,-144,0,13,12,
4208845,1805245,168078,166231,165906,165074,91,365,1322,117,-687,654,-24,3,-37,-365,1283,-359,684,-666,-147,-4,13,8,
4208845,1805245,168078,165959,165906,165074,46,376,1287,117,-687,654,-37,-6,-33,-345,1299,-382,684,-666,-147,-5,11,5,
4208845,1805245,168078,165959,165985,165074,54,367,1511,121,-692,651,-35,0,-42,-358,1283,-328,681,-660,-145,-1,12,-1,
4208845,1805245,168078,165959,165985,165001,69,365,1253,121,-692,651,-37,-4,-48,-359,1289,-360,681,-668,-142,12,5,-9,
4208845,1805245,168078,165959,165985,165001,73,369,1289,119,-692,642,-37,6,-41,-389,1262,-308,688,-668,-142,14,4,-21,
4208845,1805245,168078,165959,165985,165001,34,386,1278,119,-692,642,-45,-1,-33,-364,1272,-350,689,-670,-155,19,12,-19,
4208504,1805245,168078,165959,165985,165001,67,357,1197,119,-687,650,-55,6,-30,-376,1270,-323,689,-670,-155,17,2,-11,
4208504,1804292,168078,165959,165985,165001,80,360,1305,121,-691,651,-64,9,-33,-351,1263,-414,683,-669,-156,15,4,-7,
4208504,1804292,168065,165959,165985,165001,60,364,1312,121,-691,651,-61,15,-29,-384,1244,-299,683,-669,-156,-5,1,1,
4208504,1804292,168065,166073,165985,165001,83,359,1252,119,-690,654,-62,16,-30,-390,1251,-332,686,-669,-140,0,6,10,
4208504,1804292,168065,166073,165722,165001,55,376,1296,119,-690,654,-71,15,-28,-361,1250,-353,686,-669,-140,0,11,4,
4208504,1804292,168065,166073,165722,164754,45,374,1235,118,-686,651,-76,12,-30,-393,1244,-298,688,-667,-138,4,-3,13,
4208504,1804292,168065,166073,165722,164754,72,362,1308,121,-683,643,-81,20,-31,-337,1280,-416,688,-673,-151,1,0,16,
4208504,1804292,168065,166073,165722,164754,41,385,1297,121,-683,643,-78,13,-25,-331,1286,-392,688,-673,-151,-5,2,17,
4206223,1804292,168065,166073,165722,164754,77,366,1316,121,-687,639,-80,17,-25,-348,1029,-315,684,-670,-161,-3,8,7,
4206223,1784071,168065,166073,165722,164754,43,362,1251,121,-687,639,-85,23,-29,-391,1270,-298,684,-670,-161,1,3,1,
4206223,1784071,168130,166073,165722,164754,65,366,1286,120,-690,653,-86,29,-31,-359,1278,-366,681,-660,-153,9,7,0,
4206223,1784071,168130,166090,165722,164754,40,373,1295,120,-690,653,-89,27,-25,-386,1268,-312,681,-660,-153,-1,2,-1,
4206223,1784071,168130,166090,165903,164754,76,366,1336,120,-683,657,-87,25,-23,-371,1273,-340,685,-663,-149,1,1,-7,
4206223,1784071,168130,166090,165903,164777,38,372,1257,121,-692,651,-94,25,-25,-319,1285,-425,686,-665,-164,3,10,-7,
4206223,1784071,168130,166090,165903,164777,39,371,1269,121,-692,651,-91,28,-32,-390,1251,-298,686,-665,-164,10,8,-5,
4206223,1784071,168130,166090,165903,164777,46,367,1341,122,-687,646,-85,24,-28,-321,1294,-412,686,-672,-147,2,17,-8,
4204559,1784071,168130,166090,165903,164777,35,353,1256,122,-687,646,-70,16,-30,-387,1296,-434,686,-672,-147,0,6,-7,
4204559,1845045,168130,166090,165903,164777,50,362,1267,119,-682,656,-62,12,-32,-380,1268,-360,682,-674,-145,10,8,-6,
4204559,1845045,168034,166090,165903,164777,54,362,1299,120,-685,653,-55,4,-40,-413,1238,-281,682,-674,-145,10,8,-15,
4204559,1845045,168034,166168,165903,164777,72,355,1299,120,-685,653,-37,7,-34,-371,1257,-340,687,-665,-144,3,-1,-10,
4204559,1845045,168034,166168,165836,164777,46,350,1246,122,-688,647,-24,4,-31,-320,1283,-432,687,-665,-144,0,9,-6,
4204559,1845045,168034,166168,165836,165033,60,359,1316,122,-688,647,-5,-1,-33,-373,1254,-357,684,-670,-151,2,2,4,
4204559,1845045,168034,166168,165836,165033,49,362,1263,122,-688,663,6,-3,-40,-371,1262,-346,684,-674,-159,8,2,9,
4204559,1845045,168034,166168,165836,165033,60,361,1295,122,-688,663,22,-8,-43,-390,1262,-305,684,-674,-159,0,4,8,
4207870,1845045,168034,166168,165836,165033,77,360,1318,122,-684,642,32,-16,-42,-339,1277,-384,687,-672,-152,4,9,3,
4207870,1861029,168034,166168,165836,165033,46,363,1292,121,-691,648,46,-19,-41,-314,1306,-441,687,-672,-152,5,25,-4,
4207870,1861029,167888,166168,165836,165033,55,369,1312,121,-691,648,61,-24,-43,-333,1292,-401,684,-671,-146,-4,11,-14,
4207870,1861029,167888,166025,165836,165033,51,374,1308,122,-696,649,67,-27,-42,-297,1307,-463,684,-671,-146,7,10,-18,
4207870,1861029,167888,166025,165774,165033,64,368,1282,122,-696,649,71,-35,-36,-332,1284,-409,685,-665,-158,14,16,-24,
4207870,1861029,167888,166025,165774,164899,60,368,1269,119,-687,640,78,-30,-38,-378,1276,-349,685,-672,-158,12,7,-28,
4207870,1861029,167888,166025,165774,164899,33,387,1271,115,-696,647,81,-27,-42,-357,1276,-333,685,-672,-158,8,1,-26,
4207870,1861029,167888,166025,165774,164899,62,387,1252,115,-696,647,79,-30,-41,-406,1242,-300,687,-669,-155,1,-2,-20,
4209383,1861029,167888,166025,165774,164899,53,370,1226,115,-700,643,84,-28,-44,-377,1279,-363,687,-669,-155,-2,1,-21,
4209383,1863878,167888,166025,165774,164899,64,394,1329,115,-700,643,84,-25,-49,-355,1292,-386,687,-670,-150,-4,12,-22,
4209383,1863878,168044,166025,165774,164899,112,370,1243,113,-699,638,82,-27,-42,-346,1290,-362,687,-670,-150,11,5,-18,
4209383,1863878,168044,166107,165774,164899,46,406,1319,113,-699,639,79,-29,-43,-392,1248,-299,682,-660,-140,22,1,-24,
4209383,1863878,168044,166107,165917,164899,88,374,1207,114,-701,639,76,-30,-45,-372,1244,-309,682,-668,-146,28,-4,-27,
4209383,1863878,168044,166107,165917,165006,57,389,1297,115,-704,638,91,-35,-41,-386,1265,-334,688,-668,-146,19,-3,-26,
4209383,1863878,168044,166107,165917,165006,75,407,1317,115,-704,638,96,-29,-42,-320,1306,-463,688,-669,-143,5,7,-19,
4209383,1863878,168044,166107,165917,165006,34,402,1268,116,-712,634,108,-33,-41,-380,1280,-245,688,-669,-143,-5,13,-31,
4205610,1863878,168044,166107,165917,165006,81,391,1276,116,-712,634,110,-33,-42,-352,1297,-390,689,-668,-144,-4,-7,-44,
4205610,1791646,168044,166107,165917,165006,85,407,1274,115,-707,628,103,-30,-44,-397,1275,-283,689,-668,-144,-7,-2,-55,
4205610,1791646,167977,166107,165917,165006,57,411,1256,117,-718,636,95,-30,-44,-382,1269,-305,692,-665,-154,-1,-1,-65,
4205610,1791646,167977,166100,165917,165006,98,409,1292,117,-718,636,79,-26,-38,-385,1278,-321,692,-665,-154,3,0,-68,
4205610,1791646,167977,166100,165960,165006,50,424,1270,113,-718,630,60,-19,-43,-375,1276,-350,689,-663,-149,-6,2,-71,
4205610,1791646,167977,166100,165960,164921,58,413,1252,113,-718,630,33,-15,-43,-362,1267,-361,696,-669,-153,16,7,-67,
4205610,1791646,167977,166100,165960,164921,65,421,1240,110,-709,630,16,-8,-40,-406,1235,-298,696,-669,-153,24,6,-55,
4205610,1791646,167977,166100,165960,164921,79,411,1243,110,-709,632,3,-7,-45,-379,1250,-383,693,-664,-161,10,9,-51,
4208149,1791646,167977,166100,165960,164921,79,430,1309,110,-709,632,-40,0,-43,-383,1244,-340,693,-664,-161,8,12,-39,
4208149,1787536,167977,166100,165960,164921,74,418,1256,115,-715,631,-48,3,-38,-409,1239,-298,695,-656,-152,5,-3,-29,
4208149,1787536,167695,166100,165960,164921,78,425,1276,115,-715,631,-62,21,-35,-359,1262,-375,695,-656,-152,5,-13,-23,
4208149,1787536,167695,166139,165960,164921,86,422,1293,110,-711,637,-71,23,-33,-385,1245,-335,690,-659,-135,7,2,-9,
4208149,1787536,167695,166139,165865,164921,80,428,1250,110,-711,637,-91,29,-32,-392,1246,-323,694,-663,-150,5,5,-5,
4208149,1787536,167695,166139,165865,164998,90,406,1224,109,-708,626,-109,40,-32,-354,1266,-404,694,-663,-150,-2,2,-1,
4208149,1787536,167695,166139,165865,164998,74,419,1265,111,-711,629,-123,40,-32,-404,1241,-279,691,-666,-146,-6,-3,2,
4208149,1787536,167695,166139,165865,164998,68,421,1304,111,-711,629,-127,44,-31,-356,1285,-368,691,-666,-146,-1,-5,11,
4206738,1787536,167695,166139,165865,164998,92,423,1318,115,-714,633,-141,42,-27,-377,1284,-361,692,-665,-145,-1,4,14,
4206738,1818411,167695,166139,165865,164998,55,414,1209,115,-714,633,-161,46,-27,-359,1296,-359,692,-665,-145,-15,13,7,
4206738,1818411,168055,166139,165865,164998,42,410,1232,113,-701,644,-178,47,-34,-376,1294,-321,690,-650,-146,-5,-3,-4,
4206738,1818411,168055,166036,165865,164998,74,396,1259,112,-700,639,-197,59,-31,-356,1292,-359,690,-650,-143,2,1,-14,
4206738,1818411,168055,166036,166003,164998,57,406,1247,112,-700,639,-200,61,-27,-378,1265,-329,692,-665,-143,17,4,-14,
4206738,1818411,168055,166036,166003,164935,73,399,1273,116,-705,643,-205,57,-23,-369,1269,-358,694,-664,-156,17,7,-16,
4206738,1818411,168055,166036,166003,164935,79,394,1256,116,-705,643,-204,60,-25,-397,1254,-343,694,-664,-156,6,8,-13,
4206738,1818411,168055,166036,166003,164935,68,385,1290,115,-696,643,-200,66,-24,-388,1255,-316,687,-664,-142,-6,-1,-11,
4189863,1818411,168055,166036,166003,164935,56,391,1281,115,-696,643,-204,63,-30,-367,1276,-361,687,-664,-142,-6,7,-8,
4189863,1858101,168055,166036,166003,164935,78,376,1275,117,-693,645,-207,63,-31,-388,1254,-298,691,-663,-159,5,2,-8,
4189863,1858101,168012,166036,166003,164935,72,376,1288,117,-698,646,-205,61,-28,-353,1278,-381,691,-663,-159,13,6,-9,
4189863,1858101,168012,165542,166003,164935,69,388,1276,117,-698,646,-198,50,-27,-407,1258,-292,691,-659,-158,2,2,-8,
4189863,1858101,168012,165542,165893,164935,74,364,1287,116,-695,650,-191,46,-30,-381,1267,-343,693,-667,-150,-6,2,-9,
4189863,1858101,168012,165542,165893,164954,63,381,1325,116,-695,650,-163,39,-37,-419,1260,-297,693,-667,-150,-6,5,-1,
4189863,1858101,168012,165542,165893,164954,67,364,1239,119,-683,652,-145,33,-34,-416,1253,-405,693,-665,-157,4,4,1,
4189863,1858101,168012,165542,165893,164954,63,371,1342,123,-689,644,-125,35,-39,-362,1268,-373,693,-665,-157,-3,3,-12,
4173298,1858101,168012,165542,165893,164954,55,359,1281,123,-689,644,-108,30,-32,-379,1255,-340,691,-658,-152,-5,1,-7,
4173298,1923163,168012,165542,165893,164954,60,361,1282,122,-692,650,-90,20,-38,-380,1265,-324,691,-658,-152,-8,5,-10,
4173298,1923163,168059,165542,165893,164954,71,364,1305,122,-692,650,-71,11,-43,-368,1291,-362,695,-660,-146,-8,7,-12,
4173298,1923163,168059,166055,165893,164954,21,360,1264,118,-691,644,-52,10,-37,-377,1269,-330,694,-665,-164,3,6,-10,
4173298,1923163,168059,166055,165763,164954,65,361,1341,118,-691,644,-32,5,-39,-373,1269,-360,694,-665,-164,23,-6,-19,
4173298,1923163,168059,166055,165763,164838,84,356,1270,118,-685,653,-6,1,-33,-390,1262,-335,695,-667,-143,13,-8,-22,
4173298,1923163,168059,166055,165763,164838,47,364,1257,122,-689,650,15,-5,-30,-369,1268,-336,695,-667,-143,-3,-1,-22,
4173298,1923163,168059,166055,165763,164838,41,367,1263,122,-689,650,20,-13,-36,-387,1271,-315,691,-666,-153,-13,7,-14,
4175463,1923163,168059,166055,165763,164838,64,372,1253,121,-692,655,28,-20,-37,-363,1278,-349,691,-666,-153,3,9,-24,
4175463,1924624,168059,166055,165763,164838,79,371,1304,121,-692,655,42,-17,-32,-378,1257,-331,692,-659,-143,23,9,-23,
4175463,1924624,168101,166055,165763,164838,71,380,1301,118,-691,656,42,-14,-31,-387,1250,-346,692,-659,-143,23,-2,-21,
4175463,1924624,168101,166036,165763,164838,68,377,1286,117,-693,642,38,-10,-31,-390,1230,-331,696,-661,-143,10,1,-11,
4175463,1924624,168101,166036,165999,164838,49,396,1301,117,-693,642,35,-12,-39,-391,1237,-347,694,-663,-156,-5,5,-2,
4175463,1924624,168101,166036,165999,164845,65,380,1246,116,-697,641,23,-10,-40,-399,1239,-335,694,-663,-156,-15,9,9,
4175463,1924624,168101,166036,165999,164845,74,374,1264,116,-697,641,11,-7,-34,-365,1278,-342,695,-665,-153,-10,9,12,
4175463,1924624,168101,166036,165999,164845,50,407,1315,118,-697,648,-2,-2,-42,-389,1275,-344,695,-665,-153,3,5,6,
4183833,1924624,168101,166036,165999,164845,50,384,1227,118,-697,648,-11,2,-35,-364,1260,-372,695,-657,-141,17,9,4,
4183833,1917530,168101,166036,165999,164845,77,379,1295,116,-698,660,-14,1,-37,-368,1268,-385,695,-657,-141,17,15,6,
4183833,1917530,168138,166036,165999,164845,68,384,1256,117,-699,643,-27,1,-37,-375,1262,-348,690,-660,-145,6,9,11,
4183833,1917530,168138,166021,165999,164845,48,388,1251,117,-699,643,-47,8,-34,-364,1267,-361,692,-663,-140,-3,7,10,
4183833,1917530,168138,166021,165970,164845,87,379,1265,116,-700,648,-62,9,-28,-366,1277,-390,692,-663,-140,-3,0,14,
4183833,1917530,168138,166021,165970,164998,56,393,1248,116,-700,648,-74,10,-34,-388,1264,-328,693,-661,-154,6,4,14,
4183833,1917530,168138,166021,165970,164998,44,394,1263,117,-688,644,-76,9,-35,-367,1277,-372,693,-661,-154,10,3,10,
4183833,1917530,168138,166021,165970,164998,60,389,1319,118,-695,639,-80,17,-31,-398,1261,-304,689,-659,-151,12,9,3,
4187189,1917530,168138,166021,165970,164998,101,383,1284,118,-695,639,-94,25,-28,-373,1266,-357,689,-659,-151,18,13,2,
4187189,1935863,168138,166021,165970,164998,93,378,1294,116,-696,649,-113,26,-24,-354,1286,-389,688,-656,-155,1,12,5,
4187189,1935863,168076,166021,165970,164998,50,386,1250,116,-696,649,-121,32,-28,-415,1263,-273,688,-662,-152,-2,12,6,
4187189,1935863,168076,166121,165970,164998,113,370,1329,115,-691,642,-119,34,-34,-378,1265,-330,691,-662,-152,15,-1,-3,
4187189,1935863,168076,166121,165860,164998,68,363,1277,115,-685,658,-119,32,-29,-400,1239,-310,690,-668,-162,15,4,-5,
4187189,1935863,168076,166121,165860,165039,37,373,1254,116,-685,658,-105,34,-31,-374,1247,-315,690,-668,-162,15,5,12,
4187189,1935863,168076,166121,165860,165039,84,356,1308,117,-694,652,-102,31,-37,-364,1257,-346,690,-668,-142,10,2,19,
4187189,1935863,168076,166121,165860,165039,63,360,1212,117,-694,652,-101,26,-29,-383,1238,-341,690,-668,-142,8,6,23,
4179305,1935863,168076,166121,165860,165039,56,362,1250,120,-688,655,-96,29,-28,-384,1251,-325,687,-667,-146,6,4,27,
4179305,1925001,168076,166121,165860,165039,60,378,1317,120,-688,655,-103,24,-22,-382,1250,-353,687,-667,-146,-7,4,34,
4179305,1925001,168155,166121,165860,165039,47,372,1264,120,-683,653,-98,26,-27,-367,1281,-345,693,-662,-155,-16,8,39,
4179305,1925001,168155,166078,165860,165039,59,369,1273,121,-689,649,-91,26,-29,-377,1278,-328,691,-671,-144,-16,19,34,
4179305,1925001,168155,166078,165868,165039,92,380,1357,121,-689,649,-83,24,-29,-361,1312,-370,691,-671,-144,-10,10,19,
4179305,1925001,168155,166078,165868,165039,51,363,1255,124,-690,651,-83,16,-29,-355,1288,-370,688,-668,-150,9,6,-1,
4179305,1925001,168155,166078,165868,165039,80,363,1312,124,-690,651,-77,17,-32,-370,1267,-329,688,-668,-150,25,-4,-11,
4179305,1925001,168155,166078,165868,165039,59,361,1259,120,-681,652,-74,11,-38,-387,1229,-338,689,-666,-149,29,-5,-19,
4179191,1925001,168155,166078,165868,165039,51,372,1290,122,-686,649,-81,12,-34,-368,1250,-338,689,-666,-149,19,4,-15,
4179191,1924893,168155,166078,165868,165039,53,362,1275,122,-686,649,-76,8,-37,-395,1238,-323,686,-663,-146,-4,16,-5,
4179191,1924893,167946,166078,165868,165039,31,363,1496,119,-689,650,-69,10,-29,-373,1265,-353,690,-661,-141,-5,12,-5,
4179191,1924893,167946,165989,165868,165039,67,362,1282,119,-689,650,-71,2,-28,-377,1248,-336,690,-661,-141,10,5,14,
4179191,1924893,167946,165989,165766,165039,58,360,1225,120,-686,660,-64,3,-23,-394,1241,-307,689,-670,-159,12,9,15,
4179191,1924893,167946,165989,165766,164941,80,358,1340,120,-686,660,-47,5,-32,-373,1275,-365,689,-670,-159,11,9,27,
4179191,1924893,167946,165989,165766,164941,36,359,1207,119,-680,655,-35,7,-37,-378,1281,-363,685,-670,-155,8,3,29,
4179191,1924893,167946,165989,165766,164941,38,387,1308,122,-689,651,-35,4,-33,-360,1284,-372,685,-670,-155,5,-13,11,
4181963,1924893,167946,165989,165766,164941,66,364,1321,122,-689,651,-35,-3,-38,-359,1288,-339,685,-658,-148,13,-1,7,
4181963,1901407,167946,165989,165766,164941,64,347,1226,121,-688,657,-34,-1,-45,-380,1287,-325,685,-658,-140,10,8,3,
4181963,1901407,167981,165989,165766,164941,59,354,1275,121,-688,657,-45,4,-37,-370,1285,-350,687,-671,-140,-4,13,-7,
4181963,1901407,167981,166486,165766,164941,34,367,1324,121,-681,664,-41,7,-39,-380,1291,-297,686,-670,-146,-3,14,-22,
4181963,1901407,167981,166486,165900,164941,70,363,1231,122,-687,656,-36,11,-36,-338,1310,-369,686,-670,-146,8,4,-33,
4181963,1901407,167981,166486,165900,165045,68,361,1265,122,-687,656,-42,1,-39,-364,1271,-317,688,-674,-145,15,-1,-42,
4181963,1901407,167981,166486,165900,165045,42,364,1308,119,-691,649,-52,-3,-29,-363,1255,-346,688,-674,-145,18,4,-46,
4181963,1901407,167981,166486,165900,165045,75,369,1282,119,-691,649,-55,2,-38,-380,1240,-351,689,-670,-164,12,9,-41,
4177366,1901407,167981,166486,165900,165045,54,351,1231,124,-687,651,-43,2,-36,-380,1233,-336,689,-670,-164,20,5,-18,
4177366,1891557,167981,166486,165900,165045,50,364,1338,124,-687,651,-36,5,-42,-370,1248,-390,683,-665,-155,22,4,-13,
4177366,1891557,168049,166486,165900,165045,65,349,1254,120,-687,645,-32,-8,-43,-391,1239,-304,683,-666,-136,21,2,-1,
4177366,1891557,168049,166059,165900,165045,82,357,1337,122,-689,651,-27,-6,-47,-350,1249,-389,683,-666,-136,15,5,18,
4177366,1891557,168049,166059,165810,165045,22,363,1274,122,-689,651,-23,-8,-42,-375,1255,-360,690,-669,-147,8,8,23,
4177366,1891557,168049,166059,165810,165090,40,348,1250,116,-690,656,-8,-1,-43,-378,1274,-329,690,-669,-147,-1,12,29,
4177366,1891557,168049,166059,165810,165090,53,365,1308,116,-690,656,-16,-2,-47,-336,1300,-383,685,-667,-156,-5,13,24,
4177366,1891557,168049,166059,165810,165090,32,369,1286,114,-688,647,-10,1,-41,-364,1294,-341,685,-667,-156,-6,9,16,
4181868,1891557,168049,166059,165810,165090,79,374,1258,120,-693,649,-10,0,-34,-369,1274,-310,690,-664,-153,2,7,-1,
4181868,1887414,168049,166059,165810,165090,95,366,1320,120,-693,649,-12,3,-33,-374,1279,-334,690,-666,-152,6,-3,-4,
4181868,1887414,168088,166059,165810,165090,42,385,1268,118,-693,654,-21,6,-33,-350,1283,-369,683,-666,-152,7,-3,-8,
4181868,1887414,168088,165621,165810,165090,66,362,1311,118,-693,654,-31,-1,-31,-367,1264,-328,689,-671,-154,-2,0,-19,
4181868,1887414,168088,165621,165858,165090,53,373,1297,117,-694,642,-45,3,-31,-369,1275,-339,689,-671,-154,5,-1,-19,
4181868,1887414,168088,165621,165858,164967,60,368,1275,117,-694,642,-53,10,-28,-383,1261,-304,686,-672,-157,13,4,-22,
4181868,1887414,168088,165621,165858,164967,54,361,1229,116,-689,649,-66,13,-34,-376,1255,-358,686,-672,-157,25,5,-16,
4181868,1887414,168088,165621,165858,164967,35,392,1269,119,-691,646,-75,15,-27,-399,1254,-309,684,-668,-150,18,8,-22,
4177893,1887414,168088,165621,165858,164967,63,370,1292,119,-691,646,-84,19,-22,-355,1259,-396,684,-668,-150,8,1,-22,
4177893,1911241,168088,165621,165858,164967,52,359,1268,121,-689,648,-90,21,-28,-379,1247,-342,690,-659,-147,7,5,-10,
4177893,1911241,167999,165621,165858,164967,44,372,1314,121,-689,648,-79,14,-29,-369,1262,-337,689,-667,-152,-2,11,-5,
4177893,1911241,167999,166215,165858,164967,80,352,1270,117,-680,651,-78,17,-35,-393,1257,-321,689,-667,-152,3,6,-2,
4177893,1911241,167999,166215,165851,164967,49,367,1295,121,-692,651,-76,15,-37,-355,1259,-345,688,-667,-150,0,-1,-3,
4177893,1911241,167999,166215,165851,164955,68,355,1262,121,-692,651,-65,8,-41,-358,1266,-368,688,-667,-150,7,1,0,
4177893,1911241,167999,166215,165851,164955,62,355,1288,122,-692,649,-63,9,-36,-370,1270,-333,687,-660,-144,6,4,11,
4177893,1911241,167999,166215,165851,164955,53,363,1282,122,-692,649,-62,1,-36,-346,1278,-397,687,-660,-144,3,4,14,
4174307,1911241,167999,166215,165851,164955,73,353,1271,119,-687,652,-50,3,-36,-380,1264,-342,689,-663,-148,-5,7,11,
4174307,1888193,167999,166215,165851,164955,65,364,1297,119,-687,652,-40,5,-39,-367,1278,-356,683,-666,-167,-2,5,9,
4174307,1888193,168055,166215,165851,164955,54,351,1247,120,-685,652,-26,8,-34,-389,1267,-316,683,-666,-167,-5,9,10,
4174307,1888193,168055,166120,165851,164955,58,362,1294,123,-692,652,-24,11,-31,-382,1263,-309,687,-672,-138,-2,8,14,
4174307,1888193,168055,166120,165860,164955,69,342,1286,123,-692,652,-28,-1,-36,-354,1277,-337,687,-672,-138,4,3,5,
4174307,1888193,168055,166120,165860,164476,27,378,1285,122,-688,641,-32,-4,-34,-372,1260,-314,684,-668,-148,12,5,-4,
4174307,1888193,168055,166120,165860,164476,83,361,1283,122,-688,641,-33,-4,-35,-384,1250,-309,684,-668,-148,9,13,-1,
4174307,1888193,168055,166120,165860,164476,63,371,1308,120,-676,647,-39,3,-38,-356,1267,-343,686,-663,-162,5,8,1,
4174915,1888193,168055,166120,165860,164476,46,367,1237,121,-689,651,-37,2,-33,-374,1264,-346,686,-663,-147,-1,6,0,
4174915,1877033,168055,166120,165860,164476,72,350,1256,121,-689,651,-42,-7,-29,-356,1261,-342,684,-667,-147,0,5,7,
4174915,1877033,168025,166120,165860,164476,79,367,1296,123,-694,652,-40,-2,-42,-372,1263,-354,683,-673,-155,-1,14,8,
4174915,1877033,168025,166149,165860,164476,41,357,1265,123,-694,652,-41,3,-40,-378,1264,-319,683,-673,-155,-1,7,5,
4174915,1877033,168025,166149,165952,164476,53,362,1256,118,-687,655,-34,2,-39,-367,1274,-341,688,-672,-144,0,6,4,
4174915,1877033,168025,166149,165952,164963,52,374,1307,120,-686,643,-27,3,-38,-357,1280,-354,688,-672,-144,4,7,8,
4174915,1877033,168025,166149,165952,164963,58,376,1315,120,-686,643,-28,3,-36,-356,1284,-329,684,-671,-163,6,1,-5,
4174915,1877033,168025,166149,165952,164963,64,362,1273,123,-691,645,-36,-5,-42,-362,1281,-351,684,-671,-163,10,8,-11,
4177557,1877033,168025,166149,165952,164963,69,355,1261,123,-691,645,-34,-9,-37,-337,1281,-384,683,-666,-148,13,-2,-13,
4177557,1880350,168025,166149,165952,164963,37,363,1297,117,-687,644,-28,1,-42,-387,1252,-283,685,-672,-138,5,3,-12,
4177557,1880350,168047,166149,165952,164963,75,362,1277,117,-687,644,-22,-7,-39,-365,1269,-341,685,-672,-138,7,5,-7,
4177557,1880350,168047,166080,165952,164963,79,359,1257,117,-688,647,-15,1,-33,-418,1251,-336,686,-667,-161,9,-1,-9,
4177557,1880350,168047,166080,166003,164963,59,379,1272,119,-695,651,-14,2,-35,-351,1262,-408,686,-667,-161,21,3,-16,
4177557,1880350,168047,166080,166003,164957,34,379,1044,119,-695,651,-19,-4,-32,-369,1250,-349,685,-663,-152,17,11,-7,
4177557,1880350,168047,166080,166003,164957,67,371,1248,119,-693,640,-23,-2,-38,-374,1260,-334,685,-663,-152,16,6,-1,
