0,0,0,0,0,0,-18,-172,1304,-578,-106,872,-43,-2,-33,-47,-1,1339,-65,-585,874,9,0,-33,
4783176,0,0,0,0,0,0,-190,1234,-576,-106,872,-45,-3,-37,-49,4,1280,-65,-585,874,10,5,-32,
4783176,3860956,0,0,0,0,-22,-180,1317,-582,-110,873,-47,0,-37,-75,0,1349,-59,-588,850,13,1,-34,
4783176,3860956,1635964,0,0,0,-13,-173,1342,-582,-110,873,-44,3,-31,-63,-4,1316,-59,-588,850,0,-2,-30,
4783176,3860956,1635964,4254194,0,0,-13,-180,1322,-580,-111,871,-51,-2,-37,-46,0,1344,-64,-589,870,2,1,-28,
4783176,3860956,1635964,4254194,3984644,0,-5,-193,1340,-580,-111,871,-54,-8,-35,-58,8,1318,-64,-589,870,7,5,-33,
4783176,3860956,1635964,4254194,3984644,2203279,-12,-178,1323,-578,-105,860,-51,-5,-34,-37,5,1301,-65,-582,860,12,-5,-27,
4783176,3860956,1635964,4254194,3984644,2203279,-8,-171,1351,-574,-114,875,-49,0,-33,-45,15,1317,-65,-582,869,7,1,-26,
4783176,3860956,1635964,4254194,3984644,2203279,-11,-172,1289,-574,-114,875,-47,-1,-37,-61,2,1324,-67,-585,869,11,5,-28,
4786372,3860956,1635964,4254194,3984644,2203279,-24,-174,1304,-577,-111,870,-47,0,-42,-72,-5,1334,-63,-588,881,8,1,-30,
4786372,3855028,1635964,4254194,3984644,2203279,1,-182,1312,-577,-111,870,-43,-1,-32,-43,7,1313,-63,-588,881,10,-2,-27,
4786372,3855028,1558435,4254194,3984644,2203279,-12,-190,1293,-580,-108,875,-45,-5,-33,-54,9,1318,-64,-592,857,4,5,-26,
4786372,3855028,1558435,4269461,3984644,2203279,-21,-175,1309,-580,-108,872,-50,-3,-37,-47,9,1296,-64,-592,857,11,2,-29,
4786372,3855028,1558435,4269461,3970515,2203279,-19,-170,1337,-578,-108,872,-46,-3,-41,-57,5,1333,-61,-587,864,7,-6,-33,
4786372,3855028,1558435,4269461,3970515,2158192,-1,-172,1322,-577,-108,871,-51,-4,-37,-55,3,1307,-61,-587,864,15,-3,-27,
4786372,3855028,1558435,4269461,3970515,2158192,5,-190,1305,-577,-108,871,-43,-4,-39,-47,19,1291,-62,-583,871,10,2,-24,
4786372,3855028,1558435,4269461,3970515,2158192,-8,-175,1307,-582,-109,877,-42,-5,-34,-47,2,1316,-63,-590,868,4,-1,-29,
4794701,3855028,1558435,4269461,3970515,2158192,-8,-166,1348,-582,-109,877,-39,-1,-40,-47,12,1286,-63,-590,868,16,-4,-33,
4794701,3831874,1558435,4269461,3970515,2158192,7,-192,1317,-579,-107,874,-50,-6,-33,-52,5,1311,-64,-590,880,5,-2,-32,
4794701,3831874,1519896,4269461,3970515,2158192,-3,-177,1359,-578,-108,872,-46,4,-33,-66,-6,1345,-64,-590,880,0,-13,-34,
4794701,3831874,1519896,4297625,3970515,2158192,-20,-175,1306,-578,-108,872,-44,0,-39,-55,18,1308,-67,-588,871,0,-13,-32,
4794701,3831874,1519896,4297625,3915145,2158192,16,-182,1326,-580,-115,880,-45,-3,-33,-60,-2,1334,-67,-588,871,12,-9,-27,
4794701,3831874,1519896,4297625,3915145,1853686,8,-188,1328,-580,-115,880,-45,-5,-34,-37,7,1313,-69,-583,864,14,-5,-34,
4794701,3831874,1519896,4297625,3915145,1853686,-9,-184,1319,-577,-106,873,-50,-7,-38,-52,-1,1322,-67,-590,894,2,-15,-32,
4794701,3831874,1519896,4297625,3915145,1853686,3,-185,1320,-578,-107,868,-49,-10,-44,-46,12,1314,-67,-590,894,1,-10,-34,
4807932,3831874,1519896,4297625,3915145,1853686,2,-182,1296,-578,-107,868,-49,-3,-43,-13,20,1254,-65,-588,860,6,4,-36,
4807932,3775280,1519896,4297625,3915145,1853686,-1,-183,1296,-582,-108,878,-46,-5,-40,-49,-1,1337,-65,-588,860,17,-12,-30,
4807932,3775280,1440881,4297625,3915145,1853686,6,-175,1354,-582,-108,878,-43,-1,-39,-59,-2,1313,-65,-596,865,12,-17,-27,
4807932,3775280,1440881,4351381,3915145,1853686,1,-185,1312,-577,-107,866,-47,0,-40,-61,2,1326,-65,-596,865,8,-16,-29,
4807932,3775280,1440881,4351381,3821619,1853686,-25,-177,1330,-577,-107,866,-46,-5,-37,-49,2,1330,-68,-584,878,10,-9,-35,
4807932,3775280,1440881,4351381,3821619,1281424,-1,-185,1298,-576,-108,874,-48,-8,-39,-49,-1,1309,-68,-584,878,9,-18,-32,
4807932,3775280,1440881,4351381,3821619,1281424,17,-184,1311,-580,-110,876,-50,-2,-40,-70,-5,1364,-65,-588,872,13,-14,-30,
4807932,3775280,1440881,4351381,3821619,1281424,-1,-173,1345,-580,-110,876,-45,-5,-34,-56,10,1315,-68,-588,863,9,-12,-32,
4826427,3775280,1440881,4351381,3821619,1281424,5,-184,1346,-580,-110,867,-46,-1,-45,-29,10,1260,-68,-588,863,13,-8,-29,
4826427,3738244,1440881,4351381,3821619,1281424,3,-176,1337,-580,-110,867,-46,-2,-48,-28,15,1277,-62,-591,869,20,-4,-32,
4826427,3738244,1362911,4351381,3821619,1281424,10,-173,1343,-579,-105,866,-44,-8,-40,-50,-4,1313,-62,-591,869,10,-6,-36,
4826427,3738244,1362911,4464809,3821619,1281424,-9,-179,1317,-579,-111,872,-44,-3,-38,-37,8,1321,-65,-584,861,-1,-16,-39,
4826427,3738244,1362911,4464809,3614445,1281424,-6,-196,1299,-579,-111,872,-49,-2,-33,-48,-5,1315,-65,-584,861,6,-10,-30,
4826427,3738244,1362911,4464809,3614445,633457,-20,-175,1299,-583,-112,885,-51,-6,-37,-42,9,1301,-70,-589,862,20,-11,-30,
4826427,3738244,1362911,4464809,3614445,633457,16,-170,1317,-583,-112,885,-41,0,-37,-49,-8,1336,-64,-589,863,15,-12,-32,
4826427,3738244,1362911,4464809,3614445,633457,-5,-177,1341,-577,-112,875,-44,-2,-38,-36,17,1299,-64,-589,863,14,-9,-30,
4830226,3738244,1362911,4464809,3614445,633457,-8,-189,1331,-577,-112,875,-46,-1,-38,-42,6,1305,-65,-593,877,7,-3,-35,
4830226,3696793,1362911,4464809,3614445,633457,-2,-184,1319,-579,-104,877,-45,-5,-42,-55,11,1309,-65,-593,877,0,0,-39,
4830226,3696793,1304556,4464809,3614445,633457,10,-197,1300,-577,-112,872,-43,-4,-44,-59,-7,1349,-69,-589,873,2,-7,-39,
4830226,3696793,1304556,4516192,3614445,633457,-15,-176,1321,-577,-112,872,-51,-8,-40,-28,7,1306,-69,-589,873,4,-16,-35,
4830226,3696793,1304556,4516192,3499005,633457,2,-163,1369,-580,-110,880,-52,-11,-47,-71,-1,1347,-70,-590,880,9,-5,-32,
4830226,3696793,1304556,4516192,3499005,561044,8,-190,1301,-580,-110,880,-46,-5,-42,-33,6,1316,-70,-590,869,3,-12,-38,
4830226,3696793,1304556,4516192,3499005,561044,-14,-176,1301,-581,-109,880,-49,-8,-43,-38,4,1292,-69,-588,869,7,-18,-36,
4830226,3696793,1304556,4516192,3499005,561044,-8,-184,1304,-580,-109,871,-48,-8,-43,-31,14,1312,-68,-592,878,0,-7,-39,
4837523,3696793,1304556,4516192,3499005,561044,16,-189,1299,-580,-109,871,-43,-1,-43,-34,1,1321,-68,-592,878,11,-3,-36,
4837523,3470900,1304556,4516192,3499005,561044,-18,-187,1331,-578,-113,868,-50,0,-39,-39,25,1276,-66,-592,860,10,-8,-39,
4837523,3470900,1248318,4516192,3499005,561044,1,-180,1321,-578,-113,868,-47,2,-42,-40,-1,1315,-66,-592,860,8,-11,-33,
4837523,3470900,1248318,4562524,3499005,561044,9,-177,1304,-581,-110,870,-44,-253,-41,-53,2,1330,-68,-584,872,10,-7,-27,
4837523,3470900,1248318,4562524,3338279,561044,-1,-174,1327,-581,-110,870,-40,-2,-38,-58,8,1318,-68,-584,872,7,-8,-32,
4837523,3470900,1248318,4562524,3338279,563587,2,-184,1308,-580,-108,874,-40,2,-36,-64,1,1325,-71,-586,854,-3,-2,-41,
4837523,3470900,1248318,4562524,3338279,563587,-12,-176,1338,-578,-109,872,-46,-2,-40,-59,1,1324,-69,-587,871,9,4,-33,
4837523,3470900,1248318,4562524,3338279,563587,-2,-185,1304,-578,-109,872,-57,-8,-39,-64,2,1335,-69,-587,871,7,3,-29,
4842878,3470900,1248318,4562524,3338279,563587,18,-183,1337,-580,-111,870,-55,-9,-45,-40,7,1293,-69,-592,862,8,0,-37,
4842878,3251199,1248318,4562524,3338279,563587,19,-184,1309,-580,-111,870,-49,-11,-46,-46,2,1336,-69,-592,862,4,-8,-28,
4842878,3251199,1201936,4562524,3338279,563587,0,-176,1344,-579,-109,872,-46,-5,-42,-22,9,1302,-70,-591,868,9,-5,-31,
4842878,3251199,1201936,4593559,3338279,563587,-10,-175,1323,-581,-110,873,-45,0,-40,-39,13,1321,-70,-591,868,0,-2,-37,
4842878,3251199,1201936,4593559,3338891,563587,-4,-190,1309,-581,-110,873,-43,-4,-36,-38,-6,1339,-75,-583,874,7,-1,-33,
4842878,3251199,1201936,4593559,3338891,349298,249,-186,1306,-580,-112,878,-44,1,-38,-53,-5,1337,-70,-588,868,-1,1,-37,
4842878,3251199,1201936,4593559,3338891,349298,5,-175,1347,-580,-112,878,-47,-2,-34,-60,-5,1322,-70,-588,868,8,1,-31,
4842878,3251199,1201936,4593559,3338891,349298,-5,-185,1323,-581,-105,867,-43,1,-40,-42,5,1308,-69,-596,848,16,1,-28,
4838535,3251199,1201936,4593559,3338891,349298,1,-186,1346,-581,-105,867,-37,7,-41,-65,-256,1329,-69,-596,848,-2,0,-36,
4838535,3199961,1201936,4593559,3338891,349298,14,-186,1321,-583,-110,876,-42,-6,-35,-44,2,1302,-68,-595,866,10,3,-36,
4838535,3199961,1205814,4593559,3338891,349298,0,-186,1313,-580,-113,871,-44,-4,-37,-52,2,1340,-68,-595,866,5,2,-39,
4838535,3199961,1205814,4607161,3338891,349298,2,-187,1349,-580,-113,871,-48,1,-38,-49,3,1320,-71,-589,861,7,-1,-37,
4838535,3199961,1205814,4607161,3402783,349298,-8,-162,1322,-577,-113,877,-49,-3,-42,-48,-9,1329,-71,-589,861,-3,-5,-32,
4838535,3199961,1205814,4607161,3402783,194356,17,-181,1330,-577,-113,877,-45,0,-40,-30,5,1275,-67,-589,866,7,6,-37,
4838535,3199961,1205814,4607161,3402783,194356,-5,-180,1311,-580,-104,877,-42,7,-34,-32,-9,1333,-68,-595,863,6,3,-40,
4838535,3199961,1205814,4607161,3402783,194356,-4,-174,1331,-581,-113,873,-39,12,-34,-43,-8,1341,-68,-595,863,5,-3,-32,
4825350,3199961,1205814,4607161,3402783,194356,9,-195,1273,-581,-113,873,-43,13,-34,-49,-10,1336,-68,-592,871,-1,7,-38,
4825350,3375776,1205814,4607161,3402783,194356,-22,-183,1288,-577,-111,870,-39,4,-38,-48,4,1320,-68,-592,871,8,11,-33,
4825350,3375776,1297281,4607161,3402783,194356,4,-176,1353,-577,-111,870,-36,8,-35,-66,5,1335,-70,-581,870,-1,-3,-38,
4825350,3375776,1297281,4611223,3402783,194356,5,-180,1346,-579,-109,870,-36,12,-37,-48,6,1326,-70,-581,870,-2,0,-38,
4825350,3375776,1297281,4611223,3472018,194356,-19,-182,1261,-579,-109,869,-46,5,-34,-40,-7,1309,-70,-581,872,2,-2,-33,
4825350,3375776,1297281,4611223,3472018,162688,-1,-177,1380,-579,-108,869,-44,4,-37,-34,8,1312,-70,-593,872,6,-2,-32,
4825350,3375776,1297281,4611223,3472018,162688,3,-185,1297,-577,-110,873,-51,-2,-41,-57,-6,1324,-70,-593,872,12,-6,-34,
4825350,3375776,1297281,4611223,3472018,162688,-6,-185,1318,-577,-110,873,-51,1,-39,-33,0,1288,-66,-592,862,5,-6,-40,
4818837,3375776,1297281,4611223,3472018,162688,-10,-174,1338,-580,-110,875,-47,-3,-38,-49,0,1328,-66,-592,862,0,-2,-27,
4818837,3323649,1297281,4611223,3472018,162688,13,-193,1319,-580,-110,875,-54,-9,-41,-32,3,1302,-71,-591,880,3,-4,-30,
4818837,3323649,1352528,4611223,3472018,162688,-30,-188,1295,-579,-106,863,-54,-8,-41,-51,-4,1316,-71,-591,880,3,-11,-37,
4818837,3323649,1352528,4644892,3472018,162688,-4,-177,1342,-578,-109,871,-52,-7,-40,-29,-2,1298,-70,-587,875,12,-6,-32,
4818837,3323649,1352528,4644892,3236920,162688,15,-189,1317,-578,-109,871,-55,7,-39,-72,-13,1317,-70,-587,878,5,-7,-37,
4818837,3323649,1352528,4644892,3236920,164142,10,-166,1326,-577,-109,867,-47,10,-41,-35,-8,1287,-73,-591,878,1,4,-41,
4818837,3323649,1352528,4644892,3236920,164142,-18,-177,1329,-577,-109,867,-49,2,-39,-35,5,1284,-68,-591,848,-4,-5,-40,
4818837,3323649,1352528,4644892,3236920,164142,10,-167,1354,-580,-106,878,-51,-2,-34,-42,-1,1331,-68,-591,848,-4,7,-36,
4817723,3323649,1352528,4644892,3236920,164142,-12,-185,1283,-580,-107,873,-50,-8,-34,-31,-1,1301,-71,-593,876,-12,-5,-39,
4817723,3366609,1352528,4644892,3236920,164142,-10,-184,1305,-583,-107,873,-46,-8,-42,-47,-8,1319,-71,-593,876,2,11,-34,
4817723,3366609,1475771,4644892,3236920,164142,3,-191,1329,-582,-113,873,-48,-4,-43,-34,-4,1289,-67,-583,865,-1,15,-32,
4817723,3366609,1475771,4618068,3236920,164142,-2,-181,1294,-582,-113,873,-53,-3,-39,-28,8,1302,-67,-583,865,-1,14,-34,
4817723,3366609,1475771,4618068,3240748,164142,19,-191,1310,-578,-110,879,-46,-3,-38,-32,6,1316,-68,-582,860,-2,10,-36,
4817723,3366609,1475771,4618068,3240748,162703,11,-183,1354,-578,-110,879,-50,-3,-37,-60,1,1351,-69,-590,872,-1,12,-35,
4817723,3366609,1475771,4618068,3240748,162703,-45,-178,1279,-578,-103,867,-43,7,-30,-21,1,1301,-69,-590,872,0,20,-29,
4817723,3366609,1475771,4618068,3240748,162703,-1,-193,1313,-576,-110,881,-32,17,-32,-38,-2,1080,-71,-589,850,-7,17,-29,
4792565,3366609,1475771,4618068,3240748,162703,20,-185,1349,-576,-110,881,-36,18,-27,-54,-2,1312,-71,-589,850,-16,13,-36,
4792565,3617318,1475771,4618068,3240748,162703,7,-186,1322,-581,-110,872,-33,13,-29,5,12,1249,-68,-592,866,-9,13,-30,
4792565,3617318,1636863,4618068,3240748,162703,-11,-176,1335,-581,-110,872,-30,20,-26,-52,-7,1352,-68,-592,866,-1,24,-35,
4792565,3617318,1636863,4533645,3240748,162703,-31,-184,1273,-578,-112,872,-28,24,-21,-26,22,1278,-69,-585,874,-8,18,-33,
4792565,3617318,1636863,4533645,3320216,162703,4,-192,1326,-576,-106,870,-30,29,-16,-53,-8,1334,-69,-584,861,-13,26,-38,
4792565,3617318,1636863,4533645,3320216,162703,-5,-182,1337,-576,-106,870,-20,33,-14,-57,4,1311,-69,-584,861,-10,32,-30,
4792565,3617318,1636863,4533645,3320216,162703,-3,-187,1311,-578,-113,877,-20,39,-9,-50,10,1339,-66,-590,878,-8,28,-32,
4792565,3617318,1636863,4533645,3320216,162703,-22,-178,1305,-578,-113,877,-22,44,-14,-23,9,1297,-66,-590,878,-11,30,-26,
4517524,3617318,1636863,4533645,3320216,162703,7,-188,1320,-573,-108,872,-21,39,-7,-67,4,1324,-65,-587,868,-16,23,-24,
4517524,4009528,1636863,4533645,3320216,162703,-3,-181,1345,-573,-108,872,-14,45,-7,-52,10,1315,-65,-587,868,-16,35,-20,
4517524,4009528,2182457,4533645,3320216,162703,-29,-181,1250,-577,-106,877,-10,48,-2,-47,10,1304,-63,-587,873,-11,30,-19,
4517524,4009528,2182457,4416533,3320216,162703,5,-180,1310,-574,-113,875,-14,53,4,-61,3,1302,-63,-587,873,1,9,-18,
4517524,4009528,2182457,4416533,3430647,162703,-48,-182,1326,-574,-113,875,-10,68,3,-55,0,1286,-66,-587,856,21,-9,-19,
4517524,4009528,2182457,4416533,3430647,162789,-33,-172,1329,-571,-116,876,-2,76,1,-77,-12,1327,-65,-589,864,27,-38,-14,
4517524,4009528,2182457,4416533,3430647,162789,-35,-180,1312,-571,-116,876,1,87,7,-43,7,1295,-65,-589,864,33,-52,-16,
4517524,4009528,2182457,4416533,3430647,162789,-42,-171,1268,-570,-106,877,-3,89,7,-42,7,1290,-68,-592,867,42,-61,-17,
3734571,4009528,2182457,4416533,3430647,162789,-53,-157,1356,-569,-115,876,-10,72,6,-57,2,1342,-68,-592,867,29,-49,-28,
3734571,4075611,2182457,4416533,3430647,162789,-48,-164,1333,-569,-115,876,-19,44,-3,-50,6,1343,-69,-583,867,18,-49,-32,
3734571,4075611,2251825,4416533,3430647,162789,-36,-161,1323,-570,-115,882,-42,-6,-16,-48,0,1302,-69,-583,867,19,-47,-36,
3734571,4075611,2251825,4636671,3430647,162789,-26,-173,1330,-570,-115,882,-54,-62,-32,-42,8,1324,-71,-580,877,13,-35,-39,
3734571,4075611,2251825,4636671,3464431,162789,-20,-159,1331,-572,-112,879,-60,-40,-37,-34,1,1324,-68,-587,855,7,-14,-36,
3734571,4075611,2251825,4636671,3464431,162831,-32,-170,1339,-572,-112,879,-48,-6,-34,-62,3,1347,-68,-587,855,6,-5,-33,
3734571,4075611,2251825,4636671,3464431,162831,-14,-180,1329,-569,-110,884,-35,42,-19,-44,-8,1317,-71,-590,875,11,-17,-37,
3734571,4075611,2251825,4636671,3464431,162831,-22,-170,1351,-567,-116,876,-30,79,-11,-39,-11,1359,-71,-590,875,11,-22,-42,
3359895,4075611,2251825,4636671,3464431,162831,-41,-179,1307,-567,-116,876,-17,110,-8,-43,5,1315,-70,-593,876,-3,-16,-54,
3359895,4206694,2251825,4636671,3464431,162831,-40,-164,1300,-566,-116,874,-13,117,1,-9,14,1287,-70,-593,876,-8,2,-72,
3359895,4206694,1794449,4636671,3464431,162831,-45,-180,1362,-566,-116,874,-10,126,7,-49,3,1307,-71,-591,881,-18,13,-91,
3359895,4206694,1794449,4417266,3464431,162831,-50,-171,1273,-563,-113,872,-10,142,8,-20,23,1273,-71,-591,881,-40,46,-110,
3359895,4206694,1794449,4417266,4345604,162831,-28,-161,1357,-560,-115,880,-11,158,5,-38,-6,1346,-62,-586,875,-74,97,-107,
3359895,4206694,1794449,4417266,4345604,162847,-65,-163,1323,-560,-115,880,-15,139,7,-34,-3,1309,-61,-588,859,-114,212,-80,
3359895,4206694,1794449,4417266,4345604,162847,-55,-174,1266,-557,-115,885,-22,112,0,-51,-4,1329,-61,-588,859,-125,207,-34,
3359895,4206694,1794449,4417266,4345604,162847,-70,-161,1304,-557,-115,885,-14,128,0,-82,-13,1292,-55,-583,875,-129,208,-12,
2300694,4206694,1794449,4417266,4345604,162847,-94,-139,1357,-558,-115,891,-28,117,-5,-90,0,1331,-55,-583,875,-126,200,-18,
2300694,4343553,1794449,4417266,4345604,162847,-51,-159,1357,-558,-115,891,-37,106,-13,-82,7,1301,-52,-579,873,-123,215,-55,
2300694,4343553,2250607,4417266,4345604,162847,-67,-126,1274,-551,-115,887,-44,124,-21,-119,-19,1351,-52,-579,873,-133,230,-54,
2300694,4343553,2250607,3291354,4345604,162847,-55,-90,1418,-549,-118,887,-60,165,-29,-136,-18,1376,-48,-567,858,-166,309,-66,
2300694,4343553,2250607,3291354,4811304,162847,-62,-110,1494,-549,-118,887,-142,254,-37,-164,-38,1360,-30,-570,871,-247,440,-78,
2300694,4343553,2250607,3291354,4811304,162898,-88,-64,1575,-543,-112,894,-216,320,-50,-186,-33,1360,-30,-570,871,-356,529,-79,
2300694,4343553,2250607,3291354,4811304,162898,-33,83,1377,-543,-112,894,-195,334,-94,-223,-88,1450,-20,-560,888,-405,517,-73,
2300694,4343553,2250607,3291354,4811304,162898,-34,140,1423,-535,-104,891,-128,385,-182,-130,-211,1574,-20,-560,888,-466,458,-52,
1264592,4343553,2250607,3291354,4811304,162898,-92,90,1338,-528,-115,893,-104,406,-379,-148,-312,1625,-7,-549,892,-585,497,-8,
1264592,4122156,2250607,3291354,4811304,162898,-106,7,1367,-528,-115,893,-52,407,-442,-159,-154,1638,-7,-549,892,-749,558,66,
1264592,4122156,2857963,3291354,4811304,162898,-144,-261,1308,-514,-118,904,-60,417,-457,-225,-274,1576,9,-528,914,-708,631,104,
1264592,4122156,2857963,914869,4811304,162898,-114,-221,1364,-514,-118,904,-70,437,-429,-300,-374,1617,9,-510,921,-649,721,138,
1264592,4122156,2857963,914869,5042657,162898,-119,-187,1431,-498,-124,909,-47,466,-412,-324,-361,1530,25,-510,921,-787,810,191,
1264592,4122156,2857963,914869,5042657,162478,-118,-353,1323,-498,-124,912,-22,499,-387,-226,-395,1474,43,-496,918,-919,855,234,
1264592,4122156,2857963,914869,5042657,162478,-181,-429,1241,-490,-130,912,-24,515,-315,-187,-594,1495,43,-496,918,-998,915,309,
1264592,4122156,2857963,914869,5042657,162478,-172,-489,1258,-479,-131,911,-1,491,-222,-179,-936,1593,65,-473,927,-1105,957,470,
973248,4122156,2857963,914869,5042657,162478,-204,-433,1125,-479,-131,911,18,454,-97,-198,-875,1524,65,-473,927,-1253,1017,923,
973248,2579694,2857963,914869,5042657,162478,-174,-191,1253,-472,-137,911,41,371,25,-112,-791,1426,83,-441,958,-1538,1150,1152,
973248,2579694,2360628,914869,5042657,162478,-184,-272,1230,-472,-137,911,127,302,73,-90,-560,1359,83,-441,958,-1601,1179,1329,
973248,2579694,2360628,589689,5042657,162478,-207,-320,1377,-466,-133,906,192,256,154,-118,-306,1362,102,-401,955,-1571,1220,1435,
973248,2579694,2360628,589689,5031913,162478,-243,-524,1371,-460,-140,916,235,282,309,56,-290,1447,123,-377,974,-1580,1251,1496,
973248,2579694,2360628,589689,5031913,163967,-470,-1202,1360,-460,-140,916,102,283,787,-236,-121,1492,123,-377,974,-1620,1311,1503,
973248,2579694,2360628,589689,5031913,163967,-527,-975,1370,-459,-127,917,-127,232,1631,-170,-135,1597,148,-346,993,-1609,1377,1474,
973248,2579694,2360628,589689,5031913,163967,-504,-571,1356,-459,-127,917,-138,158,2426,-207,-139,1724,148,-346,993,-1692,1468,1472,
1187230,2579694,2360628,589689,5031913,163967,-565,-462,1254,-460,-96,913,1,67,3071,-186,-238,1834,180,-302,996,-1726,1600,1454,
1187230,539348,2360628,589689,5031913,163967,-587,-50,1191,-460,-61,916,112,-13,3684,-236,-538,1888,180,-302,996,-1789,1753,1472,
1187230,539348,165767,589689,5031913,163967,-548,641,1243,-458,-61,916,232,-96,4127,-239,-619,1981,215,-263,996,-1928,1934,1556,
1187230,539348,165767,232045,5031913,163967,-349,1330,1310,-461,-38,911,481,-159,4240,-125,-624,1716,273,-223,998,-2016,2087,1684,
1187230,539348,165767,232045,4825720,163967,-165,1684,1248,-461,-38,911,691,-147,4045,-258,-404,1431,273,-223,998,-2011,2200,1801,
1187230,539348,165767,232045,4825720,163918,-122,1837,1368,-457,-23,912,808,-115,3199,-370,-269,1251,327,-184,994,-1970,2243,1829,
1187230,539348,165767,232045,4825720,163918,-239,1842,1434,-457,-23,912,1260,-173,2891,-646,-238,782,327,-184,994,-1939,2186,1788,
1187230,539348,165767,232045,4825720,163918,-402,1738,1376,-456,-22,917,1715,-214,2581,-600,-299,894,381,-150,989,-1943,2133,1698,
1801512,539348,165767,232045,4825720,163918,-545,1258,1560,-463,-57,912,2056,-219,2480,-649,-402,1062,381,-150,989,-1986,2027,1631,
1801512,2089254,165767,232045,4825720,163918,-573,1078,1645,-463,-57,912,2413,-243,2475,-621,-708,1271,426,-109,974,-1976,1969,1621,
1801512,2089254,165286,232045,4825720,163918,-611,483,1682,-472,-98,911,2935,-315,2472,-628,-1393,1581,426,-109,974,-1870,1993,1694,
1801512,2089254,165286,168048,4825720,163918,-409,188,1776,-472,-98,911,3473,-483,2613,-511,-1881,1754,478,-87,952,-1918,2075,1922,
1801512,2089254,165286,168048,4581097,163918,-595,-419,1918,-490,-159,891,3970,-617,2532,-196,-2041,1846,534,-62,935,-2135,2187,2749,
1801512,2089254,165286,168048,4581097,163004,-273,-619,1822,-511,-237,884,4065,-425,2185,-11,-1542,1750,534,-62,935,-2395,2305,3135,
1801512,2089254,165286,168048,4581097,163004,71,-1482,1815,-511,-237,884,4213,-247,1515,206,-428,1291,593,-39,891,-2815,2300,3423,
1801512,2089254,165286,168048,4581097,163004,-25,-2234,965,-528,-309,866,3927,-265,841,14,54,1096,593,-39,891,-2736,2327,3539,
1917927,2089254,165286,168048,4581097,163004,38,-3714,229,-528,-309,866,3199,-469,954,-288,176,993,643,-21,862,-2492,2308,3543,
1917927,844807,165286,168048,4581097,163004,-77,-2914,257,-540,-330,847,874,-544,1706,-513,-272,1134,643,-21,862,-2239,2239,3537,
1917927,844807,165746,168048,4581097,163004,-130,-1372,664,-540,-330,847,644,-856,2546,-661,-700,1149,694,-24,822,-2236,2075,3605,
1917927,844807,165746,193934,4581097,163004,-179,-1884,505,-576,-308,845,724,-1299,3489,-642,-602,895,733,-33,796,-2461,1886,3719,
1917927,844807,165746,193934,3352807,163004,-285,-686,925,-629,-270,822,628,-1752,4455,-653,-109,526,733,-33,796,-2542,1708,3823,
1917927,844807,165746,193934,3352807,162868,394,7099,2268,-629,-270,822,1278,-1673,4135,-323,353,93,764,-56,781,-2322,1581,3883,
1917927,844807,165746,193934,3352807,162868,398,1109,2268,-665,-332,769,4955,-1562,675,-641,161,504,764,-56,781,-1672,1651,3968,
1917927,844807,165746,193934,3352807,162868,-189,514,760,-665,-332,769,5662,-1664,187,-819,-296,750,781,-100,742,-997,1695,4052,
3758468,844807,165746,193934,3352807,162868,-118,-134,1303,-694,-420,732,5443,-535,469,-720,-579,714,781,-100,742,-812,1534,4130,
3758468,814347,165746,193934,3352807,162868,600,-250,1465,-695,-469,705,4452,179,718,-427,-426,611,785,-149,716,-1026,1318,4245,
3758468,814347,165442,193934,3352807,162868,3,495,1301,-695,-469,705,3293,389,961,-44,-312,343,785,-210,691,-1105,1210,4427,
3758468,814347,165442,1657124,3352807,162868,-127,366,1140,-697,-510,672,3144,532,1298,52,54,178,780,-210,691,-1154,1274,4573,
3758468,814347,165442,1657124,1034968,162868,-166,911,1101,-697,-510,672,3002,387,955,-90,364,104,775,-289,672,-891,1497,4723,
3758468,814347,165442,1657124,1034968,162967,-589,1094,947,-704,-536,660,2803,379,794,-238,389,335,775,-289,672,-284,1702,4883,
3758468,814347,165442,1657124,1034968,162967,-848,1362,883,-704,-536,660,2696,748,1044,-261,208,495,751,-376,624,121,1894,4984,
3758468,814347,165442,1657124,1034968,162967,-367,1251,836,-705,-560,652,2316,1301,1596,-338,860,553,751,-376,624,276,2003,5107,
2800401,814347,165442,1657124,1034968,162967,518,1329,902,-710,-556,638,1765,1211,2154,-162,1291,353,715,-469,588,624,2115,5235,
2800401,665604,165442,1657124,1034968,162967,503,1494,998,-710,-556,638,1150,658,2648,49,1184,44,715,-469,588,2132,2775,5095,
2800401,665604,165522,1657124,1034968,162967,317,1377,550,-739,-528,633,1060,406,3158,97,768,22,672,-578,512,2570,3140,5008,
2800401,665604,165522,3544904,1034968,162967,866,1399,338,-739,-528,633,1573,461,3656,293,59,-902,614,-692,413,2958,3103,5180,
2800401,665604,165522,3544904,320583,162967,1326,972,443,-775,-491,620,2420,373,4018,232,-1955,-1623,614,-692,413,2484,2750,5825,
2800401,665604,165522,3544904,320583,163474,1798,412,516,-813,-466,583,2989,162,4191,-101,-113,-1764,505,-784,361,21,2268,6459,
2800401,665604,165522,3544904,320583,163474,2095,512,61,-813,-466,583,2846,-893,3959,950,1072,-1325,505,-784,361,-749,1896,7058,
2800401,665604,165522,3544904,320583,163474,1644,826,-260,-864,-439,541,2857,-1363,3705,666,1445,-537,361,-846,348,-92,1801,7600,
2692202,665604,165522,3544904,320583,163474,838,935,-467,-864,-439,541,2972,-1391,3334,162,1615,-252,361,-846,348,350,1990,7890,
2692202,164876,165522,3544904,320583,163474,829,903,-857,-911,-413,489,2540,-1197,2637,416,7516,-2681,188,-907,333,-431,2266,7826,
2692202,164876,166474,3544904,320583,163474,709,436,-314,-911,-413,489,1371,-1147,1440,1662,14307,-4263,102,-918,356,-873,1609,5269,
2692202,164876,166474,2421060,320583,163474,359,242,655,-928,-406,471,-389,-1185,-189,1108,5699,-1647,102,-918,356,-2143,86,1001,
2692202,164876,166474,2421060,163250,163474,-27,536,1120,-923,-433,469,-1836,-950,-1981,576,4493,-3044,179,-861,460,-4410,-591,-2936,
2692202,164876,166474,2421060,163250,162732,-256,1731,1250,-923,-433,469,-2548,-202,-3595,1121,4772,-31,179,-861,460,-3843,-734,-6644,
2692202,164876,166474,2421060,163250,162732,-132,2432,1240,-866,-489,519,-3313,867,-4906,1769,3195,224,360,-790,479,-1056,-635,-8726,
2692202,164876,166474,2421060,163250,162732,-268,2579,1096,-866,-489,519,-4040,1902,-5886,1839,885,63,360,-790,479,1144,-815,-7942,
1084930,164876,166474,2421060,163250,162732,-261,2681,1219,-764,-525,607,-4509,3941,-6615,1379,-576,112,480,-740,465,2471,-1107,-6476,
1084930,171317,166474,2421060,163250,162732,-140,2981,1324,-615,-551,724,-4350,4649,-6712,562,-431,257,480,-740,465,1828,-1360,-5234,
1084930,171317,165754,2421060,163250,162732,166,3006,1065,-615,-551,724,-3402,4877,-6325,549,181,-19,554,-704,437,1025,-1151,-4125,
1084930,171317,165754,1259834,163250,162732,-1156,2483,583,-502,-549,775,-1623,3108,-2140,-140,585,212,588,-687,459,777,-1106,-2972,
1084930,171317,165754,1259834,163783,162732,-44,1277,846,-502,-549,775,1120,2423,-2433,-330,604,222,588,-687,459,1080,-1233,-1286,
1084930,171317,165754,1259834,163783,162809,292,916,686,-429,-587,787,1155,2189,-1957,-1137,100,650,598,-685,439,1591,-1267,-1051,
1084930,171317,165754,1259834,163783,162809,1004,982,64,-429,-587,784,813,2152,-1683,-1441,231,615,598,-685,439,966,-1038,-830,
1084930,171317,165754,1259834,163783,162809,233,716,-21,-365,-611,784,953,1840,-1640,-1442,979,408,602,-682,444,298,-650,-1043,
534711,171317,165754,1259834,163783,162809,878,-588,220,-313,-643,776,1338,1757,-2061,-1176,1844,410,602,-682,444,286,-217,-1631,
534711,165208,165754,1259834,163783,162809,337,-901,-46,-313,-643,776,437,1346,-971,-627,1992,249,634,-658,449,1053,24,-2313,
534711,165208,165660,1259834,163783,162809,508,262,509,-296,-635,793,-174,1244,46,-235,1477,183,685,-644,423,1843,-14,-2760,
534711,165208,165660,1853109,163783,162809,168,1929,979,-296,-635,793,-1769,2102,845,-49,700,58,685,-644,423,2182,-114,-2763,
534711,165208,165660,1853109,163599,162809,444,2360,1142,-261,-586,816,-1602,2508,515,-122,123,-9,726,-627,376,2104,-181,-2332,
534711,165208,165660,1853109,163599,162819,363,2404,1256,-211,-575,843,-942,2351,120,-537,-74,-34,726,-627,376,1804,-116,-1597,
534711,165208,165660,1853109,163599,162819,545,2659,1354,-211,-575,843,50,1837,-318,-857,167,41,738,-626,363,1510,100,-767,
534711,165208,165660,1853109,163599,162819,368,2586,996,-178,-604,826,1596,1157,-821,-1035,385,108,738,-626,363,1325,394,-89,
852866,165208,165660,1853109,163599,162819,-133,1811,1233,-178,-604,826,3167,551,-1374,-1033,509,157,738,-633,333,1234,677,363,
852866,1040649,165660,1853109,163599,162819,-410,1124,920,-152,-675,771,4017,214,-1813,-916,741,242,738,-656,282,1107,782,589,
852866,1040649,165866,1853109,163599,162819,-582,758,688,-152,-758,713,4241,43,-1949,-780,1030,309,738,-656,282,980,688,595,
852866,1040649,165866,2172392,163599,162819,-748,425,551,-123,-758,713,4071,-16,-1879,-738,1480,448,731,-677,279,1008,436,381,
852866,1040649,165866,2172392,163714,162819,-762,187,630,-100,-816,643,3724,-45,-1671,-744,1810,494,731,-677,279,1296,-25,-71,
852866,1040649,165866,2172392,163714,162733,-601,553,711,-100,-816,643,3274,8,-1244,-1044,1290,523,742,-672,242,1776,-490,-649,
852866,1040649,165866,2172392,163714,162733,-613,842,690,-75,-851,591,2540,378,-1114,-1172,972,402,742,-672,242,2067,-755,-1184,
852866,1040649,165866,2172392,163714,162733,-498,1287,681,-75,-851,591,2635,403,-1069,-1279,930,249,760,-657,247,2031,-827,-1615,
2744961,1040649,165866,2172392,163714,162733,-362,1343,665,-46,-882,529,2995,428,-1116,-1518,1000,164,760,-657,247,1820,-768,-1970,
2744961,506650,165866,2172392,163714,162733,-490,1086,436,-18,-922,472,3205,553,-1164,-1700,785,210,800,-619,211,1817,-314,-2559,
2744961,506650,165740,2172392,163714,162733,-676,616,239,-18,-922,472,2804,923,-1116,-1792,357,173,839,-582,194,2015,19,-2676,
2744961,506650,165740,2192772,163714,162733,-627,981,54,17,-941,426,1872,1360,-972,-1743,12,144,839,-582,194,1802,267,-2602,
2744961,506650,165740,2192772,163344,162733,-439,1525,116,17,-941,426,1168,1659,-892,-3406,132,24,887,-537,159,1658,978,-2876,
2744961,506650,165740,2192772,163344,162137,-221,1937,344,50,-943,408,1024,1745,-962,-1565,94,-176,887,-537,159,1664,1346,-3481,
2744961,506650,165740,2192772,163344,162137,-121,2116,379,103,-950,358,1243,1733,-1165,-1076,-477,-445,945,-461,105,1747,1126,-3496,
2744961,506650,165740,2192772,163344,162137,-45,2134,326,103,-950,358,1658,1704,-1443,-315,-795,-532,945,-461,105,1654,726,-3071,
3164135,506650,165740,2192772,163344,162137,-198,1877,-369,154,-962,293,2254,1422,-1917,-160,-672,-484,977,-397,74,1481,243,-2323,
3164135,880588,165740,2192772,163344,162137,322,1257,-1603,154,-962,293,3014,1100,-2019,-163,-575,-523,991,-376,66,1345,-52,-1453,
3164135,880588,165968,2192772,163344,162137,-239,413,-2100,208,-957,225,2867,820,-2035,-412,-345,-447,991,-376,66,1263,-147,-795,
3164135,880588,165968,2605308,163344,162137,-1352,505,-1462,208,-957,225,1542,788,-1885,-874,-86,-269,999,-371,57,1307,-66,-530,
3164135,880588,165968,2605308,163605,162137,-1121,1976,-1174,254,-949,196,369,428,-1931,-1491,-785,-266,999,-371,57,1458,263,-702,
3164135,880588,165968,2605308,163605,165207,-504,2095,-685,303,-937,173,820,-221,-2201,-2051,-894,-281,1013,-339,32,1314,749,-1378,
3164135,880588,165968,2605308,163605,165207,-505,1112,-131,303,-937,173,1700,-693,-2311,-1279,-1098,-371,1013,-339,32,974,1018,-2389,
3164135,880588,165968,2605308,163605,165207,-1396,-766,-338,349,-920,129,1949,-664,-2214,-998,-1565,-515,1035,-270,1,473,725,-2865,
3389477,880588,165968,2605308,163605,165207,-1472,-702,-318,349,-920,129,1307,-295,-1959,-883,-1394,-626,1035,-270,1,123,330,-2558,
3389477,517722,165968,2605308,163605,165207,-1121,-176,-210,386,-897,125,375,120,-1639,-792,-465,-705,1059,-217,-18,-97,199,-2148,
3389477,517722,165961,2605308,163605,165207,-933,314,-188,416,-883,121,-86,418,-1365,-798,-149,-646,1064,-175,8,-12,242,-1877,
3389477,517722,165961,3121790,163605,165207,-999,603,-286,416,-883,121,98,665,-1033,-961,-8,-695,1064,-175,8,220,398,-1750,
3389477,517722,165961,3121790,163691,165207,-1141,591,-715,440,-875,100,47,645,-944,-1135,-341,-704,1077,-129,-19,433,578,-1895,
3389477,517722,165961,3121790,163691,162855,-1317,568,-747,440,-875,100,-196,563,-849,-1095,-508,-697,1077,-129,-19,645,649,-1837,
3389477,517722,165961,3121790,163691,162855,-1179,789,-538,454,-859,103,-388,412,-759,-973,-651,-648,1082,-81,-30,1197,644,-1712,
3389477,517722,165961,3121790,163691,162855,-988,1106,-493,454,-859,103,-300,250,-724,-894,-775,-638,1082,-81,-30,1287,667,-1582,
3185920,517722,165961,3121790,163691,162855,-773,1231,-412,473,-848,106,69,96,-738,-895,-847,-613,1090,-44,-55,1316,690,-1431,
3185920,860180,165961,3121790,163691,162855,-622,1231,-385,485,-845,92,475,12,-760,-955,-895,-619,1091,-16,-72,1462,683,-1252,
3185920,860180,165932,3121790,163691,162855,-710,756,-537,485,-845,92,863,-20,-772,-1014,-1153,-555,1091,-16,-72,1648,646,-1030,
3185920,860180,165932,2739017,163691,162855,-1353,445,-571,507,-838,61,1082,-38,-758,-935,-1513,-537,1093,3,-89,1683,550,-757,
3185920,860180,165932,2739017,163686,162855,-1464,214,-661,507,-838,61,990,-44,-752,-698,-2084,-476,1093,3,-89,1473,398,-413,
3185920,860180,165932,2739017,163686,162944,-1432,120,-669,518,-828,56,684,-79,-552,-755,-2025,-354,1093,2,-81,987,213,-43,
3185920,860180,165932,2739017,163686,162944,-1406,45,-685,526,-820,56,-53,-119,-421,-815,-1702,-351,1093,2,-81,380,19,296,
3185920,860180,165932,2739017,163686,162944,-1340,129,-682,526,-820,56,-401,-87,-284,-870,-1328,-363,1091,5,-83,-94,-98,575,
3254019,860180,165932,2739017,163686,162944,-1257,432,-511,531,-823,66,-701,-42,-176,-875,-1120,-335,1091,5,-77,-394,-99,785,
3254019,870387,165932,2739017,163686,162944,-1176,634,-430,531,-823,66,-890,-1,-107,-939,-956,-336,1090,-25,-77,-631,-37,943,
3254019,870387,165927,2739017,163686,162944,-1137,795,-353,530,-817,75,-921,21,-62,-1050,-753,-323,1090,-52,-107,-855,19,1056,
3254019,870387,165927,2548416,163686,162944,-1099,872,-342,530,-817,75,-842,24,-57,-1123,-528,-353,1090,-52,-107,-941,89,1122,
3254019,870387,165927,2548416,163699,162944,-1086,813,-326,535,-807,95,-728,43,-66,-1068,-346,-534,1082,-84,-101,-878,194,1162,
3254019,870387,165927,2548416,163699,162922,-1125,769,-328,530,-815,105,-639,90,-73,-950,-438,-792,1082,-84,-101,-755,293,1190,
3254019,870387,165927,2548416,163699,162922,-1179,711,-288,530,-815,105,-606,138,-59,-932,-578,-942,1078,-111,-110,-691,331,1217,
3254019,870387,165927,2548416,163699,162922,-1170,855,-345,534,-815,112,-559,148,-29,-1130,-593,-874,1078,-111,-110,-739,309,1272,
2892767,870387,165927,2548416,163699,162922,-1152,985,-314,534,-815,112,-387,-19,20,-1352,-529,-827,1068,-141,-81,-826,174,1335,
2892767,862148,165927,2548416,163699,162922,-1146,830,-376,531,-809,107,287,-131,29,-1362,-450,-744,1063,-178,-90,-875,-133,1398,
2892767,862148,165943,2548416,163699,162922,-1123,549,-572,531,-818,104,379,-166,71,-1263,-352,-658,1063,-178,-90,-799,-620,1395,
2892767,862148,165943,2461056,163699,162922,-1167,311,-573,531,-818,104,211,-105,164,-1147,-299,-590,1055,-217,-63,-900,-671,1378,
2892767,862148,165943,2461056,163786,162922,-1236,413,-618,526,-823,109,-47,-48,264,-948,-89,-603,1055,-217,-63,-1119,-634,1323,
2892767,862148,165943,2461056,163786,162827,-1222,493,-537,526,-823,109,-207,-36,360,-1054,201,-633,1041,-244,-49,-1253,-545,1274,
2892767,862148,165943,2461056,163786,162827,-1192,513,-594,514,-827,102,-268,-77,450,-1186,396,-630,1041,-244,-49,-1054,-387,1184,
2892767,862148,165943,2461056,163786,162827,-1208,408,-550,514,-827,117,-336,-95,530,-1330,417,-627,1034,-276,-40,-661,-201,1061,
2983742,862148,165943,2461056,163786,162827,-1189,420,-521,502,-835,117,-494,-80,622,-1364,212,-565,778,-298,-40,-329,-125,1028,
2983742,671507,165943,2461056,163786,162827,-1152,553,-536,483,-847,128,-667,-69,726,-1386,127,-559,1023,-298,-40,-237,-168,1033,
2983742,671507,165723,2461056,163786,162827,-1076,788,-454,483,-847,128,-784,-75,799,-1479,391,-574,1017,-325,-22,-217,-255,971,
2983742,671507,165723,2724505,163786,162827,-1037,780,-382,465,-853,151,-802,-131,852,-1548,700,-579,1017,-325,-22,-31,-262,756,
2983742,671507,165723,2724505,163665,162827,-1009,784,-385,465,-853,151,-812,-132,882,-1766,574,-522,1012,-330,-25,274,-126,301,
2983742,671507,165723,2724505,163665,162861,-1028,860,-317,441,-860,166,-830,-126,914,-1623,425,-510,1012,-330,-25,520,120,-434,
2983742,671507,165723,2724505,163665,162861,-982,945,-286,422,-873,182,-821,-131,923,-1444,61,-479,1019,-304,-44,599,259,-1246,
2983742,671507,165723,2724505,163665,162861,-957,1065,-314,422,-873,182,-775,-134,894,-1329,-203,-488,1019,-304,-44,526,241,-1850,
2480903,671507,165723,2724505,163665,162861,-870,1195,-237,404,-880,201,-715,-129,830,-1335,-143,-540,1045,-256,-41,362,138,-2171,
2480903,719185,165723,2724505,163665,162861,-879,1234,-258,404,-880,201,-658,-89,756,-1337,15,-511,1064,-194,-40,331,17,-2415,
2480903,719185,165835,2724505,163665,162861,-869,1336,-229,382,-879,218,-620,-55,686,-1287,160,-491,1064,-194,-40,444,-57,-2739,
2480903,719185,165835,2143821,163665,162861,-916,1450,-165,382,-879,233,-569,-60,591,-1063,72,-480,1090,-116,-24,674,-103,-3200,
2480903,719185,165835,2143821,163633,162861,-914,1413,-171,373,-887,233,-451,-95,475,-753,-190,-447,1090,-116,-24,983,-155,-3789,
2480903,719185,165835,2143821,163633,162919,-919,1274,-174,366,-891,232,-334,-133,288,-761,-527,-459,1103,-10,-31,1054,-146,-4309,
2480903,719185,165835,2143821,163633,162919,-959,1182,-155,366,-891,232,-299,-119,227,-684,-806,-405,1103,-10,-31,934,18,-4197,
2480903,719185,165835,2143821,163633,162919,-948,1167,-171,361,-892,240,-310,-73,171,-628,-907,-379,1110,91,-31,746,127,-3932,
2387908,719185,165835,2143821,163633,162919,-908,1214,-198,361,-892,240,-294,-45,132,-480,-913,-404,1104,174,-12,539,193,-3618,
2387908,686443,165835,2143821,163633,162919,-902,1265,-143,353,-885,244,-244,-20,73,-388,-759,-403,1104,174,-12,440,186,-3329,
2387908,686443,165876,2143821,163633,162919,-889,1306,-106,355,-894,238,-147,-16,11,-432,-671,-379,1093,243,-29,457,139,-3049,
2387908,686443,165876,2121134,163633,162919,-900,1287,-163,355,-894,238,-17,-17,-56,-441,-784,-459,1093,243,-29,524,71,-2772,
2387908,686443,165876,2121134,163557,162919,-909,1215,-169,357,-890,250,80,-6,-119,-444,-909,-437,1081,305,-23,581,3,-2426,
2387908,686443,165876,2121134,163557,162823,-900,1138,-205,357,-890,250,170,14,-174,-409,-984,-505,1081,305,-23,573,-79,-1962,
2387908,686443,165876,2121134,163557,162823,-942,1097,-288,355,-893,230,251,18,-211,-412,-1048,-483,1069,351,-11,582,-187,-1350,
2387908,686443,165876,2121134,163557,162823,-979,1010,-270,366,-891,222,370,0,-230,-1045,-1274,-363,1069,351,-11,537,-260,-580,
2520969,686443,165876,2121134,163557,162823,-1041,852,-318,366,-891,222,756,-66,-183,-4342,-4010,-790,1067,346,-24,-734,584,321,
2520969,530305,165876,2121134,163557,162823,-1080,678,-380,365,-893,222,411,-56,-98,-2051,262,-814,1075,326,-39,-1109,1104,946,
2520969,530305,165801,2121134,163557,162823,-1113,573,-416,365,-893,222,226,-28,-6,-1875,717,-950,1075,326,-39,1058,1157,896,
2520969,530305,165801,1491540,163557,162823,-1153,511,-335,363,-895,208,-44,58,73,-580,-1770,-293,1075,310,-44,2319,914,630,
2520969,530305,165801,1491540,163537,162823,-1145,565,-338,363,-895,208,-339,153,181,-373,-1773,-280,1075,310,-44,1953,694,594,
2520969,530305,165801,1491540,163537,162891,-1114,789,-245,358,-890,217,-533,172,298,-492,-1346,-315,1084,299,-62,930,571,758,
2520969,530305,165801,1491540,163537,162891,-1022,1002,-285,356,-902,228,-609,147,341,-663,-1326,-362,1084,299,-62,60,470,818,
2520969,530305,165801,1491540,163537,162891,-975,1159,-17,356,-902,228,-600,114,338,-742,-1231,-488,1085,280,-62,-521,438,867,
2206581,530305,165801,1491540,163537,162891,-856,1286,-213,346,-900,241,-539,105,300,-912,-961,-622,1094,251,-85,-809,434,973,
2206581,436372,165801,1491540,163537,162891,-802,1294,-234,346,-900,241,-475,115,239,-979,-773,-809,1094,251,-85,-826,377,1060,
2206581,436372,165814,1491540,163537,162891,-825,1345,-203,343,-894,256,-378,126,168,-1012,-738,-867,1099,217,-100,-426,137,1081,
2206581,436372,165814,1793647,163537,162891,-864,1426,-163,343,-897,246,-229,146,-9,-1083,-657,-753,1099,217,-100,-337,-37,1067,
2206581,436372,165814,1793647,163730,162891,-829,1409,-261,343,-897,246,-137,128,-107,-1119,-587,-634,1101,194,-86,-320,-220,1021,
2206581,436372,165814,1793647,163730,166568,-863,1404,-206,346,-895,240,-38,101,-203,-1129,-511,-579,1101,194,-86,-365,-384,940,
2206581,436372,165814,1793647,163730,166568,-868,1269,-258,346,-895,240,50,80,-292,-1092,-422,-535,1103,181,-92,-425,-473,842,
2206581,436372,165814,1793647,163730,166568,-884,1135,-284,353,-885,240,116,78,-364,-1101,-365,-481,1103,159,-78,-445,-444,741,
2038878,436372,165814,1793647,163730,166568,-939,1036,-258,353,-885,240,115,100,-400,-1026,-355,-500,1104,159,-78,-427,-321,651,
2038878,457386,165814,1793647,163730,166568,-997,1007,-237,362,-886,240,60,128,-414,-1043,-356,-474,1108,141,-82,-385,-173,586,
2038878,457386,165723,1793647,163730,166568,-1016,992,-288,371,-887,238,6,149,-415,-1056,-417,-468,1108,141,-82,-358,-31,530,
2038878,457386,165723,1247207,163730,166568,-995,974,-260,371,-887,238,-41,152,-406,-1075,-529,-559,1110,131,-82,-356,88,480,
2038878,457386,165723,1247207,163711,166568,-980,979,-274,381,-881,230,-50,149,-407,-1069,-617,-541,1110,131,-82,-388,148,444,
2038878,457386,165723,1247207,163711,162688,-980,1001,-248,381,-881,230,-19,150,-392,-1093,-663,-635,1111,117,-71,-438,165,422,
2038878,457386,165723,1247207,163711,162688,-1005,975,-354,389,-866,239,105,134,-385,-1119,-652,-673,1111,117,-71,-501,112,419,
2038878,457386,165723,1247207,163711,162688,-983,995,-286,397,-873,228,158,107,-378,-1200,-639,-629,1113,116,-84,-527,9,418,
2022011,457386,165723,1247207,163711,162688,-1053,975,-382,397,-873,228,210,72,-365,-1225,-525,-665,1113,100,-75,-540,-139,402,
2022011,446702,165723,1247207,163711,162688,-1027,903,-362,405,-872,223,242,38,-355,-1209,-410,-653,1113,100,-75,-535,-277,349,
2022011,446702,165747,1247207,163711,162688,-1044,745,-393,405,-872,223,225,8,-323,-1201,-52,-562,1113,93,-64,-491,-349,282,
2022011,446702,165747,1001573,163711,162688,-1102,672,-427,411,-865,217,135,22,-276,-1169,-142,-617,1113,93,-64,-382,-332,207,
2022011,446702,165747,1001573,167740,162688,-1102,698,-406,411,-865,217,9,49,-205,-1185,-172,-579,1110,96,-69,-201,-231,122,
2022011,446702,165747,1001573,167740,162825,-1076,806,-365,418,-867,221,-99,55,-145,-1161,-283,-561,1110,96,-69,7,-94,-214,
2022011,446702,165747,1001573,167740,162825,-1062,864,-361,419,-866,219,-134,48,-97,-1133,-414,-574,1114,96,-74,159,100,-86,
2022011,446702,165747,1001573,167740,162825,-1052,870,-306,419,-866,219,-113,24,-71,-1128,-499,-573,1115,99,-62,158,120,-128,
2023342,446702,165747,1001573,167740,162825,-1069,856,-350,420,-867,224,-104,2,-16,-1127,-545,-591,1115,99,-62,72,85,-167,
2023342,429549,165747,1001573,167740,162825,-1044,889,-291,420,-867,224,-122,7,5,-1142,-548,-598,1113,96,-78,14,49,-189,
2023342,429549,165898,1001573,167740,162825,-1087,920,-373,415,-862,225,-133,2,27,-1152,-554,-598,1113,96,-78,10,11,-205,
2023342,429549,165898,1180367,167740,162825,-1025,951,-309,414,-870,224,-126,-15,36,-1147,-567,-611,1113,100,-66,32,-18,-225,
2023342,429549,165898,1180367,163790,162825,-1019,970,-380,414,-870,224,-101,-41,40,-1110,-597,-592,1113,100,-66,50,-42,-238,
2023342,429549,165898,1180367,163790,162911,-1001,944,-398,413,-869,220,-61,-68,44,-1094,-612,-564,1111,111,-66,17,-57,-249,
2023342,429549,165898,1180367,163790,162911,-1015,941,-290,413,-869,220,-59,-83,44,-1080,-591,-575,1111,111,-66,-31,-66,-248,
2023342,429549,165898,1180367,163790,162911,-1014,950,-321,413,-871,219,-66,-78,45,-1085,-595,-560,1112,113,-57,-67,-60,-254,
2026024,429549,165898,1180367,163790,162911,-1014,959,-343,413,-871,219,-88,-59,53,-1106,-590,-571,1112,115,-87,-102,-50,-264,
2026024,334060,165898,1180367,163790,162911,-994,969,-244,407,-868,226,-100,-50,55,-1116,-594,-552,1112,115,-87,-114,-52,-276,
2026024,334060,165907,1180367,163790,162911,-1014,967,-373,405,-872,226,-113,-35,46,-1131,-599,-551,1113,122,-76,-103,-52,-282,
2026024,334060,165907,1196371,163790,162911,-997,1037,-282,405,-872,226,-141,-12,39,-1130,-607,-570,1113,122,-76,-92,-37,-290,
2026024,334060,165907,1196371,163882,162911,-996,1040,-319,404,-872,230,-134,-3,17,-1089,-590,-635,1111,128,-74,-66,-49,-289,
2026024,334060,165907,1196371,163882,162773,-1000,1062,-273,404,-872,230,-114,10,2,-1100,-605,-586,1111,128,-74,-41,-54,-295,
2026024,334060,165907,1196371,163882,162773,-1017,1039,-267,401,-867,228,-101,2,-15,-1078,-596,-642,1109,134,-57,-10,-53,-301,
2026024,334060,165907,1196371,163882,162773,-1012,1049,-266,407,-870,230,-79,-9,-35,-1070,-618,-607,1113,141,-79,30,-47,-299,
1964654,334060,165907,1196371,163882,162773,-1023,1038,-283,407,-870,230,-63,-23,-47,-1074,-657,-575,1113,141,-79,72,-37,-302,
1964654,337665,165907,1196371,163882,162773,-994,1049,-260,407,-870,241,-54,-28,-62,-1043,-695,-573,1109,142,-73,102,-19,-272,
1964654,337665,165811,1196371,163882,162773,-984,1030,-270,407,-870,241,-36,-22,-84,-1051,-740,-546,1109,142,-73,71,-27,-249,
1964654,337665,165811,1237126,163882,162773,-995,1026,-252,407,-867,232,-20,-4,-102,-1034,-725,-563,1107,154,-59,47,-11,-222,
1964654,337665,165811,1237126,163807,162773,-1000,1024,-246,407,-868,229,0,6,-115,-1051,-747,-543,1107,154,-59,28,-11,-199,
1964654,337665,165811,1237126,163807,162958,-999,1004,-250,407,-868,229,54,7,-129,-1022,-760,-560,1107,162,-71,-7,-14,-176,
1964654,337665,165811,1237126,163807,162958,-1032,953,-365,407,-868,235,63,6,-125,-1032,-747,-559,1107,166,-68,-48,-4,-145,
1964654,337665,165811,1237126,163807,162958,-1036,911,-316,407,-868,235,63,7,-121,-1043,-741,-552,1107,166,-68,-54,7,-118,
2028614,337665,165811,1237126,163807,162958,-1074,907,-258,411,-866,230,54,14,-107,-1041,-719,-591,1107,161,-65,-48,16,-91,
2028614,344141,165811,1237126,163807,162958,-1044,898,-325,411,-866,230,29,8,-87,-1084,-701,-605,1107,161,-65,-22,17,-72,
2028614,344141,165723,1237126,163807,162958,-1059,867,-314,413,-861,222,-1,11,-65,-1083,-701,-575,1106,163,-69,26,20,-59,
2028614,344141,165723,1137036,163807,162958,-1053,873,-347,416,-869,228,-44,20,-43,-1080,-731,-540,1106,163,-69,63,18,-46,
2028614,344141,165723,1137036,163769,162958,-1028,898,-366,416,-869,228,-81,22,-29,-1044,-727,-562,1108,164,-58,70,15,-24,
2028614,344141,165723,1137036,163769,162917,-1019,949,-354,413,-867,227,-86,25,-14,-1020,-722,-622,1108,164,-58,61,11,-5,
2028614,344141,165723,1137036,163769,162917,-1042,966,-292,413,-867,227,-84,20,-12,-1062,-717,-549,1109,170,-60,48,14,15,
2028614,344141,165723,1137036,163769,162917,-1008,959,-245,413,-864,228,-67,11,-11,-1025,-696,-618,1108,160,-61,24,16,22,
1868367,344141,165723,1137036,163769,162917,-1040,947,-305,414,-863,221,-74,-1,-2,-1068,-702,-550,1108,160,-61,12,3,40,
1868367,271664,165723,1137036,163769,162917,-1042,923,-391,414,-863,221,-83,0,1,-1045,-679,-569,1110,159,-56,12,14,56,
1868367,271664,165950,1137036,163769,162917,-1029,944,-319,415,-870,226,-102,0,6,-1058,-682,-590,1110,159,-56,-4,14,58,
1868367,271664,165950,1120239,163769,162917,-1027,942,-320,415,-870,226,-113,-13,12,-1049,-681,-573,1107,162,-62,-13,9,65,
1868367,271664,165950,1120239,163749,162917,-998,932,-277,411,-866,225,-118,-17,18,-1062,-677,-571,1107,162,-62,-28,5,73,
1868367,271664,165950,1120239,163749,162935,-1026,938,-298,411,-866,225,-110,-24,25,-1054,-648,-602,1104,157,-59,-46,2,85,
1868367,271664,165950,1120239,163749,162935,-1041,933,-348,410,-865,240,-108,-21,26,-1070,-637,-598,1109,157,-69,3,16,96,
1868367,271664,165950,1120239,163749,162935,-1043,953,-254,410,-867,231,-98,-30,45,-1058,-656,-604,1109,157,-69,29,31,102,
1791422,271664,165950,1120239,163749,162935,-1009,926,-318,410,-867,231,-84,-48,56,-1055,-694,-566,1107,153,-42,1,40,114,
1791422,238865,165950,1120239,163749,162935,-1027,929,-299,402,-870,220,-81,-60,69,-1067,-693,-579,1107,153,-42,-29,28,121,
1791422,238865,165906,1120239,163749,162935,-1048,931,-307,402,-870,220,-90,-53,88,-1052,-654,-586,1108,147,-67,-59,15,133,
1791422,238865,165906,1016689,163749,162935,-988,939,-287,402,-870,244,-130,-31,102,-1077,-648,-595,1108,147,-67,-56,22,139,
1791422,238865,165906,1016689,164523,162935,-1008,946,-300,392,-870,235,-138,-30,107,-1068,-654,-569,1105,156,-64,-25,39,145,
1791422,238865,165906,1016689,164523,162837,-1009,968,-320,392,-870,235,-144,-38,111,-1100,-695,-554,1105,156,-64,-16,37,154,
1791422,238865,165906,1016689,164523,162837,-1037,1001,-236,392,-875,240,-136,-52,118,-1062,-692,-567,1111,140,-84,-27,44,161,
1791422,238865,165906,1016689,164523,162837,-1022,968,-316,392,-875,240,-125,-52,125,-1040,-687,-598,1110,136,-82,-50,29,176,
1744834,238865,165906,1016689,164523,162837,-970,969,-258,392,-876,232,-132,-57,123,-1056,-682,-588,1110,136,-82,-83,16,185,
1744834,215015,165906,1016689,164523,162837,-994,986,-287,392,-876,232,-144,-40,129,-1067,-655,-610,1111,127,-66,-111,17,195,
1744834,215015,165896,1016689,164523,162837,-1023,981,-344,384,-870,240,-158,-23,125,-1069,-647,-591,1111,127,-66,-129,26,206,
1744834,215015,165896,784036,164523,162837,-975,1029,-239,382,-881,250,-160,-17,120,-1091,-633,-576,1113,129,-74,-141,22,220,
1744834,215015,165896,784036,163703,162837,-992,1046,-276,382,-881,250,-133,-15,117,-1082,-626,-612,1113,129,-74,-147,22,227,
1744834,215015,165896,784036,163703,162990,-953,1010,-276,379,-880,245,-113,-28,100,-1104,-601,-581,1108,123,-57,-149,12,227,
1744834,215015,165896,784036,163703,162990,-992,1021,-270,379,-880,245,-107,-34,99,-1096,-577,-634,1111,112,-82,-154,1,224,
1744834,215015,165896,784036,163703,162990,-990,1031,-225,373,-878,247,-93,-30,93,-1094,-589,-619,1111,112,-82,-131,-6,225,
1693547,215015,165896,784036,163703,162990,-992,1011,-309,375,-883,252,-104,-23,87,-1097,-600,-641,1115,109,-67,-103,-5,233,
1693547,167174,165896,784036,163703,162990,-983,1036,-278,375,-883,252,-107,-13,79,-1095,-635,-589,1115,109,-67,-73,-2,242,
1693547,167174,165903,784036,163703,162990,-973,1059,-281,371,-886,255,-104,-12,69,-1097,-613,-592,1110,105,-67,-75,-24,242,
1693547,167174,165903,718017,163703,162990,-972,1062,-254,371,-886,255,-91,-17,68,-1143,-567,-574,1110,105,-67,-118,-40,241,
1693547,167174,165903,718017,163782,162990,-966,1030,-269,366,-890,248,-82,-16,52,-1132,-548,-599,1115,100,-70,-105,-33,231,
1693547,167174,165903,718017,163782,162873,-974,1067,-218,366,-890,248,-95,-2,44,-1113,-514,-629,1115,90,-78,-70,-27,222,
1693547,167174,165903,718017,163782,162873,-944,1093,-213,363,-881,255,-107,4,37,-1140,-498,-598,1111,90,-78,-39,-7,214,
1693547,167174,165903,718017,163782,162873,-947,1102,-283,365,-886,249,-102,10,1,-1122,-468,-605,1116,85,-53,-49,-2,181,
1630250,167174,165903,718017,163782,162873,-959,1098,-231,365,-886,249,-35,-8,-17,-1156,-443,-589,1116,85,-53,-45,-6,142,
1630250,166364,165903,718017,163782,162873,-969,1069,-256,367,-889,252,-8,5,-35,-1160,-404,-612,1111,85,-61,-4,9,111,
1630250,166364,165838,718017,163782,162873,-960,1043,-230,367,-889,252,-2,17,-42,-1144,-413,-645,1111,85,-61,81,34,76,
1630250,166364,165838,796631,163782,162873,-972,1065,-213,360,-883,246,-11,19,-54,-1171,-476,-596,1109,82,-80,143,43,48,
1630250,166364,165838,796631,163666,162873,-963,1056,-283,367,-884,252,-13,23,-69,-1141,-514,-598,1109,82,-80,182,40,29,
1630250,166364,165838,796631,163666,162813,-976,1078,-239,367,-884,252,-12,35,-83,-1113,-534,-624,1112,91,-63,182,45,11,
1630250,166364,165838,796631,163666,162813,-973,1046,-274,368,-885,251,-10,34,-96,-1123,-592,-566,1113,84,-63,145,27,-1,
1630250,166364,165838,796631,163666,162813,-985,1049,-244,368,-885,251,-8,28,-109,-1107,-596,-571,1113,84,-63,89,11,-12,
1663563,166364,165838,796631,163666,162813,-979,1028,-267,369,-885,251,0,30,-112,-1100,-585,-559,1116,84,-52,32,-1,-13,
1663563,166303,165838,796631,163666,162813,-992,1021,-290,369,-885,253,15,38,-118,-1135,-538,-571,1116,84,-52,-27,-17,-23,
1663563,166303,165775,796631,163666,162813,-976,1012,-298,373,-883,253,15,44,-128,-1154,-524,-554,1113,85,-67,-54,-16,-31,
1663563,166303,165775,753547,163666,162813,-985,1009,-237,373,-883,250,16,42,-124,-1143,-534,-563,1113,85,-67,-40,-11,-42,
1663563,166303,165775,753547,163697,162813,-995,1007,-249,373,-883,250,13,41,-128,-1110,-525,-623,1112,85,-95,-40,-2,-54,
1663563,166303,165775,753547,163697,162764,-1015,1013,-263,378,-884,241,5,38,-131,-1128,-549,-590,1114,85,-81,-35,-3,-62,
1663563,166303,165775,753547,163697,162764,-994,997,-325,378,-884,241,-5,44,-126,-1124,-559,-601,1114,85,-81,-30,0,-68,
1663563,166303,165775,753547,163697,162764,-996,1006,-305,380,-874,247,-5,46,-133,-1126,-564,-591,1115,87,-77,-14,-2,-68,
1707412,166303,165775,753547,163697,162764,-1022,991,-268,381,-880,243,-1,44,-129,-1116,-582,-612,1115,87,-77,1,-17,-60,
1707412,166087,165775,753547,163697,162764,-1005,993,-295,381,-880,243,12,35,-129,-1104,-592,-597,1114,86,-71,9,-18,-57,
1707412,166087,165857,753547,163697,162764,-980,965,-263,384,-878,241,15,33,-129,-1088,-599,-635,1114,86,-71,10,-18,-53,
1707412,166087,165857,796230,163697,162764,-1014,976,-289,384,-878,241,13,40,-125,-1118,-621,-571,1113,96,-71,9,-12,-39,
1707412,166087,165857,796230,163822,162764,-1001,978,-297,388,-873,240,5,47,-113,-1093,-614,-624,1113,96,-71,-4,-10,-26,
1707412,166087,165857,796230,163822,162882,-992,984,-259,388,-875,236,-16,40,-111,-1093,-614,-597,1113,92,-53,-20,-9,-17,
1707412,166087,165857,796230,163822,162882,-990,969,-316,389,-875,236,-11,40,-105,-1117,-631,-567,1119,85,-80,-39,-9,-1,
1707412,166087,165857,796230,163822,162882,-1019,971,-302,392,-878,239,-15,39,-96,-1112,-598,-568,1119,85,-80,-49,-10,12,
1731276,166087,165857,796230,163822,162882,-997,952,-319,392,-878,239,-10,29,-89,-1122,-575,-591,1112,88,-66,-50,-3,13,
1731276,166278,165857,796230,163822,162882,-1022,956,-296,393,-872,241,-7,21,-84,-1118,-538,-610,1112,88,-66,-44,-12,14,
1731276,166278,165835,796230,163822,162882,-1031,944,-322,393,-872,241,-14,17,-74,-1125,-549,-594,1117,88,-72,-9,-2,19,
1731276,166278,165835,798454,163822,162882,-1054,959,-323,391,-866,252,-35,-4,-66,-1116,-570,-610,1117,88,-72,9,10,20,
1731276,166278,165835,798454,163825,162882,-1001,938,-293,394,-873,237,-46,-8,-61,-1112,-595,-617,1112,89,-78,17,8,18,
1731276,166278,165835,798454,163825,162845,-1025,954,-278,394,-873,237,-50,-9,-49,-1111,-598,-601,1115,86,-70,12,0,28,
1731276,166278,165835,798454,163825,162845,-1021,956,-257,394,-873,238,-54,-10,-36,-1128,-592,-566,1115,86,-70,-12,-2,35,
1731276,166278,165835,798454,163825,162845,-1029,949,-329,394,-873,238,-55,-1,-22,-1118,-546,-589,1113,85,-77,-26,0,37,
1682864,166278,165835,798454,163825,162845,-994,965,-223,392,-867,227,-49,6,-7,-1128,-543,-604,1113,85,-77,-25,-1,37,
1682864,166270,165835,798454,163825,162845,-1027,973,-306,394,-872,233,-69,-1,-5,-1124,-531,-608,1114,85,-67,-25,1,32,
1682864,166270,165863,798454,163825,162845,-982,966,-309,394,-872,233,-73,0,1,-1127,-527,-618,1114,85,-67,-18,7,19,
1682864,166270,165863,807352,163825,162845,-1019,978,-323,388,-877,237,-69,-4,7,-1141,-543,-589,1111,94,-75,7,10,13,
1682864,166270,165863,807352,163762,162845,-1021,969,-304,388,-877,237,-69,-5,10,-1126,-541,-613,1111,82,-67,23,10,6,
1682864,166270,165863,807352,163762,162732,-1030,981,-299,390,-876,241,-73,-16,12,-1089,-552,-656,1115,82,-67,16,8,-7,
1682864,166270,165863,807352,163762,162732,-974,987,-286,390,-876,241,-71,-18,16,-1121,-540,-607,1114,80,-61,3,2,-10,
1682864,166270,165863,807352,163762,162732,-1038,1009,-288,387,-872,243,-76,-20,13,-1152,-526,-521,1114,80,-61,-5,-10,-17,
1625721,166270,165863,807352,163762,162732,-1004,986,-328,390,-875,239,-81,-25,11,-1158,-500,-592,1112,84,-62,5,-2,-31,
1625721,166443,165863,807352,163762,162732,-979,1005,-304,390,-875,239,-86,-14,15,-1139,-499,-623,1112,84,-62,32,11,-48,
1625721,166443,165847,807352,163762,162732,-997,1034,-262,387,-878,247,-93,0,-4,-1099,-525,-627,1111,85,-64,70,27,-57,
1625721,166443,165847,856770,163762,162732,-999,1001,-297,387,-878,247,-68,1,-7,-1112,-559,-592,1111,85,-64,66,17,-69,
1625721,166443,165847,856770,163808,162732,-1007,1035,-225,383,-868,251,-65,2,-13,-1124,-572,-611,1115,89,-56,55,14,-75,
1625721,166443,165847,856770,163808,162818,-1004,1019,-259,389,-875,237,-55,-1,-20,-1120,-556,-608,1113,83,-67,28,0,-75,
1625721,166443,165847,856770,163808,162818,-1015,1016,-344,389,-875,237,-45,8,-25,-1129,-546,-571,1113,83,-67,21,5,-78,
1625721,166443,165847,856770,163808,162818,-990,1267,-206,388,-878,240,-34,5,-27,-1114,-548,-591,1110,86,-69,33,1,-82,
1595793,166443,165847,856770,163808,162818,-998,1015,-260,388,-878,240,-33,3,-49,-1122,-575,-611,1110,86,-69,44,13,-83,
1595793,166286,165847,856770,163808,162818,-993,1001,-299,389,-877,243,-26,7,-51,-1091,-585,-603,1112,93,-69,35,16,-93,
1595793,166286,165860,856770,163808,162818,-993,1016,-287,389,-877,243,-29,9,-54,-1139,-577,-561,1112,93,-69,28,20,-92,
1595793,166286,165860,838833,163808,162818,-1028,1021,-262,389,-874,246,-38,15,-57,-1116,-580,-572,1112,97,-61,18,20,-90,
1595793,166286,165860,838833,167389,162818,-988,1018,-244,388,-877,241,-27,23,-53,-1107,-575,-626,1113,94,-56,17,13,-94,
1595793,166286,165860,838833,167389,162797,-1010,1013,-241,388,-877,241,-15,24,-70,-1111,-598,-572,1113,94,-56,23,15,-94,
1595793,166286,165860,838833,167389,162797,-982,990,-302,390,-879,245,-10,24,-75,-1099,-600,-603,1117,95,-51,20,17,-79,
1595793,166286,165860,838833,167389,162797,-1018,1013,-279,390,-879,245,-6,27,-77,-1118,-584,-651,1117,95,-51,-1,16,-72,
1459578,166286,165860,838833,167389,162797,-988,1003,-223,392,-872,224,-5,29,-85,-1125,-613,-571,1115,92,-70,4,20,-68,
1459578,165638,165860,838833,167389,162797,-1016,1003,-288,394,-873,240,-3,33,-88,-1100,-596,-614,1115,92,-70,11,23,-56,
1459578,165638,165979,838833,167389,162797,-983,978,-283,394,-873,240,-17,36,-89,-1099,-600,-594,1113,103,-72,14,17,-47,
1459578,165638,165979,826180,167389,162797,-1023,975,-345,396,-875,230,-22,41,-92,-1068,-599,-649,1113,103,-72,13,12,-41,
1459578,165638,165979,826180,163823,162797,-1020,992,-301,396,-875,230,-18,38,-89,-1111,-610,-585,1115,98,-71,11,-1,-30,
1459578,165638,165979,826180,163823,167893,-999,1004,-226,395,-874,232,-16,29,-89,-1105,-608,-590,1113,98,-65,3,-3,-25,
1459578,165638,165979,826180,163823,167893,-992,970,-290,395,-874,230,-9,27,-94,-1092,-605,-612,1113,98,-65,2,3,-16,
1459578,165638,165979,826180,163823,167893,-1013,974,-257,399,-874,230,-7,20,-87,-1114,-614,-570,1113,96,-63,-5,10,-1,
1483811,165638,165979,826180,163823,167893,-1031,953,-331,402,-876,237,-9,18,-79,-1094,-613,-617,1113,96,-63,2,3,8,
1483811,165789,165979,826180,163823,167893,-1010,949,-300,402,-876,237,-17,22,-79,-1091,-617,-626,1113,100,-65,6,8,10,
1483811,165789,165880,826180,163823,167893,-1020,961,-315,398,-874,226,-16,24,-68,-1096,-623,-594,1113,100,-65,1,-6,21,
1483811,165789,165880,798563,163823,167893,-1011,957,-325,398,-874,226,-25,21,-66,-1120,-603,-591,1114,101,-61,-12,-7,38,
1483811,165789,165880,798563,163885,167893,-992,973,-222,403,-868,233,-26,20,-66,-1113,-595,-590,1112,96,-80,-24,-10,41,
1483811,165789,165880,798563,163885,165091,-1029,944,-333,405,-873,233,-26,4,-67,-1111,-577,-605,1112,96,-80,-34,1,32,
1483811,165789,165880,798563,163885,165091,-1030,952,-342,405,-873,233,-25,6,-64,-1117,-578,-602,1111,94,-58,-24,6,47,
1483811,165789,165880,798563,163885,165091,-1052,935,-292,403,-876,229,-28,13,-37,-1112,-559,-584,1111,94,-58,-15,7,55,
1476576,165789,165880,798563,163885,165091,-1005,923,-287,403,-876,229,-44,12,-28,-1101,-568,-623,1116,96,-69,-6,12,48,
1476576,165254,165880,798563,163885,165091,-1010,952,-274,403,-865,225,-59,7,-15,-1157,-594,-541,1116,96,-69,10,19,48,
1476576,165254,165920,798563,163885,165091,-1025,953,-298,403,-872,226,-66,-4,-12,-1104,-604,-608,1113,100,-63,11,14,51,
1476576,165254,165920,625596,163885,165091,-1015,948,-328,405,-872,226,-68,-16,-5,-1103,-593,-589,1115,91,-61,7,5,58,
1476576,165254,165920,625596,163732,165091,-1042,959,-317,404,-872,231,-71,-14,5,-1113,-586,-593,1115,91,-61,-10,8,53,
1476576,165254,165920,625596,163732,162800,-1012,950,-327,404,-872,231,-74,-13,7,-1121,-584,-584,1114,86,-73,-37,-2,62,
1476576,165254,165920,625596,163732,162800,-1007,959,-311,401,-871,232,-80,-11,20,-1104,-557,-595,1114,86,-73,-47,-5,63,
1476576,165254,165920,625596,163732,162800,-1020,972,-262,401,-871,232,-83,-5,22,-1130,-545,-568,1116,86,-67,-41,6,62,
1474588,165254,165920,625596,163732,162800,-1043,971,-326,400,-866,240,-89,1,22,-1110,-535,-604,1116,86,-67,-40,18,50,
1474588,165119,165920,625596,163732,162800,-992,964,-283,400,-873,234,-87,-3,29,-1109,-537,-655,1112,89,-68,-36,11,39,
1474588,165119,165808,625596,163732,162800,-1004,983,-312,400,-873,234,-87,-12,29,-1133,-553,-589,1112,89,-68,-27,11,41,
1474588,165119,165808,608029,163732,162800,-1006,998,-253,396,-877,238,-92,-6,23,-1108,-534,-634,1116,88,-75,-25,11,36,
1474588,165119,165808,608029,163691,162800,-989,983,-282,396,-877,238,-91,-6,30,-1151,-559,-545,1114,83,-63,-21,-5,32,
1474588,165119,165808,608029,163691,163004,-987,999,-301,396,-866,238,-96,-7,26,-1107,-540,-640,1114,83,-63,-14,-4,28,
1474588,165119,165808,608029,163691,163004,-1013,1005,-298,395,-876,245,-92,-16,16,-1116,-540,-594,1112,80,-66,-17,2,21,
1474588,165119,165808,608029,163691,163004,-1010,1006,-306,395,-876,245,-80,-17,12,-1131,-546,-584,1112,80,-66,-28,-3,25,
1472667,165119,165808,608029,163691,163004,-1008,1003,-268,392,-876,240,-76,-15,10,-1133,-544,-592,1113,86,-61,-18,0,16,
1472667,165415,165808,608029,163691,163004,-1021,1005,-324,392,-876,240,-75,-21,8,-1129,-540,-609,1113,86,-61,-12,18,8,
1472667,165415,166014,608029,163691,163004,-1012,1006,-274,392,-878,232,-70,-13,-3,-1118,-539,-617,1112,86,-64,-22,28,5,
1472667,165415,166014,472274,163691,163004,-996,985,-279,392,-878,232,-68,-9,-2,-1134,-551,-585,1114,82,-64,-20,17,-1,
1472667,165415,166014,472274,163779,163004,-986,1001,-310,390,-868,236,-71,1,-4,-1120,-548,-624,1114,82,-64,-15,11,3,
1472667,165415,166014,472274,163779,162817,-1009,1009,-274,392,-877,240,-65,4,-1,-1120,-564,-629,1114,79,-65,-9,4,2,
1472667,165415,166014,472274,163779,162817,-997,995,-301,392,-877,240,-76,3,-256,-1116,-567,-600,1114,79,-65,-7,-5,5,
1472667,165415,166014,472274,163779,162817,-989,999,-298,393,-877,235,-63,-10,-10,-1100,-564,-602,1111,81,-68,-13,-14,6,
1425609,165415,166014,472274,163779,162817,-1005,1009,-249,393,-877,235,-62,-11,-10,-1118,-552,-603,1111,81,-68,-16,-11,3,
1425609,169452,166014,472274,163779,162817,-988,986,-280,388,-873,237,-57,-2,-10,-1123,-545,-608,1115,88,-74,-34,-13,6,
1425609,169452,167270,472274,163779,162817,-1020,986,-328,389,-879,236,-59,-2,-13,-1117,-547,-599,1115,83,-72,-29,-13,2,
1425609,169452,167270,426461,163779,162817,-999,1000,-249,389,-879,236,-58,-4,-14,-1118,-551,-593,1114,83,-72,-29,5,-3,
1425609,169452,167270,426461,163696,162817,-989,981,-265,390,-876,234,-62,-9,-7,-1126,-555,-590,1116,79,-66,-37,17,-3,
1425609,169452,167270,426461,163696,162840,-1019,956,-318,390,-876,234,-68,-8,-6,-1122,-568,-611,1116,79,-66,-48,16,-5,
1425609,169452,167270,426461,163696,162840,-976,971,-291,382,-878,248,-71,-6,3,-1118,-585,-602,1117,78,-61,-59,7,-6,
1425609,169452,167270,426461,163696,162840,-1027,970,-263,382,-878,248,-71,1,8,-1085,-559,-634,1117,78,-61,-83,7,1,
1442250,169452,167270,426461,163696,162840,-997,971,-241,389,-872,234,-81,2,13,-1117,-572,-601,1110,80,-72,-95,2,2,
1442250,165377,167270,426461,163696,162840,-997,965,-326,384,-877,243,-84,-5,23,-1122,-557,-601,1110,80,-72,-96,4,9,
1442250,165377,167773,426461,163696,162840,-1002,984,-263,384,-877,243,-73,-3,33,-1145,-565,-589,1113,84,-75,-76,0,19,
1442250,165377,167773,379620,163696,162840,-978,962,-299,383,-880,238,-77,-3,34,-1105,-561,-639,1114,76,-70,-65,-9,24,
1442250,165377,167773,379620,163779,162840,-985,994,-267,383,-880,238,-84,-2,38,-1128,-567,-623,1114,76,-70,-69,-10,22,
1442250,165377,167773,379620,163779,162956,-1001,991,-275,378,-878,251,-83,-9,38,-1119,-574,-584,1112,72,-76,-72,-6,34,
1442250,165377,167773,379620,163779,162956,-1027,988,-318,377,-877,247,-87,-18,45,-1096,-568,-631,1112,72,-76,-64,-3,37,
1442250,165377,167773,379620,163779,162956,-962,980,-216,377,-877,247,-78,-21,49,-1115,-568,-600,1115,75,-68,-69,-4,46,
1396210,165377,167773,379620,163779,162956,-1248,976,-365,378,-881,245,-77,-22,49,-1112,-565,-645,1115,75,-68,-81,-7,48,
1396210,165250,167773,379620,163779,162956,-991,978,-295,378,-881,245,-87,-17,58,-1135,-562,-624,1116,75,-53,-85,-10,61,
1396210,165250,166341,379620,163779,162956,-976,1007,-221,373,-881,245,-102,-17,57,-1133,-571,-591,1114,74,-64,-54,-36,66,
1396210,165250,166341,320570,163779,162956,-981,1009,-297,373,-881,245,-102,-13,59,-1129,-577,-615,1114,74,-64,-37,-38,80,
1396210,165250,166341,320570,163743,162956,-963,1011,-326,375,-884,242,-99,-27,61,-1101,-579,-652,1118,64,-57,-48,-27,103,
1396210,165250,166341,320570,163743,162956,-981,1010,-259,370,-886,247,-87,-27,60,-1129,-583,-593,1118,64,-57,-66,-31,118,
1396210,165250,166341,320570,163743,162956,-977,1012,-238,370,-886,247,-92,-16,57,-1145,-594,-584,1112,61,-65,-87,-42,130,
1396210,165250,166341,320570,163743,162956,-994,1022,-301,367,-887,267,-87,-14,48,-1101,-588,-622,1112,61,-65,-112,-59,141,
1391741,165250,166341,320570,163743,162956,-973,1027,-258,367,-887,267,-99,-17,53,-1124,-605,-604,1114,62,-61,-142,-63,155,
1391741,165271,166341,320570,163743,162956,-985,1018,-297,367,-882,248,-92,-27,57,-1093,-598,-619,1114,62,-61,-188,-80,175,
1391741,165271,165884,320570,163743,162956,-967,1027,-289,367,-887,253,-88,-28,55,-1109,-570,-614,1115,54,-67,-218,-83,185,
1391741,165271,165884,366705,163743,162956,-984,1028,-298,367,-887,253,-94,-21,50,-1134,-550,-612,1114,52,-75,-232,-81,200,
1391741,165271,165884,366705,163778,162956,-968,1020,-266,364,-890,253,-90,-14,46,-1125,-517,-628,1114,52,-75,-238,-83,203,
1391741,165271,165884,366705,163778,162878,-955,1031,-297,364,-890,253,-87,-24,50,-1133,-468,-575,1115,43,-65,-230,-80,209,
1391741,165271,165884,366705,163778,162878,-998,1034,-245,361,-889,251,-91,-19,50,-1157,-435,-606,1115,43,-65,-215,-65,211,
1391741,165271,165884,366705,163778,162878,-961,1012,-235,361,-889,258,-91,-6,42,-1168,-430,-622,1113,39,-59,-187,-51,200,
1269965,165271,165884,366705,163778,162878,-986,1038,-240,357,-889,258,-81,-7,51,-1187,-436,-552,1113,39,-59,-157,-28,190,
1269965,165337,165884,366705,163778,162878,-961,1033,-235,355,-888,259,-83,-10,44,-1186,-431,-589,1110,37,-63,-125,-6,182,
1269965,165337,165841,366705,163778,162878,-975,1035,-237,355,-888,259,-78,-3,43,-1173,-430,-606,1115,26,-68,-99,9,173,
1269965,165337,165841,359610,163778,162878,-943,1026,-267,354,-883,260,-65,-1,47,-1187,-440,-617,1115,26,-68,-86,1,157,
1269965,165337,165841,359610,163626,162878,-944,1036,-240,354,-883,260,-64,5,48,-1147,-418,-630,1113,27,-52,-77,9,144,
1269965,165337,165841,359610,163626,162819,-998,1045,-253,351,-884,260,-65,4,47,-1204,-445,-534,1113,27,-52,-68,5,126,
1269965,165337,165841,359610,163626,162819,-930,1019,-263,353,-894,258,-56,18,47,-1159,-434,-633,1114,21,-59,-53,8,115,
1269965,165337,165841,359610,163626,162819,-948,1035,-271,353,-894,258,-52,22,49,-1143,-395,-686,1114,21,-59,-46,24,97,
1093395,165337,165841,359610,163626,162819,-936,1026,-256,353,-893,262,-52,26,47,-1174,-431,-601,1114,30,-51,-43,19,81,
1093395,165388,165841,359610,163626,162819,-965,1059,-262,353,-893,262,-66,22,46,-1147,-416,-652,1114,17,-57,-47,17,65,
1093395,165388,165909,359610,163626,162819,-960,1058,-282,348,-885,252,-80,0,30,-1173,-395,-627,1112,17,-57,-37,18,49,
1093395,165388,165909,163876,163626,162819,-931,1042,-302,348,-888,261,-83,-12,23,-1151,-402,-671,1113,12,-60,-18,24,34,
1093395,165388,165909,163876,163903,162819,-946,1035,-276,346,-888,261,-87,-23,18,-1161,-403,-656,1113,12,-60,-4,21,24,
1093395,165388,165909,163876,163903,162653,-981,1041,-310,345,-894,260,-103,-16,15,-1175,-423,-618,1114,15,-68,4,9,14,
1093395,165388,165909,163876,163903,162653,-947,1067,-287,345,-894,260,-106,-17,17,-1167,-421,-631,1114,15,-68,8,11,4,
1093395,165388,165909,163876,163903,162653,-952,1056,-266,344,-891,261,-108,-17,8,-1176,-422,-620,1108,16,-71,7,13,-13,
1117706,165388,165909,163876,163903,162653,-942,1080,-211,344,-891,261,-95,-21,3,-1176,-430,-584,1108,16,-71,2,10,-21,
1117706,165296,165909,163876,163903,162653,-932,1061,-226,346,-882,248,-82,-24,-4,-1159,-421,-624,1108,25,-78,12,17,-29,
1117706,165296,165873,163876,163903,162653,-952,1055,-251,342,-896,264,-73,-9,-8,-1185,-433,-601,1110,17,-54,16,20,-41,
1117706,165296,165873,163890,163903,162653,-971,1073,-251,342,-896,264,-70,-4,-10,-1174,-422,-624,1110,17,-54,24,20,-52,
1117706,165296,165873,163890,163878,162653,-945,1059,-281,341,-892,261,-50,2,-24,-1167,-430,-649,1114,16,-72,35,32,-58,
1117706,165296,165873,163890,163878,162885,-939,1079,-236,341,-892,261,-45,1,-38,-1144,-450,-642,1114,16,-72,33,33,-66,
1117706,165296,165873,163890,163878,162885,-925,1058,-216,343,-891,262,-42,4,-43,-1160,-447,-635,1110,27,-63,30,32,-80,
1117706,165296,165873,163890,163878,162885,-958,1062,-237,342,-887,263,-50,3,-49,-1162,-446,-597,1110,27,-63,27,39,-89,
1128095,165296,165873,163890,163878,162885,-974,1079,-277,342,-887,263,-44,2,-58,-1166,-460,-626,1114,29,-53,39,47,-91,
1128095,165291,165873,163890,163878,162885,-920,1053,-456,346,-894,267,-50,10,-64,-1165,-460,-627,1111,26,-64,29,30,-99,
1128095,165291,165845,163890,163878,162885,-931,1048,-307,346,-894,267,-44,7,-65,-1150,-473,-630,1111,26,-64,51,20,-92,
1128095,165291,165845,163875,163878,162885,-974,1076,-251,346,-890,265,-35,18,-67,-1162,-480,-612,1114,22,-62,69,9,-93,
1128095,165291,165845,163875,163845,162885,-935,1061,-248,346,-890,265,-26,17,-67,-1151,-487,-590,1114,22,-62,66,6,-86,
1128095,165291,165845,163875,163845,162923,-952,1065,-199,346,-887,253,-23,23,-66,-1123,-484,-657,1115,25,-74,56,7,-81,
1128095,165291,165845,163875,163845,162923,-966,1055,-246,348,-894,264,-27,22,-79,-1152,-496,-594,1115,25,-74,45,16,-83,
1128095,165291,165845,163875,163845,162923,-920,1022,-277,348,-894,264,-17,21,-80,-1159,-492,-613,1112,34,-72,47,9,-84,
1139086,165291,165845,163875,163845,162923,-947,1038,-275,346,-896,264,-22,21,-78,-1153,-503,-605,1112,34,-72,49,19,-85,
1139086,165357,165845,163875,163845,162923,-968,1024,-298,346,-896,264,-26,13,-80,-1145,-504,-609,1115,34,-78,45,26,-79,
1139086,165357,165988,163875,163845,162923,-980,1031,-277,349,-884,257,-25,13,-83,-1121,-518,-630,1113,32,-57,38,24,-72,
1139086,165357,165988,163865,163845,162923,-946,1015,-278,349,-893,260,-28,18,-79,-1154,-524,-615,1113,32,-57,29,27,-56,
1139086,165357,165988,163865,163858,162923,-951,1032,-247,349,-893,260,-33,10,-72,-1137,-514,-616,1116,32,-64,20,24,-49,
1139086,165357,165988,163865,163858,162902,-961,1013,-265,353,-895,262,-33,13,-72,-1135,-497,-642,1116,32,-64,18,25,-42,
1139086,165357,165988,163865,163858,162902,-968,1011,-279,353,-895,262,-21,24,-62,-1126,-494,-667,1113,33,-63,18,33,-41,
1139086,165357,165988,163865,163858,162902,-981,1012,-237,351,-891,256,-20,27,-58,-1132,-490,-642,1113,33,-63,18,35,-27,
1156299,165357,165988,163865,163858,162902,-939,1020,-261,351,-891,256,-26,22,-57,-1149,-521,-568,1113,36,-66,31,33,-20,
1156299,165153,165988,163865,163858,162902,-951,1003,-266,353,-887,258,-32,12,-39,-1145,-535,-604,1114,34,-71,29,18,-12,
1156299,165153,166008,163865,163858,162902,-992,1009,-256,353,-891,257,-38,9,-42,-1118,-518,-679,1114,34,-71,15,14,-4,
1156299,165153,166008,163827,163858,162902,-967,1012,-250,353,-891,257,-48,4,-30,-1132,-526,-595,1114,33,-77,-2,13,3,
1156299,165153,166008,163827,163844,162902,-972,1012,-251,352,-891,262,-55,3,-17,-1130,-501,-636,1114,33,-77,-4,16,12,
1156299,165153,166008,163827,163844,162920,-940,1017,-269,352,-891,262,-53,1,-20,-1161,-513,-590,1113,32,-75,-12,20,27,
1156299,165153,166008,163827,163844,162920,-975,1028,-284,351,-882,262,-55,-1,-17,-1118,-485,-690,1113,32,-75,-15,22,29,
1156299,165153,166008,163827,163844,162920,-961,1040,-263,353,-891,256,-48,-2,-18,-1149,-515,-597,1112,40,-76,-26,21,34,
1168876,165153,166008,163827,163844,162920,-949,1023,-277,353,-891,256,-60,-1,-18,-1125,-497,-645,1112,29,-60,-32,15,36,
1168876,165263,166008,163827,163844,162920,-968,1028,-292,354,-892,249,-53,2,-15,-1151,-485,-613,1113,29,-60,-48,4,40,
1168876,165263,165934,163827,163844,162920,-962,1031,-275,354,-892,249,-56,8,-17,-1153,-492,-590,1117,28,-59,-37,8,38,
1168876,165263,165934,163969,163844,162920,-962,1041,-309,350,-893,248,-57,4,-20,-1129,-461,-615,1117,28,-59,-34,13,33,
1168876,165263,165934,163969,163848,162920,-957,1044,-253,350,-893,248,-52,-5,-23,-1177,-479,-585,1112,25,-71,-31,21,33,
1168876,165263,165934,163969,163848,162848,-988,1043,-269,352,-890,250,-52,-4,-29,-1149,-455,-663,1112,25,-71,-27,15,28,
1168876,165263,165934,163969,163848,162848,-944,1041,-214,354,-891,259,-51,-2,-34,-1148,-458,-618,1110,24,-72,-18,18,21,
1168876,165263,165934,163969,163848,162848,-971,1035,-291,354,-891,259,-53,2,-34,-1184,-466,-585,1110,24,-72,-9,17,16,
1169913,165263,165934,163969,163848,162848,-982,1066,-220,349,-891,251,-53,1,-41,-1172,-466,-638,1113,36,-77,-2,14,13,
1169913,165006,165934,163969,163848,162848,-957,1033,-272,349,-891,251,-46,5,-39,-1161,-444,-633,1114,23,-58,0,5,13,
1169913,165006,165675,163969,163848,162848,-965,1031,-287,350,-884,258,-41,1,-50,-1156,-460,-620,1114,23,-58,2,11,2,
1169913,165006,165675,163627,163848,162848,-977,1033,-289,353,-894,252,-41,5,-49,-1169,-460,-633,1110,26,-71,-4,17,-11,
1169913,165006,165675,163627,163669,162848,-944,1018,-168,353,-894,252,-45,4,-48,-1153,-442,-658,1110,26,-71,-6,18,-18,
1169913,165006,165675,163627,163669,162893,-991,1046,-279,351,-894,261,-41,7,-53,-1161,-451,-620,1111,31,-77,-3,24,-17,
1169913,165006,165675,163627,163669,162893,-959,1040,-250,351,-894,261,-38,9,-46,-1151,-437,-654,1111,31,-77,9,19,-30,
1169913,165006,165675,163627,163669,162893,-913,1036,-260,352,-887,253,-33,12,-45,-1165,-450,-619,1111,32,-71,24,21,-41,
1184087,165006,165675,163627,163669,162893,-971,1039,-254,352,-887,259,-30,11,-44,-1173,-460,-610,1111,28,-80,29,15,-45,
1184087,165245,165675,163627,163669,162893,-981,1037,-294,354,-885,259,-31,15,-39,-1155,-456,-609,1111,28,-80,29,16,-43,
1184087,165245,165949,163627,163669,162893,-965,1029,-275,356,-891,257,-37,13,-52,-1141,-465,-656,1112,22,-71,33,14,-61,
1184087,165245,165949,167170,163669,162893,-963,1031,-250,356,-891,257,-33,15,-52,-1163,-465,-636,1112,22,-71,26,14,-61,
1184087,165245,165949,167170,163710,162893,-952,1023,-330,355,-886,251,-37,14,-50,-1143,-462,-655,1112,27,-87,31,17,-59,
1184087,165245,165949,167170,163710,162955,-981,1021,-298,355,-886,251,-37,17,-44,-1147,-475,-613,1112,27,-87,35,17,-68,
1184087,165245,165949,167170,163710,162955,-988,1035,-271,354,-882,254,-30,12,-44,-1169,-487,-592,1111,33,-76,34,24,-66,
1184087,165245,165949,167170,163710,162955,-971,1024,-261,356,-889,259,-26,12,-41,-1136,-482,-631,1111,33,-76,36,32,-67,
1185422,165245,165949,167170,163710,162955,-935,993,-324,356,-889,259,-27,10,-41,-1162,-480,-593,1109,38,-76,32,30,-75,
1185422,165228,165949,167170,163710,162955,-994,1027,-301,353,-891,254,-36,10,-37,-1136,-481,-656,1112,29,-76,35,34,-67,
1185422,165228,165987,167170,163710,162955,-955,1039,-240,353,-891,254,-41,10,-37,-1131,-490,-646,1112,29,-76,39,28,-65,
1185422,165228,165987,180993,163710,162955,-948,1038,-286,354,-883,257,-42,2,-37,-1129,-496,-649,1112,30,-82,30,26,-67,
1185422,165228,165987,180993,167136,162955,-972,1026,-297,354,-887,255,-38,-5,-35,-1132,-512,-624,1112,30,-82,39,32,-64,
1185422,165228,165987,180993,167136,167048,-993,1016,-311,356,-887,255,-39,3,-40,-1113,-496,-657,1115,40,-79,31,28,-60,
1185422,165228,165987,180993,167136,167048,-931,1023,-224,358,-888,254,-42,6,-37,-1134,-521,-618,1115,40,-79,31,22,-50,
1185422,165228,165987,180993,167136,167048,-951,1040,-225,358,-888,254,-49,8,-37,-1136,-517,-615,1114,42,-70,21,14,-49,
1188107,165228,165987,180993,167136,167048,-949,1057,-259,356,-886,252,-46,7,-40,-1136,-523,-636,1112,36,-68,13,20,-37,
1188107,165211,165987,180993,167136,167048,-963,1051,-240,356,-886,252,-43,12,-44,-1124,-502,-648,1112,36,-68,8,21,-32,
1188107,165211,165929,180993,167136,167048,-955,1043,-244,356,-884,258,-33,18,-47,-1145,-515,-600,1116,33,-76,8,16,-28,
1188107,165211,165929,174869,167136,167048,-973,1027,-312,357,-887,257,-30,10,-51,-1128,-487,-642,1116,33,-76,4,15,-18,
1188107,165211,165929,174869,163810,167048,-992,1041,-242,357,-887,257,-20,19,-58,-1160,-502,-605,1114,34,-77,0,3,-10,
1188107,165211,165929,174869,163810,163543,-978,1020,-253,361,-890,255,-33,11,-62,-1137,-492,-631,1114,34,-77,-5,1,-5,
1188107,165211,165929,174869,163810,163543,-987,1025,-291,361,-890,255,-24,21,-53,-1159,-500,-589,1113,42,-92,-1,255,-7,
1188107,165211,165929,174869,163810,163543,-955,1018,-264,358,-885,250,-28,13,-49,-1143,-488,-622,1113,42,-80,7,11,1,
1147363,165211,165929,174869,163810,163543,-993,1027,-306,362,-885,256,-30,6,-63,-1124,-486,-669,1117,37,-80,7,20,-1,
1147363,165083,165929,174869,163810,163543,-984,1036,-254,362,-885,256,-29,8,-57,-1136,-501,-632,1112,35,-86,0,17,-1,
1147363,165083,165937,174869,163810,163543,-964,1023,-270,361,-890,257,-36,10,-52,-1157,-505,-595,1112,35,-86,-2,14,4,
1147363,165083,165937,166289,163810,163543,-964,1014,-311,361,-890,257,-30,10,-59,-1168,-495,-609,1114,36,-79,-16,13,10,
1147363,165083,165937,166289,163616,163543,-982,1015,-281,361,-884,258,-30,2,-60,-1117,-494,-646,1114,36,-79,-13,12,10,
1147363,165083,165937,166289,163616,162851,-986,981,-300,361,-884,258,-35,-2,-58,-1150,-488,-606,1111,36,-82,-24,7,10,
1147363,165083,165937,166289,163616,162851,-989,999,-262,360,-881,258,-32,8,-41,-1127,-463,-676,1111,36,-82,-20,6,10,
1147363,165083,165937,166289,163616,162851,-972,1004,-251,363,-889,249,-35,11,-36,-1155,-491,-610,1114,42,-82,-17,9,17,
1172518,165083,165937,166289,163616,162851,-947,1001,-310,363,-889,249,-41,2,-36,-1155,-484,-630,1113,33,-86,-10,17,10,
1172518,165237,165937,166289,163616,162851,-957,1011,-241,362,-886,259,-47,0,-28,-1134,-494,-637,1113,33,-86,-12,22,10,
1172518,165237,165854,166289,163616,162851,-954,1007,-320,362,-886,259,-56,-3,-20,-1151,-499,-646,1111,33,-75,-23,17,16,
1172518,165237,165854,164053,163616,162851,-961,1022,-291,360,-883,242,-56,-6,-20,-1135,-490,-660,1111,33,-75,-32,17,12,
1172518,165237,165854,164053,163779,162851,-999,1007,-281,362,-885,250,-63,-12,-18,-1147,-475,-637,1113,41,-80,-30,26,12,
1172518,165237,165854,164053,163779,162782,-967,1020,-275,362,-885,250,-72,-18,-8,-1180,-481,-607,1113,41,-80,-28,25,14,
1172518,165237,165854,164053,163779,162782,-946,1032,-312,358,-886,248,-78,-12,-5,-1156,-468,-618,1114,36,-101,-28,18,15,
1172518,165237,165854,164053,163779,162782,-975,1023,-279,358,-886,248,-81,-11,-3,-1152,-467,-635,1114,32,-93,-36,20,9,
1159287,165237,165854,164053,163779,162782,-954,1013,-266,358,-888,251,-81,-8,5,-1126,-463,-647,1114,32,-93,-44,16,-256,
1159287,165259,165854,164053,163779,162782,-978,1022,-321,358,-888,254,-72,-17,4,-1154,-464,-644,1111,31,-88,-66,-1,-7,
1159287,165259,165924,164053,163779,162782,-987,1013,-274,362,-888,254,-83,-21,1,-1154,-448,-645,1111,31,-88,-68,-2,-18,
1159287,165259,165924,164074,163779,162782,-967,1013,-320,358,-888,254,-86,-14,13,-1133,-429,-664,1114,30,-79,-65,6,-31,
1159287,165259,165924,164074,163819,162782,-942,1001,-251,358,-888,254,-72,-15,11,-1138,-407,-669,1114,30,-79,-40,10,-45,
1159287,165259,165924,164074,163819,162983,-985,1001,-273,356,-885,253,-71,-12,15,-1149,-415,-642,1109,36,-86,-7,21,-59,
1159287,165259,165924,164074,163819,162983,-995,1020,-273,356,-885,253,-81,-14,20,-1132,-448,-686,1109,35,-80,23,41,-61,
1159287,165259,165924,164074,163819,162983,-945,1008,-286,354,-884,251,-82,-10,24,-1134,-447,-684,1109,35,-80,41,37,-65,
1123721,165259,165924,164074,163819,162983,-968,1044,-213,353,-892,255,-84,-9,24,-1145,-477,-626,1111,32,-66,46,35,-69,
1123721,165229,165924,164074,163819,162983,-944,1046,-227,353,-892,255,-87,0,24,-1134,-492,-624,1111,32,-66,51,31,-59,
1123721,165229,165873,164074,163819,162983,-971,1046,-285,353,-890,263,-81,0,19,-1137,-500,-630,1112,36,-98,47,36,-53,
1123721,165229,165873,163993,163819,162983,-940,1058,-261,353,-890,263,-85,-4,17,-1110,-503,-664,1112,36,-98,40,39,-51,
1123721,165229,165873,163993,163931,162983,-941,1053,-295,347,-881,251,-86,-6,8,-1132,-504,-653,1113,34,-88,30,39,-40,
1123721,165229,165873,163993,163931,162851,-946,1082,-259,347,-888,257,-72,-10,-5,-1143,-505,-618,1113,34,-88,16,48,-37,
1123721,165229,165873,163993,163931,162851,-932,1063,-219,349,-888,257,-61,-16,-16,-1115,-489,-648,1109,47,-91,18,46,-36,
1123721,165229,165873,163993,163931,162851,-962,1060,-229,352,-892,262,-68,-14,-12,-1122,-496,-648,1112,33,-93,30,54,-33,
1063387,165229,165873,163993,163931,162851,-961,1058,-204,352,-892,262,-71,0,-12,-1126,-499,-656,1112,33,-93,40,57,-32,
1063387,167349,165873,163993,163931,162851,-923,1053,-278,347,-887,263,-59,9,-27,-1134,-518,-637,1115,37,-83,40,47,-29,
1063387,167349,165773,163993,163931,162851,-960,1061,-232,347,-887,263,-51,0,-36,-1110,-518,-667,1115,37,-83,37,39,-16,
1063387,167349,165773,163937,163931,162851,-954,1047,-299,348,-880,261,-40,5,-39,-1133,-540,-617,1110,44,-82,28,25,-6,
1063387,167349,165773,163937,163861,162851,-946,1050,-252,351,-894,264,-36,9,-41,-1128,-504,-651,1110,44,-82,14,27,250,
1063387,167349,165773,163937,163861,162883,-928,1051,-229,351,-894,264,-36,22,-53,-1118,-497,-651,1111,43,-83,13,14,-2,
1063387,167349,165773,163937,163861,162883,-959,1037,-254,348,-891,261,-34,23,-57,-1144,-497,-652,1115,43,-94,2,16,5,
1063387,167349,165773,163937,163861,162883,-958,1042,-265,348,-891,261,-38,19,-56,-1107,-486,-682,1115,43,-94,7,10,14,
1023410,167349,165773,163937,163861,162883,-935,1030,-246,352,-884,256,-33,23,-59,-1135,-486,-644,1114,36,-75,16,4,6,
1023410,165305,165773,163937,163861,162883,-973,1042,-304,354,-887,252,-31,22,-60,-1145,-484,-638,1114,36,-75,4,7,4,
1023410,165305,165638,163937,163861,162883,-972,1032,-270,354,-887,252,-31,20,-62,-1144,-488,-638,1111,34,-81,0,12,4,
1023410,165305,165638,163882,163861,162883,-962,1012,-250,355,-888,254,-30,24,-59,-1129,-465,-661,1111,34,-81,3,8,-2,
1023410,165305,165638,163882,163881,162883,-981,1025,-290,355,-888,254,-27,29,-54,-1139,-477,-628,1108,40,-90,5,16,-4,
1023410,165305,165638,163882,163881,162922,-980,1038,-312,353,-893,266,-44,16,-59,-1137,-479,-656,1108,40,-90,10,27,-8,
1023410,165305,165638,163882,163881,162922,-970,1034,-228,353,-893,266,-34,15,-61,-1143,-477,-631,1111,38,-89,12,29,-8,
1023410,165305,165638,163882,163881,162922,-943,1012,-279,352,-883,255,-28,15,-62,-1137,-474,-633,1110,34,-77,9,20,-10,
1039583,165305,165638,163882,163881,162922,-969,1032,-273,357,-889,256,-23,17,-56,-1150,-478,-626,1110,34,-77,6,22,-13,
1039583,165288,165638,163882,163881,162922,-988,1026,-265,357,-889,256,-31,13,-61,-1143,-478,-647,1112,35,-97,15,19,-20,
1039583,165288,165994,163882,163881,162922,-974,1023,-256,358,-893,251,-34,16,-55,-1125,-461,-660,1112,35,-97,33,19,-27,
1039583,165288,165994,166071,163881,162922,-966,1007,-280,358,-893,251,-25,22,-50,-1140,-476,-673,1116,41,-79,48,5,-33,
1039583,165288,165994,166071,163801,162922,-972,1017,-305,355,-881,257,-34,7,-63,-1134,-473,-645,1116,41,-79,56,10,-41,
1039583,165288,165994,166071,163801,162877,-966,1028,-269,357,-886,252,-21,14,-53,-1111,-485,-660,1111,43,-105,63,14,-41,
1039583,165288,165994,166071,163801,162877,-981,1024,-294,357,-886,252,-26,10,-54,-1130,-500,-637,1110,38,-69,48,15,-41,
1039583,165288,165994,166071,163801,162877,-949,1008,-284,357,-892,255,-33,14,-46,-1157,-498,-628,1110,38,-69,32,19,-38,
1062427,165288,165994,166071,163801,162877,-985,1013,-248,357,-892,255,-35,8,-41,-1121,-484,-652,1114,36,-84,20,18,-41,
1062427,165312,165994,166071,163801,162877,-965,993,-278,355,-889,254,-33,13,-35,-1139,-500,-606,1114,36,-84,24,29,-42,
1062427,165312,165952,166071,163801,162877,-977,1028,-298,355,-889,254,-37,14,-39,-1133,-473,-676,1111,39,-89,14,25,-45,
1062427,165312,165952,163948,163801,162877,-968,1028,-251,359,-884,245,-35,22,-30,-1127,-497,-643,1111,39,-89,15,32,-47,
1062427,165312,165952,163948,166076,162877,-985,1017,-310,360,-887,258,-48,19,-30,-1135,-484,-669,1109,48,-83,19,35,-49,
1062427,165312,165952,163948,166076,162776,-967,1049,-276,360,-887,258,-41,16,-35,-1138,-501,-655,1109,48,-97,18,34,-41,
1062427,165312,165952,163948,166076,162776,-957,1033,-240,359,-888,254,-28,15,-33,-1126,-495,-663,1113,42,-97,19,30,-45,
1062427,165312,165952,163948,166076,162776,-977,1040,-255,359,-888,254,-33,11,-40,-1137,-495,-633,1111,41,-105,22,25,-42,
1063819,165312,165952,163948,166076,162776,-966,1034,-238,356,-886,266,-30,7,-48,-1124,-487,-673,1111,41,-105,32,23,-39,
1063819,165251,165952,163948,166076,162776,-977,1029,-302,359,-890,256,-36,-2,-54,-1112,-509,-669,1112,42,-91,27,18,-36,
1063819,165251,165970,163948,166076,162776,-957,1034,-301,359,-890,256,-42,-5,-58,-1112,-515,-664,1112,42,-91,16,16,-29,
1063819,165251,165970,164023,166076,162776,-984,1026,-259,363,-888,253,-35,0,-59,-1137,-524,-637,1110,40,-83,19,22,-21,
1063819,165251,165970,164023,163872,162776,-997,1031,-294,363,-888,253,-32,8,-56,-1118,-520,-650,1110,40,-83,12,12,-14,
1063819,165251,165970,164023,163872,166219,-984,1028,-285,357,-884,248,-25,12,-60,-1127,-524,-660,1113,53,-81,1,13,-5,
1063819,165251,165970,164023,163872,166219,-973,1030,-300,357,-884,248,-26,18,-62,-1114,-518,-679,1112,39,-81,-10,4,2,
1063819,165251,165970,164023,163872,166219,-963,1035,-286,358,-884,237,-26,22,-62,-1143,-514,-627,1112,39,-81,-12,8,7,
1069371,165251,165970,164023,163872,166219,-982,1043,-278,367,-887,251,-23,22,-64,-1126,-506,-669,1113,43,-88,-19,10,7,
1069371,165237,165970,164023,163872,166219,-974,1014,-282,367,-887,251,-16,21,-65,-1124,-495,-666,1113,43,-88,-11,5,16,
1069371,165237,166000,164023,163872,166219,-991,1025,-241,364,-885,249,-14,24,-64,-1133,-499,-638,1111,46,-95,-14,3,22,
1069371,165237,166000,163932,163872,166219,-957,1012,-276,364,-885,249,-26,24,-67,-1139,-509,-636,1111,46,-95,-7,0,25,
1069371,165237,166000,163932,163962,166219,-994,1050,-276,363,-885,242,-34,13,-80,-1116,-510,-670,1110,46,-89,-8,-4,26,
1069371,165237,166000,163932,163962,162893,-957,1025,-276,366,-886,253,-14,12,-78,-1143,-505,-658,1111,42,-81,5,-5,30,
1069371,165237,166000,163932,163962,162893,-998,1020,-258,366,-886,253,-6,12,-85,-1118,-480,-657,1111,42,-81,-4,-18,29,
1069371,165237,166000,163932,163962,162893,-969,1006,-246,368,-886,241,-9,16,-82,-1113,-481,-685,1116,38,-93,-6,-15,32,
1097863,165237,166000,163932,163962,162893,-978,993,-296,368,-886,241,-16,19,-75,-1126,-493,-657,1116,38,-93,3,-7,33,
1097863,165261,166000,163932,163962,162893,-981,998,-249,365,-880,248,-22,20,-70,-1113,-482,-666,1113,34,-95,10,-11,29,
1097863,165261,165974,163932,163962,162893,-990,992,-311,365,-880,254,-19,20,-59,-1141,-490,-645,1113,34,-95,6,-6,29,
1097863,165261,165974,164000,163962,162893,-999,1003,-334,370,-882,254,-27,14,-56,-1133,-488,-647,1111,41,-99,8,11,25,
1097863,165261,165974,164000,163811,162893,-975,1001,-255,372,-886,248,-33,8,-53,-1139,-484,-634,1111,41,-99,-8,14,24,
1097863,165261,165974,164000,163811,162997,-958,979,-304,372,-886,248,-32,8,-47,-1124,-475,-641,1110,40,-76,-16,4,20,
1097863,165261,165974,164000,163811,162997,-976,990,-304,371,-886,241,-34,4,-42,-1135,-461,-634,1111,34,-85,-20,4,15,
1097863,165261,165974,164000,163811,162997,-984,1010,-264,371,-886,241,-40,8,-33,-1143,-468,-638,1111,34,-85,-11,12,9,
1101619,165261,165974,164000,163811,162997,-995,996,-307,370,-880,252,-43,2,-30,-1163,-475,-676,1112,35,-90,-2,11,8,
1101619,165240,165974,164000,163811,162997,-966,976,-293,369,-885,243,-48,1,-22,-1128,-482,-649,1112,35,-90,-4,9,-3,
1101619,165240,165997,164000,163811,162997,-1000,978,-243,369,-885,243,-54,2,-12,-1128,-477,-646,1113,39,-86,6,10,-3,
1101619,165240,165997,164054,163811,162997,-964,1000,-292,368,-885,251,-74,0,-6,-1119,-479,-662,1113,39,-86,13,11,-3,
1101619,165240,165997,164054,163812,162997,-1002,1034,-258,368,-885,251,-71,-5,3,-1118,-485,-677,1111,35,-89,-2,5,-9,
1101619,165240,165997,164054,163812,163013,-946,1004,-269,369,-883,247,-66,-6,2,-1141,-492,-651,1111,29,-92,-4,11,-10,
1101619,165240,165997,164054,163812,163013,-981,1004,-299,369,-881,246,-82,-12,-6,-1140,-475,-658,1111,29,-92,-9,7,-6,
1101619,165240,165997,164054,163812,163013,-992,1008,-313,366,-881,246,-87,-4,-5,-1124,-471,-672,1112,30,-77,-9,2,-9,
1119133,165240,165997,164054,163812,163013,-960,1022,-235,368,-887,250,-81,-2,-7,-1140,-456,-653,1112,30,-77,-7,-4,-14,
1119133,165139,165997,164054,163812,163013,-989,1023,-279,368,-887,250,-87,-5,-10,-1162,-479,-596,1113,33,-95,-10,-9,-17,
1119133,165139,166007,164054,163812,163013,-988,1030,-300,368,-884,253,-82,-13,-10,-1132,-461,-669,1113,33,-95,12,3,-22,
1119133,165139,166007,164075,163812,163013,-975,1021,-263,368,-884,253,-77,-18,-7,-1140,-482,-655,1111,43,-83,23,-6,-20,
1119133,165139,166007,164075,163872,163013,-920,1024,-188,363,-879,242,-66,-12,-14,-1146,-498,-651,1111,43,-82,21,-5,-20,
1119133,165139,166007,164075,163872,162997,-974,1025,-286,367,-887,250,-67,-9,-13,-1125,-496,-663,1113,34,-82,19,-3,-21,
1119133,165139,166007,164075,163872,162997,-999,1025,-310,367,-887,250,-61,2,-11,-1126,-483,-677,1113,31,-103,21,-8,-10,
1119133,165139,166007,164075,163872,162997,-993,1049,-284,366,-886,255,-58,2,-15,-1121,-495,-668,1113,31,-103,21,-13,-10,
1123958,165139,166007,164075,163872,162997,-940,1021,-240,366,-886,255,-62,11,-27,-1152,-495,-632,1112,32,-96,20,4,-11,
1123958,165077,166007,164075,163872,162997,-982,1053,-240,364,-884,249,-52,13,-34,-1135,-486,-660,1112,32,-96,20,-6,-15,
1123958,165077,165873,164075,163872,162997,-983,1044,-321,364,-882,255,-58,7,-43,-1121,-489,-676,1111,36,-103,20,-6,-16,
1123958,165077,165873,164059,163872,162997,-936,1043,-226,364,-882,255,-50,8,-46,-1133,-491,-654,1111,36,-103,12,-16,-6,
1123958,165077,165873,164059,163987,162997,-982,1044,-34,368,-884,256,-46,5,-53,-1111,-504,-685,1113,42,-89,9,-32,-2,
1123958,165077,165873,164059,163987,162939,-960,1021,-318,368,-884,256,-47,5,-61,-1132,-509,-655,1113,38,-91,17,-32,-2,
1123958,165077,165873,164059,163987,162939,-987,1031,-319,367,-878,257,-57,6,-59,-1134,-503,-632,1113,38,-91,12,-33,4,
1123958,165077,165873,164059,163987,162939,-973,1030,-248,367,-878,257,-67,-1,-59,-1124,-506,-683,1112,34,-89,13,-37,5,
1088464,165077,165873,164059,163987,162939,-986,1032,-332,368,-878,242,-56,2,-73,-1132,-476,-667,1112,34,-89,5,-43,10,
1088464,165238,165873,164059,163987,162939,-948,1038,-259,369,-885,253,-56,3,-77,-1138,-482,-670,1113,37,-89,0,-59,14,
1088464,165238,166091,164059,163987,162939,-1012,1053,-293,369,-885,253,-51,1,-80,-1142,-470,-665,1113,37,-89,4,-59,10,
1088464,165238,166091,165413,163987,162939,-956,1013,-226,370,-882,257,-55,0,-82,-1142,-484,-634,1115,35,-85,17,-59,12,
1088464,165238,166091,165413,163767,162939,-991,1038,-272,370,-882,257,-60,1,-91,-1143,-476,-636,1115,33,-107,20,-61,17,
1088464,165238,166091,165413,163767,162989,-989,1031,-322,371,-874,245,-54,6,-100,-1152,-480,-610,1114,33,-107,13,-68,7,
1088464,165238,166091,165413,163767,162989,-954,1019,-276,373,-880,251,-47,8,-100,-1149,-476,-575,1114,31,-87,15,-43,4,
1088464,165238,166091,165413,163767,162989,-979,997,-314,373,-880,251,-56,14,-93,-1129,-467,-591,1114,31,-87,20,-43,-5,
1029557,165238,166091,165413,163767,162989,-987,1271,-239,375,-882,255,-44,12,-98,-1124,-456,-655,1113,29,-84,27,-21,-8,
1029557,165312,166091,165413,163767,162989,-995,1016,-295,375,-882,255,-43,8,-93,-1143,-482,-646,1113,29,-84,23,-14,-6,
1029557,165312,165885,165413,163767,162989,-978,1004,-232,374,-876,250,-31,-2,-100,-1159,-483,-618,1111,33,-89,29,-9,-6,
1029557,165312,165885,167309,163767,162989,-971,960,-322,374,-876,250,-23,1,-92,-1123,-470,-643,1111,33,-89,30,-20,-10,
1029557,165312,165885,167309,165687,162989,-1015,966,-286,378,-878,239,-41,-8,-87,-1128,-469,-673,1113,36,-80,24,-19,-9,
1029557,165312,165885,167309,165687,162916,-1004,960,-322,378,-877,253,-48,-5,-69,-1153,-462,-642,1115,31,-76,26,-21,-19,
1029557,165312,165885,167309,165687,162916,-976,973,-329,378,-877,253,-65,1,-53,-1156,-469,-635,1115,31,-76,27,-21,-25,
1029557,165312,165885,167309,165687,162916,-1003,973,-367,379,-879,249,-64,5,-43,-1142,-489,-622,1114,28,-86,24,-34,-28,
963025,165312,165885,167309,165687,162916,-971,990,-260,379,-879,249,-73,1,-37,-1131,-469,-650,1114,28,-86,1,-38,-39,
963025,165377,165885,167309,165687,162916,-1016,1010,-305,380,-875,253,-72,8,-33,-1122,-445,-682,1110,37,-86,-12,-43,-43,
963025,165377,165895,167309,165687,162916,-998,1015,-251,381,-877,251,-66,7,-27,-1169,-459,-623,1110,37,-86,-16,-41,-47,
963025,165377,165895,164027,165687,162916,-951,998,-279,381,-877,251,-71,-2,-23,-1159,-442,-656,1110,37,-64,-12,-37,-59,
963025,165377,165895,164027,167520,162916,-960,1040,-245,377,-880,256,-75,-5,-22,-1168,-425,-613,1114,41,-77,10,-30,-69,
963025,165377,165895,164027,167520,162892,-952,1014,-263,377,-880,256,-70,0,-23,-1185,-407,-625,1114,41,-77,35,-22,-87,
963025,165377,165895,164027,167520,162892,-996,1041,-299,374,-881,250,-50,0,-17,-1164,-410,-643,1113,34,-85,56,-17,-104,
963025,165377,165895,164027,167520,162892,-983,1015,-314,374,-881,250,-43,3,-21,-1151,-411,-645,1113,34,-85,96,-2,-119,
877524,165377,165895,164027,167520,162892,-980,1012,-277,374,-877,252,-44,13,-17,-1148,-419,-637,1113,38,-70,120,8,-139,
877524,165403,165895,164027,167520,162892,-959,1015,-256,376,-879,254,-47,18,-14,-1179,-418,-602,1113,38,-70,142,13,-178,
877524,165403,165923,164027,167520,162892,-980,1019,-279,376,-879,254,-43,27,-11,-1178,-433,-594,1113,51,-80,172,31,-198,
877524,165403,165923,164087,167520,162892,-982,1051,-77,378,-880,250,-44,41,-16,-1123,-458,-618,1113,51,-80,192,48,-207,
877524,165403,165923,164087,163915,162892,-1046,1033,-319,378,-880,250,-34,41,-22,-1119,-497,-602,1112,48,-86,177,52,-219,
877524,165403,165923,164087,163915,162784,-993,1041,-175,375,-876,252,-17,40,-29,-1105,-552,-600,1116,54,-69,144,63,-217,
877524,165403,165923,164087,163915,162784,-1033,1032,-252,381,-880,249,-2,43,-42,-1089,-576,-614,1116,54,-69,93,54,-216,
877524,165403,165923,164087,163915,162784,-1021,1000,-319,381,-880,249,-5,48,-56,-1103,-571,-629,1116,58,-84,46,46,-203,
1016195,165403,165923,164087,163915,162784,-974,1047,-245,380,-877,249,-30,41,-71,-1144,-580,-599,1116,58,-84,20,41,-186,
1016195,165302,165923,164087,163915,162784,-976,1069,-291,380,-877,249,-34,44,-86,-1118,-554,-622,1112,68,-69,9,33,-169,
1016195,165302,165812,164087,163915,162784,-991,1084,-268,380,-872,243,-15,45,-106,-1130,-529,-639,1112,68,-69,8,24,-169,
1016195,165302,165812,163952,163915,162784,-967,1064,-236,380,-872,248,9,43,-124,-1145,-520,-628,1110,72,-80,30,23,-166,
1016195,165302,165812,163952,163803,162784,-1012,1055,-321,382,-876,248,26,41,-134,-1151,-514,-605,1113,74,-66,78,25,-161,
1016195,165302,165812,163952,163803,162721,-968,1050,-192,388,-877,246,30,42,-148,-1117,-555,-591,1113,74,-66,115,41,-166,
1016195,165302,165812,163952,163803,162721,-1019,1022,-358,388,-877,246,34,35,-156,-1103,-560,-617,1113,75,-68,132,46,-160,
1016195,165302,165812,163952,163803,162721,-992,995,-324,389,-877,240,36,37,-169,-1074,-623,-613,1113,75,-68,121,65,-146,
1015179,165302,165812,163952,163803,162721,-1014,998,-248,389,-877,240,34,38,-177,-1051,-634,-611,1116,75,-86,94,71,-132,
1015179,165345,165812,163952,163803,162721,-997,982,-293,392,-867,239,30,33,-173,-1052,-649,-609,1116,75,-86,40,77,-107,
1015179,165345,165910,163952,163803,162721,-1004,964,-305,400,-870,241,22,28,-175,-1074,-660,-551,1116,87,-84,-17,91,-94,
1015179,165345,165910,163979,163803,162721,-1012,989,-336,400,-870,241,21,37,-168,-1119,-654,-555,1116,86,-71,-61,96,-68,
1015179,165345,165910,163979,163967,162721,-1024,980,-226,401,-871,247,22,39,-160,-1116,-633,-593,1111,86,-71,-106,92,-38,
1015179,165345,165910,163979,163967,162877,-1018,980,-259,401,-871,247,31,43,-155,-1121,-597,-620,1114,79,-77,-134,70,252,
1015179,165345,165910,163979,163967,162877,-1037,965,-336,405,-870,240,32,39,-153,-1121,-569,-593,1114,79,-77,-141,64,14,
1015179,165345,165910,163979,163967,162877,-1016,961,-234,405,-862,240,40,40,-147,-1107,-559,-615,1109,77,-89,-120,69,12,
1028031,165345,165910,163979,163967,162877,-1042,935,-283,405,-862,240,48,41,-137,-1106,-552,-605,1109,77,-89,-118,77,4,
1028031,167466,165910,163979,163967,162877,-1049,924,-324,410,-867,230,39,40,-128,-1104,-547,-588,1109,78,-103,-131,101,-29,
1028031,167466,165910,163979,163967,162877,-1034,913,-261,410,-867,230,33,41,-115,-1052,-506,-616,1109,78,-103,-148,168,-83,
1028031,167466,165910,164039,163967,162877,-1015,917,-251,412,-862,229,19,47,-95,-1061,-482,-589,1113,84,-98,-141,234,-142,
1028031,167466,165910,164039,163853,162877,-1054,934,-307,412,-862,229,-2,62,-74,-1082,-499,-531,1113,83,-114,-118,268,-204,
1028031,167466,165910,164039,163853,162986,-1042,969,-247,415,-863,222,-16,61,-63,-1043,-552,-608,1113,83,-114,-149,279,-267,
1028031,167466,165910,164039,163853,162986,-1051,966,-367,417,-869,234,11,33,-59,-1043,-556,-693,1109,91,-105,-194,245,-316,
1028031,167466,165910,164039,163853,162986,-1033,953,-250,417,-869,234,14,34,-53,-1119,-563,-696,1109,91,-105,-231,212,-321,
1034125,167466,165910,164039,163853,162986,-1001,910,-262,415,-869,224,9,35,-43,-1116,-576,-762,1108,99,-116,-229,170,-268,
1034125,165313,165910,164039,163853,162986,-1040,937,-331,415,-869,224,-10,47,-31,-1138,-570,-769,1108,99,-116,-224,130,-185,
1034125,165313,166072,164039,163853,162986,-1012,921,-391,416,-859,222,-34,55,-27,-1159,-532,-755,1112,106,-109,-215,104,-99,
1034125,165313,166072,455400,163853,162986,-1019,967,-304,416,-861,234,-48,53,-26,-1199,-474,-709,1107,101,-114,-170,62,-34,
1034125,165313,166072,455400,163746,162986,-987,984,-344,416,-861,234,-58,48,-22,-1179,-456,-731,1107,101,-114,-116,38,-7,
1034125,165313,166072,455400,163746,162781,-1008,998,-354,414,-867,224,-46,43,-26,-1164,-455,-709,1106,97,-103,-60,16,-13,
1034125,165313,166072,455400,163746,162781,-1000,991,-339,414,-867,224,-37,33,-36,-1165,-416,-699,1106,97,-103,-13,-6,-37,
1034125,165313,166072,455400,163746,162781,-1022,991,-324,418,-864,225,-25,31,-43,-1061,-433,-640,1109,98,-114,36,5,-70,
1059854,165313,166072,455400,163746,162781,-1029,978,-330,418,-864,225,-22,18,-51,-1080,-459,-622,1109,98,-114,83,47,-84,
1059854,165313,166072,455400,163746,162781,-1043,959,-290,417,-864,230,-18,15,-52,-1048,-482,-642,1108,107,-127,125,98,-105,
1059854,165313,165985,455400,163746,162781,-1027,932,-292,418,-866,226,-24,12,-43,-1022,-528,-652,1108,107,-127,161,186,-105,
1059854,165313,165985,339222,163746,162781,-1063,918,-338,418,-866,226,-31,15,-25,-1008,-574,-632,1107,108,-111,187,240,-98,
1059854,165313,165985,339222,163952,162781,-999,940,-294,419,-865,229,-49,20,-18,-1012,-624,-667,1107,102,-121,187,256,-74,
1059854,165313,165985,339222,163952,163012,-1027,953,-332,419,-865,229,-65,30,-10,-1021,-657,-680,1107,102,-121,163,265,-45,
1059854,165313,165985,339222,163952,163012,-1048,959,-354,418,-860,215,-73,32,-5,-1033,-699,-657,1107,102,-124,130,258,-12,
1059854,165313,165985,339222,163952,163012,-1006,981,-328,420,-864,224,-72,34,-6,-1057,-697,-698,1107,102,-124,83,238,13,
908144,165313,165985,339222,163952,163012,-998,982,-240,420,-864,224,-70,32,-4,-1068,-673,-694,1106,112,-139,30,208,27,
908144,165817,165985,339222,163952,163012,-1018,977,-300,417,-868,223,-70,29,-5,-1055,-662,-727,1106,112,-139,-9,174,52,
908144,165817,165865,339222,163952,163012,-989,1038,-310,417,-868,223,-69,37,-18,-1039,-621,-767,1106,105,-141,-4,146,72,
908144,165817,165865,387349,163952,163012,-1030,1071,-267,414,-869,225,-52,38,-36,-1064,-624,-725,1106,101,-145,3,120,94,
908144,165817,165865,387349,163857,163012,-963,1078,-302,414,-869,225,-31,43,-66,-1056,-608,-669,1106,101,-145,11,126,114,
908144,165817,165865,387349,163857,162983,-1013,1085,-322,415,-863,221,-8,54,-91,-1062,-638,-635,1103,98,-142,10,125,135,
908144,165817,165865,387349,163857,162983,-974,1072,-306,421,-864,219,16,57,-118,-1035,-604,-672,1103,98,-142,-29,125,151,
