0,0,0,0,0,0,-172,38,1352,620,-110,737,-8,-6,-14,-119,-92,1913,-3025,62,1606,2388,-1937,-771,
5320122,0,0,0,0,0,-174,53,1314,613,-100,737,6,1,-13,-98,-91,1266,1367,875,2281,-236,-617,-2238,
5320122,168776,0,0,0,0,-165,57,1337,618,-110,738,10,4,-13,-100,-105,1308,1367,875,2281,-230,-601,-2191,
5320122,168776,5044181,0,0,0,-175,54,1342,618,-110,738,9,6,-20,-94,-92,1289,459,295,753,-226,-598,-2193,
5320122,168776,5044181,4608199,0,0,-171,52,1357,619,-111,730,17,0,-16,-109,-104,1294,459,284,757,-231,-599,-2193,
5320122,168776,5044181,4608199,859315,0,-168,58,1343,619,-111,730,16,2,-13,-108,-104,1280,459,284,757,-225,-599,-2193,
5320122,168776,5044181,4608199,859315,3993167,-173,55,1342,618,-113,751,14,3,-16,-114,-102,1285,457,287,761,-219,-572,-2178,
5320122,168776,5044181,4608199,859315,3993167,-171,63,1357,618,-113,751,14,9,-17,-121,-104,1280,457,287,761,-212,-563,-2166,
5320122,168776,5044181,4608199,859315,3993167,-154,53,1343,615,-104,734,12,0,-13,-110,-99,1295,459,291,753,-207,-554,-2156,
5321275,168776,5044181,4608199,859315,3993167,-177,60,1333,615,-104,735,24,5,-16,-114,-93,1294,459,291,753,-204,-529,-2126,
5321275,168836,5044181,4608199,859315,3993167,-173,56,1343,618,-107,735,21,4,-10,-108,-96,1286,458,288,753,-204,-499,-2097,
5321275,168836,5011722,4608199,859315,3993167,-163,54,1338,619,-109,732,16,-2,-6,-113,-106,1284,462,287,760,-205,-457,-2046,
5321275,168836,5011722,4432978,859315,3993167,-162,59,1335,619,-109,732,10,2,-5,-120,-106,1288,462,287,760,-190,-407,-1981,
5321275,168836,5011722,4432978,3059664,3993167,-157,56,1341,619,-113,732,12,-1,-9,-116,-95,1263,462,286,761,-180,-337,-1636,
5321275,168836,5011722,4432978,3059664,4549486,-164,62,1325,619,-113,732,15,1,-8,-102,-109,1289,462,286,761,-161,-106,-1575,
5321275,168836,5011722,4432978,3059664,4549486,-166,68,1333,620,-106,726,7,2,-13,-106,-100,1309,462,291,760,-121,33,-1284,
5321275,168836,5011722,4432978,3059664,4549486,-170,56,1339,620,-106,726,8,6,-14,-111,-99,1327,464,290,761,-74,137,-918,
5318827,168836,5011722,4432978,3059664,4549486,-167,70,1323,619,-107,746,11,5,-10,-123,-94,1278,464,290,761,-48,216,-535,
5318827,168789,5011722,4432978,3059664,4549486,-172,56,1352,619,-113,738,8,5,-14,-108,-89,1304,460,286,748,-14,110,-131,
5318827,168789,4957335,4432978,3059664,4549486,-153,57,1337,619,-113,738,12,8,-18,-117,-116,1294,460,286,748,-14,34,-38,
5318827,168789,4957335,3017104,3059664,4549486,-169,63,1342,618,-113,731,14,9,-17,-118,-96,1289,462,288,754,-5,30,-48,
5318827,168789,4957335,3017104,3856189,4549486,-171,57,1342,618,-113,731,15,3,-13,-122,-93,1295,462,288,754,4,17,-57,
5318827,168789,4957335,3017104,3856189,4738486,-162,65,1338,619,-102,726,17,4,-12,-130,-100,1304,463,287,754,16,-1,-61,
5318827,168789,4957335,3017104,3856189,4738486,-153,64,1348,619,-102,726,14,8,-12,-120,-97,1290,463,286,751,15,-4,-61,
5318827,168789,4957335,3017104,3856189,4738486,-163,60,1332,615,-105,731,20,8,-14,-108,-96,1292,463,286,751,44,0,-71,
5314946,168789,4957335,3017104,3856189,4738486,-168,69,1338,620,-107,736,28,10,-12,-117,-53,1333,462,282,756,109,15,-73,
5314946,683794,4957335,3017104,3856189,4738486,-156,65,1349,620,-107,736,27,14,-17,-112,-31,1346,462,282,756,219,41,-89,
5314946,683794,4859123,3017104,3856189,4738486,-173,65,1348,621,-114,742,15,10,-15,-84,-32,1349,465,285,767,289,65,-141,
5314946,683794,4859123,167623,3856189,4738486,-164,59,1348,621,-114,742,6,9,-20,-109,-102,1365,465,285,767,288,89,-194,
5314946,683794,4859123,167623,3410813,4738486,-161,57,1354,617,-110,743,-15,4,-13,-139,-152,1372,462,283,756,179,171,-200,
5314946,683794,4859123,167623,3410813,4733290,-157,69,1335,617,-110,743,-36,-1,-11,-105,-63,1316,464,272,753,59,260,-145,
5314946,683794,4859123,167623,3410813,4733290,-158,56,1332,617,-112,744,-14,11,-15,-112,-43,1326,464,272,753,48,313,-163,
5314946,683794,4859123,167623,3410813,4733290,-161,61,1334,617,-108,730,-6,10,-14,-118,-61,1356,473,275,749,54,353,-194,
5293424,683794,4859123,167623,3410813,4733290,-172,57,1343,620,-108,730,-4,13,-18,-122,-39,1378,473,275,749,81,394,-205,
5293424,2942698,4859123,167623,3410813,4733290,-153,57,1326,619,-112,735,-7,13,-21,-96,5,1421,475,287,756,93,449,-223,
5293424,2942698,4779748,167623,3410813,4733290,-185,64,1366,619,-112,735,2,3,-16,-83,91,1406,475,287,750,108,516,-275,
5293424,2942698,4779748,167464,3410813,4733290,-155,62,1337,622,-110,741,-14,-2,-18,-51,149,1407,484,282,750,154,560,-369,
5293424,2942698,4779748,167464,3082058,4733290,-154,55,1341,622,-110,741,-12,-3,-23,-26,159,1389,487,283,724,176,602,-493,
5293424,2942698,4779748,167464,3082058,4461188,-173,51,1353,618,-108,744,-12,1,-22,36,198,1313,487,283,724,189,628,-638,
5293424,2942698,4779748,167464,3082058,4461188,-182,47,1335,618,-108,744,-19,-8,-24,410,153,1233,493,284,727,200,608,-783,
5293424,2942698,4779748,167464,3082058,4461188,-164,60,1331,619,-107,735,-18,-6,-26,632,162,1174,493,284,727,177,546,-919,
5315478,2942698,4779748,167464,3082058,4461188,-165,47,1349,619,-108,739,-14,-10,-24,966,88,1115,494,303,724,124,429,-1061,
5315478,777001,4779748,167464,3082058,4461188,-170,53,1351,619,-108,739,-12,-13,-20,1219,48,1047,490,317,731,54,267,-1183,
5315478,777001,4904569,167464,3082058,4461188,-162,80,1339,618,-111,738,-8,-16,-15,1427,76,1001,490,317,731,-25,45,-1304,
5315478,777001,4904569,167212,3082058,4461188,-167,68,1355,618,-111,738,-29,-31,-18,1546,90,930,473,331,734,-46,-202,-1420,
5315478,777001,4904569,167212,1310166,4461188,-159,51,1349,615,-106,743,-71,-50,-14,1751,168,1004,473,331,734,-6,-488,-1492,
5315478,777001,4904569,167212,1310166,2418691,-162,48,1341,615,-106,743,-88,-50,-19,1692,51,1059,442,351,774,92,-767,-1556,
5315478,777001,4904569,167212,1310166,2418691,-143,28,1323,614,-100,733,-46,-46,-12,1618,82,1153,442,351,774,115,-1017,-1629,
5315478,777001,4904569,167212,1310166,2418691,-162,35,1336,616,-106,736,11,-35,-14,1476,-17,1403,400,371,813,-172,-1456,-1688,
5337079,777001,4904569,167212,1310166,2418691,-155,57,1327,616,-106,736,21,-29,-14,1246,208,1453,355,386,833,-202,-1398,-1677,
5337079,168619,4904569,167212,1310166,2418691,-163,65,1348,616,-109,745,9,-27,-10,-573,-926,3075,355,386,833,-764,-386,-1364,
5337079,168619,4824965,167212,1310166,2418691,-154,28,1345,616,-109,745,-14,-39,-14,-599,203,1589,328,401,834,-262,107,-1132,
5337079,168619,4824965,3607520,1310166,2418691,-156,56,1355,612,-107,741,-2,-38,-14,-499,338,1325,328,401,834,39,65,-1102,
5337079,168619,4824965,3607520,321128,2418691,-148,44,1343,612,-107,741,-9,-62,-20,-56,17,1127,310,407,822,223,93,-1177,
5337079,168619,4824965,3607520,321128,843486,-133,17,1314,613,-103,733,18,-54,-20,366,-73,1364,310,407,822,300,-56,-1262,
5337079,168619,4824965,3607520,321128,843486,-156,15,1336,613,-101,743,89,-18,-17,270,-243,1251,295,423,840,75,-58,-1295,
5337079,168619,4824965,3607520,321128,843486,-127,60,1309,614,-101,743,150,1,-35,199,-78,1516,280,422,832,156,61,-1247,
5356883,168619,4824965,3607520,321128,843486,-145,53,1313,613,-110,742,196,22,-34,377,20,1570,280,422,832,350,-5,-1305,
5356883,168390,4824965,3607520,321128,843486,-160,70,1363,613,-110,742,201,35,-16,-9,930,2003,259,422,840,755,-165,-1344,
5356883,168390,4533823,3607520,321128,843486,-159,97,1346,614,-111,737,110,16,-67,49,615,1867,259,422,840,2141,-227,-1418,
5356883,168390,4533823,172848,321128,843486,-149,79,1328,614,-111,737,4,-255,-16,146,153,1739,232,370,871,3491,-440,-1408,
5356883,168390,4533823,172848,167220,843486,-173,47,1345,613,-108,731,-72,7,-16,138,-333,1597,232,370,909,4167,-952,-1168,
5356883,168390,4533823,172848,167220,166023,-156,31,1327,613,-108,731,-31,20,-16,123,-637,1539,196,287,909,4060,-1674,-721,
5356883,168390,4533823,172848,167220,166023,-164,51,1335,615,-107,740,22,31,-24,261,-536,1302,134,210,962,3656,-2487,-276,
5356883,168390,4533823,172848,167220,166023,-170,60,1354,617,-113,736,41,37,-34,154,-604,961,134,210,962,2901,-3062,73,
5361488,168390,4533823,172848,167220,166023,-168,54,1333,617,-113,736,44,40,-34,-234,-505,1631,55,167,997,1536,-3584,151,
5361488,168728,4533823,172848,167220,166023,-168,80,1345,617,-108,749,28,33,-30,-10,-263,1431,55,167,997,1320,-3612,-64,
5361488,168728,4942782,172848,167220,166023,-192,83,1340,617,-108,749,-18,31,-31,-137,-183,1704,-31,142,1015,1148,-3610,-312,
5361488,168728,4942782,167321,167220,166023,-161,79,1343,616,-105,733,-61,18,-34,-297,-60,1907,-115,110,1039,982,-3511,-534,
5361488,168728,4942782,167321,167067,166023,-167,59,1330,616,-105,733,-77,22,-42,-157,167,1524,-115,110,1039,1012,-3494,-745,
5361488,168728,4942782,167321,167067,166032,-179,44,1342,618,-105,729,-73,30,-43,-169,411,1629,-206,71,1035,1260,-3591,-966,
5361488,168728,4942782,167321,167067,166032,-166,45,1346,618,-108,739,-61,36,-45,-484,517,1595,-206,71,1035,1653,-3515,-1142,
5361488,168728,4942782,167321,167067,166032,-171,54,1345,618,-108,739,-66,33,-43,-469,402,1510,-298,14,1043,2082,-3185,-1243,
5349531,168728,4942782,167321,167067,166032,-194,54,1340,620,-103,739,-86,25,-40,-482,194,1406,-298,14,1043,2334,-2660,-1254,
5349531,168709,4942782,167321,167067,166032,-175,50,1342,620,-103,739,-98,13,-32,-458,71,1337,-362,-49,1034,2328,-2116,-1195,
5349531,168709,5182360,167321,167067,166032,-175,53,1356,618,-98,740,-114,16,-13,-364,-28,1187,-401,-116,1040,2181,-1669,-1122,
5349531,168709,5182360,167111,167067,166032,-172,46,1337,618,-98,740,-143,-7,-11,-235,-143,1001,-401,-116,1040,1935,-1397,-1038,
5349531,168709,5182360,167111,166969,166032,-170,35,1337,616,-91,730,-120,-14,-10,-39,-290,808,-431,-165,1027,1578,-1294,-918,
5349531,168709,5182360,167111,166969,165950,-176,25,1340,618,-90,739,-116,-12,-12,13,-238,815,-431,-165,1027,1135,-1325,-790,
5349531,168709,5182360,167111,166969,165950,-165,49,1322,618,-90,739,-123,-13,-8,-22,-163,808,-470,-187,1004,711,-1435,-681,
5349531,168709,5182360,167111,166969,165950,-161,39,1362,618,-92,734,-133,-17,-6,-87,-54,832,-470,-187,1004,372,-1493,-606,
5330506,168709,5182360,167111,166969,165950,-154,16,1334,618,-92,734,-140,-19,-11,-162,1615,1775,-505,-195,992,117,-1405,-1095,
5330506,168697,5182360,167111,166969,165950,-171,20,1351,617,-93,750,-131,-16,-13,1046,1617,1603,-502,-235,986,1484,327,-1827,
5330506,168697,5240043,167111,166969,165950,-169,19,1329,617,-93,750,-116,-17,-6,1476,727,860,-502,-235,986,876,465,-2273,
5330506,168697,5240043,2258309,166969,165950,-160,20,1350,618,-88,735,-116,-26,-7,959,862,771,-485,-276,1001,885,384,-2684,
5330506,168697,5240043,2258309,781681,165950,-167,38,1334,618,-88,735,-144,-44,-1,897,788,751,-485,-276,1001,1053,-17,-2975,
5330506,168697,5240043,2258309,781681,166021,-161,9,1339,616,-87,731,-165,-60,-6,1065,1045,619,-479,-324,990,1393,-627,-3142,
5330506,168697,5240043,2258309,781681,166021,-124,6,1333,618,-83,740,-162,-69,-1,944,959,753,-479,-407,955,1954,-1415,-3159,
5330506,168697,5240043,2258309,781681,166021,-136,-2,1355,618,-83,740,-180,-76,6,731,897,836,-493,-407,955,2437,-2114,-3005,
5315365,168697,5240043,2258309,781681,166021,-134,-4,1323,614,-80,745,-191,-101,24,167,738,1195,-530,-495,932,2666,-2329,-2725,
5315365,168710,5240043,2258309,781681,166021,-150,-21,1325,614,-80,745,-200,-118,38,-281,984,926,-530,-495,932,2663,-2023,-2420,
5315365,168710,5215110,2258309,781681,166021,-143,6,1346,609,-81,731,-166,-129,36,-140,1097,748,-548,-574,874,2595,-1560,-2201,
5315365,168710,5215110,167492,781681,166021,-125,37,1372,609,-81,731,-263,-182,60,52,1156,686,-548,-574,874,2588,-1190,-2040,
5315365,168710,5215110,167492,3440629,166021,-108,17,1376,605,-72,749,-425,-255,90,134,1179,655,-551,-638,834,2769,-970,-1876,
5315365,168710,5215110,167492,3440629,165753,-73,-28,1342,603,-67,751,-504,-297,135,210,1161,603,-542,-730,782,3107,-826,-1692,
5315365,168710,5215110,167492,3440629,165753,-82,-57,1305,603,-67,751,-415,-277,211,233,1198,658,-542,-730,782,3571,-707,-1544,
5315365,168710,5215110,167492,3440629,165753,-25,-72,1351,593,-68,755,-237,-243,356,466,1882,-71,-532,-815,703,4111,-579,-1516,
5322342,168710,5215110,167492,3440629,165753,557,-50,1331,593,-68,755,-43,-210,752,1042,1044,123,-532,-815,703,3844,-848,-1787,
5322342,168843,5215110,167492,3440629,165753,781,-36,1304,593,-88,758,172,-161,1646,74,1646,506,-524,-868,652,2345,-1779,-2070,
5322342,168843,4922613,167492,3440629,165753,952,-122,1323,593,-88,758,529,-7,2957,-172,1684,287,-524,-868,652,2492,-2215,-1728,
5322342,168843,4922613,167516,3440629,165753,860,-320,1478,587,-163,766,829,147,4351,-150,1693,13,-533,-913,587,2560,-2018,-1228,
5322342,168843,4922613,167516,288919,165753,943,-889,1435,580,-252,766,684,242,5184,-277,1943,-27,-541,-965,519,2591,-1684,-765,
5322342,168843,4922613,167516,288919,166004,1285,-1572,1489,580,-252,766,423,295,4779,-482,1621,-207,-541,-965,519,2580,-1317,-121,
5322342,168843,4922613,167516,288919,166004,1838,-1660,1555,570,-294,772,16,236,3281,-440,1459,-272,-564,-990,453,2548,-831,499,
5322342,168843,4922613,167516,288919,166004,3742,-2762,1744,570,-294,772,-379,24,1830,-134,1268,-237,-564,-990,453,2389,-327,875,
5250049,168843,4922613,167516,288919,166004,5364,-2721,1932,543,-298,802,-757,-436,2040,-88,920,-109,-586,-1002,398,1924,-14,1032,
5250049,168697,4922613,167516,288919,166004,6153,-2620,2258,543,-298,802,-2509,-1890,2886,-13,922,-256,-586,-1002,398,1137,154,1098,
5250049,168697,4609227,167516,288919,166004,6059,-2996,3136,472,-263,855,-4957,-3045,3354,-281,893,-251,-607,-1002,376,337,491,1058,
5250049,168697,4609227,167605,288919,166004,6083,-1915,3120,472,-263,936,-7583,-4815,3466,-173,923,-639,-622,-983,423,-542,928,1054,
5250049,168697,4609227,167605,167334,166004,4546,507,3235,333,-115,936,-9223,-6514,2168,-171,1317,-217,-622,-983,423,-1262,1004,1180,
5250049,168697,4609227,167605,167334,166445,4161,1161,2444,139,116,984,-9987,-7809,41,-67,1249,-25,-638,-943,464,-1767,1054,1397,
5250049,168697,4609227,167605,167334,166445,3066,2242,2663,139,116,984,-10126,-8618,-2007,438,2379,-127,-638,-943,464,-2243,1265,1779,
5250049,168697,4609227,167605,167334,166445,-2899,2761,6715,-78,332,946,-8534,-7878,-3239,757,3571,-198,-663,-887,519,-2071,1405,2033,
2899412,168697,4609227,167605,167334,166445,-4454,2713,5033,-78,332,946,-5072,-6344,-2931,1058,3280,-893,-663,-876,525,-768,1416,1782,
2899412,168704,4609227,167605,167334,166445,-6244,1526,2370,-235,407,917,-2316,-5249,-2207,752,1611,-810,-675,-876,525,794,1293,1373,
2899412,168704,2901599,167605,167334,166445,-6960,286,1053,-235,407,917,-1399,-3410,-1806,341,-1040,450,-703,-866,530,1584,1134,2927,
2899412,168704,2901599,167174,167334,166445,-4022,-711,1113,-301,442,908,-1792,-766,-1082,127,-1430,1786,-703,-866,530,-2221,969,4586,
2899412,168704,2901599,167174,166479,166445,-2355,352,920,-283,509,875,-2798,323,166,569,680,1900,-777,-749,589,-4459,1244,5633,
2899412,168704,2901599,167174,166479,165580,-2756,2980,1855,-283,509,875,-3296,250,777,1065,2569,1300,-777,-749,589,-3757,1751,5868,
2899412,168704,2901599,167174,166479,165580,-2976,-1533,-997,-188,667,770,-4747,1543,1740,1303,2508,743,-823,-600,672,-1244,1846,5435,
2899412,168704,2901599,167174,166479,165580,789,-1033,2741,-188,667,770,-9367,3417,6139,1542,1651,206,-844,-534,676,713,1608,4669,
4370631,168704,2901599,167174,166479,165580,-172,-1680,1201,-43,793,675,-4310,397,5835,1431,841,-509,-844,-534,676,1472,1129,3741,
4370631,2203160,2901599,167174,166479,165580,-979,-1839,620,-43,793,675,-3124,-679,4893,960,722,-946,-865,-514,670,1527,519,2518,
4370631,2203160,169461,167174,166479,165580,-619,-2106,373,49,843,627,-2856,-800,3505,201,734,-839,-865,-514,670,1436,-106,899,
4370631,2203160,169461,167344,166479,165580,-237,-2521,-71,84,869,573,-2779,-482,1822,-122,284,-732,-864,-541,642,1513,-580,-891,
4370631,2203160,169461,167344,167091,165580,-277,-2096,-555,84,869,573,-1656,-392,295,4987,-715,-1155,-864,-541,642,1480,-831,-2353,
4370631,2203160,169461,167344,167091,166130,-277,-1851,-434,60,879,564,-312,-282,-1128,2107,-1038,-141,-854,-591,625,406,-1153,-2635,
4370631,2203160,169461,167344,167091,166130,721,-1704,-120,60,879,564,500,17,-2567,1607,1233,772,-851,-643,599,-964,-1716,-2728,
4370631,2203160,169461,167344,167091,166130,1130,-1795,-247,-19,868,579,1110,301,-3813,342,1674,81,-851,-643,599,-33,-1599,-2840,
768612,2203160,169461,167344,167091,166130,1547,-1185,-212,-19,868,579,1425,314,-4787,508,73,-1274,-828,-679,581,112,-1006,-2829,
768612,2810255,169461,167344,167091,166130,1593,-823,-231,-140,848,612,1819,2,-5447,675,1930,-76,-828,-679,581,-1480,-664,-1950,
768612,2810255,168422,167344,167091,166130,1428,-479,-33,-140,848,672,2367,-465,-5809,489,2464,392,-826,-656,606,-2273,-381,-744,
768612,2810255,168422,167025,167091,166130,1322,-591,178,-277,777,672,2961,-875,-5894,498,1926,93,-826,-656,606,-1271,111,1252,
768612,2810255,168422,167025,167102,166130,1355,-163,266,-408,668,733,3463,-1277,-5756,467,1612,-97,-833,-630,614,24,919,2017,
768612,2810255,168422,167025,167102,165867,1215,64,680,-408,668,733,4294,-1736,-5648,603,1328,-102,-846,-593,636,358,1154,2504,
768612,2810255,168422,167025,167102,165867,458,-2127,595,-532,518,787,5015,-2033,-4659,863,1076,323,-846,-593,636,442,1119,2840,
768612,2810255,168422,167025,167102,165867,128,-3860,143,-532,518,787,3314,-1520,-3662,1009,804,280,-865,-553,642,467,898,2973,
1265695,2810255,168422,167025,167102,165867,-10,-3853,273,-605,432,791,552,-799,-1984,944,581,131,-865,-553,642,447,671,2845,
1265695,168671,168422,167025,167102,165867,186,-2086,303,-605,432,791,-1397,-186,-557,967,488,112,-883,-502,648,300,489,2540,
1265695,168671,168595,167025,167102,165867,429,-668,300,-618,458,793,-1622,-50,231,1194,422,102,-899,-461,661,9,328,2134,
1265695,168671,168595,167213,167102,165867,541,88,316,-615,477,766,-958,-277,419,1272,497,71,-899,-461,661,-322,132,1696,
1265695,168671,168595,167213,167182,165867,419,136,288,-615,477,766,-255,-532,226,1194,549,-6,-912,-435,653,-550,-154,1231,
1265695,168671,168595,167213,167182,165798,144,-466,366,-627,473,757,43,-565,-112,1031,625,29,-912,-435,653,-781,-434,754,
1265695,168671,168595,167213,167182,165798,-176,-359,322,-627,473,757,-232,-345,-465,1017,747,53,-922,-416,647,-1012,-644,336,
1265695,168671,168595,167213,167182,165798,-76,-143,271,-644,480,760,-633,9,-846,947,1051,-14,-922,-416,647,-1132,-843,-11,
1630582,168671,168595,167213,167182,165798,36,6,283,-644,480,760,-789,377,-1249,670,1254,38,-935,-400,647,-1013,-1050,-345,
1630582,270573,168595,167213,167182,165798,6023,-404,979,-651,475,753,-681,606,-1594,659,1150,186,-948,-405,613,-708,-1112,-656,
1630582,270573,168936,167213,167182,165798,2422,-280,226,-687,450,742,-649,-190,-2043,1081,527,124,-948,-405,613,-504,-953,-801,
1630582,270573,168936,167339,167182,165798,2847,-1748,-386,-687,450,742,-200,-1149,-2262,1674,446,321,-957,-394,614,-752,-806,-503,
1630582,270573,168936,167339,167171,165798,197,-1033,160,-746,424,707,-269,-1822,-2173,1042,1158,25,-957,-394,614,-1350,-848,584,
1630582,270573,168936,167339,167171,165884,1792,1012,361,-746,424,707,-575,-1311,-1744,379,1871,-221,-975,-356,605,-1161,-814,540,
1630582,270573,168936,167339,167171,165884,2028,46,389,-779,394,689,544,-491,-1807,-210,2336,98,-975,-356,605,-224,-327,28,
1630582,270573,168936,167339,167171,165884,1317,-997,-130,-779,394,689,523,-697,-1699,219,1653,-24,-980,-351,594,752,330,-486,
2316476,270573,168936,167339,167171,165884,832,-242,308,-810,365,677,-148,-660,-1428,1565,-163,-229,-970,-373,609,701,495,-243,
2316476,168558,168936,167339,167171,165884,1514,569,334,-810,365,671,-2,-443,-1431,2844,-1566,147,-970,-373,609,-528,93,978,
2316476,168558,950880,167339,167171,165884,1602,-239,42,-830,338,671,284,-339,-1503,727,2015,-468,-985,-323,606,-1069,-314,1746,
2316476,168558,950880,167345,167171,165884,1280,-413,43,-848,304,673,83,-282,-1386,-342,3373,-145,-985,-323,606,-175,-376,1409,
2316476,168558,950880,167345,167232,165884,1215,-4,238,-848,304,673,35,-195,-1239,-617,2516,417,-993,-316,603,1485,290,133,
2316476,168558,950880,167345,167232,166029,1330,-192,158,-863,283,665,101,-227,-1079,-121,1405,-78,-993,-316,603,2688,1248,-1015,
2316476,168558,950880,167345,167232,166029,1324,-33,169,-863,283,665,0,-332,-861,426,707,47,-973,-392,627,3007,1678,-1713,
2316476,168558,950880,167345,167232,166029,1346,81,193,-873,269,668,-16,-372,-661,4746,-3673,-262,-948,-421,632,2171,1469,-1254,
2366290,168558,950880,167345,167232,166029,1394,118,172,-873,269,668,68,-325,-520,3353,1995,-219,-948,-421,632,-856,533,857,
2366290,168697,950880,167345,167232,166029,1387,-23,92,-884,261,667,168,-251,-433,811,1671,-1166,-971,-378,635,-1324,-509,1467,
2366290,168697,661734,167345,167232,166029,1347,-74,113,-888,248,656,223,-182,-325,-660,1664,687,-971,-378,635,-440,-1232,1230,
2366290,168697,661734,167294,167232,166029,1329,-85,89,-888,248,656,252,-160,-207,-515,1182,432,-988,-354,619,-141,-762,414,
2366290,168697,661734,167294,167085,166029,1339,-72,105,-893,246,654,255,-159,-102,2947,-1571,-444,-984,-340,623,130,314,-121,
2366290,168697,661734,167294,167085,165963,1353,41,177,-893,246,654,193,-139,56,2621,-737,1061,-984,-340,623,-828,455,1571,
2366290,168697,661734,167294,167085,165963,1372,28,131,-897,255,661,7,-111,83,1230,1658,86,-996,-287,628,-897,-596,1593,
2366290,168697,661734,167294,167085,165963,1361,-50,134,-897,255,661,-92,-80,109,-444,1840,577,-996,-287,628,437,-497,886,
2682313,168697,661734,167294,167085,165963,1345,-1,148,-900,259,643,-142,-56,168,1693,-1066,-25,-1007,-284,623,1074,390,521,
2682313,168681,661734,167294,167085,165963,1354,-29,161,-898,263,645,-122,-45,235,2539,-1697,421,-1007,-284,623,-203,559,1472,
2682313,168681,293401,167294,167085,165963,1334,-66,178,-898,263,645,-125,-63,310,1413,1089,406,-1003,-236,630,-1026,112,2183,
2682313,168681,293401,167301,167085,165963,1340,-111,160,-897,273,649,-148,-69,367,757,1939,-371,-1010,-207,634,-121,-236,1987,
2682313,168681,293401,167301,167194,165963,1334,-170,142,-897,273,649,-169,-50,402,300,1219,246,-1010,-207,634,958,-57,1316,
2682313,168681,293401,167301,167194,166012,1326,-164,125,-895,281,642,-224,-30,427,1667,-612,382,-1009,-176,636,654,313,1530,
2682313,168681,293401,167301,167194,166012,1329,-169,117,-895,281,642,-258,-6,463,1198,797,51,-1009,-176,636,-444,225,2102,
2682313,168681,293401,167301,167194,166012,1332,-215,108,-889,301,631,-295,7,487,948,766,-63,-1009,-119,643,-241,87,2024,
2363182,168681,293401,167301,167194,166012,1317,-240,101,-889,321,637,-338,21,507,1238,-481,199,-1009,-119,643,201,61,1667,
2363182,455113,293401,167301,167194,166012,1317,-250,88,-884,321,637,-371,41,521,1521,-231,233,-1006,-80,626,-81,107,1743,
2363182,455113,168944,167301,167194,166012,1314,-261,94,-873,336,641,-379,46,534,1249,285,71,-1006,-38,645,-335,85,1842,
2363182,455113,168944,167346,167194,166012,1331,-265,86,-873,336,641,-351,33,541,1172,103,52,-1006,-38,645,-230,75,1773,
2363182,455113,168944,167346,167114,166012,1320,-289,74,-871,351,639,-307,-245,550,1317,119,115,-1004,1,641,-236,65,1719,
2363182,455113,168944,167346,167114,165953,1317,-336,90,-871,351,639,-195,-17,541,1295,67,90,-1004,1,641,-188,47,1706,
2363182,455113,168944,167346,167114,165953,1314,-347,77,-869,370,633,-182,-23,510,1254,-18,70,-997,45,626,-88,29,1613,
2363182,455113,168944,167346,167114,165953,1302,-368,108,-869,370,633,-220,-43,453,1272,-57,59,-997,45,639,-96,19,1526,
2415927,455113,168944,167346,167114,165953,1308,-367,119,-864,378,621,-230,-95,404,1293,-78,72,-989,79,639,-121,9,1436,
2415927,1147701,168944,167346,167114,165953,1302,-383,94,-863,392,623,-177,-172,353,1289,-97,72,-982,110,638,-126,19,1328,
2415927,1147701,168918,167346,167114,165953,1301,-401,97,-863,392,623,-113,-225,301,1269,-133,99,-982,110,638,-121,32,1231,
2415927,1147701,168918,167443,167114,165953,1311,-428,32,-863,393,622,-68,-222,234,1284,-180,93,-978,139,644,-129,38,1119,
2415927,1147701,168918,167443,167149,165953,1279,-450,44,-863,393,622,-51,-173,155,1290,-189,118,-978,139,644,-142,11,1008,
2415927,1147701,168918,167443,167149,166064,1297,-436,27,-867,397,619,-56,-110,67,1286,-188,107,-968,173,640,-133,-19,897,
2415927,1147701,168918,167443,167149,166064,1307,-416,3,-867,397,619,-63,-60,-26,1278,-196,96,-961,188,637,-82,-65,796,
2415927,1147701,168918,167443,167149,166064,1296,-385,42,-869,404,610,-66,-40,-98,1291,-221,80,-961,188,637,-6,-100,699,
2703005,1147701,168918,167443,167149,166064,1298,-366,66,-868,395,610,-52,-41,-146,1262,-249,59,-962,197,638,58,-114,581,
2703005,1888282,168918,167443,167149,166064,1307,-360,59,-868,395,610,-14,-72,-175,1288,-289,66,-962,197,638,86,-91,462,
2703005,1888282,168870,167443,167149,166064,1302,-370,82,-872,393,613,25,-89,-195,1282,-296,58,-958,209,629,96,-64,333,
2703005,1888282,168870,167418,167149,166064,1314,-364,83,-872,393,613,35,-98,-244,1292,-290,50,-958,209,629,104,-39,197,
2703005,1888282,168870,167418,167199,166064,1296,-358,58,-879,387,610,44,-104,-274,1280,-312,73,-960,207,632,97,-38,51,
2703005,1888282,168870,167418,167199,165975,1302,-356,25,-879,387,610,36,-115,-302,1285,-307,85,-959,202,625,64,-37,-107,
2703005,1888282,168870,167418,167199,165975,1305,-332,29,-881,386,601,10,-116,-326,1285,-280,85,-959,202,625,36,-38,-262,
2703005,1888282,168870,167418,167199,165975,1310,-310,11,-891,378,601,-20,-92,-323,1282,-217,97,-964,190,629,31,-57,-497,
2874774,1888282,168870,167418,167199,165975,1300,-297,38,-891,378,601,-42,-70,-303,1294,-184,65,-964,190,629,156,-150,-592,
2874774,2122027,168870,167418,167199,165975,1302,-267,56,-890,372,596,-26,-62,-265,1282,-167,31,-972,181,626,250,-190,-669,
2874774,2122027,168821,167418,167199,165975,1317,-265,36,-890,372,596,22,-73,-232,1276,-151,40,-972,181,626,314,-187,-723,
2874774,2122027,168821,167489,167199,165975,1317,-289,27,-892,368,603,92,-90,-207,1276,-116,40,-978,163,610,354,-162,-746,
2874774,2122027,168821,167489,167159,165975,1320,-325,-7,-892,368,603,121,-93,-202,1296,-101,38,-983,136,629,382,-128,-759,
2874774,2122027,168821,167489,167159,166058,1331,-315,-32,-897,363,599,120,-82,-214,1292,-96,52,-983,136,629,385,-109,-765,
2874774,2122027,168821,167489,167159,166058,1326,-308,-32,-897,363,599,95,-59,-248,1289,-47,53,-990,115,627,375,-104,-764,
2874774,2122027,168821,167489,167159,166058,1325,-286,-1,-900,354,603,54,-45,-275,1299,39,66,-990,115,627,385,-108,-752,
3040775,2122027,168821,167489,167159,166058,1345,-252,4,-904,346,593,9,-47,-289,1307,104,70,-999,94,616,527,-132,-745,
3040775,2525229,168821,167489,167159,166058,1324,-258,56,-904,346,593,-10,-91,-285,1276,68,36,-999,94,611,754,-184,-717,
3040775,2525229,168621,167489,167159,166058,1317,-261,88,-904,345,598,-13,-117,-230,1265,0,12,-1007,67,611,912,-185,-690,
3040775,2525229,168621,167189,167159,166058,1324,-283,70,-904,345,598,55,-91,-207,1280,-55,-2,-1009,36,621,926,-160,-663,
3040775,2525229,168621,167189,167141,166058,1328,-304,44,-913,341,598,74,-82,-203,1289,-66,12,-1009,36,621,820,-124,-653,
3040775,2525229,168621,167189,167141,165931,1318,-302,31,-913,341,598,53,-67,-228,1288,-60,20,-1010,19,624,674,-102,-655,
3040775,2525229,168621,167189,167141,165931,1317,-291,27,-915,338,595,13,-40,-257,1282,-20,21,-1010,19,624,512,-82,-656,
3040775,2525229,168621,167189,167141,165931,1332,-270,31,-920,325,588,-7,-29,-274,1279,24,27,-1017,7,624,354,-81,-648,
3156463,2525229,168621,167189,167141,165931,1335,-259,38,-920,325,588,-18,-38,-286,1304,56,30,-1018,-9,613,245,-82,-573,
3156463,2626278,168621,167189,167141,165931,1342,-253,-5,-919,318,590,-25,-57,-293,1308,111,46,-1018,-9,613,158,-144,-508,
3156463,2626278,168689,167189,167141,165931,1324,-201,9,-919,318,590,-29,-79,-279,1315,136,51,-1021,-24,615,145,-192,-417,
3156463,2626278,168689,167309,167141,165931,1336,-173,-6,-924,318,600,-43,-75,-246,1282,179,-5,-1021,-24,615,125,-208,-318,
3156463,2626278,168689,167309,167140,165931,1337,-167,17,-924,318,600,-28,-68,-199,1272,198,-10,-1027,-28,613,137,-204,-205,
3156463,2626278,168689,167309,167140,165889,1342,-170,7,-928,317,581,2,-89,-138,1269,197,-23,-1027,-28,613,182,-200,-77,
3156463,2626278,168689,167309,167140,165889,1338,-165,-2,-928,314,591,35,-105,-79,1268,183,-44,-1030,-26,597,223,-193,24,
3156463,2626278,168689,167309,167140,165889,1336,-187,-3,-928,314,591,46,-109,-32,1272,137,-50,-1033,-32,597,216,-181,110,
3290676,2626278,168689,167309,167140,165889,1340,-201,-2,-928,308,575,61,-89,5,1294,153,-45,-1033,-32,597,187,-176,189,
3290676,2516820,168689,167309,167140,165889,1346,-219,-1,-928,308,575,57,-74,52,1325,200,-83,-1035,-31,598,219,-227,250,
3290676,2516820,168975,167309,167140,165889,1338,-215,-15,-930,308,593,15,-98,70,1334,227,-125,-1035,-31,598,282,-317,274,
3290676,2516820,168975,167385,167140,165889,1317,-220,-2,-930,308,593,1,-95,84,1283,172,-115,-1041,-21,583,365,-386,270,
3290676,2516820,168975,167385,167141,165889,1336,-214,-14,-933,320,580,-3,-74,102,1243,70,-61,-1041,-21,583,426,-402,250,
3290676,2516820,168975,167385,167141,165899,1326,-226,-21,-933,320,580,-4,-52,113,1239,-20,-58,-1046,-18,580,402,-342,244,
3290676,2516820,168975,167385,167141,165899,1329,-229,3,-929,315,572,-17,-35,124,1263,-52,-64,-1050,-18,571,304,-265,256,
3290676,2516820,168975,167385,167141,165899,1325,-246,-3,-932,320,581,-24,-22,135,1287,-11,-97,-1050,-18,571,205,-202,268,
3318984,2516820,168975,167385,167141,165899,1331,-244,0,-932,320,581,-42,-12,142,1296,127,-115,-1049,-18,568,178,-180,253,
3318984,2521539,168975,167385,167141,165899,1338,-259,0,-932,328,574,-42,0,139,1269,61,-76,-1049,-18,568,256,-170,160,
3318984,2521539,168628,167385,167141,165899,1314,-280,-7,-932,328,574,-48,16,123,1235,-88,-35,-1054,-11,562,333,-116,160,
3318984,2521539,168628,167283,167141,165899,1317,-273,-6,-927,330,580,-57,24,105,1238,-230,-18,-1054,-11,562,210,-77,223,
3318984,2521539,168628,167283,167249,165899,1318,-271,-16,-927,330,580,-67,20,86,1273,-199,-24,-1055,-12,562,31,-36,307,
3318984,2521539,168628,167283,167249,165562,1328,-276,-30,-927,345,577,-78,27,68,1279,-104,-75,-1055,-2,559,-84,21,344,
3318984,2521539,168628,167283,167249,165562,1335,-256,-8,-923,338,565,-101,34,57,1260,-101,-68,-1055,-2,559,-150,99,356,
3318984,2521539,168628,167283,167249,165562,1338,-249,-16,-923,338,565,-104,43,53,1293,-97,-71,-1051,13,557,-216,161,345,
3032942,2521539,168628,167283,167249,165562,1329,-507,8,-926,340,568,-88,42,54,1282,-113,-45,-1051,13,557,-286,191,323,
3032942,2501572,168628,167283,167249,165562,1331,-270,-27,-926,340,568,-63,42,39,1295,-97,-49,-1044,28,569,-323,200,288,
3032942,2501572,168958,167283,167249,165562,1319,-298,-24,-923,345,566,-70,46,12,1287,-104,-30,-1038,37,577,-337,196,256,
3032942,2501572,168958,167429,167249,165562,1328,-303,-15,-923,345,566,-91,61,-23,1299,-104,-46,-1038,37,577,-336,203,215,
3032942,2501572,168958,167429,167331,165562,1332,-321,-16,-922,342,575,-138,80,-63,1303,-90,-44,-1038,44,584,-323,202,173,
3032942,2501572,168958,167429,167331,165884,1325,-316,1,-919,351,574,-189,103,-110,1286,-32,-38,-1038,44,584,-272,205,149,
3032942,2501572,168958,167429,167331,165884,1329,-303,-17,-919,351,574,-235,116,-158,1279,-51,-45,-1035,58,581,-175,210,139,
3032942,2501572,168958,167429,167331,165884,1334,-283,-15,-923,345,583,-255,132,-202,1287,-69,-55,-1035,58,581,-95,219,137,
1612763,2501572,168958,167429,167331,165884,1335,-256,11,-923,345,583,-246,126,-233,1289,-79,-52,-1036,62,580,-57,236,137,
1612763,2327357,168958,167429,167331,165884,1319,-246,28,-924,340,570,-209,114,-259,1282,-75,-61,-1025,65,589,-54,240,137,
1612763,2327357,168940,167429,167331,165884,1346,-221,-12,-924,340,570,-163,103,-273,1275,-64,-61,-1025,65,589,-69,263,84,
1612763,2327357,168940,167424,167331,165884,1351,141,4,-922,340,579,-30,91,-211,1117,-56,-39,-1023,65,596,-270,212,-54,
1612763,2327357,168940,167424,167339,165884,1355,-303,-13,-922,340,582,271,89,-2,1236,-131,-96,-1023,65,596,-294,227,-74,
1612763,2327357,168940,167424,167339,166044,1309,-299,41,-922,336,582,-7,117,15,1272,-77,-44,-1021,73,594,-381,286,-61,
1612763,2327357,168940,167424,167339,166044,1333,-237,-26,-919,336,578,-176,111,-27,1317,-100,18,-1021,73,594,-427,289,-44,
1612763,2327357,168940,167424,167339,166044,1345,-192,-2,-919,336,578,-98,127,-37,1323,-65,21,-1019,86,592,-437,249,-30,
753169,2327357,168940,167424,167339,166044,1335,-213,15,-919,340,590,-49,160,5,1291,-90,6,-1018,88,616,-387,217,-31,
753169,1852538,168940,167424,167339,166044,1328,-254,25,-919,340,590,-78,169,25,1274,-120,-10,-1018,88,616,-391,207,-41,
753169,1852538,169055,167424,167339,166044,1327,-243,25,-917,345,582,-108,170,26,1302,-79,-10,-1012,94,606,-397,216,-44,
753169,1852538,169055,167348,167339,166044,1336,-232,21,-917,345,582,-116,164,14,1316,-70,15,-1012,94,606,-372,220,-29,
753169,1852538,169055,167348,167408,166044,1342,-236,33,-916,353,588,-93,165,26,1285,-99,27,-1011,105,600,-340,201,-39,
753169,1852538,169055,167348,167408,165986,1331,-243,44,-912,349,594,-94,162,27,1290,-126,14,-1011,105,599,-321,180,-38,
753169,1852538,169055,167348,167408,165986,1332,-262,32,-912,349,594,-115,152,23,1298,-110,9,-1007,108,599,-315,178,-43,
753169,1852538,169055,167348,167408,165986,1332,-256,63,-908,351,594,-122,153,1,1302,-115,19,-1004,109,600,-322,164,-54,
167019,1852538,169055,167348,167408,165986,1334,-252,38,-908,351,594,-124,145,4,1290,-109,21,-1004,109,600,-331,152,-66,
167019,1211568,169055,167348,167408,165986,1345,-245,38,-906,359,598,-132,139,-4,1290,-95,13,-1004,118,611,-342,143,-70,
167019,1211568,169013,167348,167408,165986,1337,-243,49,-906,359,598,-111,136,-17,1283,-91,22,-1004,118,611,-331,136,-77,
167019,1211568,169013,167478,167408,165986,1348,-247,52,-907,358,607,-94,128,-24,1294,-74,12,-1002,128,610,-306,135,-75,
167019,1211568,169013,167478,167257,165986,1339,-241,57,-900,355,598,-79,115,-18,1290,-83,19,-998,131,610,-202,118,-79,
167019,1211568,169013,167478,167257,166100,1329,-241,71,-900,355,598,-59,87,-19,1282,-87,31,-998,131,610,-149,115,-80,
167019,1211568,169013,167478,167257,166100,1329,-246,55,-905,351,602,-46,62,-34,1302,-95,28,-1001,126,614,-107,113,-91,
167019,1211568,169013,167478,167257,166100,1336,-249,34,-905,351,602,240,43,-39,1303,-114,12,-1001,126,614,-80,103,-98,
166884,1211568,169013,167478,167257,166100,1325,-257,52,-906,355,588,3,41,-53,1283,-121,27,-1001,128,611,-69,92,-113,
166884,1221954,169013,167478,167257,166100,1328,-252,46,-906,355,588,-4,39,-59,1283,-109,29,-1001,128,611,-66,94,-128,
166884,1221954,169010,167478,167257,166100,1335,-258,54,-903,360,593,-2,29,-75,1290,-98,28,-1007,130,621,-51,92,-136,
166884,1221954,169010,167381,167257,166100,1345,-247,52,-903,355,600,-4,24,-80,1290,-100,38,-997,128,609,-34,79,-143,
166884,1221954,169010,167381,167321,166100,1339,-242,51,-907,355,600,-6,20,-85,1294,-108,30,-997,128,609,-21,67,-151,
166884,1221954,169010,167381,167321,166095,1330,-251,64,-905,349,598,-1,10,-91,1297,-101,25,-998,124,614,-18,63,-156,
166884,1221954,169010,167381,167321,166095,1329,-233,53,-905,349,598,-10,4,-98,1287,-106,15,-998,124,614,-7,58,-162,
166884,1221954,169010,167381,167321,166095,1331,-243,54,-902,347,596,-15,11,-101,1289,-99,14,-1001,126,621,-17,62,-171,
167092,1221954,169010,167381,167321,166095,1338,-225,46,-902,347,596,-11,12,-104,1292,-94,18,-1001,126,621,-30,68,-167,
167092,1283638,169010,167381,167321,166095,1340,-238,49,-907,352,595,-12,13,-109,1295,-87,33,-1001,119,609,-37,68,-170,
167092,1283638,168890,167381,167321,166095,1331,-237,51,-907,352,595,-9,23,-109,1289,-80,30,-998,123,627,-44,72,-161,
167092,1283638,168890,167426,167321,166095,1334,-216,59,-904,351,596,-4,21,-97,1286,-81,32,-998,123,627,-44,69,-159,
167092,1283638,168890,167426,167265,166095,1325,-217,49,-904,348,599,-8,23,-82,1286,-75,28,-1000,117,623,-34,58,-130,
167092,1283638,168890,167426,167265,166065,1333,-204,44,-904,348,599,-1,28,-73,1304,-66,24,-1000,117,623,-10,53,-117,
167092,1283638,168890,167426,167265,166065,1336,-214,57,-903,342,602,-2,31,-38,1287,-77,15,-999,122,619,0,42,-98,
167092,1283638,168890,167426,167265,166065,1337,-218,48,-903,342,602,-38,39,-15,1297,-79,16,-999,124,605,-8,56,-90,
167272,1283638,168890,167426,167265,166065,1336,-230,53,-906,343,604,-39,48,-11,1281,-84,21,-997,124,605,-11,59,-65,
167272,1385381,168890,167426,167265,166065,1335,-219,51,-906,343,604,-40,49,1,1301,-88,16,-1000,119,619,-27,64,-65,
167272,1385381,168856,167426,167265,166065,1349,-216,71,-907,350,609,-43,60,4,1286,-106,39,-1000,119,619,-30,64,-68,
167272,1385381,168856,167329,167265,166065,1334,-230,58,-902,346,608,-48,57,6,1286,-100,31,-999,113,621,-33,64,-68,
167272,1385381,168856,167329,167271,166065,1329,-222,46,-902,346,608,-69,64,3,1288,-97,48,-999,113,621,-19,61,-76,
167272,1385381,168856,167329,167271,166158,1337,-243,68,-902,348,609,-90,67,1,1275,-86,35,-997,123,623,-15,60,-84,
167272,1385381,168856,167329,167271,166158,1333,-227,76,-902,348,609,-91,73,-1,1296,-89,26,-1000,120,615,-14,60,-79,
167272,1385381,168856,167329,167271,166158,1348,-226,53,-903,346,608,-89,63,-3,1283,-71,33,-1000,120,615,-12,63,-75,
167166,1385381,168856,167329,167271,166158,1331,-225,68,-903,346,608,-65,52,3,1277,-84,21,-997,120,626,-5,58,-74,
167166,1530549,168856,167329,167271,166158,1335,-224,70,-902,358,591,-33,45,5,1287,-100,24,-997,120,626,-7,63,-64,
167166,1530549,169002,167329,167271,166158,1348,-232,71,-904,355,607,-2,39,1,1293,-102,47,-999,126,619,-16,64,-66,
167166,1530549,169002,167480,167271,166158,1341,-238,66,-904,355,607,11,32,0,1293,-91,33,-999,126,619,-27,60,-79,
167166,1530549,169002,167480,167022,166158,1338,-227,54,-900,352,601,13,35,-13,1289,-95,48,-997,125,619,-36,61,-87,
167166,1530549,169002,167480,167022,165951,1337,-228,70,-900,352,601,12,34,-21,1282,-102,54,-996,118,615,-34,56,-79,
167166,1530549,169002,167480,167022,165951,1344,-243,58,-898,350,605,3,17,-16,1291,-87,56,-996,118,615,-24,32,-80,
167166,1530549,169002,167480,167022,165951,1339,-238,69,-898,350,605,1,6,-12,1293,-94,48,-994,122,620,-11,21,-87,
167152,1530549,169002,167480,167022,165951,1342,-228,69,-900,358,615,-11,3,-21,1279,-83,45,-994,122,620,-16,13,-94,
167152,1669148,169002,167480,167022,165951,1332,-219,58,-900,358,615,-13,8,-22,1281,-80,24,-994,119,627,-12,13,-100,
167152,1669148,168904,167480,167022,165951,1338,-234,65,-900,355,607,-1,13,-31,1287,-91,34,-994,119,627,-15,20,-103,
167152,1669148,168904,167432,167022,165951,1343,-232,70,-903,350,606,1,9,-29,1295,-102,16,-997,121,624,-23,27,-98,
167152,1669148,168904,167432,167127,165951,1333,-222,68,-903,350,606,7,10,-28,1278,-83,42,-994,120,619,-18,24,-88,
167152,1669148,168904,167432,167127,166085,1335,-227,58,-902,348,600,12,4,-23,1288,-91,40,-994,120,619,-19,24,-86,
167152,1669148,168904,167432,167127,166085,1333,-229,78,-902,348,600,4,4,-22,1288,-96,38,-998,115,627,-16,26,-90,
167152,1669148,168904,167432,167127,166085,1342,-240,52,-902,356,609,5,3,-14,1299,-93,29,-998,115,627,-22,18,-79,
167179,1669148,168904,167432,167127,166085,1331,-236,58,-902,356,609,-2,6,-17,1290,-91,18,-998,128,624,-28,16,-82,
167179,1671962,168904,167432,167127,166085,1325,-235,61,-903,357,613,-4,6,-23,1289,-104,20,-998,125,607,-10,8,-88,
167179,1671962,169022,167432,167127,166085,1328,-224,58,-901,355,596,-9,2,-24,1286,-85,39,-996,125,607,-8,26,-95,
167179,1671962,169022,167509,167127,166085,1333,-229,63,-901,355,596,-4,9,-26,1283,-79,34,-996,120,614,-11,33,-89,
167179,1671962,169022,167509,167317,166085,1340,-241,66,-901,354,606,4,11,-22,1285,-88,33,-996,120,614,-9,35,-94,
167179,1671962,169022,167509,167317,165799,1339,-248,75,-901,354,606,-15,5,-25,1280,-93,27,-1002,114,626,-18,26,-95,
167179,1671962,169022,167509,167317,165799,1341,-237,50,-902,351,600,-24,14,-32,1293,-80,23,-1002,114,626,-30,38,-102,
167179,1671962,169022,167509,167317,165799,1329,-235,60,-902,351,600,-24,11,-34,1288,-99,36,-995,124,632,-20,48,-89,
167191,1671962,169022,167509,167317,165799,1334,-225,60,-899,357,597,-21,15,-38,1280,-87,26,-997,120,627,-20,44,-95,
167191,1602555,169022,167509,167317,165799,1333,-226,53,-901,355,603,-27,17,-35,1302,-73,15,-997,120,627,-19,51,-103,
167191,1602555,168978,167509,167317,165799,1348,-234,50,-901,355,603,-33,21,-34,1282,-91,39,-995,120,616,-15,54,-95,
167191,1602555,168978,167539,167317,165799,1332,-244,51,-900,353,599,-48,29,-37,1293,-89,21,-995,120,616,-16,55,-91,
167191,1602555,168978,167539,167282,165799,1327,-241,61,-900,353,599,-52,32,-41,1290,-91,43,-994,123,624,-11,46,-100,
167191,1602555,168978,167539,167282,166046,1336,-222,62,-901,350,600,-59,30,-40,1284,-94,37,-994,123,624,-13,41,-110,
167191,1602555,168978,167539,167282,166046,1336,-223,76,-901,350,600,-60,33,-40,1289,-91,49,-994,131,624,-18,46,-112,
167191,1602555,168978,167539,167282,166046,1337,-236,77,-902,360,614,-74,22,-41,1293,-91,42,-995,114,631,-19,35,-110,
167240,1602555,168978,167539,167282,166046,1342,-222,80,-902,360,614,-66,23,-45,1285,-90,39,-995,114,631,-5,32,-112,
167240,1354978,168978,167539,167282,166046,1338,-215,61,-903,353,610,-58,24,-46,1288,-93,28,-994,119,618,6,28,-109,
167240,1354978,259171,167539,167282,166046,1329,-226,73,-900,352,603,-62,27,-40,1284,-95,44,-994,119,618,1,37,-105,
167240,1354978,259171,167518,167282,166046,1334,-222,70,-900,352,603,-53,23,-42,1284,-92,41,-998,117,621,-6,28,-108,
167240,1354978,259171,167518,167280,166046,1344,-236,73,-901,355,612,-50,21,-38,1295,-90,41,-998,117,621,-19,24,-102,
167240,1354978,259171,167518,167280,166070,1333,-225,63,-901,355,612,-48,22,-40,1294,-91,48,-994,116,622,-22,30,-116,
167240,1354978,259171,167518,167280,166070,1347,-223,66,-900,353,598,-52,19,-29,1292,-91,47,-996,113,621,-20,34,-105,
167240,1354978,259171,167518,167280,166070,1327,-226,68,-900,353,598,-52,25,-24,1289,-82,47,-996,113,621,-10,27,-87,
167090,1354978,259171,167518,167280,166070,1342,-213,70,-900,364,597,-58,27,-25,1296,-86,40,-992,116,622,-1,31,-97,
167090,1284458,259171,167518,167280,166070,1332,-231,54,-899,355,613,-58,23,-23,1270,-97,42,-992,116,622,-5,25,-92,
167090,1284458,508302,167518,167280,166070,1346,-228,54,-899,355,613,-54,23,-26,1286,-95,43,-996,119,624,-9,30,-101,
167090,1284458,508302,167534,167280,166070,1330,-228,65,-901,358,599,-57,25,-32,1283,-90,37,-996,117,615,-8,30,-97,
167090,1284458,508302,167534,167358,166070,1338,-227,69,-901,358,599,-57,29,-37,1298,-97,38,-996,117,615,-11,18,-99,
167090,1284458,508302,167534,167358,166057,1339,-226,50,-900,357,608,-58,23,-40,1289,-78,30,-994,115,632,-12,25,-101,
167090,1284458,508302,167534,167358,166057,1347,-218,64,-900,357,608,-59,27,-38,1290,-68,24,-994,115,632,-20,23,-99,
167090,1284458,508302,167534,167358,166057,1341,-215,59,-904,364,587,-55,32,-40,1286,-71,15,-992,114,623,-16,25,-97,
167048,1284458,508302,167534,167358,166057,1340,-223,76,-899,363,602,-47,30,-33,1288,-77,38,-992,114,623,2,39,-96,
167048,1181514,508302,167534,167358,166057,1341,-220,83,-899,363,602,-40,31,-24,1291,-74,32,-995,119,620,6,41,-93,
167048,1181514,524612,167534,167358,166057,1337,-221,69,-896,360,609,-29,31,-16,1298,-77,24,-994,116,620,-14,46,-80,
167048,1181514,524612,167473,167358,166057,1341,-218,55,-896,360,609,-29,26,-24,1288,-89,43,-994,116,620,-9,38,-80,
167048,1181514,524612,167473,167378,166057,1342,-226,74,-899,357,596,-41,30,-19,1300,-82,35,-996,119,637,-15,35,-83,
167048,1181514,524612,167473,167378,166059,1339,-222,62,-899,357,596,-43,29,-21,1280,-83,42,-996,119,637,-13,39,-82,
167048,1181514,524612,167473,167378,166059,1332,-213,73,-899,363,612,-48,30,-16,1286,-88,49,-994,115,622,-17,33,-84,
167048,1181514,524612,167473,167378,166059,1341,-218,79,-899,363,612,-49,35,-16,1296,-86,55,-994,115,622,-18,31,-87,
167253,1181514,524612,167473,167378,166059,1339,-224,69,-897,358,603,-48,26,-14,1282,-86,35,-995,125,633,-22,34,-81,
167253,1035277,524612,167473,167378,166059,1351,-233,85,-900,364,606,-40,22,-10,1295,-86,51,-993,116,615,-14,31,-79,
167253,1035277,534445,167473,167378,166059,1328,-222,75,-900,364,606,-29,18,-18,1282,-92,47,-993,116,615,-27,24,-82,
167253,1035277,534445,167486,167378,166059,1324,-213,72,-896,360,591,-29,15,-14,1292,-93,32,-996,115,617,-17,20,-86,
167253,1035277,534445,167486,167329,166059,1338,-227,85,-896,360,591,-19,12,-12,1291,-76,36,-996,115,617,-17,18,-92,
167253,1035277,534445,167486,167329,166104,1338,-216,75,-901,365,614,-10,18,-28,1293,-90,40,-996,118,635,-6,22,-85,
167253,1035277,534445,167486,167329,166104,1345,-223,69,-901,365,614,-17,10,-23,1277,-80,29,-996,118,635,-6,29,-91,
167253,1035277,534445,167486,167329,166104,1323,-228,66,-897,370,609,-19,8,-17,1290,-79,48,-994,114,622,-4,29,-86,
167147,1035277,534445,167486,167329,166104,1338,-216,64,-896,362,603,-9,9,-20,1293,-89,37,-994,114,623,-11,26,-85,
167147,973523,534445,167486,167329,166104,1339,-215,60,-896,362,603,-17,8,-19,1280,-82,24,-994,114,623,-10,22,-80,
167147,973523,548279,167486,167329,166104,1334,-212,77,-895,364,595,-5,8,-15,1290,-83,51,-990,114,629,-17,17,-78,
167147,973523,548279,167014,167329,166104,1333,-222,70,-895,364,595,5,13,-10,1297,-99,53,-990,114,629,-19,27,-84,
167147,973523,548279,167014,167188,166104,1345,-225,72,-899,364,609,-4,13,-12,1286,-89,55,-995,118,621,-12,30,-85,
167147,973523,548279,167014,167188,165946,1343,-231,48,-899,364,609,-5,11,-21,1272,-86,43,-995,119,617,-13,29,-87,
167147,973523,548279,167014,167188,165946,1333,-230,70,-899,367,612,-6,7,-23,1301,-83,33,-995,119,617,-5,28,-98,
167147,973523,548279,167014,167188,165946,1316,-223,65,-897,370,604,-3,7,-19,1302,-69,20,-994,114,618,-7,28,-91,
167223,973523,548279,167014,167188,165946,1338,-216,66,-897,370,604,-3,16,-23,1290,-92,31,-994,114,618,-7,28,-94,
167223,929045,548279,167014,167188,165946,1330,-220,78,-898,366,605,-1,10,-21,1299,-72,20,-996,112,621,-12,34,-77,
167223,929045,534417,167014,167188,165946,1340,-225,70,-898,366,605,-4,15,-18,1297,-88,29,-996,112,621,-10,26,-80,
167223,929045,534417,167501,167188,165946,1332,-229,55,-898,367,601,-10,15,-24,1291,-86,41,-997,123,616,-12,30,-80,
167223,929045,534417,167501,167306,165946,1338,-224,60,-898,367,601,0,15,-24,1298,-85,49,-995,112,621,-12,30,-82,
167223,929045,534417,167501,167306,166112,1326,-229,81,-900,372,603,-1,20,-24,1276,-91,41,-995,112,621,-15,30,-84,
167223,929045,534417,167501,167306,166112,1334,-222,78,-900,372,602,-6,14,-19,1290,-85,49,-994,114,617,-12,30,-83,
167223,929045,534417,167501,167306,166112,1324,-221,73,-895,363,602,-12,11,-22,1286,-83,44,-994,114,617,-17,38,-82,
167248,929045,534417,167501,167306,166112,1335,-228,82,-897,364,606,-4,13,-17,1275,-77,46,-992,114,630,-18,31,-89,
167248,994784,534417,167501,167306,166112,1334,-222,80,-897,364,606,-2,9,-16,1271,-95,51,-992,114,630,-16,27,-89,
167248,994784,533202,167501,167306,166112,1342,-224,58,-892,364,597,1,10,-13,1288,-83,46,-995,122,617,-14,35,-85,
167248,994784,533202,167446,167306,166112,1334,-232,74,-892,364,597,0,9,-9,1280,-85,45,-993,112,624,-11,33,-75,
167248,994784,533202,167446,167394,166112,1344,-218,68,-898,364,611,-7,7,-11,1285,-92,40,-993,112,624,-8,33,-81,
167248,994784,533202,167446,167394,166102,1349,-231,67,-898,364,611,-7,8,-8,1284,-86,48,-996,113,622,-6,28,-79,
167248,994784,533202,167446,167394,166102,1330,-223,81,-898,373,608,-10,4,-10,1303,-87,23,-996,113,622,-5,24,-80,
167248,994784,533202,167446,167394,166102,1345,-224,77,-895,363,603,-16,5,-14,1285,-82,34,-997,125,633,2,31,-89,
167173,994784,533202,167446,167394,166102,1342,-229,53,-895,363,603,-14,11,-20,1292,-90,46,-997,125,636,-10,35,-82,
167173,958894,533202,167446,167394,166102,1337,-231,71,-897,366,620,-9,7,-15,1293,-95,48,-994,117,636,-12,25,-91,
167173,958894,519931,167446,167394,166102,1332,-225,88,-897,366,620,1,8,-22,1282,-95,60,-992,113,616,-6,23,-90,
167173,958894,519931,167519,167394,166102,1327,-219,67,-896,371,594,-1,6,-23,1288,-75,38,-992,113,616,-17,24,-83,
167173,958894,519931,167519,167312,166102,1328,-229,67,-896,371,594,3,13,-22,1284,-82,31,-997,112,633,-14,29,-84,
167173,958894,519931,167519,167312,165763,1347,-215,86,-899,373,608,0,13,-12,1293,-90,45,-997,112,633,-15,26,-79,
167173,958894,519931,167519,167312,165763,1336,-238,64,-895,370,609,-6,13,-11,1275,-93,46,-996,122,624,-13,28,-84,
167173,958894,519931,167519,167312,165763,1342,-225,66,-895,370,609,-3,9,-12,1276,-96,36,-994,120,632,-11,36,-90,
167185,958894,519931,167519,167312,165763,1352,-242,62,-898,366,609,-7,11,-20,1287,-87,38,-994,120,632,-8,28,-95,
167185,943038,519931,167519,167312,165763,1343,-226,70,-898,366,609,-3,17,-30,1292,-80,38,-995,109,621,-19,25,-98,
167185,943038,169011,167519,167312,165763,1335,-232,66,-899,364,608,-13,10,-28,1293,-85,62,-995,109,621,-18,24,-93,
167185,943038,169011,167324,167312,165763,1339,-217,83,-899,364,608,-19,10,-29,1294,-78,40,-996,115,625,-18,28,-92,
167185,943038,169011,167324,167211,165763,1323,-223,87,-899,372,600,-19,13,-25,1285,-81,22,-996,115,625,-18,25,-86,
167185,943038,169011,167324,167211,166095,1338,-215,86,-899,372,604,-8,18,-19,1296,-74,38,-994,120,632,-12,25,-85,
167185,943038,169011,167324,167211,166095,1326,-228,72,-897,371,604,-5,15,-17,1296,-81,29,-992,111,621,-14,27,-85,
167185,943038,169011,167324,167211,166095,1326,-226,78,-896,367,596,-4,9,-13,1288,-99,32,-992,111,621,-11,34,-90,
167214,943038,169011,167324,167211,166095,1341,-225,57,-896,367,596,-9,20,-23,1295,-87,31,-992,110,633,-14,41,-97,
167214,911378,169011,167324,167211,166095,1338,-229,60,-897,364,607,-17,22,-23,1291,-79,42,-992,110,633,-9,29,-88,
167214,911378,536995,167324,167211,166095,1341,-224,78,-897,364,607,-30,21,-24,1279,-84,52,-995,113,625,-13,34,-93,
167214,911378,536995,167518,167211,166095,1326,-220,86,-897,370,612,-41,25,-24,1280,-77,45,-995,113,625,-15,25,-97,
167214,911378,536995,167518,167300,166095,1332,-213,81,-897,370,612,-36,25,-24,1288,-74,56,-992,119,632,-21,30,-102,
167214,911378,536995,167518,167300,166156,1334,-219,86,-894,370,594,-28,17,-26,1285,-76,35,-995,111,623,-24,26,-99,
167214,911378,536995,167518,167300,166156,1346,-217,68,-893,368,609,-24,12,-27,1281,-83,36,-995,111,623,-19,24,-96,
167214,911378,536995,167518,167300,166156,1330,-222,72,-893,368,609,-16,11,-27,1274,-99,42,-996,113,620,-14,22,-97,
167191,911378,536995,167518,167300,166156,1341,-228,78,-893,369,610,-12,14,-30,1287,-76,50,-996,113,620,-20,18,-90,
167191,877653,536995,167518,167300,166156,1328,-215,72,-893,369,610,-15,12,-24,1295,-83,35,-995,116,629,-16,18,-96,
167191,877653,518930,167518,167300,166156,1328,-228,76,-896,372,612,-14,13,-19,1292,-79,22,-995,116,633,-13,16,-90,
167191,877653,518930,167545,167300,166156,1335,-225,83,-896,372,612,-14,9,-18,1286,-93,50,-998,116,633,-1,26,-86,
167191,877653,518930,167545,167292,166156,1340,-221,67,-900,373,615,-18,5,-10,1288,-91,48,-992,113,623,-5,22,-92,
167191,877653,518930,167545,167292,166186,1341,-225,69,-893,375,607,-22,13,-25,1298,-80,33,-992,113,623,-7,23,-91,
167191,877653,518930,167545,167292,166186,1333,-226,74,-893,375,607,-25,19,-28,1282,-80,37,-992,115,621,-19,29,-92,
167191,877653,518930,167545,167292,166186,1338,-225,86,-892,367,608,-17,16,-28,1284,-82,38,-992,115,621,-19,32,-88,
167081,877653,518930,167545,167292,166186,1333,-219,85,-892,367,608,-19,13,-28,1275,-84,52,-997,117,627,-17,37,-88,
167081,901823,518930,167545,167292,166186,1338,-214,71,-897,369,606,-14,13,-24,1285,-90,63,-992,117,621,-21,30,-80,
167081,901823,523801,167545,167292,166186,1330,-229,81,-897,369,606,-10,15,-22,1278,-75,57,-992,117,621,-10,35,-81,
167081,901823,523801,167565,167292,166186,1341,-229,74,-895,376,608,-11,14,-16,1284,-84,34,-994,110,619,-13,34,-84,
167081,901823,523801,167565,167285,166186,1338,-221,78,-895,371,604,-14,9,-16,1301,-85,25,-994,110,619,-12,33,-85,
167081,901823,523801,167565,167285,166211,1345,-227,55,-896,371,604,-7,6,-17,1278,-89,30,-996,117,629,-20,31,-92,
167081,901823,523801,167565,167285,166211,1338,-220,79,-896,369,605,-9,8,-24,1294,-89,27,-996,117,629,-27,25,-92,
167081,901823,523801,167565,167285,166211,1332,-226,64,-896,369,605,-14,17,-23,1296,-76,26,-998,124,620,-20,27,-86,
166894,901823,523801,167565,167285,166211,1340,-215,84,-894,372,599,-14,11,-15,1295,-84,18,-992,108,631,-20,27,-79,
166894,906672,523801,167565,167285,166211,1346,-217,70,-894,372,599,-4,12,-20,1283,-78,53,-992,108,631,-15,26,-79,
166894,906672,528594,167565,167285,166211,1337,-240,84,-897,375,601,-5,9,-19,1281,-81,50,-994,108,631,-12,27,-86,
166894,906672,528594,167205,167285,166211,1337,-217,71,-897,375,601,-7,12,-20,1286,-85,39,-994,108,631,-14,36,-91,
166894,906672,528594,167205,167002,166211,1338,-230,54,-896,372,603,-1,13,-18,1301,-78,53,-995,116,620,-17,29,-89,
166894,906672,528594,167205,167002,166052,1336,-221,85,-892,369,595,-8,8,-22,1297,-79,44,-995,116,620,-24,25,-89,
166894,906672,528594,167205,167002,166052,1336,-217,77,-892,369,595,-3,5,-24,1279,-91,44,-997,115,625,-24,17,-89,
166894,906672,528594,167205,167002,166052,1321,-209,70,-894,367,604,-1,8,-20,1287,-79,42,-992,115,630,-23,14,-88,
167241,906672,528594,167205,167002,166052,1322,-234,117,-894,367,604,-10,0,-14,1300,-69,44,-992,115,630,-28,12,-83,
167241,875710,528594,167205,167002,166052,1330,-230,78,-894,372,592,-23,-26,-14,1268,-106,34,-992,112,631,-23,3,-67,
167241,875710,168721,167205,167002,166052,1337,-231,68,-894,372,592,-33,-60,-24,1276,-103,55,-992,112,631,-26,-13,-78,
167241,875710,168721,167418,167002,166052,1330,-227,60,-900,378,604,-37,-64,-33,1297,-79,59,-995,122,624,-40,-11,-100,
167241,875710,168721,167418,171139,166052,1335,-229,58,-894,373,591,-37,-54,-38,1283,-68,50,-995,118,617,-48,-17,-105,
167241,875710,168721,167418,171139,166125,1332,-241,68,-894,373,591,-30,-45,-40,1285,-84,48,-996,118,617,-42,-21,-99,
167241,875710,168721,167418,171139,166125,1352,-209,61,-898,369,598,-32,-46,-40,1290,-88,34,-995,111,623,-56,-42,-110,
167241,875710,168721,167418,171139,166125,1334,-221,84,-898,369,598,-48,-60,-44,1293,-96,34,-995,111,623,-72,-56,-115,
166372,875710,168721,167418,171139,166125,1345,-235,85,-899,375,600,-70,-81,-43,1293,-111,35,-998,111,623,-103,-62,-115,
166372,878062,168721,167418,171139,166125,1342,-237,110,-899,375,600,-101,-117,-57,1288,-147,27,-998,111,623,-164,-83,-116,
166372,878062,169023,167418,171139,166125,1349,-234,69,-905,376,602,-124,-142,-62,1283,-125,28,-1003,121,616,-253,-98,-124,
166372,878062,169023,167533,171139,166125,1332,-231,82,-905,380,582,-150,-163,-77,1278,-89,31,-998,118,617,-321,-98,-124,
166372,878062,169023,167533,167279,166125,1351,-228,79,-904,380,582,-166,-190,-88,1292,-62,34,-998,118,617,-321,-88,-120,
166372,878062,169023,167533,167279,165991,1351,-216,70,-909,375,581,-169,-221,-87,1291,-49,25,-1007,118,605,-295,-93,-105,
166372,878062,169023,167533,167279,165991,1336,-211,26,-909,375,581,-166,-251,-80,1287,-54,54,-1007,118,605,-269,-99,-81,
166372,878062,169023,167533,167279,165991,1344,-198,6,-910,374,567,-157,-257,-66,1292,-59,27,-1002,131,598,-251,-106,-66,
167122,878062,169023,167533,167279,165991,1349,-185,14,-910,374,567,-109,-228,-54,1299,-59,10,-1002,131,598,-235,-114,-48,
167122,1353879,169023,167533,167279,165991,1355,-193,23,-916,383,569,-76,-204,-32,1277,-74,13,-1004,140,590,-212,-119,-36,
167122,1353879,168854,167533,167279,165991,1336,-203,18,-916,383,569,-62,-191,-22,1299,-45,11,-1008,136,596,-190,-118,-20,
167122,1353879,168854,167502,167279,165991,1331,-197,12,-917,381,552,-59,-191,-5,1296,-44,13,-1008,136,596,-141,-119,-12,
167122,1353879,168854,167502,166896,165991,1329,-188,0,-920,379,555,-53,-184,25,1285,-74,-3,-1009,136,586,-90,-107,5,
167122,1353879,168854,167502,166896,165929,1336,-196,0,-920,379,555,-48,-144,38,1294,-72,-13,-1009,136,586,-42,-99,9,
167122,1353879,168854,167502,166896,165929,1346,-212,-3,-921,382,559,-74,-140,47,1275,-76,11,-1012,140,593,-8,-97,16,
167122,1353879,168854,167502,166896,165929,1331,-214,-20,-921,382,559,-89,-132,50,1290,-94,-19,-1012,140,593,27,-68,4,
167305,1353879,168854,167502,166896,165929,1327,-212,-27,-922,384,542,-94,-112,55,1279,-104,-11,-1010,145,596,41,-48,-2,
167305,1452638,168854,167502,166896,165929,1333,-217,-12,-922,384,542,-91,-99,52,1304,-72,-23,-1010,143,604,49,-26,1,
167305,1452638,169050,167502,166896,165929,1336,-215,-29,-925,396,558,-94,-85,52,1280,-102,-25,-1010,143,604,53,-20,-2,
167305,1452638,169050,167515,166896,165929,1335,-219,2,-924,392,543,-92,-69,51,1280,-98,-23,-1007,143,582,53,0,-10,
167305,1452638,169050,167515,167366,165929,1329,-214,-27,-924,392,543,-92,-46,50,1278,-102,-13,-1007,143,582,35,16,-16,
167305,1452638,169050,167515,167366,165508,1328,-218,-19,-925,395,543,-72,-29,44,1284,-109,-18,-1014,149,594,29,40,-24,
167305,1452638,169050,167515,167366,165508,1334,-237,-11,-925,395,543,-51,-5,41,1289,-107,-18,-1008,148,593,27,49,-35,
167305,1452638,169050,167515,167366,165508,1333,-239,-31,-921,397,542,-41,11,33,1277,-113,-10,-1008,148,593,19,60,-46,
167221,1452638,169050,167515,167366,165508,1339,-236,-18,-921,397,542,-37,27,14,1299,-117,-16,-1009,144,583,16,58,-55,
167221,1128068,169050,167515,167366,165508,1317,-244,-16,-923,401,547,-39,38,11,1297,-122,9,-1009,144,583,14,61,-69,
167221,1128068,169005,167515,167366,165508,1335,-231,-11,-922,400,544,-47,45,-3,1286,-115,-8,-1008,144,589,2,61,-83,
167221,1128068,169005,167531,167366,165508,1336,-225,-1,-922,400,544,-37,41,-14,1291,-101,-9,-1008,144,589,-9,59,-90,
167221,1128068,169005,167531,167455,165508,1348,-227,-10,-921,394,545,-10,34,-18,1286,-80,1,-1008,144,594,-8,58,-87,
167221,1128068,169005,167531,167455,166081,1333,-223,5,-921,394,545,-1,28,-23,1284,-102,13,-1006,142,594,-12,57,-83,
167221,1128068,169005,167531,167455,166081,1337,-232,5,-923,398,544,2,25,-20,1291,-101,7,-1006,142,594,-1,55,-88,
167221,1128068,169005,167531,167455,166081,1329,-222,-2,-923,398,544,4,26,-22,1281,-100,5,-1008,145,583,-17,47,-83,
167289,1128068,169005,167531,167455,166081,1347,-235,-23,-923,401,539,6,26,-20,1285,-101,8,-1008,145,583,-29,56,-87,
167289,1059809,169005,167531,167455,166081,1323,-236,-9,-923,401,539,5,27,-20,1285,-111,-10,-1007,145,595,-22,50,-85,
167289,1059809,169002,167531,167455,166081,1347,-226,2,-918,398,540,3,32,-17,1283,-96,-11,-1007,145,595,-14,52,-79,
167289,1059809,169002,167499,167455,166081,1339,-227,-9,-919,396,544,9,38,-16,1294,-94,3,-1006,156,583,-20,59,-78,
167289,1059809,169002,167499,167324,166081,1336,-231,1,-919,396,544,8,40,-7,1291,-101,-2,-1009,144,590,-16,66,-74,
167289,1059809,169002,167499,167324,166151,1324,-228,-4,-920,398,547,9,41,-7,1296,-100,-4,-1009,144,590,-20,68,-69,
167289,1059809,169002,167499,167324,166151,1346,-225,-3,-920,398,547,13,41,-10,1281,-110,18,-1006,145,597,-18,70,-71,
167289,1059809,169002,167499,167324,166151,1349,-249,4,-918,398,542,14,40,-13,1297,-98,4,-1006,145,597,-24,64,-82,
167084,1059809,169002,167499,167324,166151,1338,-240,3,-918,398,542,11,44,-8,1294,-111,4,-1004,149,597,-25,59,-79,
167084,1343464,169002,167499,167324,166151,1343,-220,-5,-918,411,550,16,41,-14,1290,-102,2,-1004,149,601,-30,59,-79,
167084,1343464,169007,167499,167324,166151,1341,-229,-11,-917,397,557,9,41,-15,1282,-94,12,-1003,145,601,-29,63,-73,
167084,1343464,169007,167341,167324,166151,1339,-234,5,-917,397,557,7,30,-11,1287,-105,13,-1005,142,589,-22,56,-72,
167084,1343464,169007,167341,167346,166151,1344,-238,-6,-916,396,548,-4,19,-3,1304,-108,9,-1005,142,589,-22,45,-80,
167084,1343464,169007,167341,167346,165992,1347,-229,14,-916,396,548,-1,21,-12,1283,-105,2,-1002,144,602,-25,34,-79,
167084,1343464,169007,167341,167346,165992,1349,-235,-4,-918,401,557,-3,24,-14,1290,-102,8,-1002,144,602,-12,35,-78,
167084,1343464,169007,167341,167346,165992,1335,-230,19,-918,401,557,-6,14,-13,1282,-97,12,-1005,153,597,-21,39,-81,
166494,1343464,169007,167341,167346,165992,1331,-241,-7,-918,405,542,-3,13,-11,1288,-96,-6,-1002,150,582,-19,35,-85,
166494,1354013,169007,167341,167346,165992,1320,-234,0,-915,401,558,-4,24,-18,1289,-108,12,-1002,150,582,-15,42,-78,
166494,1354013,168939,167341,167346,165992,1337,-234,-6,-915,401,558,-3,20,-18,1275,-101,9,-1003,148,597,-15,45,-87,
166494,1354013,168939,167385,167346,165992,1336,-233,18,-915,398,551,5,12,-19,1271,-98,4,-1003,148,597,-26,42,-75,
166494,1354013,168939,167385,167136,165992,1335,-231,-6,-915,398,551,6,16,-20,1280,-95,-2,-1002,149,596,-16,45,-84,
166494,1354013,168939,167385,167136,166104,1329,-236,22,-918,400,550,5,19,-17,1283,-107,0,-1002,149,596,-13,53,-76,
166494,1354013,168939,167385,167136,166104,1345,-231,17,-918,400,550,20,21,-16,1284,-104,16,-1006,153,608,-13,50,-74,
166494,1354013,168939,167385,167136,166104,1354,-238,2,-922,406,549,11,20,-15,1289,-115,36,-1005,146,600,-10,46,-76,
167245,1354013,168939,167385,167136,166104,1348,-240,6,-922,406,544,-4,18,-13,1283,-113,11,-1005,146,600,-18,32,-82,
167245,1164553,168939,167385,167136,166104,1340,-239,7,-918,400,544,-1,19,-15,1291,-110,8,-1001,146,594,-29,30,-78,
167245,1164553,168917,167385,167136,166104,1335,-230,18,-914,393,549,255,16,-26,1290,-108,35,-1001,146,594,-26,22,-78,
167245,1164553,168917,167501,167136,166104,1344,-226,8,-914,393,549,-2,10,-27,1282,-103,31,-1004,148,597,-19,16,-89,
167245,1164553,168917,167501,167151,166104,1332,-234,-2,-916,401,556,-6,6,-20,1287,-109,-3,-1004,148,597,-26,17,-86,
167245,1164553,168917,167501,167151,166057,1327,-233,16,-916,401,556,-3,5,-18,1290,-100,9,-1004,155,593,-25,23,-90,
167245,1164553,168917,167501,167151,166057,1340,-226,8,-917,400,559,-4,6,-19,1287,-113,19,-1005,147,603,-32,12,-82,
167245,1164553,168917,167501,167151,166057,1338,-233,3,-917,400,559,8,9,-22,1281,-101,6,-1005,147,603,-25,15,-79,
167087,1164553,168917,167501,167151,166057,1336,-235,-9,-914,407,541,11,11,-21,1286,-101,5,-1004,149,596,-34,23,-85,
167087,1336319,168917,167501,167151,166057,1340,-241,-9,-916,399,549,14,17,-24,1277,-112,11,-1004,149,596,-36,31,-74,
167087,1336319,168976,167501,167151,166057,1329,-236,-3,-916,399,549,27,15,-20,1287,-108,13,-1006,152,595,-37,34,-79,
167087,1336319,168976,167427,167151,166057,1324,-235,-16,-917,399,560,29,26,-16,1288,-99,-2,-1006,152,595,-29,36,-83,
167087,1336319,168976,167427,167342,166057,1334,-228,-13,-917,399,560,20,20,-18,1279,-109,13,-1008,147,595,-27,32,-81,
167087,1336319,168976,167427,167342,166158,1338,-228,13,-918,400,550,12,25,-9,1282,-99,14,-1001,149,581,-32,44,-87,
167087,1336319,168976,167427,167342,166158,1334,-243,12,-918,400,550,10,38,-13,1296,-96,1,-1001,149,581,-37,61,-76,
167087,1336319,168976,167427,167342,166158,1333,-229,19,-916,404,549,15,39,-17,1294,-100,6,-1006,148,601,-35,52,-77,
167126,1336319,168976,167427,167342,166158,1331,-241,20,-914,399,547,14,38,-12,1301,-99,7,-1006,148,601,-30,45,-68,
167126,1474645,168976,167427,167342,166158,1350,-259,23,-914,399,547,7,26,-14,1289,-100,22,-1002,154,594,-22,50,-73,
167126,1474645,169077,167427,167342,166158,1334,-235,14,-917,397,555,12,19,-19,1293,-97,22,-1002,153,592,-23,37,-79,
167126,1474645,169077,167202,167342,166158,1329,-232,7,-917,397,555,9,19,-17,1295,-101,11,-1002,153,592,-16,43,-89,
167126,1474645,169077,167202,167279,166158,1346,-234,27,-915,397,558,10,11,-16,1269,-110,28,-998,146,606,-43,49,-77,
167126,1474645,169077,167202,167279,166210,1327,-239,3,-915,397,558,13,10,-17,1303,-90,-1,-998,146,606,-20,17,-48,
167126,1474645,169077,167202,167279,166210,1341,-239,18,-918,405,553,14,15,-20,1296,-108,7,-1001,152,598,-13,31,-99,
167126,1474645,169077,167202,167279,166210,1341,-234,-2,-918,405,554,15,10,-16,1288,-110,5,-1001,152,598,-17,40,-95,
167390,1474645,169077,167202,167279,166210,1335,-224,14,-917,398,554,3,15,-14,1303,-105,-3,-1007,152,600,-22,40,-94,
167390,1341735,169077,167202,167279,166210,1347,-219,21,-916,398,554,8,16,-16,1291,-107,20,-999,150,590,-25,28,-105,
167390,1341735,169112,167202,167279,166210,1343,-237,14,-916,398,554,9,4,-21,1282,-112,2,-999,150,590,-25,15,-99,
167390,1341735,169112,167537,167279,166210,1325,-228,19,-912,396,549,6,8,-26,1044,-94,3,-1001,146,592,-32,24,-94,
167390,1341735,169112,167537,166208,166210,1337,-219,18,-912,396,549,3,11,-24,1289,-107,10,-1001,146,592,-37,22,-100,
167390,1341735,169112,167537,166208,166128,1339,-235,-4,-916,400,554,8,10,-21,1294,-91,3,-1001,150,591,-41,28,-95,
167390,1341735,169112,167537,166208,166128,1339,-234,9,-916,400,554,9,7,-18,1285,-100,-15,-1001,150,591,-32,29,-86,
167390,1341735,169112,167537,166208,166128,1338,-228,4,-916,401,561,11,12,-16,1289,-97,2,-1002,159,598,-26,40,-95,
167338,1341735,169112,167537,166208,166128,1336,-237,3,-915,398,545,13,15,-23,1280,-112,20,-1001,149,601,-32,41,-100,
167338,1173293,169112,167537,166208,166128,1342,-241,-7,-915,398,545,11,26,-34,1295,-100,246,-1001,149,601,-31,44,-93,
167338,1173293,169084,167537,166208,166128,1341,-234,18,-913,397,559,9,25,-40,1287,-98,-7,-1003,150,601,-26,52,-109,
167338,1173293,169084,167542,166208,166128,1331,-230,11,-913,397,559,9,22,-39,1300,-85,-10,-1003,150,601,-31,38,-110,
167338,1173293,169084,167542,167315,166128,1338,-229,10,-913,405,554,19,23,-41,1300,-106,2,-1000,153,596,-30,56,-110,
167338,1173293,169084,167542,167315,165663,1336,-225,8,-913,405,554,36,25,-38,1293,-100,15,-1000,155,599,-37,53,-111,
167338,1173293,169084,167542,167315,165663,1331,-238,15,-915,400,556,46,21,-32,1286,-102,7,-1002,155,599,-44,43,-100,
167338,1173293,169084,167542,167315,165663,1338,-225,1,-915,396,553,48,25,-32,1282,-109,26,-1002,150,606,-50,42,-107,
167366,1173293,169084,167542,167315,165663,1334,-229,14,-915,396,553,40,14,-31,1307,-88,9,-1002,150,606,-58,45,-119,
167366,1388289,169084,167542,167315,165663,1338,-225,-2,-913,391,557,25,20,-29,1285,-95,5,-1006,150,602,-50,43,-110,
167366,1388289,169008,167542,167315,165663,1344,-221,9,-913,391,557,15,27,-29,1284,-93,2,-1006,150,602,-37,37,-107,
167366,1388289,169008,167616,167315,165663,1321,-222,24,-915,395,570,12,29,-31,1280,-104,19,-1007,154,588,-23,40,-108,
167366,1388289,169008,167616,167286,165663,1331,-240,22,-915,395,570,10,23,-24,1290,-95,8,-1002,152,582,-28,53,-105,
167366,1388289,169008,167616,167286,166104,1337,-226,12,-918,401,563,19,23,-29,1301,-101,5,-1002,152,582,-42,48,-102,
167366,1388289,169008,167616,167286,166104,1330,-233,8,-918,397,563,17,28,-29,1274,-105,13,-1001,154,599,-42,40,-107,
167366,1388289,169008,167616,167286,166104,1338,-242,9,-912,397,563,11,21,-21,1290,-101,18,-1001,154,599,-30,41,-105,
167360,1388289,169008,167616,167286,166104,1332,-227,23,-913,390,560,17,24,-20,1284,-95,13,-1002,152,601,-33,37,-99,
167360,1472509,169008,167616,167286,166104,1348,-221,13,-913,390,560,20,28,-17,1283,-98,17,-1002,152,601,-33,39,-100,
167360,1472509,169093,167616,167286,166104,1344,-214,28,-915,394,557,21,31,-19,1298,-88,9,-1008,159,606,-41,46,-92,
167360,1472509,169093,167516,167286,166104,1343,-220,21,-915,394,557,12,20,-16,1288,-100,18,-1002,152,601,-33,50,-84,
167360,1472509,169093,167516,167357,166104,1343,-229,24,-913,397,565,9,15,-10,1309,-103,0,-1002,152,601,-25,49,-82,
167360,1472509,169093,167516,167357,166083,1341,-238,9,-913,397,565,5,17,-11,1289,-113,33,-1000,150,597,-26,40,-98,
167360,1472509,169093,167516,167357,166083,1335,-237,16,-914,393,546,8,20,-12,1295,-101,-5,-1000,150,597,-33,35,-100,
167360,1472509,169093,167516,167357,166083,1337,-241,17,-912,390,561,-1,23,-21,1295,-100,17,-1002,150,599,-40,31,-101,
167282,1472509,169093,167516,167357,166083,1332,-222,8,-912,390,561,-6,20,-24,1304,-105,15,-1002,150,599,-51,27,-107,
167282,1523609,169093,167516,167357,166083,1335,-233,14,-913,393,562,-2,22,-21,1300,-95,8,-1002,152,602,-53,29,-103,
167282,1523609,168984,167516,167357,166083,1338,-227,16,-913,393,562,-5,26,-13,1289,-97,11,-1004,150,598,-51,32,-90,
167282,1523609,168984,167620,167357,166083,1341,-229,20,-913,396,561,-1,19,-4,1272,-87,30,-1004,150,598,-45,30,-84,
167282,1523609,168984,167620,167336,166083,1338,-232,4,-913,396,561,13,21,-1,1288,-111,11,-998,154,593,-46,33,-74,
167282,1523609,168984,167620,167336,166150,1336,-244,17,-913,400,569,12,23,-6,1279,-107,19,-998,154,593,-55,41,-86,
167282,1523609,168984,167620,167336,166150,1340,-230,28,-912,392,553,6,27,-13,1296,-85,17,-1000,161,599,-59,31,-95,
167282,1523609,168984,167620,167336,166150,1339,-233,20,-912,392,553,-4,29,-9,1275,-85,19,-1000,162,595,-53,26,-81,
167198,1523609,168984,167620,167336,166150,1338,-223,23,-911,393,566,-1,26,-8,1293,-99,12,-1003,162,595,-47,30,-85,
167198,1544926,168984,167620,167336,166150,1340,-234,26,-911,393,566,6,19,-10,1282,-99,4,-1004,154,591,-36,34,-91,
167198,1544926,169093,167620,167336,166150,1335,-228,10,-913,391,563,-3,22,-9,1291,-104,9,-1004,154,591,-37,32,-84,
167198,1544926,169093,167519,167336,166150,1327,-229,22,-913,391,563,-5,28,-14,1298,-102,9,-1005,156,594,-35,32,-86,
167198,1544926,169093,167519,167382,166150,1332,-231,17,-910,399,556,-10,22,-14,1282,-101,22,-1005,156,594,-39,31,-98,
167198,1544926,169093,167519,167382,166128,1334,-240,30,-910,401,559,-9,29,-15,1284,-102,15,-1001,158,605,-37,45,-100,
167198,1544926,169093,167519,167382,166128,1332,-231,18,-911,401,559,-18,32,-13,1282,-107,17,-999,160,604,-35,41,-100,
167198,1544926,169093,167519,167382,166128,1339,-235,27,-912,392,560,-13,27,-15,1292,-101,21,-999,160,604,-28,39,-95,
167088,1544926,169093,167519,167382,166128,1339,-228,21,-912,392,560,-9,19,-17,1292,-112,25,-998,157,598,-30,45,-90,
167088,1585739,169093,167519,167382,166128,1336,-238,34,-908,397,548,1,20,-15,1266,-107,18,-998,157,598,-31,35,-93,
167088,1585739,168937,167519,167382,166128,1337,-231,26,-908,397,548,-1,19,-13,1279,-104,25,-999,161,596,-19,37,-97,
167088,1585739,168937,167430,167382,166128,1326,-233,26,-913,399,559,0,19,-21,1289,-103,1,-999,161,596,-16,34,-98,
167088,1585739,168937,167430,167317,166128,1326,-230,29,-913,399,559,1,20,-25,1300,-93,21,-1004,165,607,-18,36,-101,
167088,1585739,168937,167430,167317,166006,1338,-240,22,-909,396,553,13,14,-27,1276,-101,29,-1003,154,606,-19,27,-101,
167088,1585739,168937,167430,167317,166006,1345,-234,23,-911,394,564,15,6,-21,1284,-105,13,-1003,154,606,-21,36,-98,
167088,1585739,168937,167430,167317,166006,1335,-237,26,-911,394,564,13,15,-22,1281,-88,11,-1000,156,599,-22,37,-93,
167202,1585739,168937,167430,167317,166006,1335,-228,25,-909,392,574,17,23,-21,1284,-91,9,-1000,156,599,-28,28,-107,
167202,1758007,168937,167430,167317,166006,1322,-209,30,-909,392,574,15,14,-18,1295,-85,10,-1003,159,593,-8,28,-96,
167202,1758007,168878,167430,167317,166006,1343,-257,8,-910,398,565,7,15,-22,1281,-136,24,-1003,159,593,-18,27,-106,
167202,1758007,168878,167385,167317,166006,1341,-238,27,-910,398,565,5,22,-36,1280,-105,11,-1002,157,605,-18,25,-117,
167202,1758007,168878,167385,167394,166006,1339,-231,18,-907,403,560,14,32,-44,1286,-105,17,-1002,154,601,-12,41,-132,
167202,1758007,168878,167385,167394,166119,1335,-235,26,-910,396,568,24,35,-48,1296,-108,13,-1002,154,601,-8,36,-143,
167202,1758007,168878,167385,167394,166119,1351,-234,34,-910,396,568,18,32,-56,1289,-102,14,-1000,151,599,-14,36,-147,
167202,1758007,168878,167385,167394,166119,1339,-237,19,-910,393,567,25,35,-60,1285,-98,17,-1000,151,599,-9,26,-157,
167270,1758007,168878,167385,167394,166119,1341,-226,30,-910,393,567,24,37,-62,1284,-97,21,-1002,162,601,-11,30,-164,
167270,1649237,168878,167385,167394,166119,1336,-232,21,-908,392,567,15,41,-70,1278,-93,11,-998,160,597,-17,24,-167,
167270,1649237,168940,167385,167394,166119,1339,-232,25,-908,392,567,18,38,-76,1289,-99,22,-998,160,597,-7,20,-167,
167270,1649237,168940,167356,167394,166119,1333,-236,20,-911,398,569,23,35,-80,1276,-99,8,-997,149,587,-7,27,-167,
167270,1649237,168940,167356,167383,166119,1334,-225,24,-912,391,557,23,38,-81,1289,-92,11,-997,149,587,-10,31,-173,
167270,1649237,168940,167356,167383,166121,1329,-227,30,-912,391,557,9,35,-81,1292,-101,8,-1003,145,598,-5,30,-180,
167270,1649237,168940,167356,167383,166121,1332,-236,10,-908,390,574,9,38,-91,1288,-92,-4,-1003,145,598,-8,24,-185,
167270,1649237,168940,167356,167383,166121,1346,-230,31,-908,390,574,12,33,-99,1300,-88,11,-1006,147,587,-8,23,-203,
167281,1649237,168940,167356,167383,166121,1331,-239,28,-908,382,576,15,38,-106,1293,-88,-2,-1002,141,600,-10,28,-203,
167281,1569858,168940,167356,167383,166121,1341,-223,32,-908,382,576,11,31,-112,1290,-105,32,-1002,141,600,-15,27,-214,
167281,1569858,169123,167356,167383,166121,1339,-222,45,-911,386,566,14,37,-124,1285,-86,25,-1004,142,600,-24,27,-221,
167281,1569858,169123,167468,167383,166121,1345,-222,46,-911,386,566,7,33,-138,1281,-112,9,-1004,142,600,-23,35,-242,
167281,1569858,169123,167468,167446,166121,1324,-233,43,-915,381,566,3,30,-154,1271,-108,22,-1006,141,599,-22,35,-261,
167281,1569858,169123,167468,167446,166113,1338,-230,26,-912,376,572,-8,29,-169,1291,-95,9,-1006,141,599,-40,39,-279,
167281,1569858,169123,167468,167446,166113,1329,-214,36,-912,376,572,-10,37,-190,1283,-94,8,-1006,143,594,-44,40,-298,
