0,0,0,0,0,0,-1,-180,1048,-75,-429,861,-44,3,-36,-49,15,1325,654,-257,957,2,2,-24,
4740969,0,0,0,0,0,32,-183,1304,-79,-432,861,-50,1,-43,-50,10,1293,651,-254,949,5,1,-24,
4740969,3541202,0,0,0,0,35,-192,1326,-79,-432,861,-46,0,-40,-51,26,1325,653,-256,949,10,10,-25,
4740969,3541202,2723106,0,0,0,32,-188,1334,-81,-433,867,-45,-2,-38,-52,20,1331,653,-256,949,8,7,-28,
4740969,3541202,2723106,4298521,0,0,32,-199,1236,-83,-427,859,-42,-3,-38,-36,17,1309,654,-260,945,6,1,-20,
4740969,3541202,2723106,4298521,3470412,0,11,-186,1307,-83,-427,859,-50,-10,-36,-44,20,1316,654,-260,945,3,4,-20,
4740969,3541202,2723106,4298521,3470412,2004194,16,-197,1334,-80,-427,865,-43,-5,-38,-60,15,1338,653,-252,956,4,5,-27,
4740969,3541202,2723106,4298521,3470412,2004194,52,-193,1344,-80,-427,865,-49,-5,-44,-37,15,1310,653,-252,956,5,-12,-27,
4740969,3541202,2723106,4298521,3470412,2004194,18,-189,1310,-79,-428,858,-44,-6,-52,-43,15,1318,649,-251,971,5,-18,-29,
4756287,3541202,2723106,4298521,3470412,2004194,27,-189,1295,-79,-428,858,-53,-7,-55,-47,19,1322,651,-252,943,5,-11,-29,
4756287,3418648,2723106,4298521,3470412,2004194,30,-194,1331,-85,-420,860,-46,-17,-49,-36,16,1305,651,-252,943,12,-14,-29,
4756287,3418648,2278131,4298521,3470412,2004194,20,-184,1307,-82,-429,864,-51,-9,-49,-60,23,1319,652,-256,952,6,-11,-29,
4756287,3418648,2278131,4335953,3470412,2004194,35,-206,1297,-82,-429,864,-52,-10,-45,-39,13,1303,652,-256,952,12,-10,-28,
4756287,3418648,2278131,4335953,3350430,2004194,42,-196,1320,-81,-433,861,-48,-9,-48,-44,22,1310,651,-259,952,10,-7,-26,
4756287,3418648,2278131,4335953,3350430,1866033,41,-186,1307,-81,-433,861,-51,-12,-50,-42,24,1303,651,-259,952,7,-2,-28,
4756287,3418648,2278131,4335953,3350430,1866033,37,-189,1313,-79,-427,860,-44,-12,-47,-27,20,1274,651,-255,955,12,-2,-27,
4756287,3418648,2278131,4335953,3350430,1866033,34,-179,1318,-84,-423,864,-48,-7,-50,-39,19,1327,651,-255,955,2,-8,-33,
4783983,3418648,2278131,4335953,3350430,1866033,38,-187,1306,-84,-423,864,-53,-8,-52,-51,17,1315,653,-251,969,7,-2,-39,
4783983,3187869,2278131,4335953,3350430,1866033,20,-192,1292,-86,-427,858,-41,-6,-48,-50,19,1310,653,-259,945,14,-9,-32,
4783983,3187869,1621382,4335953,3350430,1866033,32,-185,1313,-86,-427,858,-46,-8,-50,-39,25,1314,653,-259,945,9,2,-27,
4783983,3187869,1621382,4360106,3350430,1866033,36,-200,1314,-78,-430,872,-43,-9,-48,-27,21,1290,651,-260,944,13,-2,-35,
4783983,3187869,1621382,4360106,3293927,1866033,46,-177,1331,-78,-430,872,-45,-8,-43,-55,17,1335,651,-260,944,7,-2,-37,
4783983,3187869,1621382,4360106,3293927,2030631,29,-175,1329,-84,-425,862,-40,-4,-43,-31,21,1295,652,-251,950,8,-6,-36,
4783983,3187869,1621382,4360106,3293927,2030631,32,-186,1317,-84,-431,861,-45,-5,-50,-49,9,1331,652,-251,950,5,-6,-26,
4783983,3187869,1621382,4360106,3293927,2030631,23,-185,1344,-84,-431,861,-48,-1,-41,-39,16,1306,649,-253,955,12,-2,-27,
4787192,3187869,1621382,4360106,3293927,2030631,45,-191,1344,-78,-429,857,-43,-1,-44,-42,22,1327,653,-260,943,18,0,-30,
4787192,3129791,1621382,4360106,3293927,2030631,6,-181,1297,-78,-429,857,-40,-3,-41,-20,20,1276,653,-260,943,11,4,-22,
4787192,3129791,1159382,4360106,3293927,2030631,17,-186,1328,-80,-429,866,-41,-1,-34,-58,6,1350,654,-263,958,4,4,-26,
4787192,3129791,1159382,4385045,3293927,2030631,24,-187,1336,-84,-425,858,-39,-4,-37,-41,26,1294,654,-263,958,6,3,-33,
4787192,3129791,1159382,4385045,3237169,2030631,44,-187,1346,-84,-425,858,-37,2,-40,-37,16,1320,648,-261,956,9,0,-31,
4787192,3129791,1159382,4385045,3237169,2283462,30,-192,1306,-82,-430,867,-44,0,-39,-44,12,1320,648,-261,956,7,-3,-29,
4787192,3129791,1159382,4385045,3237169,2283462,34,-192,1351,-82,-430,867,-42,3,-43,-36,22,1318,648,-254,959,6,-7,-29,
4787192,3129791,1159382,4385045,3237169,2283462,68,-205,1349,-81,-431,859,-38,3,-35,-68,5,1366,648,-510,965,12,-4,-30,
4765968,3129791,1159382,4385045,3237169,2283462,19,-179,1301,-81,-431,859,-37,18,-32,-47,21,1313,648,-260,965,12,-5,-32,
4765968,3234576,1159382,4385045,3237169,2283462,19,-174,1305,-85,-428,861,-32,32,-30,-31,36,1304,651,-261,958,13,-8,-28,
4765968,3234576,1034278,4385045,3237169,2283462,54,-205,1298,-85,-430,864,-38,38,-29,-24,26,1289,651,-261,958,15,0,-28,
4765968,3234576,1034278,4406317,3237169,2283462,-16,-176,1363,-85,-430,864,-34,39,-29,-57,18,1341,650,-260,950,7,7,-29,
4765968,3234576,1034278,4406317,3201853,2283462,52,-183,1376,-81,-433,850,-29,41,-28,-35,20,1302,650,-260,950,12,-7,-25,
4765968,3234576,1034278,4406317,3201853,2529295,12,-189,1297,-81,-433,850,-37,39,-26,-58,23,1321,651,-257,970,8,5,-33,
4765968,3234576,1034278,4406317,3201853,2529295,19,-191,1336,-82,-426,855,-34,40,-25,-46,9,1313,651,-257,970,7,-1,-31,
4765968,3234576,1034278,4406317,3201853,2529295,17,-188,1299,-83,-429,859,-39,41,-25,-45,17,1310,647,-255,957,6,-4,-35,
4512332,3234576,1034278,4406317,3201853,2529295,0,-189,1325,-83,-429,859,-33,34,-30,-82,6,1350,652,-262,935,10,-7,-38,
4512332,3297638,1034278,4406317,3201853,2529295,33,-187,1297,-79,-434,857,-28,35,-20,-30,23,1304,652,-262,935,12,-19,-31,
4512332,3297638,928402,4406317,3201853,2529295,19,-173,1358,-79,-434,857,-20,88,-16,-69,17,1304,651,-260,968,11,-9,-25,
4512332,3297638,928402,4453203,3201853,2529295,-5,-183,1316,-74,-430,857,-10,136,-7,-32,22,1281,651,-260,968,14,-15,-31,
4512332,3297638,928402,4453203,3146956,2529295,35,-200,1334,-74,-430,857,-3,200,8,-91,6,1356,648,-259,953,8,-14,-36,
4512332,3297638,928402,4453203,3146956,2909237,22,-179,1370,-73,-436,855,7,278,22,-34,27,1304,648,-259,953,11,-10,-32,
4512332,3297638,928402,4453203,3146956,2909237,-10,-178,1352,-65,-431,858,31,347,42,-62,8,1321,648,-252,965,15,-12,-34,
4512332,3297638,928402,4453203,3146956,2909237,-25,-179,1281,-65,-431,858,65,415,58,-34,21,1301,647,-254,942,13,0,-32,
2550100,3297638,928402,4453203,3146956,2909237,-30,-164,1332,-61,-438,853,80,426,55,-59,22,1327,647,-254,942,12,1,-33,
2550100,2965965,928402,4453203,3146956,2909237,-50,-185,1364,-61,-438,853,73,401,42,-38,35,1315,651,-259,973,11,-2,-32,
2550100,2965965,842567,4453203,3146956,2909237,-26,-222,1370,-47,-431,851,28,403,31,-56,21,1306,651,-259,973,18,-5,-34,
2550100,2965965,842567,4529893,3146956,2909237,-50,-216,1352,-38,-443,850,0,463,45,-61,20,1341,648,-266,960,14,-4,-34,
2550100,2965965,842567,4529893,3068297,2909237,-80,-184,1467,-38,-443,850,6,432,38,-33,27,1297,648,-266,960,18,1,-36,
2550100,2965965,842567,4529893,3068297,3376985,-68,-171,1317,-34,-440,847,-9,314,44,-69,9,1364,649,-254,955,9,-5,-33,
2550100,2965965,842567,4529893,3068297,3376985,-78,-184,1257,-34,-440,847,0,259,52,-36,17,1310,649,-254,955,-253,13,-30,
2550100,2965965,842567,4529893,3068297,3376985,-93,-159,1223,-31,-441,854,-2,223,49,-31,14,1303,650,-256,968,-4,23,-30,
1721245,2965965,842567,4529893,3068297,3376985,-87,-170,1233,-31,-441,848,-2,182,46,-33,18,1310,652,-264,941,-21,43,-30,
1721245,3156524,842567,4529893,3068297,3376985,-102,-158,1268,-29,-444,848,-6,154,46,-26,24,1299,652,-264,941,-34,49,-33,
1721245,3156524,764902,4529893,3068297,3376985,-77,-156,1409,-26,-445,847,-3,154,37,-28,25,1322,655,-262,952,-29,63,-38,
1721245,3156524,764902,4240496,3068297,3376985,-102,-144,1304,-26,-445,847,-11,173,40,-56,24,1323,655,-262,952,-26,52,-41,
1721245,3156524,764902,4240496,3105302,3376985,-90,-137,1244,-22,-443,857,-17,179,33,-38,18,1342,654,-256,940,-28,40,-45,
1721245,3156524,764902,4240496,3105302,2924161,-94,-124,1373,-22,-443,857,-28,177,23,-36,22,1287,654,-256,940,-32,42,-55,
1721245,3156524,764902,4240496,3105302,2924161,-103,-145,1332,-19,-445,837,-46,174,11,-36,17,1334,653,-253,945,-40,37,-71,
1721245,3156524,764902,4240496,3105302,2924161,-96,-162,1451,-15,-453,846,-56,195,-2,-53,11,1362,657,-250,963,-31,38,-99,
1194805,3156524,764902,4240496,3105302,2924161,-94,-177,1448,-15,-453,846,-57,326,4,43,69,1278,657,-250,963,-22,19,-214,
1194805,3943030,764902,4240496,3105302,2924161,-126,-194,1379,-6,-450,850,-39,401,17,38,85,1324,663,-244,937,-10,9,-555,
1194805,3943030,1275087,4240496,3105302,2924161,-120,-185,1327,-6,-450,850,-31,438,30,-17,8,1391,663,-244,937,4,-12,-1147,
1194805,3943030,1275087,4292499,3105302,2924161,-157,-223,1287,-2,-443,849,11,450,37,67,-76,1298,674,-220,965,32,-40,-1813,
1194805,3943030,1275087,4292499,2929688,2924161,-156,-222,1330,254,-449,849,56,446,60,36,-115,1306,674,-220,965,59,-55,-2241,
1194805,3943030,1275087,4292499,2929688,359567,-171,-189,1318,8,-449,849,71,445,85,-71,-102,1286,684,-176,956,62,-52,-2357,
1194805,3943030,1275087,4292499,2929688,359567,-161,-206,1251,15,-456,845,68,447,107,-180,-74,1363,684,-176,967,66,-53,-2244,
1194805,3943030,1275087,4292499,2929688,359567,-175,-220,965,15,-456,845,64,426,125,-200,-13,1260,704,-147,967,41,-35,-2058,
895957,3943030,1275087,4292499,2929688,359567,-162,-69,1103,21,-447,841,59,347,151,-205,18,1269,712,-119,966,15,-13,-1958,
895957,4558165,1275087,4292499,2929688,359567,-177,91,1068,21,-447,841,14,202,159,-291,-5,1342,712,-119,966,5,-8,-2559,
895957,4558165,2461583,4292499,2929688,359567,-184,101,1264,18,-454,850,-134,34,-15,-401,-98,1303,718,-83,963,13,-24,-2689,
895957,4558165,2461583,4432668,2929688,359567,-161,-105,1511,22,-455,842,-183,82,-56,-398,-124,1360,718,-83,963,16,-32,-3065,
895957,4558165,2461583,4432668,2075058,359567,-163,-142,1614,22,-455,842,-156,194,-60,-352,-203,1324,721,-32,965,-22,-180,-3345,
895957,4558165,2461583,4432668,2075058,163932,-181,-231,1592,32,-453,846,-98,360,-47,-318,-150,1363,721,-32,965,-117,-494,-3447,
895957,4558165,2461583,4432668,2075058,163932,-214,-226,1376,32,-453,846,-65,483,-13,-163,-12,1457,711,33,984,-332,-899,-3340,
895957,4558165,2461583,4432668,2075058,163932,-229,-195,1232,41,-443,830,-12,515,19,-7,42,1423,665,80,979,-588,-1333,-3046,
192998,4558165,2461583,4432668,2075058,163932,-196,-167,1174,46,-451,842,35,466,35,143,79,1396,665,80,979,-710,-1400,-2641,
192998,4735598,2461583,4432668,2075058,163932,-218,-144,1270,46,-451,842,49,389,30,256,125,1246,624,125,1017,-728,-1301,-2178,
192998,4735598,3200716,4432668,2075058,163932,-230,-143,1641,60,-457,845,22,374,24,378,239,1243,624,125,1017,-698,-1086,-1680,
192998,4735598,3200716,4572606,2075058,163932,-247,-185,1564,60,-457,845,19,462,28,350,238,1208,598,162,1011,-562,-840,-1116,
192998,4735598,3200716,4572606,1333743,163932,-253,-169,1646,71,-449,835,47,597,62,310,188,1182,598,162,1011,-360,-621,-591,
192998,4735598,3200716,4572606,1333743,165253,-246,-150,1460,71,-449,835,71,873,67,121,49,1376,576,174,1014,-211,-536,-196,
192998,4735598,3200716,4572606,1333743,165253,-269,-103,1170,85,-452,842,28,901,62,67,-80,1414,562,180,1014,-259,-594,-45,
192998,4735598,3200716,4572606,1333743,165253,-276,-40,1136,104,-456,834,-78,828,25,52,-160,1390,562,180,1014,-442,-715,-148,
269399,4735598,3200716,4572606,1333743,165253,-301,-98,1136,104,-456,834,-195,750,4,96,-160,1367,536,197,1034,-622,-840,-323,
269399,4795450,3200716,4572606,1333743,165253,-280,-154,1305,120,-454,832,-252,675,-7,169,-58,1364,536,197,1034,-720,-922,-434,
269399,4795450,3465100,4572606,1333743,165253,-358,-239,1339,120,-454,832,-231,629,-7,177,-68,1296,505,220,1030,-731,-970,-432,
269399,4795450,3465100,4709128,1333743,165253,-365,-254,1452,129,-444,835,-142,640,24,215,-176,1351,505,220,1030,-698,-996,-382,
269399,4795450,3465100,4709128,458375,165253,-374,-227,1406,144,-453,831,20,645,79,188,-273,1398,472,248,1040,-738,-1030,-396,
269399,4795450,3465100,4709128,458375,165279,-361,-191,1532,144,-453,831,170,678,118,151,-354,1518,472,248,1040,-903,-1125,-819,
269399,4795450,3465100,4709128,458375,165279,-364,-107,1393,155,-462,828,179,766,126,199,-387,1494,435,283,1053,-1138,-1416,-1072,
269399,4795450,3465100,4709128,458375,165279,-379,-12,1334,155,-462,828,58,869,64,247,-317,1491,384,322,1047,-1456,-1583,-1250,
353591,4795450,3465100,4709128,458375,165279,-393,-72,1199,176,-454,826,-241,1032,21,329,-206,1382,384,322,1047,-1548,-1779,-1299,
353591,4866330,3465100,4709128,458375,165279,-420,-115,1123,176,-454,826,-216,985,-3,409,-32,1266,321,372,1051,-1579,-1868,-1220,
353591,4866330,3750743,4709128,458375,165279,-465,-119,1067,194,-451,810,-93,892,-27,293,2,1346,321,372,1051,-1581,-1876,-1029,
353591,4866330,3750743,4764418,458375,165279,-473,-80,1167,211,-458,812,47,802,-58,355,12,1235,263,419,1044,-1556,-1835,-791,
353591,4866330,3750743,4764418,166172,165279,-491,16,1360,211,-458,812,181,778,-147,333,-18,1172,263,419,1044,-1454,-1737,-546,
353591,4866330,3750743,4764418,166172,165431,-636,145,1878,234,-463,806,358,811,-336,372,-97,1201,208,463,1038,-1319,-1591,-334,
353591,4866330,3750743,4764418,166172,165431,-733,83,1669,234,-463,806,323,1028,-609,477,-112,1055,169,484,1039,-1211,-1395,-171,
353591,4866330,3750743,4764418,166172,165431,-830,280,1659,264,-452,800,143,1353,-878,396,-129,1081,169,484,1039,-1084,-1162,30,
373201,4866330,3750743,4764418,166172,165431,-886,473,1723,328,-442,777,-14,1710,-1307,385,-165,887,152,504,1011,-919,-779,246,
373201,4699249,3750743,4764418,166172,165431,-737,133,1687,328,-442,777,-60,2105,-1850,628,-156,660,152,504,1011,-769,-289,461,
373201,4699249,4324720,4764418,166172,165431,-514,-153,1147,396,-405,752,-549,2614,-2294,771,13,740,166,514,1012,-667,196,702,
373201,4699249,4324720,4364275,166172,165431,57,128,1109,396,-405,752,-792,2514,-2120,637,50,979,166,514,1012,-474,323,1157,
373201,4699249,4324720,4364275,166435,165431,-174,288,1342,463,-364,733,-942,2303,-1783,219,-222,1152,195,526,1009,192,65,1781,
373201,4699249,4324720,4364275,166435,165626,-604,376,1628,463,-364,733,-1179,2234,-1612,109,-589,1161,195,270,1013,844,-58,2072,
373201,4699249,4324720,4364275,166435,165626,-729,868,1652,521,-314,716,-1409,2323,-1824,90,-859,1250,225,487,1013,830,93,1854,
373201,4699249,4324720,4364275,166435,165626,-709,442,1588,584,-259,691,-1457,2431,-2169,12,-893,1392,253,478,1007,314,387,1220,
521605,4699249,4324720,4364275,166435,165626,-541,-1036,1568,584,-259,691,-1668,2507,-2255,-415,-667,1447,253,478,1007,-459,780,435,
521605,3542790,4324720,4364275,166435,165626,-700,-512,1835,636,-186,669,-2338,2599,-2033,-781,-261,1524,287,519,999,-1221,1287,-272,
521605,3542790,4572822,4364275,166435,165626,-817,-171,1933,636,-186,669,-2958,2727,-1869,496,-348,1486,287,519,999,-1728,1318,-967,
521605,3542790,4572822,3916536,166435,165626,-858,175,1594,695,-89,628,-3342,2756,-1946,574,-249,1387,311,567,950,-1620,888,-808,
521605,3542790,4572822,3916536,166392,165626,-797,459,1330,744,10,577,-3560,2679,-2352,1511,-240,1228,311,567,950,-906,-90,-268,
521605,3542790,4572822,3916536,166392,275461,-714,769,1127,744,10,577,-3737,2630,-2632,1222,-403,1414,308,591,958,-264,-1267,364,
521605,3542790,4572822,3916536,166392,275461,-573,974,846,784,119,528,-3585,2653,-3004,-45,-318,1376,277,576,952,94,-1513,578,
521605,3542790,4572822,3916536,166392,275461,-227,563,706,784,119,528,-3306,2798,-3418,-878,-422,1284,277,576,952,122,-810,368,
197346,3542790,4572822,3916536,166392,275461,-86,458,300,807,233,457,-2876,3065,-3667,-675,-457,1188,272,574,948,-145,-292,63,
197346,2963472,4572822,3916536,166392,275461,112,101,335,807,233,373,-2023,3422,-3850,869,-630,1070,272,574,948,-415,-396,-46,
197346,2963472,3708464,3916536,166392,275461,374,-974,612,825,333,373,-1302,3790,-3983,1414,-884,777,255,587,935,-759,-732,-97,
197346,2963472,3708464,3698851,166392,275461,650,-2052,335,829,419,291,-1303,4101,-3761,1335,-575,419,255,587,935,-1413,-763,-238,
197346,2963472,3708464,3698851,166000,275461,436,-3083,-1648,829,419,291,-1421,4035,-3318,1227,-433,587,239,624,913,-1541,16,-233,
197346,2963472,3708464,3698851,166000,165925,469,-4661,-2128,825,482,230,-1180,3146,-2741,-156,255,1246,274,638,878,-1204,979,-96,
197346,2963472,3708464,3698851,166000,165925,472,-5859,-1728,825,482,230,-1065,1671,-1604,-738,1493,1670,274,638,878,-369,2046,-181,
197346,2963472,3708464,3698851,166000,165925,390,-5076,-285,827,492,203,-1258,-416,1738,-757,3228,2291,323,595,907,1531,2858,-713,
1373932,2963472,3708464,3698851,166000,165925,46,-3711,832,855,452,186,-3483,-540,2808,262,-1408,1985,323,595,907,4128,3029,-1666,
1373932,1584011,3708464,3698851,166000,165925,-207,-2776,489,855,452,186,-4040,-243,3624,1190,-2923,1889,338,495,939,4909,2127,-1882,
1373932,1584011,168376,3698851,166000,165925,-1030,-481,399,887,382,169,-2739,-464,4156,1025,-3122,1863,338,495,939,3285,572,-1402,
1373932,1584011,168376,643984,166000,165925,-1041,-148,571,887,382,169,-1017,-599,4033,666,-2280,1845,305,489,961,567,-896,-697,
1373932,1584011,168376,643984,165834,165925,-1011,-290,512,910,319,165,-1025,11,2904,419,-1092,1785,305,489,961,-1805,-1820,24,
1373932,1584011,168376,643984,165834,165222,-766,-391,142,910,307,111,-2165,1013,1313,323,-252,1635,260,545,939,-2802,-2229,437,
1373932,1584011,168376,643984,165834,165222,-32,151,-344,923,307,111,-3238,1754,153,318,56,1349,205,574,901,-2395,-2293,417,
1373932,1584011,168376,643984,165834,165222,673,856,-672,921,337,53,-3709,1778,-724,422,-85,904,205,574,901,-540,-1946,310,
1262728,1584011,168376,643984,165834,165222,1072,1285,-671,921,337,53,-3471,1088,-1610,410,-845,873,165,573,918,-216,-1744,224,
1262728,950350,168376,643984,165834,165222,253,425,-242,903,400,47,-2192,32,-2325,573,-981,929,165,573,918,-388,-1646,157,
1262728,950350,168402,643984,165834,165222,-430,-779,117,903,400,47,865,-1600,-2515,620,-940,1210,127,590,897,-876,-1637,147,
1262728,950350,168402,680539,165834,165222,-855,-1989,293,877,449,90,1335,-1769,-1868,714,-713,1371,127,590,897,-1198,-1466,261,
1262728,950350,168402,680539,166131,165222,-1123,-2868,431,864,451,136,1180,-1634,-818,906,-478,1314,95,612,902,-1103,-1166,486,
1262728,950350,168402,680539,166131,165202,-1353,-3057,580,864,451,136,471,-1354,372,1091,-315,1140,86,618,886,-654,-906,725,
1262728,950350,168402,680539,166131,165202,-1465,-2136,648,869,426,155,-257,-1085,1408,1208,-253,1120,86,618,886,47,-702,929,
1262728,950350,168402,680539,166131,165202,-1503,-404,758,869,426,155,-607,-884,2071,1290,-360,1069,85,596,877,747,-590,1098,
1602884,950350,168402,680539,166131,165202,-1400,96,460,884,392,171,-236,-656,2045,1344,-849,886,85,596,877,1184,-659,1281,
1602884,995355,168402,680539,166131,165202,-1391,-604,33,898,350,185,569,-469,1687,1293,-1072,768,81,568,900,1227,-869,1513,
1602884,995355,168238,680539,166131,165202,-1429,-1179,-170,898,350,185,789,-248,1402,1142,-1112,738,81,568,900,877,-1152,1734,
1602884,995355,168238,541978,166131,165202,-1244,-1180,-260,906,322,180,202,100,1240,1015,-950,694,72,567,912,245,-1407,1901,
1602884,995355,168238,541978,165878,165202,-928,-257,-474,906,322,180,-720,446,883,896,-641,532,72,567,913,-355,-1559,1965,
1602884,995355,168238,541978,165878,165170,-1040,262,-449,917,317,147,-1868,752,522,665,-364,509,56,568,913,-708,-1586,1941,
1602884,995355,168238,541978,165878,165170,-1020,334,-662,917,317,147,-2088,780,117,528,-120,323,52,580,906,-767,-1505,1824,
1602884,995355,168238,541978,165878,165170,-920,405,-832,920,331,118,-2278,856,-151,378,71,283,52,580,906,-553,-1367,1637,
1710455,995355,168238,541978,165878,165170,-689,706,-790,923,332,90,-2326,876,-154,89,-107,448,45,576,876,-98,-1171,1423,
1710455,731204,168238,541978,165878,165170,-520,1192,-557,923,332,90,-1985,794,23,76,-408,409,45,576,876,426,-913,1256,
1710455,731204,168286,541978,165878,165170,-409,1750,-173,925,328,60,-1037,622,254,55,-646,426,41,564,906,686,-705,1158,
1710455,731204,168286,586520,165878,165170,-347,1334,-78,925,328,60,381,393,488,35,-727,426,41,564,906,29,-590,1179,
1710455,731204,168286,586520,166264,165170,-263,592,-202,931,318,65,1546,187,653,76,-621,377,45,571,894,-486,-649,1181,
1710455,731204,168286,586520,166264,165214,-6632,-769,346,923,335,69,2070,124,449,73,-399,446,48,580,872,-799,-665,1132,
1710455,731204,168286,586520,166264,165214,-733,-561,-319,923,335,69,1687,1362,-2350,72,-97,436,48,580,872,-778,-582,996,
1710455,731204,168286,586520,166264,165214,-542,-356,-223,895,398,66,933,284,-3536,55,113,487,53,591,862,-461,-415,771,
1890887,731204,168286,586520,166264,165214,-938,-1499,-322,895,398,66,1436,435,-3287,135,197,508,53,591,862,87,-202,471,
1890887,609446,168286,586520,166264,165214,-1064,-2249,17,864,464,72,1319,334,-2998,220,-47,556,56,579,887,750,23,169,
1890887,609446,168186,586520,166264,165214,-1113,-2614,-198,864,464,72,510,651,-2493,319,-417,633,56,579,887,1309,195,-37,
1890887,609446,168186,608650,166264,165214,-876,-2198,-298,837,515,52,-156,1120,-1860,473,-822,605,64,552,924,1589,273,-115,
1890887,609446,168186,608650,166223,165214,-348,-1458,-355,822,537,35,-37,1316,-1515,524,-1201,720,71,519,932,1477,267,-102,
1890887,609446,168186,608650,166223,165264,-143,-2383,-385,822,537,35,443,1203,-1471,632,-1312,609,71,519,932,1054,205,-16,
1890887,609446,168186,608650,166223,165264,-212,-2805,-366,807,559,28,671,1083,-1230,666,-1253,662,84,496,949,608,158,111,
1890887,609446,168186,608650,166223,165264,-191,-2526,-326,807,559,28,527,1063,-688,667,-894,568,84,496,949,356,143,238,
2349617,609446,168186,608650,166223,165264,-127,-2129,-333,805,568,-1,265,988,-183,697,-843,655,96,490,943,260,144,345,
2349617,499857,168186,608650,166223,165264,-97,-1954,-207,810,554,2,136,816,382,638,-728,770,96,490,943,265,133,392,
2349617,499857,168238,608650,166223,165264,-200,-1559,-14,810,554,2,171,227,345,594,-735,839,101,478,957,449,130,376,
2349617,499857,168238,649513,166223,165264,-546,-1408,277,817,551,2,-34,70,425,513,-940,974,101,478,957,779,146,335,
2349617,499857,168238,649513,166172,165264,-768,-1000,315,817,551,2,-106,51,492,562,-1206,937,112,456,960,1057,179,291,
2349617,499857,168238,649513,166172,165278,-782,-936,237,821,544,-8,-91,96,431,502,-1470,1095,125,430,975,1043,192,262,
2349617,499857,168238,649513,166172,165278,-758,-746,250,821,544,-8,-77,181,338,559,-1546,1022,125,430,975,715,191,206,
2349617,499857,168238,649513,166172,165278,-758,-849,243,826,536,-3,43,215,215,533,-1185,862,135,432,969,-220,164,147,
2570632,499857,168238,649513,166172,165278,-756,-1082,-11,827,532,-11,4,212,122,506,-916,846,135,432,969,-534,95,45,
2570632,477058,168238,649513,166172,165278,-715,-1014,-288,827,532,-11,-83,191,84,533,-641,721,140,446,961,-711,3,-82,
2570632,477058,168300,649513,166172,165278,-656,-1055,-320,828,528,-14,-64,177,44,516,-404,683,140,446,961,-801,-120,-228,
2570632,477058,168300,545741,166172,165278,-660,-1130,-356,828,528,-14,-17,194,13,482,-155,640,134,465,974,-720,-212,-379,
2570632,477058,168300,545741,166234,165278,-666,-1162,-353,831,528,-9,-10,188,-3,426,-5,631,129,472,963,-474,-280,-540,
2570632,477058,168300,545741,166234,165405,-696,-1037,-299,831,527,-7,61,84,-18,326,34,625,129,472,963,-112,-115,-587,
2570632,477058,168300,545741,166234,165405,-736,-944,-276,831,527,-7,176,78,-80,2675,-3980,3620,144,466,965,220,619,312,
2570632,477058,168300,545741,166234,165405,-762,-798,-161,831,529,-13,339,93,-199,864,-187,1495,144,466,965,349,738,505,
2521793,477058,168300,545741,166234,165405,-699,-1098,-250,831,529,-13,381,113,-319,882,-418,1447,173,440,971,1205,1109,790,
2521793,476686,168300,545741,166234,165405,-701,-1242,-240,825,538,-5,253,99,-368,899,-577,967,173,440,971,1241,1271,1281,
2521793,476686,168211,545741,166234,165405,-668,-1393,-85,825,538,-6,56,67,-352,1008,-1111,1073,223,424,979,689,1182,1662,
2521793,476686,168211,3386327,166234,165405,-650,-1362,-155,822,545,-6,-126,64,-289,1102,-1184,852,223,424,971,-245,695,1727,
2521793,476686,168211,3386327,166229,165405,-630,-1234,-62,822,546,-15,-165,95,-232,615,-636,924,257,428,971,-1126,82,1538,
2521793,476686,168211,3386327,166229,165339,-592,-1341,-115,822,546,-15,-101,165,-197,285,-371,1027,268,448,948,-1325,-207,1324,
2521793,476686,168211,3386327,166229,165339,-604,-1359,-280,815,548,-18,-62,216,-153,-84,-273,1109,268,448,948,-969,-123,1278,
2521793,476686,168211,3386327,166229,165339,-649,-1299,-155,815,548,-18,-115,137,-32,-77,-723,1114,293,446,956,-271,207,1281,
2478137,476686,168211,3386327,166229,165339,-690,-1102,-367,817,559,-28,-180,79,-20,-112,-823,1140,293,446,956,255,506,1234,
2478137,473642,168211,3386327,166229,165339,-696,-1103,-115,819,548,-19,-149,77,-42,56,-856,1105,319,425,967,592,652,1067,
2478137,473642,168167,3386327,166229,165339,-637,-1062,-351,819,548,-19,-104,79,-70,86,-895,1082,319,425,967,795,629,582,
2478137,473642,168167,3757636,166229,165339,-646,-1110,-297,818,549,-31,-159,88,-93,113,-908,1112,341,411,980,874,376,283,
2478137,473642,168167,3757636,166081,165339,-677,-1086,-268,818,549,-31,-189,83,-119,162,-876,1022,346,381,978,914,249,-28,
2478137,473642,168167,3757636,166081,165403,-670,-1019,-177,815,559,-37,-227,75,-147,201,-875,1062,346,381,978,898,109,-290,
2478137,473642,168167,3757636,166081,165403,-687,-961,-215,815,557,-30,-194,79,-195,278,-846,1073,345,360,979,833,-35,-487,
2478137,473642,168167,3757636,166081,165403,-707,-1017,-256,814,557,-30,-126,122,-254,294,-845,1203,345,360,979,680,-185,-602,
2387548,473642,168167,3757636,166081,165403,-647,-1129,-241,809,560,-37,-90,137,-302,321,-737,1102,328,356,998,488,-293,-680,
2387548,355366,168167,3757636,166081,165403,-667,-1155,-285,809,560,-37,-131,127,-322,375,-753,1093,328,356,998,323,-338,-710,
2387548,355366,168414,3757636,166081,165403,-635,-1156,-205,805,572,-40,-140,113,-333,363,-645,1056,310,360,1013,142,-353,-697,
2387548,355366,168414,3810546,166081,165403,-609,-1157,-217,805,572,-40,-113,107,-349,407,-716,1128,296,363,1002,37,-372,-644,
2387548,355366,168414,3810546,166177,165403,-624,-1184,-286,799,576,-50,-128,110,-355,393,-563,1110,296,363,1002,-18,-409,-560,
2387548,355366,168414,3810546,166177,165282,-559,-1258,-234,800,581,-47,-180,85,-348,438,-667,1166,282,359,1006,2,-455,-429,
2387548,355366,168414,3810546,166177,165282,-589,-1281,-304,800,581,-47,-269,36,-329,489,-655,987,282,359,1006,-45,-517,-290,
2387548,355366,168414,3810546,166177,165282,-649,-1153,-282,793,586,-58,-294,14,-314,416,-683,1078,262,367,1007,-155,-547,-210,
2282353,355366,168414,3810546,166177,165282,-596,-1166,-205,793,586,-58,-222,10,-316,457,-637,965,262,367,1007,-267,-547,-162,
2282353,310550,168414,3810546,166177,165282,-609,-1176,-157,788,596,-51,-154,22,-308,410,-648,1031,251,378,1012,-356,-501,-141,
2282353,310550,168218,3810546,166177,165282,-558,-1211,-213,782,597,-52,-119,44,-306,346,-542,1025,251,378,1012,-417,-433,-141,
2282353,310550,168218,3761183,166177,165282,-558,-1192,-170,782,597,-52,-136,71,-310,365,-622,1030,235,385,1007,-354,-340,-171,
2282353,310550,168218,3761183,165929,165282,-587,-1198,-232,780,599,-65,-172,89,-309,432,-621,947,228,388,1002,-265,-258,-176,
2282353,310550,168218,3761183,165929,165072,-566,-1238,-234,780,599,-65,-116,85,-294,418,-711,1036,228,388,1002,-208,-201,-171,
2282353,310550,168218,3761183,165929,165072,-549,-1291,-277,775,612,-50,-65,72,-285,441,-680,1020,218,395,1016,-184,-184,-154,
2282353,310550,168218,3761183,165929,165072,-548,-1326,-248,775,612,-50,-34,66,-242,410,-666,1066,218,395,1016,-172,-145,-89,
2213315,310550,168218,3761183,165929,165072,-498,-1323,-184,770,618,-64,-50,70,-200,510,-666,934,215,402,1003,-93,-115,-27,
2213315,315637,168218,3761183,165929,165072,-539,-1333,-267,769,611,-63,-87,67,-157,446,-654,1017,215,402,1003,-102,-90,19,
2213315,315637,168018,3761183,165929,165072,-554,-1279,-241,769,611,-63,-107,58,-120,504,-659,957,210,410,1008,-91,-41,62,
2213315,315637,168018,3782062,165929,165072,-535,-1243,-284,768,615,-60,-103,55,-90,491,-656,970,215,408,1012,-95,-21,128,
2213315,315637,168018,3782062,166113,165072,-540,-1228,-242,768,615,-60,-75,54,-71,490,-658,970,215,408,1012,-121,1,186,
2213315,315637,168018,3782062,166113,165378,-534,-1187,-153,768,622,-61,-55,67,-63,463,-674,993,216,408,1010,-124,30,226,
2213315,315637,168018,3782062,166113,165378,-552,-1189,-236,770,618,-63,-72,74,-63,441,-658,991,216,408,1010,-155,53,270,
2213315,315637,168018,3782062,166113,165378,-572,-1152,-181,770,618,-63,-121,83,-88,396,-661,1087,218,408,1005,-147,68,288,
2221552,315637,168018,3782062,166113,165378,-541,-1146,-293,769,614,-64,-98,82,-111,446,-675,957,218,408,1005,-82,76,289,
2221552,317900,168018,3782062,166113,165378,-554,-1208,-313,769,614,-64,-60,67,-127,354,-737,1092,231,420,993,-61,84,262,
2221552,317900,168273,3782062,166113,165378,-557,-1239,-249,766,623,-65,-55,50,-133,390,-736,1015,231,420,1001,-72,67,198,
2221552,317900,168273,3812245,166113,165378,-542,-1282,-341,766,623,-65,-83,20,-123,406,-746,1014,233,414,1001,-115,67,110,
2221552,317900,168273,3812245,166120,165378,-503,-1289,-234,765,626,-71,-107,-3,-103,391,-756,1032,234,418,993,-185,44,15,
2221552,317900,168273,3812245,166120,164999,-548,-1297,-252,768,621,-71,-118,-12,-71,385,-765,782,234,418,993,-254,34,-69,
2221552,317900,168273,3812245,166120,164999,-523,-1274,-275,768,621,-71,-97,-8,-40,426,-744,997,237,426,986,-341,17,-134,
2221552,317900,168273,3812245,166120,164999,-519,-1270,-143,766,616,-73,-67,-2,-13,419,-741,1029,237,426,986,-416,11,-181,
2177619,317900,168273,3812245,166120,164999,-524,-1317,-294,766,616,-73,-46,10,15,440,-736,987,230,441,987,-477,-3,-208,
2177619,312655,168273,3812245,166120,164999,-499,-1312,-271,766,625,-63,-77,3,75,455,-721,947,230,441,987,-535,3,-217,
2177619,312655,168283,3812245,166120,164999,-545,-1238,-245,766,612,-74,-123,0,100,437,-745,989,226,460,991,-570,-7,-204,
2177619,312655,168283,3757982,166120,164999,-539,-1210,-299,766,612,-74,-96,9,112,449,-749,985,227,468,965,-584,-15,-152,
2177619,312655,168283,3757982,166187,164999,-538,-1193,-220,771,613,-76,-82,11,117,488,-755,933,227,468,965,-608,-26,-119,
2177619,312655,168283,3757982,166187,165253,-545,-1191,-267,771,613,-76,-80,15,116,485,-737,942,233,483,964,-595,-23,-76,
2177619,312655,168283,3757982,166187,165253,-571,-1170,-269,769,613,-67,-74,16,112,464,-766,892,233,483,964,-581,-10,-41,
2177619,312655,168283,3757982,166187,165253,-550,-1146,-255,769,613,-67,-82,16,98,474,-773,879,227,502,966,-565,-17,-6,
2193555,312655,168283,3757982,166187,165253,-574,-1117,-254,778,613,-79,-75,18,70,440,-800,912,227,502,966,-531,-15,14,
2193555,293577,168283,3757982,166187,165253,-595,-1109,-252,776,605,-79,-62,20,42,474,-793,852,227,516,951,-498,-13,23,
2193555,293577,168118,3757982,166187,165253,-557,-1155,-273,776,605,-79,-54,30,24,462,-823,858,228,522,943,-456,4,28,
2193555,293577,168118,3659587,166187,165253,-536,-1199,-248,775,603,-87,-60,27,3,453,-818,840,228,522,943,-405,2,23,
2193555,293577,168118,3659587,166155,165253,-577,-1182,-285,775,603,-87,-88,20,-26,451,-839,849,232,525,946,-349,-10,21,
2193555,293577,168118,3659587,166155,165350,-548,-1179,-303,778,609,-79,-113,14,-28,443,-836,844,232,525,946,-252,-49,33,
2193555,293577,168118,3659587,166155,165350,-551,-1193,-297,773,611,-74,-123,6,-38,444,-836,820,228,529,946,-167,-81,34,
2193555,293577,168118,3659587,166155,165350,-552,-1193,-298,773,611,-74,-132,-2,-48,400,-882,911,228,529,946,-124,-82,11,
2008022,293577,168118,3659587,166155,165350,-568,-1195,-316,777,603,-79,-105,0,-57,425,-867,922,225,539,935,-108,-80,-25,
2008022,272449,168118,3659587,166155,165350,-574,-1202,-266,777,603,-79,-57,5,-55,446,-844,866,225,539,935,-99,-66,-67,
2008022,272449,168332,3659587,166155,165350,-568,-1225,-312,775,609,-80,-36,14,-49,466,-842,817,226,541,937,-103,-54,-109,
2008022,272449,168332,3732913,166155,165350,-544,-1221,-278,775,609,-80,-44,9,-32,439,-865,896,222,539,948,-92,-52,-133,
2008022,272449,168332,3732913,166304,165350,-557,-1200,-231,776,603,-80,-58,8,-29,454,-845,871,222,539,948,-76,-70,-145,
2008022,272449,168332,3732913,166304,165265,-552,-1184,-278,774,600,-75,-63,4,-29,469,-847,846,213,540,934,-47,-74,-174,
2008022,272449,168332,3732913,166304,165265,-537,-1179,-256,774,600,-75,-55,13,-30,455,-861,871,213,540,934,-23,-82,-199,
2008022,272449,168332,3732913,166304,165265,-555,-1168,-294,773,604,-73,-49,15,-50,440,-857,921,208,545,940,-21,-93,-248,
2065375,272449,168332,3732913,166304,165265,-568,-1182,-322,773,604,-73,-52,7,-58,470,-835,861,208,545,940,29,-143,-256,
2065375,261462,168332,3732913,166304,165265,-572,-1174,-283,772,611,-76,-66,-8,-73,472,-840,862,199,550,918,57,-172,-266,
2065375,261462,168219,3732913,166304,165265,-544,-1175,-236,776,607,-80,-63,-15,-82,490,-828,845,194,540,955,82,-170,-272,
2065375,261462,168219,3778513,166304,165265,-582,-1157,-304,776,607,-80,-34,-2,-91,502,-833,834,194,540,955,93,-168,-280,
2065375,261462,168219,3778513,166259,165265,-557,-1223,-293,772,606,-83,-16,10,-82,472,-823,870,189,542,961,106,-164,-283,
2065375,261462,168219,3778513,166259,165308,-538,-1224,-215,772,606,-83,-19,18,-68,500,-813,849,189,542,961,101,-156,-292,
2065375,261462,168219,3778513,166259,165308,-533,-1249,-332,769,613,-83,-37,14,-58,524,-802,829,174,540,947,79,-153,-294,
2065375,261462,168219,3778513,166259,165308,-571,-1203,-243,769,612,-81,-58,6,-46,483,-815,891,174,540,947,50,-129,-296,
2015875,261462,168219,3778513,166259,165308,-558,-1180,-236,771,612,-81,-64,4,-40,544,-795,816,168,543,947,31,-108,-295,
2015875,262308,168219,3778513,166259,165308,-562,-1173,-311,772,608,-83,-53,12,-61,519,-803,870,168,545,950,25,-97,-291,
2015875,262308,168131,3778513,166259,165308,-549,-1162,-290,772,608,-83,-30,24,-67,536,-779,825,159,545,950,10,-92,-277,
2015875,262308,168131,3780336,166259,165308,-593,-1154,-271,771,613,-79,-25,30,-82,525,-785,856,155,540,954,-10,-80,-261,
2015875,262308,168131,3780336,166290,165308,-554,-1181,-257,771,613,-79,-21,26,-93,544,-770,855,155,540,954,-32,-72,-234,
2015875,262308,168131,3780336,166290,165295,-570,-1192,-297,768,613,-83,-19,24,-104,558,-755,863,153,543,944,-48,-66,-202,
2015875,262308,168131,3780336,166290,165295,-541,-1233,-320,770,614,-79,-20,25,-111,566,-752,840,153,543,944,-56,-66,-155,
2015875,262308,168131,3780336,166290,165295,-560,-1211,-303,770,614,-79,-30,14,-100,529,-771,933,148,542,944,-69,-59,-106,
1945341,262308,168131,3780336,166290,165295,-541,-1203,-177,768,614,-85,-35,10,-100,567,-744,841,148,542,944,-82,-58,-61,
1945341,263503,168131,3780336,166290,165295,-554,-1235,-268,768,614,-85,-39,14,-84,541,-762,855,148,553,938,-91,-56,-16,
1945341,263503,168053,3780336,166290,165295,-498,-1261,-222,765,617,-83,-41,13,-81,517,-788,917,150,549,933,-99,-49,35,
1945341,263503,168053,3791162,166290,165295,-555,-1240,-261,766,617,-88,-60,14,-63,565,-766,820,150,549,933,-102,-43,109,
1945341,263503,168053,3791162,166223,165295,-530,-1241,-369,766,617,-88,-88,2,-32,536,-792,780,150,550,950,-119,-41,125,
1945341,263503,168053,3791162,166223,165331,-521,-1208,-259,768,616,-79,-80,0,-26,528,-811,879,150,550,950,-150,-39,114,
1945341,263503,168053,3791162,166223,165331,-530,-1196,-267,768,616,-79,-77,3,-22,543,-807,823,148,559,937,-170,-41,108,
1945341,263503,168053,3791162,166223,165331,-519,-1224,-300,765,617,-88,-74,-3,-18,535,-822,828,148,559,937,-183,-14,93,
2038759,263503,168053,3791162,166223,165331,-561,-1183,-256,765,617,-88,-76,2,-19,527,-831,807,148,562,952,-184,-7,78,
2038759,266716,168053,3791162,166223,165331,-524,-1211,-308,766,619,-80,-74,2,-26,526,-834,855,153,565,935,-195,-2,52,
2038759,266716,168386,3791162,166223,165331,-523,-1212,-247,771,613,-79,-68,3,-25,553,-818,788,153,565,935,-201,4,33,
2038759,266716,168386,3781634,166223,165331,-552,-1192,-496,771,613,-79,-67,8,-25,537,-829,803,151,565,940,-191,-8,19,
2038759,266716,168386,3781634,166341,165331,-504,-1224,-330,771,613,-81,-62,13,-25,528,-841,838,151,565,940,-167,-32,-2,
2038759,266716,168386,3781634,166341,165198,-550,-1191,-233,771,613,-81,-62,16,-22,526,-835,834,151,568,940,-149,-46,-21,
2038759,266716,168386,3781634,166341,165198,-577,-1187,-370,768,625,-81,-60,12,-30,534,-839,814,151,568,940,-135,-39,-38,
2038759,266716,168386,3781634,166341,165198,-525,-1189,-223,771,617,-78,-43,12,-31,541,-831,790,148,583,915,-133,-32,-53,
2052551,266716,168386,3781634,166341,165198,-515,-1211,-221,771,617,-78,-49,12,-28,520,-848,828,148,583,915,-138,-26,-68,
2052551,265834,168386,3781634,166341,165198,-525,-1223,-245,772,614,-83,-58,11,-29,527,-836,836,144,579,914,-128,-36,-72,
2052551,265834,168329,3781634,166341,165198,-550,-1200,-297,772,614,-83,-66,12,-29,527,-842,848,148,584,925,-105,-45,-68,
2052551,265834,168329,3778978,166341,165198,-550,-1183,-323,768,616,-85,-67,19,-28,537,-833,794,148,584,925,-86,-47,-71,
2052551,265834,168329,3778978,166276,165198,-554,-1172,-227,768,616,-85,-62,11,-38,558,-815,785,148,581,931,-81,-30,-65,
2052551,265834,168329,3778978,166276,165358,-562,-1193,-322,764,619,-68,-65,10,-47,544,-839,809,148,581,931,-88,-28,-56,
2052551,265834,168329,3778978,166276,165358,-531,-1199,-230,773,618,-81,-72,8,-49,533,-831,855,143,588,922,-97,-1,-46,
2052551,265834,168329,3778978,166276,165358,-560,-1198,-241,773,618,-81,-79,15,-52,534,-840,828,143,588,922,-92,1,-14,
1866739,265834,168329,3778978,166276,165358,-577,-1171,-284,767,619,-82,-80,12,-60,533,-841,833,142,592,920,-75,-5,-10,
1866739,264794,168329,3778978,166276,165358,-567,-1184,-312,767,619,-82,-61,16,-68,543,-833,805,145,589,911,-66,-4,-5,
1866739,264794,168291,3778978,166276,165358,-575,-1196,-274,764,621,-88,-38,8,-72,565,-837,742,145,589,911,-65,-9,-2,
1866739,264794,168291,3749314,166276,165358,-519,-1197,-242,767,619,-81,-25,17,-67,586,-819,725,147,591,913,-58,-6,-9,
1866739,264794,168291,3749314,166148,165358,-525,-1237,-300,767,619,-81,-29,15,-57,607,-812,688,147,591,913,-43,-14,-14,
1866739,264794,168291,3749314,166148,164990,-557,-1229,-291,763,614,-83,-36,13,-48,567,-832,763,143,589,914,-39,-10,-15,
1866739,264794,168291,3749314,166148,164990,-533,-1218,-284,763,614,-83,-46,9,-40,520,-855,847,143,589,914,-22,-20,-4,
1866739,264794,168291,3749314,166148,164990,-513,-1202,-181,765,618,-88,-51,12,-33,549,-837,783,142,596,919,-7,-29,1,
1906164,264794,168291,3749314,166148,164990,-545,-1232,-349,765,618,-88,-75,-1,-23,484,-865,918,142,593,928,3,-47,8,
1906164,262630,168291,3749314,166148,164990,-541,-1178,-222,766,622,-94,-85,-5,-27,530,-846,793,143,593,928,16,-36,-6,
1906164,262630,168246,3749314,166148,164990,-530,-1169,-309,769,615,-81,-88,4,-29,576,-825,758,139,592,911,12,-30,-14,
1906164,262630,168246,3743961,166148,164990,-581,-1168,-294,769,615,-81,-67,13,-44,519,-867,770,139,592,911,-5,-24,-19,
1906164,262630,168246,3743961,166238,164990,-510,-1224,-234,767,617,-95,-44,13,-59,503,-873,863,142,593,916,-9,-4,-25,
1906164,262630,168246,3743961,166238,165366,-548,-1250,-274,767,617,-95,-43,11,-59,554,-832,761,142,593,916,-16,-14,-31,
1906164,262630,168246,3743961,166238,165366,-540,-1236,-333,768,625,-82,-57,3,-45,522,-847,834,136,598,923,-20,-19,-45,
1906164,262630,168246,3743961,166238,165366,-504,-1235,-219,768,618,-86,-50,7,-31,546,-853,790,136,598,923,-33,-21,-67,
1913149,262630,168246,3743961,166238,165366,-519,-1227,-312,768,618,-86,-49,10,-23,538,-846,823,138,602,915,-48,-29,-80,
1913149,257631,168246,3743961,166238,165366,-525,-1221,-320,765,614,-85,-55,8,-14,559,-838,789,137,596,932,-65,-37,-94,
1913149,257631,168362,3743961,166238,165366,-548,-1180,-238,765,614,-85,-56,11,-10,549,-846,828,137,596,932,-73,-45,-102,
1913149,257631,168362,3711048,166238,165366,-554,-1173,-362,763,619,-78,-58,8,-10,590,-830,813,135,598,907,-72,-66,-86,
1913149,257631,168362,3711048,166211,165366,-557,-1167,-270,763,619,-87,-44,7,-16,567,-846,788,135,598,907,-82,-77,-74,
1913149,257631,168362,3711048,166211,165406,-542,-1211,-303,766,615,-87,-29,13,-26,558,-828,796,129,599,909,-94,-68,-70,
1913149,257631,168362,3711048,166211,165406,-558,-1207,-299,765,619,-88,-42,10,-30,557,-845,812,129,599,909,-99,-63,-64,
1913149,257631,168362,3711048,166211,165406,-524,-1188,-252,765,619,-88,-47,9,-37,593,-831,726,123,606,909,-99,-61,-46,
1908113,257631,168362,3711048,166211,165406,-548,-1187,-300,764,617,-87,-35,23,-47,575,-851,766,129,608,907,-100,-45,-42,
1908113,256334,168362,3711048,166211,165406,-563,-1189,-282,764,617,-87,-24,22,-46,551,-866,816,129,608,907,-105,-22,-34,
1908113,256334,168365,3711048,166211,165406,-506,-1236,-311,767,621,-92,-28,21,-47,567,-849,787,130,607,893,-109,-6,-32,
1908113,256334,168365,3671661,166211,165406,-534,-1230,-289,768,618,-84,-52,13,-37,569,-828,747,130,607,893,-89,0,-18,
1908113,256334,168365,3671661,166173,165406,-519,-1224,-229,768,618,-84,-85,4,-42,584,-834,725,129,607,901,-64,0,-2,
1908113,256334,168365,3671661,166173,165419,-577,-1179,-338,765,617,-91,-88,7,-45,562,-859,770,129,607,901,-51,9,9,
1908113,256334,168365,3671661,166173,165419,-533,-1192,-286,765,617,-91,-57,12,-57,551,-856,789,128,620,904,-45,15,1,
1908113,256334,168365,3671661,166173,165419,-530,-1183,-242,764,620,-87,-68,12,-63,547,-864,820,128,620,904,-32,0,-4,
1888374,256334,168365,3671661,166173,165419,-531,-1196,-271,764,620,-88,-81,8,-59,581,-853,743,127,612,898,-7,-18,-10,
1888374,253213,168365,3671661,166173,165419,-555,-1197,-348,765,620,-88,-91,9,-76,556,-866,777,126,611,893,8,-17,-26,
1888374,253213,168342,3671661,166173,165419,-536,-1211,-303,766,620,-91,-43,18,-67,585,-840,741,126,611,893,-3,-19,-47,
1888374,253213,168342,3715829,166173,165419,-515,-1264,-290,766,620,-91,-56,5,-57,591,-829,711,126,609,897,-14,-6,-51,
1888374,253213,168342,3715829,166209,165419,-533,-1225,-208,763,621,-90,-75,-1,-46,564,-857,798,126,609,897,-21,2,-59,
1888374,253213,168342,3715829,166209,165369,-538,-1206,-277,763,621,-90,-96,-4,-37,575,-846,768,124,613,907,-32,1,-59,
1888374,253213,168342,3715829,166209,165369,-551,-1172,-273,761,629,-92,-80,2,-34,621,-824,689,124,613,907,-35,-8,-55,
1888374,253213,168342,3715829,166209,165369,-547,-1182,-283,763,618,-84,-61,8,-34,597,-835,743,122,621,911,-32,4,-38,
1858639,253213,168342,3715829,166209,165369,-517,-1198,-219,763,618,-84,-41,6,-40,579,-837,750,122,617,902,-28,4,-15,
1858639,231349,168342,3715829,166209,165369,-543,-1201,-311,765,618,-87,-41,4,-45,549,-850,804,122,617,902,-20,-10,6,
1858639,231349,168276,3715829,166209,165369,-552,-1192,-248,765,618,-87,-45,4,-40,624,-811,682,124,613,894,-3,-25,26,
1858639,231349,168276,3723059,166209,165369,-533,-1188,-290,760,628,-92,-42,8,-45,624,-823,686,124,613,894,13,-53,55,
1858639,231349,168276,3723059,166204,165369,-514,-1206,-308,763,623,-85,-35,21,-44,582,-842,747,123,614,898,7,-49,71,
1858639,231349,168276,3723059,166204,165376,-567,-1196,-283,763,623,-85,-41,13,-49,608,-830,694,123,614,898,-9,-46,65,
1858639,231349,168276,3723059,166204,165376,-538,-1203,-288,763,619,-90,-39,11,-50,585,-839,722,119,617,905,-28,-22,48,
1858639,231349,168276,3723059,166204,165376,-522,-1212,-289,763,619,-90,-44,9,-54,576,-856,755,119,619,898,-44,-25,42,
1840025,231349,168276,3723059,166204,165376,-564,-1196,-279,758,626,-97,-46,18,-53,600,-859,731,124,619,898,-45,-38,25,
1840025,225031,168276,3723059,166204,165376,-512,-1212,-280,758,626,-97,-44,13,-46,569,-869,757,123,615,895,-51,-60,10,
1840025,225031,168138,3723059,166204,165376,-539,-1212,-338,761,633,-84,-48,7,-45,535,-882,813,123,615,895,-49,-71,-10,
1840025,225031,168138,3728655,166204,165376,-514,-1210,-289,764,622,-90,-57,2,-44,565,-874,768,120,618,906,-61,-63,-41,
1840025,225031,168138,3728655,166128,165376,-555,-1180,-290,764,622,-90,-57,-2,-42,570,-866,734,120,618,906,-57,-56,-69,
1840025,225031,168138,3728655,166128,165369,-558,-1176,-269,761,620,-86,-46,-3,-58,579,-861,733,119,627,898,-67,-46,-91,
1840025,225031,168138,3728655,166128,165369,-514,-1198,-275,761,620,-86,-32,3,-62,541,-877,810,119,627,898,-71,-35,-101,
1840025,225031,168138,3728655,166128,165369,-537,-1193,-263,758,629,-91,-24,-2,-72,547,-863,803,115,627,897,-37,-41,-89,
1820606,225031,168138,3728655,166128,165369,-509,-1221,-293,763,627,-88,-10,10,-64,599,-843,727,115,617,912,14,-60,-60,
1820606,195350,168138,3728655,166128,165369,-523,-1208,-263,763,627,-88,-5,11,-60,585,-846,736,115,617,912,61,-44,-41,
1820606,195350,168336,3728655,166128,165369,-515,-1237,-298,760,622,-86,3,12,-50,533,-851,733,113,620,906,68,-22,-14,
1820606,195350,168336,3710073,166128,165369,-500,-1206,-273,760,622,-86,2,12,-53,601,-833,712,113,620,906,89,11,10,
1820606,195350,168336,3710073,166056,165369,-529,-1201,-222,759,631,-89,2,15,-39,586,-845,750,116,623,898,124,38,64,
1820606,195350,168336,3710073,166056,165217,-518,-1194,-275,759,631,-89,11,22,-39,577,-850,767,116,623,898,177,47,84,
1820606,195350,168336,3710073,166056,165217,-528,-1199,-266,757,629,-98,18,22,-40,601,-843,735,113,615,894,188,63,108,
1820606,195350,168336,3710073,166056,165217,-509,-1195,-273,757,625,-84,35,25,-37,573,-852,798,120,611,907,169,78,119,
1728792,195350,168336,3710073,166056,165217,-549,-1179,-320,757,625,-84,22,34,-45,606,-828,728,120,611,907,128,91,123,
1728792,175026,168336,3710073,166056,165217,-543,-1152,-257,759,624,-76,24,38,-69,584,-841,771,123,607,907,116,116,141,
1728792,175026,168308,3710073,166056,165217,-508,-1191,-285,759,624,-76,42,58,-88,623,-817,706,123,607,907,100,114,157,
1728792,175026,168308,3753290,166056,165217,-533,-1192,-312,755,635,-91,47,67,-92,588,-827,731,125,604,905,101,106,175,
1728792,175026,168308,3753290,166048,165217,-510,-1231,-298,755,629,-83,46,57,-86,615,-826,688,125,604,905,102,103,192,
1728792,175026,168308,3753290,166048,165280,-503,-1255,-287,755,629,-83,16,46,-80,553,-868,801,133,610,904,88,103,192,
1728792,175026,168308,3753290,166048,165280,-512,-1250,-259,757,630,-83,-13,28,-66,482,-897,924,133,610,911,53,86,179,
1728792,175026,168308,3753290,166048,165280,-492,-1246,-168,757,630,-83,-27,23,-51,569,-852,771,137,602,911,16,81,146,
1635656,175026,168308,3753290,166048,165280,-500,-1262,-199,753,630,-94,-36,20,-43,520,-874,848,141,603,904,-37,75,114,
1635656,219363,168308,3753290,166048,165280,-497,-1251,-311,753,630,-94,-54,5,-24,530,-872,799,141,603,904,-69,72,86,
1635656,219363,168306,3753290,166048,165280,-515,-1246,-284,755,630,-86,-81,0,-18,513,-882,858,146,602,917,-72,37,69,
1635656,219363,168306,3747059,166048,165280,-528,-1199,-249,761,628,-84,-106,-12,-7,515,-880,828,146,602,917,-60,-7,48,
1635656,219363,168306,3747059,166296,165280,-279,-1189,-217,761,628,-84,-101,3,-10,558,-866,755,143,603,897,-73,-31,21,
1635656,219363,168306,3747059,166296,164992,-587,-1186,-334,758,627,-76,-87,5,-17,559,-867,737,143,603,897,-99,-21,-6,
1635656,219363,168306,3747059,166296,164992,-504,-1205,-282,758,627,-76,-77,3,-17,552,-877,777,144,616,914,-124,-10,-27,
1635656,219363,168306,3747059,166296,164992,-492,-1194,-190,757,636,-81,-79,1,-19,514,-877,804,141,612,905,-132,0,-37,
1622917,219363,168306,3747059,166296,164992,-543,-1197,-313,756,628,-87,-82,-6,-20,579,-846,701,141,612,905,-124,26,-45,
1622917,167702,168306,3747059,166296,164992,-545,-1191,-263,756,628,-87,-84,-1,-26,581,-849,802,144,615,889,-94,21,-42,
1622917,167702,168372,3747059,166296,164992,-460,-1197,-185,758,629,-92,-82,-1,-39,581,-860,707,144,615,889,-76,29,-37,
1622917,167702,168372,3717413,166296,164992,-556,-1156,-243,758,629,-92,-66,5,-45,554,-877,745,146,615,898,-78,42,-36,
1622917,167702,168372,3717413,166345,164992,-505,-1179,-257,758,632,-89,-66,9,-61,513,-886,839,146,615,898,-78,54,-41,
1622917,167702,168372,3717413,166345,165456,-562,-1196,-259,758,632,-97,-54,11,-66,569,-860,727,141,622,890,-80,63,-44,
1622917,167702,168372,3717413,166345,165456,-533,-1202,-320,755,632,-97,-70,10,-77,605,-830,659,144,622,888,-99,59,-30,
1622917,167702,168372,3717413,166345,165456,-502,-1191,-260,755,629,-92,-80,17,-79,544,-855,781,144,622,888,-103,40,-6,
1082726,167702,168372,3717413,166345,165456,-537,-1193,-322,755,629,-92,-95,16,-81,549,-858,794,144,621,901,-91,13,19,
1082726,224491,168372,3717413,166345,165456,-499,-1211,-326,754,630,-86,-115,22,-87,573,-853,728,144,621,901,-84,-4,41,
1082726,224491,168212,3717413,166345,165456,-520,-1202,-243,754,630,-86,-129,21,-94,561,-865,753,145,618,887,-85,-16,63,
1082726,224491,168212,3712361,166345,165456,-516,-1214,-300,755,632,-90,-122,20,-89,620,-842,669,145,618,887,-85,-14,81,
1082726,224491,168212,3712361,166237,165456,-493,-1208,-226,755,634,-91,-104,27,-88,569,-878,728,144,626,883,-104,-17,81,
1082726,224491,168212,3712361,166237,165185,-545,-1195,-282,755,634,-91,-72,27,-83,596,-853,664,144,626,883,-122,-11,77,
1082726,224491,168212,3712361,166237,165185,-511,-1279,-271,755,633,-98,-29,36,-81,551,-897,744,148,634,891,-134,-13,67,
1082726,224491,168212,3712361,166237,165185,-505,-1291,-297,755,633,-98,-26,34,-62,485,-919,858,149,629,897,-130,-31,49,
1027244,224491,168212,3712361,166237,165185,-487,-1283,-335,750,639,-99,-44,19,-24,491,-921,825,149,629,897,-111,-40,32,
1027244,213447,168212,3712361,166237,165185,-511,-1245,-299,750,634,-92,-74,10,1,527,-918,731,147,635,882,-106,-62,1,
1027244,213447,168267,3712361,166237,165185,-533,-1216,-312,753,634,-92,-57,19,7,572,-896,661,147,635,882,-96,-60,-44,
1027244,213447,168267,3615534,166237,165185,-509,-1201,-287,754,630,-94,-27,27,8,529,-907,752,145,635,884,-84,-53,-98,
1027244,213447,168267,3615534,166300,165185,-509,-1213,-257,754,630,-94,-22,19,5,487,-922,819,145,635,884,-54,-57,-169,
1027244,213447,168267,3615534,166300,165398,-496,-1205,-336,754,638,-92,-32,10,7,549,-902,684,138,639,887,-6,-72,-202,
1027244,213447,168267,3615534,166300,165398,-494,-1194,-285,754,638,-92,-40,9,3,531,-910,736,135,638,878,17,-82,-226,
1027244,213447,168267,3615534,166300,165398,-536,-1164,-308,751,635,-86,-29,16,-7,519,-911,793,135,638,878,29,-84,-240,
1168911,213447,168267,3615534,166300,165398,-509,-1169,-226,754,630,-87,-13,20,-17,527,-892,832,128,633,894,30,-79,-246,
1168911,168570,168267,3615534,166300,165398,-544,-1185,-98,754,630,-87,-5,26,-28,526,-886,833,128,633,894,35,-68,-241,
1168911,168570,168395,3615534,166300,165398,-501,-1194,-285,754,630,-95,-5,30,-42,569,-859,747,120,629,888,35,-48,-219,
1168911,168570,168395,3673541,166300,165398,-531,-1204,-330,754,630,-95,-14,32,-46,588,-840,724,120,629,888,47,-22,-198,
1168911,168570,168395,3673541,166354,165398,-505,-1193,-244,752,643,-92,-34,19,-50,589,-855,730,119,638,875,58,-11,-158,
1168911,168570,168395,3673541,166354,165360,-551,-1181,-329,754,631,-82,-43,4,-65,610,-830,717,119,638,891,80,2,-104,
1168911,168570,168395,3673541,166354,165360,-478,-1201,-265,754,631,-82,-26,14,-69,596,-826,708,118,635,891,97,27,-61,
1168911,168570,168395,3673541,166354,165360,-516,-1193,-279,749,633,-91,-25,12,-62,570,-855,794,120,628,898,100,20,-17,
1323203,168570,168395,3673541,166354,165360,-505,-1221,-300,749,633,-91,-22,10,-66,596,-846,990,120,628,898,97,31,27,
1323203,167442,168395,3673541,166354,165360,-524,-1225,-273,751,638,-95,-35,2,-66,590,-837,724,122,627,890,73,41,61,
1323203,167442,168268,3673541,166354,165360,-513,-1210,-243,751,638,-95,-46,3,-63,618,-847,678,122,627,890,61,38,77,
1323203,167442,168268,3728741,166354,165360,-529,-1216,-298,751,641,-93,-51,5,-66,562,-878,796,122,631,892,49,45,78,
1323203,167442,168268,3728741,166167,165360,-470,-1236,-279,753,635,-91,-52,0,-67,522,-890,843,122,631,892,36,24,78,
1323203,167442,168268,3728741,166167,165429,-508,-1220,-311,753,635,-91,-49,4,-62,524,-901,830,125,634,882,11,3,55,
1323203,167442,168268,3728741,166167,165429,-495,-1231,-264,751,635,-100,-58,4,-49,559,-885,763,126,626,880,-6,-3,38,
1323203,167442,168268,3728741,166167,165429,-502,-1224,-329,751,635,-100,-66,3,-44,579,-872,710,126,626,880,-29,5,3,
1281534,167442,168268,3728741,166167,165429,-520,-1221,-334,751,642,-97,-55,8,-35,549,-894,786,125,627,886,-31,-7,-36,
1281534,167648,168268,3728741,166167,165429,-514,-1213,-251,751,636,-95,-43,5,-36,576,-881,727,125,627,886,-4,-42,-55,
1281534,167648,168210,3728741,166167,165429,-527,-1212,-297,751,636,-95,-32,21,-28,546,-894,785,122,630,888,-12,-25,-79,
1281534,167648,168210,3725357,166167,165429,-494,-1249,-349,753,635,-95,-31,28,-23,571,-879,767,122,630,888,-18,-31,-87,
1281534,167648,168210,3725357,166273,165429,-521,-1245,-282,753,635,-95,-51,19,-18,617,-855,676,117,634,893,-19,-22,-99,
1281534,167648,168210,3725357,166273,165370,-466,-1228,-259,752,639,-98,-72,9,-14,609,-854,667,118,638,886,-8,-8,-97,
1281534,167648,168210,3725357,166273,165370,-508,-1210,-283,752,639,-98,-78,2,-7,600,-854,729,118,638,886,-1,-11,-91,
1281534,167648,168210,3725357,166273,165370,-538,-1212,-304,751,638,-88,-71,-4,-7,616,-833,656,115,628,895,-13,-3,-82,
1398274,167648,168210,3725357,166273,165370,-503,-1212,-279,752,636,-87,-60,1,-8,585,-876,857,115,628,895,-14,-1,-69,
1398274,167597,168210,3725357,166273,165370,-494,-1204,-307,752,636,-87,-66,4,-6,576,-847,754,115,631,896,-19,14,-42,
1398274,167597,168427,3725357,166273,165370,-527,-1183,-268,752,631,-95,-75,10,-7,555,-868,817,115,631,896,-21,23,-24,
1398274,167597,168427,3710267,166273,165370,-523,-1179,-301,752,631,-95,-63,13,-16,568,-863,784,113,638,894,-23,28,-4,
1398274,167597,168427,3710267,166110,165370,-516,-1175,-276,751,636,-95,-53,20,-32,562,-851,796,113,638,894,-23,23,13,
1398274,167597,168427,3710267,166110,165373,-522,-1181,-258,752,633,-94,-45,18,-42,587,-858,705,115,634,870,-10,23,38,
1398274,167597,168427,3710267,166110,165373,-487,-1209,-311,752,633,-94,-50,10,-48,614,-847,702,121,633,900,-1,17,47,
1398274,167597,168427,3710267,166110,165373,-504,-1208,-235,752,631,-93,-54,8,-42,576,-873,736,121,633,900,3,19,47,
1396352,167597,168427,3710267,166110,165373,-519,-1224,-335,752,631,-93,-51,0,-45,590,-869,718,121,632,892,25,13,41,
1396352,167565,168427,3710267,166110,165373,-512,-1219,-318,749,634,-104,-53,4,-43,567,-886,730,121,632,892,30,16,36,
1396352,167565,168093,3710267,166110,165373,-514,-1227,-261,749,634,-104,-40,7,-34,544,-885,779,121,636,874,42,12,21,
1396352,167565,168093,3731972,166110,165373,-525,-1229,-291,751,634,-92,-33,9,-28,551,-882,792,121,636,874,42,8,-3,
1396352,167565,168093,3731972,165916,165373,-501,-1229,-297,750,631,-93,-56,-5,-16,598,-859,718,117,638,890,37,12,-30,
1396352,167565,168093,3731972,165916,164227,-512,-1207,-287,750,631,-93,-65,-4,-18,584,-861,719,117,628,883,35,16,-31,
1396352,167565,168093,3731972,165916,164227,-484,-1211,-268,751,637,-97,-64,-4,-16,559,-857,797,117,628,883,34,15,-31,
1396352,167565,168093,3731972,165916,164227,-538,-1194,-309,751,634,-100,-50,5,-25,592,-851,729,120,631,897,29,15,-24,
1395986,167565,168093,3731972,165916,164227,-500,-1194,-481,751,634,-100,-40,6,-26,555,-857,780,120,631,897,26,23,-19,
1395986,167652,168093,3731972,165916,164227,-482,-1220,-247,754,631,-100,-42,11,-27,594,-854,720,118,636,889,23,24,-4,
1395986,167652,168156,3731972,165916,164227,-513,-1198,-290,754,631,-100,-44,18,-28,556,-864,790,119,628,885,26,14,4,
1395986,167652,168156,3756295,165916,164227,-537,-1203,-315,751,638,-92,-48,5,-34,571,-877,760,119,628,885,28,9,13,
1395986,167652,168156,3756295,165873,164227,-527,-1189,-277,750,633,-95,-43,7,-37,538,-878,564,122,627,888,34,5,5,
1395986,167652,168156,3756295,165873,165150,-488,-1212,-323,750,633,-95,-36,10,-39,532,-881,829,122,627,888,35,-2,1,
1395986,167652,168156,3756295,165873,165150,-485,-1215,-364,754,633,-103,-40,8,-48,601,-842,697,120,627,890,31,7,0,
1395986,167652,168156,3756295,165873,165150,-516,-1229,-304,754,633,-103,-56,-1,-40,527,-881,848,120,627,890,23,10,-5,
1406931,167652,168156,3756295,165873,165150,-486,-1223,-229,752,633,-93,-58,0,-33,598,-842,728,120,634,891,14,11,11,
1406931,167690,168156,3756295,165873,165150,-529,-1218,-288,752,633,-93,-60,-1,-25,573,-852,765,120,634,879,4,13,42,
1406931,167690,168386,3756295,165873,165150,-509,-1211,-252,752,634,-96,-61,2,-24,582,-842,751,122,634,879,-15,25,64,
1406931,167690,168386,3781257,165873,165150,-477,-1225,-287,752,633,-93,-71,-4,-13,601,-861,716,121,627,890,-21,41,67,
1406931,167690,168386,3781257,166313,165150,-534,-1216,-310,752,633,-93,-75,1,-11,548,-891,742,121,627,890,-26,46,67,
1406931,167690,168386,3781257,166313,165167,-532,-1185,-260,751,633,-102,-77,1,-11,529,-876,793,124,626,899,-35,37,68,
1406931,167690,168386,3781257,166313,165167,-505,-1210,-306,751,633,-102,-64,7,-16,553,-886,786,124,626,899,-41,39,55,
1406931,167690,168386,3781257,166313,165167,-499,-1218,-302,753,635,-107,-62,9,-19,567,-868,778,125,635,894,-41,29,47,
1395937,167690,168386,3781257,166313,165167,-503,-1211,-278,751,633,-96,-64,5,-28,567,-884,746,125,635,894,-21,13,31,
1395937,167747,168386,3781257,166313,165167,-525,-1192,-252,751,633,-96,-56,3,-29,535,-894,763,127,634,878,-7,2,18,
1395937,167747,168350,3781257,166313,165167,-521,-1201,-345,752,628,-104,-46,4,-33,541,-888,776,128,628,872,4,-3,-10,
1395937,167747,168350,3774658,166313,165167,-507,-1194,-269,752,628,-104,-33,7,-37,553,-887,759,128,628,872,12,-10,-32,
1395937,167747,168350,3774658,166342,165167,-511,-1216,-320,751,631,-106,-35,9,-37,496,-882,784,125,629,884,25,-28,-41,
1395937,167747,168350,3774658,166342,165321,-510,-1209,-275,751,631,-106,-32,13,-39,559,-872,759,125,629,884,31,-20,-57,
1395937,167747,168350,3774658,166342,165321,-533,-1219,-349,753,637,-96,-31,12,-31,566,-869,767,126,634,893,25,-17,-70,
1395937,167747,168350,3774658,166342,165321,-497,-1210,-222,754,632,-88,-34,14,-36,615,-853,666,126,634,893,28,-7,-72,
1411660,167747,168350,3774658,166342,165321,-510,-1212,-335,754,632,-88,-43,-2,-31,568,-857,753,122,631,884,29,0,-63,
1411660,167758,168350,3774658,166342,165321,-491,-1197,-265,756,635,-91,-42,-1,-30,529,-877,837,125,629,884,39,-15,-48,
1411660,167758,168363,3774658,166342,165321,-539,-1187,-290,756,635,-91,-44,-1,-39,598,-840,726,125,629,884,42,-7,-33,
1411660,167758,168363,3777098,166342,165321,-492,-1183,-268,754,633,-90,-39,-2,-48,624,-829,671,124,629,882,40,8,-16,
1411660,167758,168363,3777098,166272,165321,-526,-1186,-333,754,630,-98,-37,3,-54,607,-848,712,124,629,882,28,15,8,
1411660,167758,168363,3777098,166272,165321,-484,-1209,-247,754,630,-98,-28,9,-58,589,-856,727,121,628,893,34,7,44,
1411660,167758,168363,3777098,166272,165321,-496,-1238,-311,753,635,-97,-32,11,-59,553,-877,801,121,628,893,45,19,56,
1411660,167758,168363,3777098,166272,165321,-526,-1219,-295,753,635,-97,-38,1,-59,549,-865,770,124,636,885,42,26,52,
1400314,167758,168363,3777098,166272,165321,-491,-1230,-307,749,636,-94,-44,1,-51,586,-864,729,124,636,901,30,25,50,
1400314,167611,168363,3777098,166272,165321,-526,-1215,-309,749,636,-97,-39,11,-38,552,-878,798,124,628,901,23,38,54,
1400314,167611,168253,3777098,166272,165321,-517,-1196,-214,750,635,-97,-39,16,-35,582,-866,723,130,625,910,42,41,52,
1400314,167611,168253,3791073,166272,165321,-523,-1216,-311,751,635,-90,-32,8,-32,551,-861,759,130,625,910,58,27,60,
1400314,167611,168253,3791073,166181,165321,-494,-1226,-281,751,635,-90,-32,9,-35,596,-858,707,130,623,896,55,31,56,
1400314,167611,168253,3791073,166181,165232,-543,-1205,-339,750,631,-87,-38,4,-37,589,-855,734,130,623,896,58,24,62,
1400314,167611,168253,3791073,166181,165232,-489,-1210,-250,750,631,-87,-45,2,-36,554,-866,779,130,620,889,65,27,77,
1400314,167611,168253,3791073,166181,165232,-512,-1209,-285,752,640,-109,-50,14,-35,561,-851,735,130,620,889,61,27,75,
1415845,167611,168253,3791073,166181,165232,-530,-1236,-336,750,632,-102,-62,6,-30,540,-879,808,135,626,897,54,21,64,
1415845,167456,168253,3791073,166181,165232,-512,-1201,-247,750,632,-102,-56,3,-28,541,-867,783,138,618,902,36,27,58,
1415845,167456,168271,3791073,166181,165232,-494,-1220,-295,753,633,-88,-55,4,-18,557,-865,786,138,618,902,9,33,52,
1415845,167456,168271,3815351,166181,165232,-532,-1207,-338,753,633,-88,-59,-3,-17,544,-864,792,138,618,882,-18,30,46,
1415845,167456,168271,3815351,166352,165232,-502,-1208,-222,751,636,-87,-67,-2,-21,520,-884,870,138,618,882,-40,29,52,
1415845,167456,168271,3815351,166352,165337,-530,-1199,-313,751,632,-105,-74,7,-21,582,-863,743,138,627,892,-48,18,70,
1415845,167456,168271,3815351,166352,165337,-509,-1194,-241,752,632,-105,-73,8,-20,561,-874,764,138,627,892,-71,-1,74,
1415845,167456,168271,3815351,166352,165337,-545,-1205,-305,753,633,-100,-62,11,-21,538,-874,772,140,628,901,-76,-2,68,
1414514,167456,168271,3815351,166352,165337,-497,-1225,-322,753,633,-100,-65,5,-22,551,-877,768,141,631,894,-91,3,64,
1414514,167527,168271,3815351,166352,165337,-519,-1203,-257,755,636,-101,-68,7,-24,542,-877,751,141,631,894,-95,11,36,
1414514,167527,168252,3815351,166352,165337,-554,-1208,-318,755,636,-101,-70,2,-25,477,-918,870,142,625,875,-92,-6,21,
1414514,167527,168252,3800620,166352,165337,-519,-1208,-296,752,638,-94,-70,-5,-30,543,-894,708,142,625,875,-75,-11,4,
1414514,167527,168252,3800620,166333,165337,-504,-1202,-295,752,629,-98,-72,-10,-30,523,-893,817,143,627,887,-76,-12,-7,
1414514,167527,168252,3800620,166333,165415,-473,-1198,-271,752,629,-98,-76,0,-33,507,-895,837,143,627,887,-63,-2,-7,
1414514,167527,168252,3800620,166333,165415,-497,-1203,-194,754,634,-97,-62,-3,-42,548,-887,773,139,637,890,-60,-9,2,
1414514,167527,168252,3800620,166333,165415,-509,-1205,-339,754,634,-97,-54,-2,-47,550,-879,740,139,637,890,-62,1,-2,
1406205,167527,168252,3800620,166333,165415,-501,-1216,-288,752,639,-96,-51,5,-47,580,-861,712,142,637,888,-58,1,-2,
1406205,167627,168252,3800620,166333,165415,-540,-1203,-250,752,635,-97,-60,-3,-54,550,-880,776,141,633,884,-64,4,3,
1406205,167627,168124,3800620,166333,165415,-509,-1228,-257,752,635,-97,-62,-8,-55,536,-886,771,141,633,884,-62,2,23,
1406205,167627,168124,3770255,166333,165415,-513,-1231,-349,756,632,-98,-64,-9,-50,583,-872,736,140,633,892,-35,0,36,
1406205,167627,168124,3770255,166296,165415,-511,-1239,-302,756,632,-98,-67,-15,-43,537,-894,778,140,633,892,-24,-9,57,
1406205,167627,168124,3770255,166296,165453,-475,-1228,-206,755,632,-92,-70,-10,-33,554,-874,743,142,635,877,-11,1,58,
1406205,167627,168124,3770255,166296,165453,-521,-1217,-320,755,632,-92,-69,-2,-28,530,-889,773,142,635,877,-18,3,64,
1406205,167627,168124,3770255,166296,165453,-535,-1210,-328,754,637,-108,-57,4,-30,563,-874,752,143,641,870,-28,15,76,
1391063,167627,168124,3770255,166296,165453,-501,-1201,-281,755,632,-99,-51,7,-29,533,-881,764,146,639,881,-23,5,85,
1391063,167676,168124,3770255,166296,165453,-531,-1201,-290,755,632,-99,-50,8,-31,544,-892,755,146,639,881,-7,6,92,
1391063,167676,168398,3770255,166296,165453,-522,-1219,-298,755,630,-101,-53,8,-31,541,-888,748,148,634,891,0,-1,100,
1391063,167676,168398,3780799,166296,165453,-493,-1233,-280,755,630,-101,-49,6,-29,501,-913,812,148,634,891,0,9,79,
1391063,167676,168398,3780799,166273,165453,-525,-1211,-358,753,639,-98,-48,7,-24,558,-900,744,147,635,877,-2,8,60,
1391063,167676,168398,3780799,166273,165220,-540,-1210,-285,752,633,-95,-47,7,-22,522,-914,781,147,635,877,-2,16,24,
1391063,167676,168398,3780799,166273,165220,-504,-1199,-258,752,633,-95,-44,9,-21,541,-901,736,149,649,875,-15,8,5,
1391063,167676,168398,3780799,166273,165220,-519,-1204,-318,752,632,-105,-44,11,-24,556,-875,701,149,649,877,-14,5,-1,
1413572,167676,168398,3780799,166273,165220,-508,-1196,-342,752,632,-105,-49,8,-31,539,-898,767,148,635,877,-4,-1,12,
1413572,167675,168398,3780799,166273,165220,-522,-1175,-270,753,635,-104,-47,7,-41,484,-908,822,152,635,883,0,-1,10,
1413572,167675,168439,3780799,166273,165220,-512,-1205,-298,753,635,-104,-38,2,-47,555,-877,705,152,635,883,-11,11,8,
1413572,167675,168439,3779837,166273,165220,-514,-1217,-311,756,637,-102,-27,8,-41,558,-875,707,147,635,889,-15,22,16,
1413572,167675,168439,3779837,166171,165220,-480,-1213,-269,753,631,-98,-26,11,-46,489,-897,860,147,635,889,-11,21,46,
1413572,167675,168439,3779837,166171,165223,-545,-1208,-296,753,631,-98,-40,12,-44,540,-872,761,153,636,885,-6,25,71,
1413572,167675,168439,3779837,166171,165223,-516,-1194,-275,751,635,-91,-17,18,-38,557,-874,748,153,636,885,-4,45,99,
1413572,167675,168439,3779837,166171,165223,-498,-1220,-300,751,635,-91,-14,17,-38,584,-862,719,152,643,888,-4,58,138,
1390764,167675,168439,3779837,166171,165223,-507,-1192,-312,751,638,-95,-22,13,-42,550,-888,759,158,635,868,-6,53,178,
1390764,167672,168439,3779837,166171,165223,-518,-1174,-298,752,634,-102,-26,12,-50,526,-881,778,158,635,868,8,57,232,
1390764,167672,168412,3779837,166171,165223,-546,-1162,-319,752,634,-102,-9,21,-60,563,-859,793,166,633,881,-1,58,295,
1390764,167672,168412,3782654,166171,165223,-522,-1188,-208,751,634,-97,12,27,-70,555,-846,775,166,633,881,-42,67,348,
1390764,167672,168412,3782654,166254,165223,-516,-1216,-298,751,634,-97,23,35,-76,579,-846,728,171,643,877,-111,88,419,
1390764,167672,168412,3782654,166254,165121,-481,-1243,-257,749,637,-111,9,28,-84,545,-874,786,171,643,877,-154,153,504,
1390764,167672,168412,3782654,166254,165121,-492,-1235,-222,749,637,-111,-21,13,-84,551,-885,731,188,646,876,-188,179,590,
1390764,167672,168412,3782654,166254,165121,-502,-1258,-306,748,637,-100,-41,4,-77,473,-935,798,206,642,859,-213,189,654,
1423656,167672,168412,3782654,166254,165121,-503,-1243,-179,751,635,-99,-82,8,-55,416,-970,836,206,642,859,-205,163,686,
1423656,167629,168412,3782654,166254,165121,-499,-1263,-349,751,635,-99,-75,9,-36,455,-956,696,223,642,882,-187,122,676,
1423656,167629,168436,3782654,166254,165121,-478,-1241,-259,748,634,-98,-74,9,-19,419,-1001,778,223,642,882,-181,59,548,
1423656,167629,168436,3751579,166254,165121,-508,-1232,-329,748,634,-98,-78,4,-3,383,-1018,732,237,643,861,-181,42,448,
1423656,167629,168436,3751579,166261,165121,-489,-1221,-259,751,637,-106,-85,6,4,377,-1014,743,237,643,861,-184,18,340,
1423656,167629,168436,3751579,166261,165457,-537,-1197,-312,753,634,-93,-84,8,1,388,-1030,744,236,652,857,-191,20,213,
1423656,167629,168436,3751579,166261,165457,-495,-1198,-267,753,634,-93,-80,14,-12,359,-1029,774,236,652,857,-201,13,98,
1423656,167629,168436,3751579,166261,165457,-508,-1203,-331,750,637,-96,-78,9,-12,428,-998,670,243,653,841,-194,0,-7,
1430611,167629,168436,3751579,166261,165457,-485,-1223,-275,750,637,-96,-89,10,-17,365,-1024,816,239,655,865,-195,-2,-90,
1430611,167743,168436,3751579,166261,165457,-532,-1215,-305,750,637,-102,-96,4,-20,409,-994,720,239,655,865,-183,-19,-159,
1430611,167743,168108,3751579,166261,165457,-504,-1223,-277,750,637,-106,-91,9,-12,426,-986,708,232,659,852,-157,-23,-188,
1430611,167743,168108,3838283,166261,165457,-486,-1228,-271,752,638,-106,-98,10,-5,424,-986,741,232,659,852,-123,-35,-207,
1430611,167743,168108,3838283,166301,165457,-524,-1218,-298,751,633,-102,-91,8,1,485,-964,634,232,664,862,-93,-50,-210,
1430611,167743,168108,3838283,166301,165293,-513,-1203,-321,751,633,-102,-93,4,3,439,-969,728,232,664,862,-69,-51,-194,
1430611,167743,168108,3838283,166301,165293,-542,-1181,-355,750,637,-99,-95,2,-4,476,-956,665,222,670,853,-34,-45,-162,
1430611,167743,168108,3838283,166301,165293,-444,-1188,-299,750,637,-99,-77,4,-6,462,-970,723,221,661,867,-6,-42,-130,
1489958,167743,168108,3838283,166301,165293,-506,-1162,-266,750,637,-98,-56,1,-20,484,-953,708,221,661,867,32,-23,-89,
1489958,167582,168108,3838283,166301,165293,-548,-1157,-261,751,632,-99,-41,-4,-39,445,-963,751,221,663,865,49,5,-50,
1489958,167582,168305,3838283,166301,165293,-500,-1182,-322,751,632,-99,-41,-3,-55,453,-965,740,221,663,865,66,17,-6,
1489958,167582,168305,3868491,166301,165293,-489,-1207,-307,753,634,-98,-34,-6,-70,470,-950,704,219,658,852,90,45,29,
1489958,167582,168305,3868491,166177,165293,-513,-1216,-333,753,634,-98,-25,5,-75,482,-954,654,219,658,852,115,54,53,
1489958,167582,168305,3868491,166177,165428,-497,-1213,-298,751,639,-97,-9,13,-69,422,-977,775,226,666,869,127,53,70,
1489958,167582,168305,3868491,166177,165428,-484,-1244,-277,751,641,-103,-13,12,-59,481,-947,662,226,666,859,141,60,102,
1489958,167582,168305,3868491,166177,165428,-512,-1223,-292,749,641,-103,-16,7,-60,458,-954,736,232,658,859,141,70,113,
1376411,167582,168305,3868491,166177,165428,-529,-1213,-306,753,631,-100,-13,13,-59,448,-960,701,238,651,862,136,68,124,
1376411,167629,168305,3868491,166177,165428,-485,-1209,-342,753,631,-100,-10,15,-65,466,-966,721,238,651,862,141,61,135,
1376411,167629,168290,3868491,166177,165428,-486,-1204,-259,749,639,-99,-11,6,-74,482,-928,673,240,647,862,126,78,142,
1376411,167629,168290,3890263,166177,165428,-516,-1215,-359,749,639,-99,-6,7,-73,490,-939,640,240,647,862,104,97,156,
1376411,167629,168290,3890263,166300,165428,-483,-1233,-252,749,644,-93,-12,6,-84,448,-960,691,243,647,869,92,111,152,
1376411,167629,168290,3890263,166300,165341,-522,-1225,-265,746,638,-92,-12,8,-69,461,-962,684,243,647,869,79,99,122,
1376411,167629,168290,3890263,166300,165341,-472,-1245,-273,746,638,-92,-29,2,-70,394,-995,782,245,654,870,68,59,82,
1376411,167629,168290,3890263,166300,165341,-465,-1251,-297,749,637,-94,-37,3,-52,392,-999,782,247,641,871,70,10,24,
1337731,167629,168290,3890263,166300,165341,-507,-1229,-212,749,637,-94,-53,5,-51,429,-983,740,247,641,871,50,5,-51,
1337731,167460,168290,3890263,166300,165341,-496,-1242,-283,746,647,-104,-56,8,-36,374,-1006,722,248,638,868,8,-27,-117,
1337731,167460,168120,3890263,166300,165341,-490,-1239,-316,748,642,-107,-70,7,-20,398,-989,789,248,638,868,-15,-42,-185,
1337731,167460,168120,3891312,166300,165341,-486,-1236,-337,748,642,-107,-85,-1,-11,420,-985,763,242,643,864,-28,-42,-237,
1337731,167460,168120,3891312,166048,165341,-479,-1240,-206,748,636,-96,-92,-4,-18,363,-1006,863,242,643,864,-47,-42,-265,
1337731,167460,168120,3891312,166048,165056,-504,-1206,-301,748,636,-96,-98,-6,-13,429,-949,766,231,652,859,-43,-62,-281,
1337731,167460,168120,3891312,166048,165056,-528,-1200,-296,748,641,-91,-105,-4,-12,487,-940,659,226,651,864,-44,-69,-295,
1337731,167460,168120,3891312,166048,165056,-487,-1203,-287,748,641,-91,-108,0,-14,445,-957,744,226,651,864,-43,-67,-294,
1356066,167460,168120,3891312,166048,165056,-489,-1197,-244,752,644,-97,-116,4,-13,392,-995,847,216,651,855,-55,-75,-305,
1356066,167644,168120,3891312,166048,165056,-503,-1212,-246,751,639,-98,-104,5,-17,436,-980,786,216,651,855,-52,-85,-321,
1356066,167644,167984,3891312,166048,165056,-492,-1227,-209,751,639,-98,-102,4,-28,463,-958,718,211,649,864,-48,-107,-372,
1356066,167644,167984,3886263,166048,165056,-511,-1234,-381,748,636,-99,-87,-2,-24,492,-944,691,211,649,864,-74,-138,-402,
1356066,167644,167984,3886263,166206,165056,-478,-1212,-307,748,636,-99,-94,-7,-12,507,-950,686,196,667,865,-100,-136,-429,
1356066,167644,167984,3886263,166206,165248,-551,-1160,-223,750,639,-100,-84,-5,-15,465,-962,779,196,667,865,-125,-140,-421,
1356066,167644,167984,3886263,166206,165248,-547,-1164,-419,750,635,-101,-67,1,-29,490,-952,763,189,664,853,-136,-133,-419,
1356066,167644,167984,3886263,166206,165248,-544,-1176,-357,750,635,-101,-28,10,-37,506,-927,694,179,662,841,-130,-107,-410,
1416965,167644,167984,3886263,166206,165248,-499,-1210,-221,751,636,-100,-13,18,-45,521,-929,736,179,662,841,-115,-86,-375,
1416965,167748,167984,3886263,166206,165248,-531,-1231,-348,751,636,-100,-34,3,-55,507,-922,760,167,666,846,-102,-61,-341,
1416965,167748,168400,3886263,166206,165248,-477,-1220,-301,749,640,-99,-49,0,-51,535,-906,706,167,666,846,-79,-46,-297,
1416965,167748,168400,3883387,166206,165248,-475,-1194,-197,749,640,-99,-61,0,-51,551,-898,689,166,672,847,-40,-23,-238,
1416965,167748,168400,3883387,166263,165248,-525,-1207,-308,749,638,-97,-51,-5,-55,558,-901,690,166,672,847,-5,-4,-173,
1416965,167748,168400,3883387,166263,164979,-492,-1224,-311,746,636,-94,-37,-6,-52,545,-892,720,161,675,852,45,3,-113,
1416965,167748,168400,3883387,166263,164979,-468,-1213,-221,746,636,-94,-30,2,-41,543,-901,685,164,667,858,97,10,-46,
1416965,167748,168400,3883387,166263,164979,-489,-1224,-354,748,635,-101,-23,5,-38,559,-914,707,164,667,858,124,22,19,
1321194,167748,168400,3883387,166263,164979,-489,-1202,-188,748,635,-101,-21,4,-36,547,-920,711,167,664,868,150,35,59,
1321194,167820,168400,3883387,166263,164979,-487,-1200,-249,750,641,-97,-21,6,-31,503,-932,744,167,664,868,170,49,71,
1321194,167820,168394,3883387,166263,164979,-496,-1195,-264,745,640,-105,-21,9,-35,545,-924,705,163,663,857,156,53,67,
1321194,167820,168394,3898228,166263,164979,-490,-1204,-290,745,640,-105,-24,5,-38,514,-932,736,163,663,857,142,58,51,
1321194,167820,168394,3898228,165309,164979,-466,-1243,-306,747,639,-101,-25,7,-44,515,-923,713,166,669,858,112,65,30,
1321194,167820,168394,3898228,165309,164040,-523,-1214,-282,747,639,-101,-40,3,-47,442,-962,872,166,660,863,82,49,13,
1321194,167820,168394,3898228,165309,164040,-460,-1241,-332,751,639,-101,-47,0,-42,512,-928,717,166,660,863,60,35,-38,
1321194,167820,168394,3898228,165309,164040,-514,-1248,-412,751,639,-95,-45,6,-24,508,-931,735,168,658,871,33,3,-54,
1281125,167820,168394,3898228,165309,164040,-446,-1226,-203,748,637,-95,-53,3,-21,504,-929,707,168,658,871,16,-5,-76,
1281125,167784,168394,3898228,165309,164040,-553,-1221,-391,750,637,-101,-58,8,-25,480,-934,798,167,654,862,-11,-13,-84,
1281125,167784,168437,3898228,165309,164040,-593,-1188,-423,750,637,-101,-64,1,-23,506,-927,755,167,654,862,-23,-16,-101,
1281125,167784,168437,3901834,165309,164040,-527,-1194,-283,747,639,-103,-63,3,-26,510,-925,762,163,663,870,-26,-19,-107,
1281125,167784,168437,3901834,166336,164040,-510,-1218,-331,747,639,-103,-56,5,-35,531,-909,726,163,663,870,-25,-23,-110,
1281125,167784,168437,3901834,166336,164939,-491,-1210,-277,746,639,-100,-51,7,-38,533,-906,716,165,664,881,-18,-32,-114,
1281125,167784,168437,3901834,166336,164939,-503,-1216,-288,750,640,-103,-54,4,-37,509,-935,753,159,661,868,-8,-36,-121,
1281125,167784,168437,3901834,166336,164939,-515,-1233,-342,750,640,-103,-46,9,-33,525,-939,730,159,661,868,1,-21,-129,
1302187,167784,168437,3901834,166336,164939,-498,-1196,-207,749,636,-99,-41,5,-27,475,-944,747,156,662,856,16,-33,-134,
1302187,167583,168437,3901834,166336,164939,-506,-1215,-320,749,636,-99,-44,8,-22,540,-916,726,156,662,856,12,-18,-134,
1302187,167583,168381,3901834,166336,164939,-523,-1211,-367,746,637,-94,-42,1,-30,538,-925,743,154,660,864,6,-16,-136,
1302187,167583,168381,3900372,166336,164939,-500,-1195,-297,746,642,-101,-53,1,-33,608,-888,615,154,660,864,26,-9,-123,
1302187,167583,168381,3900372,166308,164939,-494,-1198,-261,749,642,-101,-47,4,-37,558,-878,654,151,667,860,42,-2,-101,
1302187,167583,168381,3900372,166308,165256,-501,-1213,-355,749,638,-93,-40,1,-42,533,-907,743,150,661,872,44,-12,-86,
1302187,167583,168381,3900372,166308,165256,-495,-1206,-226,749,638,-93,-41,-1,-46,512,-915,809,150,661,872,39,-9,-65,
1302187,167583,168381,3900372,166308,165256,-524,-1206,-373,748,635,-98,-42,0,-49,574,-878,694,151,662,870,32,0,-52,
1228385,167583,168381,3900372,166308,165256,-506,-1208,-305,748,635,-98,-39,5,-48,547,-898,729,151,662,870,37,6,-16,
1228385,167663,168381,3900372,166308,165256,-491,-1212,-306,747,642,-108,-39,5,-50,553,-919,740,150,656,876,50,-1,2,
1228385,167663,168440,3900372,166308,165256,-474,-1218,-262,746,640,-105,-44,3,-46,536,-914,721,150,656,876,41,-6,15,
1228385,167663,168440,3900305,166308,165256,-496,-1207,-245,746,640,-105,-42,0,-42,534,-914,728,149,669,871,9,1,5,
1228385,167663,168440,3900305,166354,165256,-493,-1203,-284,745,633,-95,-45,1,-40,552,-900,724,149,669,871,-2,-2,9,
1228385,167663,168440,3900305,166354,165467,-502,-1200,-228,745,633,-95,-40,-1,-43,536,-914,744,149,661,873,-2,-10,-4,
1228385,167663,168440,3900305,166354,165467,-511,-1230,-338,749,645,-100,-38,9,-40,506,-921,784,150,653,882,-10,-20,-19,
1228385,167663,168440,3900305,166354,165467,-489,-1218,-299,748,639,-102,-46,4,-33,544,-905,726,150,653,882,-22,-13,-27,
1236298,167663,168440,3900305,166354,165467,-513,-1203,-197,748,639,-102,-54,4,-26,559,-902,718,150,660,858,-48,-11,-33,
1236298,167739,168440,3900305,166354,165467,-507,-1233,-97,746,638,-103,-62,7,-33,549,-904,729,150,660,858,-50,-2,-28,
1236298,167739,168462,3900305,166354,165467,-511,-1215,-325,746,638,-103,-63,7,-33,528,-916,764,144,664,860,-48,-9,-19,
1236298,167739,168462,3902491,166354,165467,-499,-1219,-331,749,645,-108,-60,9,-32,550,-913,709,144,664,860,-31,-27,-9,
1236298,167739,168462,3902491,166348,165467,-457,-1221,-288,749,645,-108,-51,12,-27,568,-902,665,146,669,863,-10,-28,-2,
1236298,167739,168462,3902491,166348,165440,-522,-1193,-266,752,653,-105,-56,4,-27,492,-942,818,147,659,885,-1,-17,2,
1236298,167739,168462,3902491,166348,165440,-501,-1211,-313,750,642,-101,-42,8,-31,536,-922,724,147,659,885,6,-8,-10,
1236298,167739,168462,3902491,166348,165440,-521,-1205,-301,750,642,-101,-33,9,-40,535,-913,715,146,662,868,-4,-5,-31,
1235373,167739,168462,3902491,166348,165440,-524,-1214,-373,748,640,-93,-31,5,-46,518,-925,750,146,662,868,0,-7,-43,
1235373,167620,168462,3902491,166348,165440,-479,-1209,-169,748,640,-93,-40,-1,-47,551,-921,690,144,661,867,4,9,-56,
1235373,167620,168409,3902491,166348,165440,-540,-1216,-323,745,645,-107,-41,9,-47,554,-912,694,144,661,867,-6,3,-81,
1235373,167620,168409,3897107,166348,165440,-503,-1228,-361,748,639,-106,-47,7,-41,522,-914,769,143,671,851,-13,6,-93,
1235373,167620,168409,3897107,166308,165440,-465,-1219,-232,748,639,-106,-50,11,-34,553,-909,717,143,668,873,-14,-4,-97,
1235373,167620,168409,3897107,166308,165505,-512,-1221,-305,747,635,-103,-58,4,-35,557,-912,737,139,668,873,-10,0,-96,
1235373,167620,168409,3897107,166308,165505,-488,-1221,-275,747,635,-103,-52,3,-32,570,-897,698,142,663,866,-16,7,-98,
1235373,167620,168409,3897107,166308,165505,-483,-1232,-322,745,637,-109,-43,0,-20,554,-902,704,142,663,866,8,14,-89,
1243646,167620,168409,3897107,166308,165505,-526,-1209,-332,745,637,-109,-49,0,-12,543,-915,741,140,663,859,18,7,-92,
1243646,167594,168409,3897107,166308,165505,-515,-1210,-316,748,643,-102,-57,-4,-9,559,-911,726,140,663,859,15,3,-97,
1243646,167594,168494,3897107,166308,165505,-456,-1207,-226,753,637,-100,-55,2,-11,529,-913,777,134,667,857,20,9,-111,
1243646,167594,168494,3901606,166308,165505,-535,-1207,-317,753,637,-100,-55,7,-20,568,-906,715,134,667,857,22,11,-117,
1243646,167594,168494,3901606,166346,165505,-492,-1201,-274,746,636,-104,-53,1,-25,564,-896,692,137,670,860,23,-6,-115,
1243646,167594,168494,3901606,166346,165403,-469,-1204,-273,746,636,-104,-58,-4,-21,606,-878,644,131,660,862,26,-2,-119,
1243646,167594,168494,3901606,166346,165403,-536,-1201,-381,748,645,-93,-51,0,-24,591,-889,666,131,660,862,29,0,-118,
1243646,167594,168494,3901606,166346,165403,-501,-1201,-279,749,636,-97,-50,4,-31,542,-906,730,130,658,866,27,-18,-122,
1258576,167594,168494,3901606,166346,165403,-498,-1194,-263,749,636,-97,-44,6,-30,546,-903,747,130,658,866,29,-19,-125,
1258576,167470,168494,3901606,166346,165403,-283,-1211,-331,750,636,-105,-39,6,-30,567,-893,733,128,663,863,37,-10,-138,
1258576,167470,168234,3901606,166346,165403,-478,-1210,-270,750,636,-105,-44,3,-40,543,-905,766,128,663,863,19,-12,-139,
1258576,167470,168234,3897208,166346,165403,-530,-1199,-355,747,638,-108,-40,2,-45,582,-875,723,125,665,872,5,-13,-128,
1258576,167470,168234,3897208,166258,165403,-500,-1205,-334,747,638,-108,-42,5,-47,566,-885,751,125,668,848,5,-24,-110,
1258576,167470,168234,3897208,166258,165481,-521,-1208,-296,747,635,-96,-30,10,-45,570,-878,715,125,668,848,28,-22,-84,
1258576,167470,168234,3897208,166258,165481,-499,-1200,-325,749,638,-103,-35,5,-58,610,-877,673,122,661,870,35,-21,-63,
1258576,167470,168234,3897208,166258,165481,-488,-1217,-310,749,638,-103,-33,9,-58,606,-874,710,122,661,870,24,-4,-46,
1268305,167470,168234,3897208,166258,165481,-521,-1226,-333,746,637,-99,-39,2,-54,580,-890,769,121,663,871,9,-4,-33,
1268305,167657,168234,3897208,166258,165481,-489,-1232,-289,746,637,-99,-43,-2,-50,583,-883,745,121,663,871,6,-8,-16,
1268305,167657,168281,3897208,166258,165481,-493,-1215,-257,748,643,-99,-45,3,-45,587,-883,691,122,668,871,9,-6,10,
1268305,167657,168281,3899933,166258,165481,-503,-1228,-314,750,637,-96,-50,7,-38,581,-897,729,122,668,871,-252,14,13,
1268305,167657,168281,3899933,166027,165481,-493,-1226,-303,750,637,-96,-46,10,-31,583,-894,712,120,662,881,-13,12,18,
1268305,167657,168281,3899933,166027,165233,-506,-1220,-252,749,638,-99,-39,6,-34,615,-875,648,121,663,865,-12,13,5,
1268305,167657,168281,3899933,166027,165233,-481,-1220,-278,749,638,-99,-38,4,-32,541,-911,790,121,663,865,-24,8,-3,
1268305,167657,168281,3899933,166027,165233,-525,-1226,-361,744,640,-102,-43,5,-32,589,-890,680,122,660,874,-22,1,-18,
1262858,167657,168281,3899933,166027,165233,-501,-1211,-263,744,640,-105,-55,3,-32,606,-888,644,122,660,874,-27,-2,-25,
1262858,167713,168281,3899933,166027,165233,-505,-1235,-324,747,640,-105,-62,-3,-23,541,-912,797,122,665,859,-27,-6,-27,
1262858,167713,168242,3899933,166027,165233,-464,-1218,-313,744,637,-101,-65,-2,-15,596,-880,675,122,665,859,-27,-8,-39,
1262858,167713,168242,3900615,166027,165233,-532,-1196,-302,744,637,-101,-56,3,-25,551,-896,760,120,673,880,-17,-14,-37,
1262858,167713,168242,3900615,166338,165233,-468,-1218,-269,748,638,-108,-47,4,-26,531,-918,812,119,667,855,-12,-8,-43,
1262858,167713,168242,3900615,166338,165370,-494,-1213,-303,748,638,-108,-47,6,-27,570,-899,742,119,667,855,-14,-7,-53,
1262858,167713,168242,3900615,166338,165370,-515,-1211,-350,744,637,-98,-39,10,-34,542,-906,529,118,665,873,-13,-3,-45,
1262858,167713,168242,3900615,166338,165370,-496,-1210,-270,746,637,-103,-48,12,-32,554,-902,784,118,665,873,1,-11,-38,
1259022,167713,168242,3900615,166338,165370,-500,-1209,-348,746,637,-103,-52,8,-31,593,-887,695,120,667,867,2,-17,-35,
1259022,167840,168242,3900615,166338,165370,-468,-1206,-187,747,635,-105,-51,5,-37,575,-887,728,120,667,867,-1,-4,-25,
1259022,167840,168399,3900615,166338,165370,-539,-1225,-417,747,635,-105,-56,-2,-38,562,-892,744,116,667,869,-7,-4,-21,
1259022,167840,168399,3906767,166338,165370,-489,-1220,-277,748,639,-100,-46,5,-34,581,-886,718,116,673,867,-2,0,-20,
1259022,167840,168399,3906767,166246,165370,-517,-1211,-222,745,638,-95,-40,5,-33,585,-886,717,115,673,867,-14,-3,-13,
1259022,167840,168399,3906767,166246,165241,-472,-1244,-366,745,638,-95,-45,8,-28,570,-894,758,117,663,854,-15,-2,-16,
1259022,167840,168399,3906767,166246,165241,-493,-1226,-261,748,636,-104,-51,9,-26,564,-900,691,117,663,854,-10,-4,-11,
1259022,167840,168399,3906767,166246,165241,-515,-1215,-288,748,636,-104,-60,4,-22,593,-898,709,118,667,851,-1,-11,-24,
1282376,167840,168399,3906767,166246,165241,-503,-1197,-260,748,644,-100,-62,-2,-27,544,-905,753,118,667,851,17,-8,-28,
1282376,167816,168399,3906767,166246,165241,-534,-1192,-342,748,644,-100,-62,-4,-28,603,-887,679,115,667,869,32,3,-46,
1282376,167816,168390,3906767,166246,165241,-492,-1172,-252,747,645,-101,-52,-3,-35,566,-891,708,115,667,869,31,4,-50,
1282376,167816,168390,3905174,166246,165241,-507,-1222,-317,748,637,-98,-35,5,-46,579,-881,726,115,674,870,34,4,-42,
1282376,167816,168390,3905174,166317,165241,-508,-1204,-287,748,637,-98,-31,2,-52,585,-898,706,116,665,855,39,-4,-39,
1282376,167816,168390,3905174,166317,165342,-538,-1204,-261,748,640,-103,-45,0,-53,583,-880,730,116,665,855,45,-10,-36,
1282376,167816,168390,3905174,166317,165342,-474,-1229,-317,748,640,-103,-39,8,-53,565,-873,697,116,662,856,32,0,-20,
1282376,167816,168390,3905174,166317,165342,-499,-1217,-281,746,645,-102,-38,4,-50,576,-882,740,116,662,856,20,5,-17,
1273952,167816,168390,3905174,166317,165342,-494,-1214,-277,747,640,-103,-38,5,-48,599,-881,732,112,675,859,10,9,-5,
1273952,167775,168390,3905174,166317,165342,-501,-1227,-300,747,640,-103,-27,15,-33,578,-883,727,112,675,859,0,9,10,
1273952,167775,168408,3905174,166317,165342,-520,-1229,-285,748,638,-98,-37,2,-39,562,-882,757,109,672,870,-6,7,32,
1273952,167775,168408,3910507,166317,165342,-485,-1228,-330,748,638,-98,-58,-3,-39,581,-875,724,116,668,886,-14,2,43,
1273952,167775,168408,3910507,166389,165342,-535,-1184,-265,744,639,-93,-61,0,-29,566,-879,751,116,668,886,-23,13,55,
1273952,167775,168408,3910507,166389,165304,-506,-1203,-286,744,639,-93,-61,1,-25,600,-873,716,116,663,844,-22,18,67,
1273952,167775,168408,3910507,166389,165304,-510,-1231,-353,747,642,-107,-57,4,-33,577,-902,751,116,663,844,-34,15,76,
1273952,167775,168408,3910507,166389,165304,-498,-1214,-313,745,640,-101,-52,9,-34,574,-894,706,117,667,860,-39,21,75,
1252709,167775,168408,3910507,166389,165304,-471,-1226,-357,745,640,-101,-62,3,-30,568,-899,737,117,667,860,-45,3,60,
1252709,167483,168408,3910507,166389,165304,-511,-1199,-182,748,640,-105,-64,10,-23,584,-890,713,118,679,863,-51,-2,43,
1252709,167483,168351,3910507,166389,165304,-527,-1215,-320,748,640,-105,-58,3,-26,564,-909,720,118,679,863,-60,1,33,
1252709,167483,168351,3911970,166389,165304,-502,-1224,-302,745,641,-107,-59,1,-18,573,-897,706,117,671,862,-59,-12,32,
1252709,167483,168351,3911970,166346,165304,-483,-1220,-291,748,640,-100,-70,2,-13,563,-908,716,121,671,868,-42,-4,36,
1252709,167483,168351,3911970,166346,165405,-507,-1188,-254,748,640,-100,-76,4,-23,576,-898,708,121,671,868,-45,-9,35,
1252709,167483,168351,3911970,166346,165405,-542,-1194,-255,750,639,-102,-55,4,-27,555,-914,759,124,669,860,-37,0,31,
1252709,167483,168351,3911970,166346,165405,-517,-1199,-261,750,639,-102,-45,10,-33,577,-906,706,124,669,860,-30,-6,30,
1271123,167483,168351,3911970,166346,165405,-509,-1235,-312,746,638,-96,-37,13,-34,578,-909,705,122,673,873,-21,-2,20,
1271123,167734,168351,3911970,166346,165405,-476,-1232,-342,746,638,-96,-42,11,-31,573,-912,720,122,673,873,-13,2,11,
1271123,167734,168437,3911970,166346,165405,-506,-1205,-320,746,643,-101,-50,2,-32,564,-907,707,119,680,855,6,10,5,
1271123,167734,168437,3912745,166346,165405,-525,-1198,-296,744,642,-98,-46,1,-45,575,-904,721,121,671,850,12,7,-3,
1271123,167734,168437,3912745,166439,165405,-480,-1227,-329,744,642,-98,-39,4,-46,573,-903,720,121,671,850,11,-2,-3,
1271123,167734,168437,3912745,166439,165402,-486,-1213,-239,748,637,-101,-47,1,-42,558,-899,729,120,671,851,25,-2,-1,
1271123,167734,168437,3912745,166439,165402,-513,-1204,-333,748,637,-101,-48,1,-45,568,-892,694,120,671,851,19,7,-8,
1271123,167734,168437,3912745,166439,165402,-515,-1200,-244,749,643,-105,-34,3,-41,575,-905,716,120,670,864,23,10,-10,
1272816,167734,168437,3912745,166439,165402,-527,-1207,-374,750,640,-108,-28,7,-36,565,-902,691,120,670,864,36,4,-11,
1272816,167700,168437,3912745,166439,165402,-448,-1227,-287,750,640,-108,-28,9,-39,577,-908,707,121,675,865,34,-1,-17,
1272816,167700,168460,3912745,166439,165402,-493,-1215,-318,747,642,-97,-36,4,-38,574,-896,720,121,671,871,39,1,-16,
1272816,167700,168460,3915791,166439,165402,-464,-1204,-199,747,642,-97,-42,-2,-37,574,-897,686,117,671,871,35,-3,-9,
1272816,167700,168460,3915791,166385,165402,-506,-1232,-381,749,637,-95,-41,5,-45,570,-903,705,121,671,861,36,1,-11,
1272816,167700,168460,3915791,166385,165420,-498,-1216,-265,749,637,-106,-40,3,-43,572,-912,734,121,671,861,26,7,-11,
1272816,167700,168460,3915791,166385,165420,-486,-1202,-226,748,640,-106,-41,7,-38,593,-877,694,122,667,845,21,-1,-5,
1272816,167700,168460,3915791,166385,165420,-509,-1214,-334,745,639,-100,-44,4,-37,587,-898,727,122,667,845,9,4,6,
1253102,167700,168460,3915791,166385,165420,-519,-1198,-249,745,639,-100,-43,-3,-38,538,-902,749,116,672,874,8,-3,18,
1253102,167745,168460,3915791,166385,165420,-495,-1220,-362,744,640,-99,-51,0,-50,587,-902,708,116,672,874,6,-3,16,
1253102,167745,168479,3915791,166385,165420,-467,-1207,-276,744,640,-99,-48,6,-55,554,-905,719,121,675,854,9,0,16,
1253102,167745,168479,3920195,166385,165420,-508,-1214,-323,743,642,-107,-41,7,-58,580,-907,714,120,667,874,6,5,5,
1253102,167745,168479,3920195,166336,165420,-511,-1196,-225,748,636,-108,-38,8,-55,582,-888,720,120,667,874,6,6,4,
1253102,167745,168479,3920195,166336,165417,-485,-1227,-339,748,636,-108,-37,7,-51,565,-905,722,119,667,872,13,0,12,
1253102,167745,168479,3920195,166336,165417,-493,-1244,-360,744,638,-100,-35,10,-51,552,-907,751,119,667,872,21,-6,18,
1253102,167745,168479,3920195,166336,165417,-492,-1223,-266,744,638,-100,-35,13,-40,585,-894,682,122,673,863,13,-4,14,
1218030,167745,168479,3920195,166336,165417,-469,-1252,-274,742,645,-89,-44,9,-31,567,-890,742,122,673,863,9,15,23,
1218030,167741,168479,3920195,166336,165417,-485,-1237,-288,742,639,-98,-49,10,-31,570,-890,731,122,674,856,-15,11,34,
1218030,167741,168255,3920195,166336,165417,-520,-1219,-332,743,639,-98,-60,9,-23,577,-888,735,122,670,864,-29,18,49,
1218030,167741,168255,3923936,166336,165417,-479,-1203,-236,747,639,-99,-61,1,-27,577,-907,723,122,670,864,-21,24,66,
1218030,167741,168255,3923936,166222,165417,-512,-1218,-291,747,639,-99,-60,2,-28,563,-898,721,124,669,852,-28,22,74,
1218030,167741,168255,3923936,166222,165528,-488,-1221,-224,746,642,-102,-50,7,-31,573,-915,703,124,669,852,-40,16,69,
1218030,167741,168255,3923936,166222,165528,-495,-1251,-351,746,642,-102,-54,7,-25,552,-916,728,127,667,869,-46,7,66,
1218030,167741,168255,3923936,166222,165528,-494,-1232,-262,748,644,-103,-62,3,-19,565,-911,731,127,667,869,-50,6,58,
1220797,167741,168255,3923936,166222,165528,-533,-1200,-330,744,639,-95,-70,-1,-16,555,-928,740,126,677,847,-50,6,44,
1220797,167641,168255,3923936,166222,165528,-471,-1227,-329,744,639,-95,-64,-5,-12,569,-909,709,126,677,847,-44,14,33,
1220797,167641,168530,3923936,166222,165528,-492,-1209,-293,749,641,-106,-69,-3,-21,560,-912,704,125,673,863,-37,13,20,
1220797,167641,168530,3919589,166222,165528,-511,-1218,-367,749,641,-106,-70,-1,-20,579,-905,705,128,673,851,-49,12,-5,
1220797,167641,168530,3919589,166189,165528,-491,-1214,-234,749,643,-103,-54,9,-28,558,-923,721,128,673,851,-37,7,0,
1220797,167641,168530,3919589,166189,165416,-496,-1202,-310,747,641,-102,-54,9,-26,541,-910,725,128,672,850,-29,0,0,
1220797,167641,168530,3919589,166189,165416,-522,-1214,-344,747,641,-102,-51,8,-33,608,-888,595,128,672,850,-4,5,-9,
1220797,167641,168530,3919589,166189,165416,-517,-1214,-32,748,637,-101,-45,6,-32,585,-902,653,128,674,850,1,4,-17,
1223278,167641,168530,3919589,166189,165416,-504,-1200,-310,748,637,-101,-55,-2,-36,619,-886,599,128,674,850,13,1,-20,
1223278,167781,168530,3919589,166189,165416,-505,-1209,-316,746,639,-98,-49,-2,-38,583,-907,700,127,684,851,23,10,-22,
1223278,167781,168285,3919589,166189,165416,-533,-1207,-308,746,639,-98,-41,1,-38,549,-912,713,130,676,856,24,8,-22,
1223278,167781,168285,3922107,166189,165416,-522,-1206,-315,748,645,-104,-34,4,-40,588,-899,675,130,676,856,28,11,-13,
1223278,167781,168285,3922107,165931,165416,-501,-1188,-237,751,641,-103,-38,-2,-50,495,-935,823,128,671,866,35,0,-15,
1223278,167781,168285,3922107,165931,165259,-522,-1203,-305,751,641,-103,-36,7,-51,561,-913,726,128,671,866,44,5,-26,
1223278,167781,168285,3922107,165931,165259,-504,-1204,-212,745,640,-106,-35,10,-53,549,-913,736,125,672,862,39,-1,-24,
1223278,167781,168285,3922107,165931,165259,-503,-1227,-297,745,640,-106,-32,6,-46,535,-919,763,125,672,862,38,3,-30,
1206881,167781,168285,3922107,165931,165259,-492,-1209,-301,749,646,-97,-33,9,-50,565,-905,724,128,677,859,38,5,-37,
1206881,167609,168285,3922107,165931,165259,-484,-1208,-320,746,637,-101,-27,12,-49,633,-870,609,128,671,869,48,-2,-39,
1206881,167609,168350,3922107,165931,165259,-513,-1202,-302,746,637,-101,-29,9,-41,588,-887,704,128,671,869,47,0,-32,
1206881,167609,168350,3922052,165931,165259,-497,-1219,-269,747,640,-104,-32,2,-45,583,-906,698,123,670,851,38,-8,-19,
1206881,167609,168350,3922052,166356,165259,-493,-1231,-311,747,640,-104,-40,-1,-50,550,-899,718,123,670,851,26,-3,-13,
1206881,167609,168350,3922052,166356,165467,-509,-1215,-244,745,646,-103,-39,10,-44,556,-908,744,124,665,869,24,0,-11,
1206881,167609,168350,3922052,166356,165467,-452,-1233,-279,745,646,-103,-42,12,-41,553,-904,709,124,665,869,16,-7,-8,
1206881,167609,168350,3922052,166356,165467,-488,-1231,-308,746,646,-100,-55,5,-38,550,-900,714,125,670,847,16,2,1,
1214148,167609,168350,3922052,166356,165467,-512,-1215,-339,744,643,-103,-40,-2,-41,565,-904,721,125,670,847,20,5,1,
1214148,167726,168350,3922052,166356,165467,-501,-1225,-284,744,643,-103,-40,5,-37,591,-895,664,122,674,837,3,17,1,
1214148,167726,168418,3922052,166356,165467,-460,-1232,-271,746,638,-105,-44,6,-25,550,-925,736,123,672,870,-9,9,-12,
1214148,167726,168418,3925423,166356,165467,-518,-1216,-326,746,638,-105,-52,3,-30,530,-923,761,123,672,870,-15,17,-17,
1214148,167726,168418,3925423,166329,165467,-519,-1206,-326,744,649,-102,-53,5,-29,580,-908,757,125,669,858,-27,16,-9,
1214148,167726,168418,3925423,166329,165477,-482,-1217,-239,743,643,-102,-55,4,-29,591,-891,683,125,669,858,-29,1,0,
1214148,167726,168418,3925423,166329,165477,-455,-1231,-309,743,643,-102,-58,0,-27,576,-905,720,127,676,858,-12,-8,5,
1214148,167726,168418,3925423,166329,165477,-504,-1228,-320,746,641,-100,-63,-6,-27,527,-919,785,127,676,858,-4,-8,8,
1227161,167726,168418,3925423,166329,165477,-484,-1204,-264,746,641,-100,-63,1,-26,588,-895,662,126,677,856,-9,-5,13,
1227161,167770,168418,3925423,166329,165477,-480,-1213,-351,744,640,-102,-52,3,-25,559,-911,730,128,675,843,-10,-2,19,
1227161,167770,168401,3925423,166329,165477,-505,-1208,-239,744,640,-102,-44,-1,-27,572,-896,719,128,675,843,-10,10,24,
1227161,167770,168401,3919045,166329,165477,-515,-1217,-318,744,637,-98,-48,4,-33,554,-915,739,128,668,853,-14,14,32,
1227161,167770,168401,3919045,166280,165477,-514,-1197,-331,747,639,-106,-49,2,-37,564,-908,719,128,668,853,-16,20,32,
1227161,167770,168401,3919045,166280,165377,-484,-1192,-200,747,639,-106,-48,3,-43,578,-903,676,125,673,869,-11,17,41,
1227161,167770,168401,3919045,166280,165377,-497,-1211,-337,744,640,-97,-43,10,-43,548,-920,746,125,673,869,-7,16,39,
1227161,167770,168401,3919045,166280,165377,-510,-1200,-299,744,640,-97,-43,12,-49,575,-908,693,125,678,854,-9,13,37,
1202017,167770,168401,3919045,166280,165377,-459,-1230,-296,744,644,-104,-43,5,-47,555,-916,725,125,678,854,-3,24,30,
1202017,167688,168401,3919045,166280,165377,-495,-1227,-314,748,641,-107,-47,2,-49,526,-928,767,127,671,857,-10,23,22,
1202017,167688,168326,3919045,166280,165377,-501,-1238,-364,748,641,-107,-57,2,-50,556,-920,714,132,671,864,-14,15,15,
1202017,167688,168326,3926359,166280,165377,-474,-1236,-275,744,637,-107,-60,-1,-44,521,-929,786,132,671,864,-8,11,-2,
1202017,167688,168326,3926359,166303,165377,-504,-1199,-299,744,637,-107,-60,0,-26,585,-898,651,126,673,869,-1,12,-16,
1202017,167688,168326,3926359,166303,165402,-526,-1200,-360,744,642,-104,-76,-1,-33,578,-903,691,126,673,869,6,13,-23,
1202017,167688,168326,3926359,166303,165402,-498,-1211,-275,744,642,-99,-63,-1,-41,574,-913,680,131,677,865,17,5,-31,
1202017,167688,168326,3926359,166303,165402,-479,-1222,-314,744,640,-99,-66,-4,-37,554,-921,701,131,677,865,24,5,-46,
1140262,167688,168326,3926359,166303,165402,-508,-1217,-287,745,638,-107,-57,2,-34,552,-914,750,126,680,866,44,4,-47,
1140262,167654,168326,3926359,166303,165402,-466,-1222,-327,745,638,-107,-48,5,-35,546,-915,734,128,671,849,36,-8,-53,
1140262,167654,168436,3926359,166303,165402,-529,-1203,-303,743,637,-102,-50,5,-37,583,-906,683,128,671,849,23,-2,-50,
1140262,167654,168436,3921033,166303,165402,-514,-1220,-326,743,637,-102,-45,-3,-33,558,-895,719,128,673,851,13,-1,-46,
1140262,167654,168436,3921033,166380,165402,-483,-1226,-246,745,641,-107,-44,1,-32,551,-914,717,128,673,851,18,7,-40,
1140262,167654,168436,3921033,166380,165409,-500,-1212,-305,746,642,-99,-43,-2,-35,575,-880,686,125,673,857,9,9,-31,
1140262,167654,168436,3921033,166380,165409,-498,-1218,-331,746,642,-99,-41,1,-40,553,-904,710,125,673,857,12,0,-15,
1140262,167654,168436,3921033,166380,165409,-517,-1208,-301,746,642,-97,-41,5,-40,557,-909,719,127,679,859,27,-2,-2,
1175253,167654,168436,3921033,166380,165409,-478,-1216,-270,746,642,-97,-42,1,-43,578,-905,696,127,674,845,32,2,9,
1175253,167665,168436,3921033,166380,165409,-494,-1199,-301,743,644,-96,-37,3,-47,574,-906,724,127,674,845,19,4,3,
1175253,167665,168199,3921033,166380,165409,-502,-1213,-287,743,644,-99,-34,3,-43,543,-922,749,126,668,856,18,-2,-2,
1175253,167665,168199,3923020,166380,165409,-489,-1232,-275,742,644,-99,-36,7,-45,528,-924,703,126,668,856,16,-9,-4,
1175253,167665,168199,3923020,166420,165409,-503,-1225,-269,743,640,-103,-36,9,-40,545,-905,773,124,671,854,7,-12,-15,
1175253,167665,168199,3923020,166420,165301,-487,-1215,-264,743,640,-103,-35,12,-39,611,-873,618,124,671,854,7,-9,-16,
1175253,167665,168199,3923020,166420,165301,-502,-1222,-372,746,647,-104,-46,0,-34,546,-911,759,126,673,853,3,4,-12,
1175253,167665,168199,3923020,166420,165301,-478,-1201,-270,746,647,-104,-53,-2,-26,575,-897,694,126,673,853,6,-6,255,
1180394,167665,168199,3923020,166420,165301,-479,-1218,-348,742,644,-96,-50,2,-33,548,-903,742,124,677,865,12,8,13,
1180394,167844,168199,3923020,166420,165301,-518,-1198,-294,745,639,-102,-45,2,-35,560,-913,731,127,670,852,-1,-6,17,
1180394,167844,168024,3923020,166420,165301,-494,-1195,-261,745,639,-102,-54,4,-47,573,-899,717,127,670,852,-10,5,24,
1180394,167844,168024,3924091,166420,165301,-521,-1228,-371,744,643,-110,-46,6,-49,578,-899,727,128,672,844,-12,14,34,
1180394,167844,168024,3924091,166270,165301,-500,-1225,-321,744,643,-110,-47,2,-52,555,-902,730,128,672,844,-12,12,44,
1180394,167844,168024,3924091,166270,165331,-458,-1247,-283,742,646,-112,-51,5,-43,565,-902,703,128,683,853,-26,-1,32,
1180394,167844,168024,3924091,166270,165331,-493,-1254,-310,742,642,-100,-61,0,-31,547,-907,744,128,683,853,-34,10,37,
