0,0,0,0,0,0,-26,-153,1308,307,191,908,-44,-2,-41,-37,28,1299,127,486,1062,15,8,-29,
4682043,0,0,0,0,0,-28,-145,1280,307,191,912,-44,-1,-35,-47,14,1230,124,490,1053,6,13,-27,
4682043,4131590,0,0,0,0,-14,-152,1321,304,193,909,-41,1,-36,-69,3,1337,130,488,1066,6,-3,-23,
4682043,4131590,1326839,0,0,0,-42,-158,1333,304,193,909,-49,-5,-39,-98,3,1371,130,488,1066,13,-2,-22,
4682043,4131590,1326839,3943910,0,0,-8,-167,1345,308,192,919,-48,-5,-41,-39,17,1361,125,487,1066,19,-3,-27,
4682043,4131590,1326839,3943910,3704600,0,-47,-143,1297,308,192,919,-51,0,-33,-96,-12,1401,125,487,1066,3,-5,-26,
4682043,4131590,1326839,3943910,3704600,3616101,12,-144,1365,305,196,906,-53,-2,-32,-57,17,1278,126,485,1067,11,-9,-23,
4682043,4131590,1326839,3943910,3704600,3616101,-23,-160,1274,306,192,906,-46,-2,-32,-59,-1,1339,126,485,1067,8,-9,-18,
4682043,4131590,1326839,3943910,3704600,3616101,2,-152,1392,306,192,906,-43,-6,-29,-55,4,1307,123,492,1048,10,-9,-26,
4688673,4131590,1326839,3943910,3704600,3616101,-39,-166,1259,307,195,912,-47,1,-31,-95,-9,1416,123,486,1072,16,-12,-26,
4688673,4111741,1326839,3943910,3704600,3616101,-23,-155,1318,307,195,912,-51,1,-38,-67,8,1335,123,486,1072,19,-17,-29,
4688673,4111741,1293361,3943910,3704600,3616101,2,-162,1370,304,192,914,-45,5,-32,-24,27,1231,123,485,1064,21,-6,-33,
4688673,4111741,1293361,3992431,3704600,3616101,-21,-147,1329,304,192,908,-48,5,-40,-56,8,1316,123,485,1064,13,-9,-31,
4688673,4111741,1293361,3992431,3655313,3616101,-12,-178,1262,304,193,908,-51,-1,-39,-75,4,1317,125,485,1058,10,-10,-35,
4688673,4111741,1293361,3992431,3655313,3574472,-5,-148,1364,304,191,907,-50,-6,-42,-68,-1,1341,125,485,1058,16,-16,-27,
4688673,4111741,1293361,3992431,3655313,3574472,-29,-155,1305,304,191,907,-58,-3,-42,-78,8,1364,120,490,1068,13,-9,-21,
4688673,4111741,1293361,3992431,3655313,3574472,-22,-141,1376,306,190,902,-52,-1,-37,-47,6,1308,120,490,1068,11,-12,-32,
4704117,4111741,1293361,3992431,3655313,3574472,-13,-160,1310,306,190,902,-47,-4,-32,-55,9,1337,122,484,1061,17,-5,-29,
4704117,4069531,1293361,3992431,3655313,3574472,-1,-161,1322,301,195,910,-48,-6,-32,-66,-1,1327,122,481,1072,24,-8,-31,
4704117,4069531,1262797,3992431,3655313,3574472,-25,-156,1266,305,190,909,-50,-7,-39,-55,6,1314,122,481,1072,14,-10,-33,
4704117,4069531,1262797,4100945,3655313,3574472,-29,-135,1367,305,190,909,-48,-9,-42,-40,7,1309,123,480,1059,11,-20,-34,
4704117,4069531,1262797,4100945,3551408,3574472,-6,-156,1320,306,192,905,-45,-6,-45,-46,10,1300,123,480,1059,16,-15,-32,
4704117,4069531,1262797,4100945,3551408,3387590,-51,-148,1329,306,192,905,-47,-12,-38,-68,5,1336,120,487,1059,12,-18,-30,
4704117,4069531,1262797,4100945,3551408,3387590,-6,-145,1386,307,196,912,-49,-12,-36,-68,4,1336,120,487,1059,16,-26,-24,
4704117,4069531,1262797,4100945,3551408,3387590,-27,-154,1278,307,192,910,-49,-14,-40,-49,17,1317,120,492,1059,13,-22,-31,
4723123,4069531,1262797,4100945,3551408,3387590,12,-147,1409,304,192,910,-54,-12,-44,-65,-11,1341,121,486,1069,12,-10,-31,
4723123,3932073,1262797,4100945,3551408,3387590,-33,-153,1270,303,193,912,-54,-14,-45,-75,5,1357,121,486,1069,10,-13,-34,
4723123,3932073,1065451,4100945,3551408,3387590,2,-158,1319,303,193,912,-56,-17,-41,-21,29,1234,119,488,1072,12,-9,-33,
4723123,3932073,1065451,4185724,3551408,3387590,-20,-151,1327,304,191,912,-62,-21,-37,-44,13,1313,119,488,1072,15,-10,-26,
4723123,3932073,1065451,4185724,3292060,3387590,-30,-165,1290,304,191,912,-53,-13,-40,-38,24,1308,121,484,1074,12,-17,-30,
4723123,3932073,1065451,4185724,3292060,3093610,2,-167,1356,303,200,915,-49,-6,-41,-40,12,1316,121,484,1074,13,-8,-31,
4723123,3932073,1065451,4185724,3292060,3093610,-23,-149,1319,303,193,907,-48,-4,-40,-55,15,1331,117,488,1062,13,-9,-34,
4723123,3932073,1065451,4185724,3292060,3093610,-11,-149,1346,303,193,907,-56,-11,-36,-38,18,1313,117,488,1070,14,-8,-26,
4758377,3932073,1065451,4185724,3292060,3093610,-5,-168,1313,303,191,912,-62,-14,-43,-24,11,1279,120,486,1070,15,-8,-36,
4758377,3764164,1065451,4185724,3292060,3093610,-17,-152,1341,303,191,912,-60,-15,-43,-76,-2,1358,118,482,1073,10,-9,-40,
4758377,3764164,799451,4185724,3292060,3093610,23,-159,1347,301,198,896,-56,-15,-36,-36,27,1278,118,482,1073,2,-5,-32,
4758377,3764164,799451,4255100,3292060,3093610,-20,-175,1334,303,197,899,-61,-11,-38,-40,13,1294,115,483,1063,16,-17,-32,
4758377,3764164,799451,4255100,3259949,3093610,-1,-162,1310,303,197,899,-51,-7,-37,-70,8,1360,115,483,1063,18,-15,-28,
4758377,3764164,799451,4255100,3259949,2859612,-23,-143,1350,307,193,898,-49,-11,-42,-34,18,1280,117,480,1057,16,-10,-27,
4758377,3764164,799451,4255100,3259949,2859612,29,-149,1366,307,193,898,-52,-13,-42,-44,11,1297,117,480,1057,11,-14,-30,
4758377,3764164,799451,4255100,3259949,2859612,-33,-163,1253,303,196,908,-60,-17,-42,-77,-3,1366,115,491,1049,12,-15,-28,
4776188,3764164,799451,4255100,3259949,2859612,-25,-153,1377,303,196,908,-58,-20,-48,-26,36,1267,120,481,1053,9,-8,-30,
4776188,3491136,799451,4255100,3259949,2859612,11,-175,1292,297,201,903,-51,-10,-42,-75,4,1344,120,481,1053,9,-7,-30,
4776188,3491136,616299,4255100,3259949,2859612,-5,-152,1399,301,189,911,-49,-7,-39,-52,19,1280,117,480,1071,12,-10,-31,
4776188,3491136,616299,4354822,3259949,2859612,7,-152,1339,301,189,911,-44,-5,-43,-71,-4,1381,117,480,1071,12,-19,-30,
4776188,3491136,616299,4354822,3062947,2859612,3,-168,1263,301,192,909,-53,-11,-43,-61,17,1361,114,480,1067,6,-5,-38,
4776188,3491136,616299,4354822,3062947,2475387,-7,-153,1309,301,192,909,-54,-12,-49,-35,15,1288,114,480,1067,6,-12,-34,
4776188,3491136,616299,4354822,3062947,2475387,-1,-161,1400,300,196,913,-52,-8,-46,-58,19,1338,113,488,1044,2,-19,-38,
4776188,3491136,616299,4354822,3062947,2475387,5,-160,1325,300,196,908,-49,-3,-45,-40,27,1276,116,485,1049,4,-14,-39,
4784533,3491136,616299,4354822,3062947,2475387,-23,-159,1306,300,196,908,-53,-4,-42,-56,17,1310,116,485,1049,14,-12,-36,
4784533,3367195,616299,4354822,3062947,2475387,-10,-168,1325,301,193,913,-53,-3,-44,-34,11,1282,114,482,1067,4,-17,-38,
4784533,3367195,533872,4354822,3062947,2475387,-39,-147,1328,301,193,913,-54,-4,-37,-71,16,1306,114,482,1067,12,-15,-31,
4784533,3367195,533872,4444056,3062947,2475387,34,-162,1350,303,197,904,-47,-2,-35,-41,19,1298,114,480,1064,10,-13,-28,
4784533,3367195,533872,4444056,2786237,2475387,-29,-164,1309,303,197,904,-43,2,-43,-58,4,1333,114,480,1064,10,-16,-29,
4784533,3367195,533872,4444056,2786237,2125521,-4,-136,1406,298,201,908,-40,4,-38,-27,24,1265,116,484,1072,16,-14,-26,
4784533,3367195,533872,4444056,2786237,2125521,-18,-161,1296,303,194,907,-42,1,-42,-68,10,1331,116,484,1072,8,-8,-35,
4784533,3367195,533872,4444056,2786237,2125521,-6,-155,1331,303,194,907,-45,14,-40,-63,4,1346,114,483,1068,3,-10,-39,
4778361,3367195,533872,4444056,2786237,2125521,-12,-147,1352,302,191,907,-38,11,-38,-45,19,1304,114,482,1087,6,-6,-39,
4778361,3397957,533872,4444056,2786237,2125521,1,-160,1298,302,191,907,-38,15,-35,-44,15,1302,114,482,1087,10,1,-27,
4778361,3397957,473169,4444056,2786237,2125521,-36,-157,1294,303,196,902,-39,9,-41,-36,7,1345,114,479,1060,3,5,-34,
4778361,3397957,473169,4515589,2786237,2125521,-13,-154,1347,301,196,901,-39,14,-35,-39,15,1309,114,479,1060,8,-8,-30,
4778361,3397957,473169,4515589,2600491,2125521,-11,-165,1278,301,196,901,-39,11,-35,-54,12,1338,111,485,1076,12,-5,-32,
4778361,3397957,473169,4515589,2600491,1752203,-43,-161,1368,302,194,915,-29,31,-31,-41,16,1309,111,485,1076,18,-18,-33,
4778361,3397957,473169,4515589,2600491,1752203,-23,-146,1293,302,194,915,-28,33,-23,-49,3,1306,112,484,1059,17,-12,-33,
4778361,3397957,473169,4515589,2600491,1752203,-17,-154,1325,304,194,902,-20,42,-24,-58,11,1330,110,481,1061,25,-22,-35,
4694066,3397957,473169,4515589,2600491,1752203,-26,-150,1341,304,194,902,-25,37,-18,-35,5,1315,110,481,1061,20,-23,-34,
4694066,3562390,473169,4515589,2600491,1752203,-7,-147,1352,300,197,911,-19,39,-13,-53,3,1359,112,479,1059,14,-25,-33,
4694066,3562390,415627,4515589,2600491,1752203,-11,-158,1331,305,191,901,-12,53,-11,-18,26,1249,112,479,1059,16,-19,-30,
4694066,3562390,415627,4633072,2600491,1752203,-53,-155,1307,305,191,901,-8,74,-13,-55,8,1332,113,478,1077,3,-8,-31,
4694066,3562390,415627,4633072,1728089,1752203,-28,-142,1353,305,189,897,8,83,-1,-23,25,1245,113,478,1077,15,-15,-28,
4694066,3562390,415627,4633072,1728089,1358838,-26,-152,1277,305,189,897,29,120,11,-86,-6,1362,109,483,1074,18,-21,-23,
4694066,3562390,415627,4633072,1728089,1358838,-37,-145,1295,311,196,905,38,160,10,-50,15,1298,109,483,1063,12,-17,-21,
4694066,3562390,415627,4633072,1728089,1358838,-35,-141,1347,315,184,904,55,469,18,-57,18,1333,111,479,1063,2,-12,-25,
2772769,3562390,415627,4633072,1728089,1358838,-57,-138,1307,315,184,904,54,351,25,-35,29,1280,111,478,1081,-4,-1,-26,
2772769,3752038,415627,4633072,1728089,1358838,-43,-107,1486,321,181,901,24,446,39,-43,25,1330,111,478,1081,3,7,-27,
2772769,3752038,641084,4633072,1728089,1358838,-58,-174,1500,321,181,901,-54,574,48,-44,16,1360,114,480,1079,1,29,-25,
2772769,3752038,641084,4618212,1728089,1358838,-108,-264,1857,337,185,886,-105,571,41,-19,27,1284,114,480,1079,-9,48,-23,
2772769,3752038,641084,4618212,1933506,1358838,-67,-169,1554,337,185,879,-3,617,39,-39,5,1331,114,481,1063,-25,55,-16,
2772769,3752038,641084,4618212,1933506,1950117,-77,-214,1450,351,179,879,81,673,55,-52,10,1339,114,481,1063,-51,49,1,
2772769,3752038,641084,4618212,1933506,1950117,-122,-145,1532,370,176,883,115,726,75,-24,19,1310,114,488,1053,-69,105,-15,
2772769,3752038,641084,4618212,1933506,1950117,-128,-129,1473,370,176,883,133,808,75,-71,11,1354,122,485,1058,-97,210,-59,
1172304,3752038,641084,4618212,1933506,1950117,-116,-123,1462,393,174,876,144,860,72,-45,32,1352,122,485,1058,-176,405,-124,
1172304,4210855,641084,4618212,1933506,1950117,-155,-103,1469,393,174,876,171,921,72,-19,33,1408,144,492,1069,-249,795,-166,
1172304,4210855,334121,4618212,1933506,1950117,-173,-88,1420,419,174,849,143,1049,54,-96,138,1368,144,492,1069,-210,1070,-171,
1172304,4210855,334121,690718,1933506,1950117,-173,-101,1434,442,169,850,135,1111,53,-251,607,1513,167,497,1057,-137,1102,-225,
1172304,4210855,334121,690718,3637646,1950117,-225,-174,1470,442,169,850,156,1209,64,-341,611,1896,167,497,1057,-202,902,-410,
1172304,4210855,334121,690718,3637646,3196100,-200,-128,1435,475,161,826,159,1318,84,-422,692,1670,182,510,1057,-246,738,-757,
1172304,4210855,334121,690718,3637646,3196100,-251,-188,1490,475,161,826,206,1394,92,-432,899,1799,191,514,1033,-231,871,-1163,
1172304,4210855,334121,690718,3637646,3196100,-260,-226,1416,508,163,804,273,1460,119,-306,813,1698,191,514,1033,-213,1091,-1652,
329891,4210855,334121,690718,3637646,3196100,-327,-202,1422,508,146,792,392,1475,171,-104,478,1447,195,517,1024,-233,1223,-2015,
329891,4738235,334121,690718,3637646,3196100,-302,-158,1369,542,146,792,528,1472,208,-109,128,1257,195,517,1024,-315,1251,-2167,
329891,4738235,169255,690718,3637646,3196100,-313,-139,1445,572,130,766,619,1498,229,-90,-209,1239,194,528,1022,-346,1235,-2223,
329891,4738235,169255,459758,3637646,3196100,-388,-88,1474,572,130,766,669,1566,246,-117,-335,1203,194,528,1022,-334,1192,-2176,
329891,4738235,169255,459758,4603536,3196100,-344,-47,1619,607,121,737,723,1651,267,-235,-303,1306,192,547,993,-351,1160,-2031,
329891,4738235,169255,459758,4603536,2063807,-436,-52,1469,607,121,737,744,1845,268,-296,-271,1385,192,547,993,-349,1135,-1617,
329891,4738235,169255,459758,4603536,2063807,-422,-77,1544,642,105,712,793,1959,278,-292,-298,1553,197,552,984,-286,1280,-1684,
329891,4738235,169255,459758,4603536,2063807,-416,-115,1363,679,77,668,846,2051,308,-168,-513,1520,211,558,970,-333,1406,-1507,
547869,4738235,169255,459758,4603536,2063807,-503,-54,1436,679,77,668,889,2101,337,-175,-617,1726,211,558,970,-508,1557,-1258,
547869,4891345,169255,459758,4603536,2063807,-517,59,1570,721,59,637,913,2181,346,-224,-378,1449,234,574,946,-625,1713,-1078,
547869,4891345,178536,459758,4603536,2063807,-566,93,1635,721,59,637,941,2284,341,-146,-579,1231,234,574,946,-721,1762,-921,
547869,4891345,178536,362769,4603536,2063807,-568,103,1670,757,53,597,1001,2416,337,-200,-534,1053,269,598,922,-854,1686,-715,
547869,4891345,178536,362769,4759495,2063807,-632,87,1700,795,28,530,1134,2558,333,-305,-445,1086,269,598,922,-877,1586,-524,
547869,4891345,178536,362769,4759495,367280,-577,62,1493,795,28,530,1299,2661,342,-262,-567,1150,297,621,876,-838,1510,-369,
547869,4891345,178536,362769,4759495,367280,-691,-58,945,834,-2,476,1461,2722,362,-344,-484,1202,332,640,872,-875,1444,-198,
547869,4891345,178536,362769,4759495,367280,-703,-92,836,834,-2,476,1527,2666,465,-451,-323,1259,332,640,872,-924,1401,-86,
531369,4891345,178536,362769,4759495,367280,-725,-83,762,865,-24,412,1576,2518,525,-470,-361,1304,364,653,844,-1001,1382,-30,
531369,4865917,178536,362769,4759495,367280,-843,-116,597,865,-24,412,1592,2324,601,-569,-196,1161,364,653,844,-1187,1338,-19,
531369,4865917,257696,362769,4759495,367280,-962,-76,519,886,-50,360,1578,2101,693,-625,-154,1192,384,686,809,-1412,1245,-64,
531369,4865917,257696,314440,4759495,367280,-1002,101,696,900,-84,326,1599,1880,765,-752,-97,1302,384,686,809,-1659,1163,-153,
531369,4865917,257696,314440,4880621,367280,-1038,186,1150,900,-84,326,1637,1754,803,-858,-36,1326,409,735,749,-1880,1113,-293,
531369,4865917,257696,314440,4880621,165679,-751,289,735,912,-115,280,1641,1777,807,-915,-90,1507,409,991,721,-2039,1144,-482,
531369,4865917,257696,314440,4880621,165679,-871,182,688,912,-115,280,1674,1847,800,-732,-300,1440,417,772,721,-2227,1196,-679,
531369,4865917,257696,314440,4880621,165679,-864,197,621,919,-133,247,1692,1904,834,-611,-162,1305,426,817,645,-2542,1208,-789,
338134,4865917,257696,314440,4880621,165679,-948,218,743,928,-171,185,1750,1915,897,-562,-223,1364,426,817,645,-2788,1187,-839,
338134,4884638,257696,314440,4880621,165679,-1142,243,873,928,-171,185,1769,1905,952,-656,-275,1237,425,865,557,-3019,1122,-852,
338134,4884638,210459,314440,4880621,165679,-1240,320,1177,927,-201,127,1607,1975,1016,-734,-376,1263,425,865,557,-3167,1113,-927,
338134,4884638,210459,222794,4880621,165679,-1322,621,1312,927,-201,127,1407,2142,978,-755,-352,1221,417,910,465,-3475,1124,-993,
338134,4884638,210459,222794,4877071,165679,-1208,863,1522,930,-224,84,1123,2407,876,-709,-421,1156,417,910,465,-3586,1160,-1067,
338134,4884638,210459,222794,4877071,165959,-911,1215,1358,930,-224,84,975,2691,707,-782,-541,1176,406,963,398,-3658,1181,-1120,
338134,4884638,210459,222794,4877071,165959,-714,1184,1187,933,-235,5,1048,2896,493,-692,-707,1105,392,988,281,-3714,1186,-1132,
338134,4884638,210459,222794,4877071,165959,-680,794,527,928,-244,-60,1185,2985,348,-654,-828,1122,392,988,281,-3831,1147,-1098,
325114,4884638,210459,222794,4877071,165959,-775,337,-237,928,-244,-60,1258,2956,341,-716,-644,1282,370,1012,193,-3934,1152,-1089,
325114,4774133,210459,222794,4877071,165959,-718,411,-243,920,-246,-129,1263,2807,423,-1040,-170,1268,370,1012,193,-3892,1224,-1145,
325114,4774133,466019,222794,4877071,165959,-1981,-987,2074,920,-246,-129,1440,2547,524,-956,-304,893,341,1026,77,-3759,1316,-1269,
325114,4774133,466019,213133,4877071,165959,-5262,-798,6862,904,-250,-205,1902,2752,892,-463,-891,362,341,1026,77,-3588,1329,-1381,
325114,4774133,466019,213133,4079949,165959,-3819,3055,1704,874,-276,-289,1576,3843,1445,-891,-1096,1188,301,1036,-34,-3519,1149,-1341,
325114,4774133,466019,213133,4079949,166083,-1050,890,224,874,-276,-289,1548,2320,1172,-1175,-406,1047,260,1017,-133,-3876,843,-1398,
325114,4774133,466019,213133,4079949,166083,2873,-278,-4097,847,-288,-343,1168,1836,1162,-900,522,25,260,1017,-133,-4177,680,-1586,
325114,4774133,466019,213133,4079949,166083,2621,785,-5574,847,-288,-343,1337,1366,1119,-73,353,-2199,211,994,-212,-3801,395,-1722,
422739,4774133,466019,213133,4079949,166083,1217,1715,-4770,834,-299,-366,1582,503,873,-69,-521,-836,211,994,-212,-3266,-146,-1746,
422739,4361107,466019,213133,4079949,166083,-78,1449,-1748,834,-299,-366,1474,-279,471,-567,-171,-289,169,975,-270,-3159,-387,-1741,
422739,4361107,169153,213133,4079949,166083,-1258,1450,-548,832,-292,-363,1518,-736,290,-1180,392,-162,169,975,-270,-3001,-445,-1786,
422739,4361107,169153,1632324,4079949,166083,-1731,645,-341,842,-289,-355,1431,-1161,228,-626,-1086,-908,114,962,-314,-2137,-121,-1979,
422739,4361107,169153,1632324,1322947,166083,-1209,567,87,842,-289,-355,609,-1276,219,552,-2564,-1589,114,962,-314,-752,235,-1878,
422739,4361107,169153,1632324,1322947,166215,-862,1574,93,847,-299,-332,-536,-1027,116,1141,-2886,-1805,82,960,-336,-306,128,-1400,
422739,4361107,169153,1632324,1322947,166215,-933,2035,360,847,-299,-332,-987,-796,-72,854,-2334,-1994,65,946,-340,-679,-118,-299,
422739,4361107,169153,1632324,1322947,166215,-1378,1577,412,857,-289,-318,-73,-556,-363,355,-1998,-1969,65,946,-340,-245,-30,126,
196250,4361107,169153,1632324,1322947,166215,-1974,849,626,861,-288,-311,108,-271,-288,168,-1779,-747,79,949,-340,-86,-31,447,
196250,4230878,169153,1632324,1322947,166215,-2171,285,718,861,-288,-311,-38,79,-92,-173,-1487,-107,79,949,-340,-139,45,625,
196250,4230878,169233,1632324,1322947,166215,-2023,-70,644,860,-296,-311,-212,327,165,-925,-1607,355,90,947,-354,-301,324,627,
196250,4230878,169233,712221,1322947,166215,-1896,-100,632,860,-296,-311,-346,499,435,-826,-1506,243,90,947,-354,-689,832,498,
196250,4230878,169233,712221,1713058,166215,-1617,-66,712,852,-311,-324,-460,654,690,-435,-1118,95,89,948,-367,-967,1301,500,
196250,4230878,169233,712221,1713058,166028,-1222,32,560,852,-334,-329,-589,721,897,-179,-987,176,92,935,-391,-825,1405,566,
196250,4230878,169233,712221,1713058,166028,-1057,203,430,836,-334,-329,-689,691,1032,-247,-1501,448,92,935,-391,-577,1197,607,
196250,4230878,169233,712221,1713058,166028,-854,284,200,820,-365,-338,-650,629,1163,-338,-1983,689,98,927,-412,-599,856,757,
397310,4230878,169233,712221,1713058,166028,-875,841,-121,820,-365,-338,-606,519,1277,-613,-1470,626,98,927,-412,-688,456,975,
397310,3368934,169233,712221,1713058,166028,-818,1173,-448,805,-398,-342,-585,461,1339,-985,-1274,843,123,912,-422,-642,220,1103,
397310,3368934,169034,712221,1713058,166028,-855,1431,-335,805,-398,-342,-561,428,1125,-1040,-1046,903,123,912,-422,-570,235,1157,
397310,3368934,169034,857422,1713058,166028,-840,1657,-340,784,-419,-345,-482,474,912,-1064,-945,754,140,919,-441,-543,398,1157,
397310,3368934,169034,857422,920286,166028,-802,1774,-151,779,-446,-346,-337,525,669,-1014,-926,390,140,919,-441,-639,591,1115,
397310,3368934,169034,857422,920286,166081,-920,1678,38,779,-446,-346,-205,648,448,-1085,-857,-13,154,893,-482,-785,878,1114,
397310,3368934,169034,857422,920286,166081,-755,1071,211,769,-451,-362,-111,778,324,-1021,-716,-258,164,880,-499,-848,1184,1160,
397310,3368934,169034,857422,920286,166081,-560,590,158,769,-451,-362,-119,852,301,-844,-626,-512,164,880,-499,-735,1498,1194,
880703,3368934,169034,857422,920286,166081,-545,484,60,754,-454,-363,-303,791,410,-559,-1020,-696,168,866,-505,-554,1722,1164,
880703,2646837,169034,857422,920286,166081,-846,728,250,746,-475,-372,-622,616,536,-421,-1220,-814,168,866,-505,-388,1812,1151,
880703,2646837,168757,857422,920286,166081,-1014,1199,552,746,-475,-372,-843,487,596,-397,-1255,-817,166,854,-499,-322,1769,1215,
880703,2646837,168757,738902,920286,166081,-964,1498,404,732,-499,-372,-727,443,565,-403,-1264,-849,166,854,-499,-243,1318,1235,
880703,2646837,168757,738902,582526,166081,-899,1374,225,732,-499,-372,-379,382,378,-410,-1274,-845,172,856,-505,-205,1010,1247,
880703,2646837,168757,738902,582526,166035,-919,1236,37,727,-498,-381,230,297,314,-352,-1136,-819,191,844,-540,-164,646,1191,
880703,2646837,168757,738902,582526,166035,-899,1074,-36,727,-498,-381,388,322,282,-399,-1023,-754,191,844,-540,-172,264,1053,
880703,2646837,168757,738902,582526,166035,-875,956,-53,717,-499,-386,529,389,291,-492,-943,-648,208,838,-526,-237,-10,896,
905369,2646837,168757,738902,582526,166035,-899,896,-98,709,-502,-402,598,487,318,-620,-576,-601,208,838,-526,-290,-94,766,
905369,2239209,168757,738902,582526,166035,-1011,870,56,709,-502,-402,536,583,350,-696,-442,-558,227,833,-533,-243,-37,616,
905369,2239209,169222,738902,582526,166035,-975,1014,64,698,-508,-406,434,650,390,-828,-521,-409,227,833,-533,-141,75,412,
905369,2239209,169222,792304,582526,166035,-939,1097,35,698,-508,-406,317,649,395,-922,-691,-309,228,837,-545,-77,168,236,
905369,2239209,169222,792304,501257,166035,-984,1229,-10,686,-500,-444,253,603,382,-946,-814,-299,228,830,-523,-77,275,142,
905369,2239209,169222,792304,501257,166012,-915,1294,-157,673,-511,-441,219,529,326,-906,-781,-362,229,830,-523,-72,391,110,
905369,2239209,169222,792304,501257,166012,-892,1326,-222,673,-511,-441,198,455,251,-873,-795,-379,222,829,-540,-5,470,73,
905369,2239209,169222,792304,501257,166012,-833,1313,-432,669,-511,-447,190,266,76,-827,-874,-449,222,829,-540,81,493,19,
950198,2239209,169222,792304,501257,166012,-812,1192,-435,669,-511,-447,163,174,21,-732,-1105,-457,216,830,-551,103,440,-59,
950198,1623080,169222,792304,501257,166012,-852,1113,-481,669,-506,-459,143,120,-8,-733,-1090,-442,216,830,-551,24,328,-108,
950198,1623080,169094,792304,501257,166012,-898,1067,-441,669,-506,-459,96,143,-29,-804,-978,-424,209,830,-552,-102,193,-145,
950198,1623080,169094,640075,501257,166012,-930,968,-486,667,-506,-458,26,195,-45,-895,-885,-429,209,830,-552,-172,91,-188,
950198,1623080,169094,640075,505400,166012,-937,890,-444,662,-510,-461,-75,240,-32,-876,-848,-447,202,830,-553,-122,74,-228,
950198,1623080,169094,640075,505400,165927,-961,1003,-393,662,-510,-461,-229,260,2,-860,-858,-493,195,825,-555,-43,127,-240,
950198,1623080,169094,640075,505400,165927,-979,1160,-409,659,-515,-461,-346,243,26,-812,-878,-499,195,825,-555,25,229,-226,
950198,1623080,169094,640075,505400,165927,-1011,1275,-240,659,-515,-461,-351,237,-2,-804,-1437,-692,189,826,-540,50,408,-202,
1111301,1623080,169094,640075,505400,165927,-385,1607,414,658,-510,-471,-266,284,-76,-104,-2597,-678,189,826,-540,-94,325,113,
1111301,1641341,169094,640075,505400,165927,-833,1279,-551,656,-515,-470,-314,508,-177,-459,-1339,-813,192,827,-559,-1001,-153,223,
1111301,1641341,169314,640075,505400,165927,-672,1338,-170,656,-515,-470,-41,185,-232,-848,-504,-516,192,827,-559,-1012,-404,114,
1111301,1641341,169314,467666,505400,165927,-884,1020,-151,658,-513,-464,-116,115,-217,-889,-531,-459,192,810,-565,-271,-212,47,
1111301,1641341,169314,467666,565389,165927,-937,1047,91,658,-513,-464,-251,142,-204,-861,-710,-625,195,815,-564,324,71,42,
1111301,1641341,169314,467666,565389,165925,-915,1131,27,657,-513,-469,-320,216,-179,-873,-897,-437,195,815,-564,484,193,42,
1111301,1641341,169314,467666,565389,165925,-873,1230,103,657,-513,-469,-226,251,-186,-832,-965,-423,195,819,-541,361,262,27,
1111301,1641341,169314,467666,565389,165925,-944,1207,120,658,-510,-472,-26,240,-201,-726,-863,-398,195,819,-541,137,293,-4,
895571,1641341,169314,467666,565389,165925,-904,1062,126,659,-505,-484,94,276,-206,-874,-742,-338,187,819,-553,-2,334,-55,
895571,1758886,169314,467666,565389,165925,-962,968,147,659,-505,-484,126,324,-176,-868,-741,-343,187,819,-553,6,382,-149,
895571,1758886,169297,467666,565389,165925,-965,935,-24,655,-502,-491,143,371,-134,-848,-818,-375,177,825,-556,88,440,-239,
895571,1758886,169297,458711,565389,165925,-936,920,46,655,-502,-491,144,389,-89,-859,-893,-355,177,825,-556,165,508,-302,
895571,1758886,169297,458711,566409,165925,-1005,941,55,651,-490,-495,174,364,10,-794,-985,-366,165,826,-558,197,537,-328,
895571,1758886,169297,458711,566409,166070,-924,1149,-14,647,-496,-504,297,274,20,-538,-1506,-413,153,820,-546,186,552,-296,
895571,1758886,169297,458711,566409,166070,-997,1151,-20,647,-496,-504,471,200,-7,-642,-1284,-465,153,820,-546,-33,470,-203,
895571,1758886,169297,458711,566409,166070,-1042,964,-30,648,-493,-503,521,131,-2,-669,-1100,-525,144,824,-553,-208,346,-197,
937439,1758886,169297,458711,566409,166070,-980,916,-101,648,-493,-503,402,144,0,-679,-1139,-511,144,824,-553,-123,341,-179,
937439,1369411,169297,458711,566409,166070,-1063,1035,-122,641,-483,-521,201,187,4,-716,-1132,-508,139,825,-560,14,357,-133,
937439,1369411,169269,458711,566409,166070,-974,1125,-82,641,-483,-516,8,222,-2,-743,-1175,-516,139,825,-560,116,344,-72,
937439,1369411,169269,500313,566409,166070,-956,1136,-180,638,-486,-516,-162,263,-38,-771,-1212,-473,126,826,-573,174,242,-29,
937439,1369411,169269,500313,542042,166070,-921,1165,-101,637,-494,-517,-350,302,-81,-728,-1223,-489,131,828,-546,102,207,39,
937439,1369411,169269,500313,542042,166160,-755,1426,-273,637,-494,-517,-481,348,-121,-785,-1228,-412,131,828,-546,3,229,131,
937439,1369411,169269,500313,542042,166160,-741,1509,-127,632,-489,-529,-421,362,-442,-776,-1160,-495,133,822,-560,-90,287,217,
937439,1369411,169269,500313,542042,166160,-741,1452,-228,632,-489,-529,111,273,-370,-799,-1009,-516,133,822,-560,-122,360,292,
883850,1369411,169269,500313,542042,166160,-797,1346,-232,634,-475,-537,380,200,-441,-786,-949,-585,128,820,-557,-109,429,349,
883850,1106629,169269,500313,542042,166160,-893,1220,-225,639,-465,-538,510,180,-499,-807,-932,-633,128,820,-557,-75,480,378,
883850,1106629,169338,500313,542042,166160,-932,1121,-176,639,-465,-538,486,203,-538,-774,-945,-656,131,830,-559,-33,494,388,
883850,1106629,169338,519773,542042,166160,-948,955,-392,644,-452,-544,427,224,-556,-752,-913,-655,131,830,-564,-34,478,395,
883850,1106629,169338,519773,499821,166160,-905,918,-362,644,-452,-544,338,215,-554,-780,-874,-639,132,820,-564,-17,473,369,
883850,1106629,169338,519773,499821,166188,-998,930,-360,643,-431,-546,239,189,-533,-771,-841,-662,135,815,-565,59,467,339,
883850,1106629,169338,519773,499821,166188,-997,918,-441,643,-422,-559,146,141,-522,-724,-909,-664,135,815,-565,115,464,309,
883850,1106629,169338,519773,499821,166188,-985,937,-456,646,-422,-559,74,94,-505,-684,-981,-649,133,814,-565,80,442,304,
862336,1106629,169338,519773,499821,166188,-992,917,-461,653,-416,-558,44,49,-489,-671,-941,-629,133,814,-565,29,426,300,
862336,844646,169338,519773,499821,166188,-990,809,-494,653,-416,-558,50,12,-418,-665,-887,-625,131,818,-576,22,431,284,
862336,844646,169310,519773,499821,166188,-950,721,-455,654,-401,-564,99,32,-338,-633,-884,-613,131,818,-576,45,434,242,
862336,844646,169310,538120,499821,166188,-977,680,-361,654,-401,-564,78,77,-220,-606,-890,-577,128,822,-565,97,437,181,
862336,844646,169310,538120,518602,166188,-983,640,-315,660,-398,-557,28,135,-101,-576,-919,-618,124,818,-538,147,434,93,
862336,844646,169310,538120,518602,166382,-1043,661,-386,656,-404,-568,-24,174,12,-564,-988,-576,124,818,-538,178,398,8,
862336,844646,169310,538120,518602,166382,-1005,705,-31,656,-404,-568,-17,194,128,-554,-1044,-550,119,823,-546,160,343,-139,
862336,844646,169310,538120,518602,166382,-1034,693,-257,653,-411,-576,27,225,236,-627,-1080,-565,119,823,-546,103,208,-191,
967735,844646,169310,538120,518602,166382,-1081,709,-283,653,-411,-576,41,259,330,-651,-1122,-602,107,822,-552,93,136,-216,
967735,866837,169310,538120,518602,166382,-1164,718,-201,644,-404,-566,-12,271,405,-689,-1150,-575,107,822,-552,66,66,-215,
967735,866837,169259,538120,518602,166382,-1258,832,-383,635,-420,-567,-161,241,446,-690,-1139,-578,107,831,-538,43,31,-188,
967735,866837,169259,593153,518602,166382,-1182,963,-271,635,-420,-567,-273,169,438,-706,-1123,-582,107,827,-545,45,9,-151,
967735,866837,169259,593153,496651,166382,-1112,1045,-243,631,-437,-568,-290,3,403,-712,-1111,-554,107,827,-545,56,5,-111,
967735,866837,169259,593153,496651,166079,-1020,1093,-194,631,-437,-568,-276,-34,367,-673,-1091,-574,100,829,-549,66,30,-70,
967735,866837,169259,593153,496651,166079,-931,1104,-206,627,-444,-565,-278,-33,334,-661,-1074,-574,100,829,-549,96,73,-27,
967735,866837,169259,593153,496651,166079,-937,1137,-149,627,-444,-565,-252,-17,303,-413,-1184,-499,100,825,-537,112,104,14,
985193,866837,169259,593153,496651,166079,-650,2182,120,622,-450,-557,-35,5,171,-818,-1091,-658,100,825,-537,125,149,58,
985193,905789,169259,593153,496651,166079,-851,1183,-305,624,-451,-567,448,-75,27,-626,-1077,-569,99,830,-541,51,41,49,
985193,905789,169192,593153,496651,166079,-988,851,-236,624,-451,-567,420,-123,41,-709,-1183,-541,99,830,-541,79,39,41,
985193,905789,169192,644391,496651,166079,-981,918,-262,625,-448,-575,216,-42,47,-673,-1176,-579,106,833,-551,49,28,91,
985193,905789,169192,644391,434033,166079,-968,932,-247,625,-448,-575,87,58,59,-690,-1106,-537,105,828,-545,-19,18,137,
985193,905789,169192,644391,434033,166232,-927,1053,-294,620,-434,-589,-37,135,78,-701,-1069,-509,105,828,-545,-54,29,170,
985193,905789,169192,644391,434033,166232,-931,1031,-263,621,-448,-576,-91,167,73,-702,-993,-541,113,825,-556,-78,26,182,
985193,905789,169192,644391,434033,166232,-946,1017,-276,621,-448,-576,-180,183,75,-734,-1004,-514,113,825,-556,-77,23,177,
830446,905789,169192,644391,434033,166232,-968,1074,-303,613,-454,-575,-202,155,59,-708,-1019,-554,118,828,-540,-44,31,172,
830446,1140813,169192,644391,434033,166232,-926,1126,-267,613,-454,-575,-210,122,44,-722,-1052,-546,118,828,-540,-19,43,163,
830446,1140813,169149,644391,434033,166232,-906,1151,-293,613,-452,-587,-216,106,30,-720,-1063,-566,115,831,-567,-33,35,168,
830446,1140813,169149,592036,434033,166232,-878,1232,-234,613,-452,-587,-170,83,-1,-704,-1023,-611,124,829,-538,-52,38,196,
830446,1140813,169149,592036,376624,166232,-880,1231,-283,609,-453,-584,-54,63,-39,-730,-991,-570,124,829,-538,-46,47,199,
830446,1140813,169149,592036,376624,166006,-872,1162,-213,611,-457,-581,65,52,-77,-726,-973,-616,125,826,-538,-25,47,197,
830446,1140813,169149,592036,376624,166006,-954,1055,-232,611,-457,-581,131,34,-98,-730,-1047,-571,125,826,-538,-14,45,199,
830446,1140813,169149,592036,376624,166006,-967,1009,-264,611,-451,-582,119,28,-102,-743,-1051,-579,128,822,-561,-64,42,216,
691045,1140813,169149,592036,376624,166006,-1007,1012,-237,611,-451,-582,65,26,-106,-780,-989,-561,128,822,-561,-129,34,233,
691045,1086382,169149,592036,376624,166006,-1015,1004,-315,608,-445,-590,6,33,-107,-775,-918,-601,130,829,-558,-155,27,236,
691045,1086382,169187,592036,376624,166006,-964,979,-313,609,-451,-581,-93,56,-100,-776,-877,-598,130,829,-558,-130,42,227,
691045,1086382,169187,532316,376624,166006,-951,967,-332,609,-451,-581,-149,66,-104,-757,-862,-648,137,820,-567,-86,63,208,
691045,1086382,169187,532316,385798,166006,-903,1034,-312,612,-452,-584,-183,88,-102,-752,-861,-648,141,816,-551,-32,62,196,
691045,1086382,169187,532316,385798,166047,-903,1023,-327,612,-452,-584,-211,119,-107,-758,-887,-617,141,816,-551,10,68,172,
691045,1086382,169187,532316,385798,166047,-882,1034,-244,610,-450,-587,-225,139,-112,-743,-872,-645,141,818,-564,27,63,133,
691045,1086382,169187,532316,385798,166047,-927,1058,-253,610,-450,-587,-218,153,-113,-751,-890,-582,141,818,-564,32,60,88,
653209,1086382,169187,532316,385798,166047,-953,1076,-292,609,-450,-580,-164,154,-109,-736,-895,-606,142,819,-554,37,56,44,
653209,1093414,169187,532316,385798,166047,-931,1093,-253,608,-457,-581,-77,135,-95,-741,-886,-606,142,819,-554,38,44,4,
653209,1093414,169020,532316,385798,166047,-950,1011,-307,608,-457,-581,27,108,-82,-758,-876,-615,137,822,-580,52,28,-31,
653209,1093414,169020,534883,385798,166047,-949,947,-238,608,-448,-583,115,77,-70,-775,-911,-572,142,820,-555,71,40,-70,
653209,1093414,169020,534883,355162,166047,-998,905,-320,608,-448,-583,144,71,-27,-775,-958,-550,142,820,-555,93,55,-92,
653209,1093414,169020,534883,355162,165925,-1043,868,-373,605,-442,-587,65,74,6,-770,-946,-537,139,821,-553,101,65,-108,
653209,1093414,169020,534883,355162,165925,-969,866,-367,602,-444,-595,-14,86,43,-718,-977,-572,139,821,-553,100,80,-117,
653209,1093414,169020,534883,355162,165925,-968,910,-338,602,-444,-595,-73,105,75,-734,-981,-531,133,821,-550,103,97,-121,
641210,1093414,169020,534883,355162,165925,-929,954,-285,602,-451,-601,-101,121,108,-700,-1005,-570,133,821,-550,121,119,-129,
641210,1221952,169020,534883,355162,165925,-933,959,-363,602,-451,-601,-111,126,129,-709,-1036,-587,127,836,-549,120,123,-139,
641210,1221952,169244,534883,355162,165925,-897,958,-338,597,-450,-601,-102,124,154,-714,-1092,-547,127,826,-535,102,109,-129,
641210,1221952,169244,521107,355162,165925,-957,948,-378,597,-450,-601,-77,124,185,-699,-1065,-616,123,826,-535,59,87,-114,
641210,1221952,169244,521107,285814,165925,-935,933,-351,593,-460,-601,-49,115,232,-717,-1062,-582,124,824,-552,26,68,-95,
641210,1221952,169244,521107,285814,165980,-993,927,-266,588,-473,-590,-67,105,276,-733,-1043,-583,124,824,-552,15,64,-87,
641210,1221952,169244,521107,285814,165980,-786,1707,-89,588,-473,-590,-90,135,37,-824,-1045,-600,118,824,-559,-13,67,-40,
641210,1221952,169244,521107,285814,165980,-952,898,-469,582,-455,-592,415,115,56,-689,-1113,-608,118,824,-559,-111,-8,-23,
778279,1221952,169244,521107,285814,165980,-965,993,-238,582,-455,-592,293,85,51,-748,-1010,-595,118,826,-553,-113,6,-7,
778279,1141382,169244,521107,285814,165980,-902,1051,-399,584,-454,-615,168,101,55,-741,-1003,-563,118,826,-553,-31,33,33,
778279,1141382,169257,521107,285814,165980,-961,1015,-380,580,-456,-611,96,127,39,-731,-958,-592,122,831,-545,5,53,39,
778279,1141382,169257,414868,285814,165980,-945,1057,-269,580,-456,-611,-7,164,27,-741,-975,-545,123,822,-557,25,68,37,
778279,1141382,169257,414868,239119,165980,-912,1056,-390,579,-459,-604,-54,178,18,-718,-978,-610,123,822,-557,28,80,32,
778279,1141382,169257,414868,239119,166039,-853,1048,-336,579,-459,-604,-97,180,7,-730,-978,-623,125,825,-563,1,79,18,
778279,1141382,169257,414868,239119,166039,-915,1092,-405,575,-460,-623,-125,177,0,-724,-982,-618,125,825,-563,-27,69,10,
778279,1141382,169257,414868,239119,166039,-893,1097,-333,573,-456,-604,-130,158,1,-737,-981,-586,119,828,-548,-57,42,11,
766099,1141382,169257,414868,239119,166039,-925,1086,-303,573,-456,-604,-128,136,-1,-745,-959,-599,119,828,-548,-86,22,7,
766099,1248898,169257,414868,239119,166039,-915,1094,-311,575,-464,-612,-116,119,-13,-731,-965,-649,119,827,-558,-104,12,-6,
766099,1248898,169191,414868,239119,166039,-907,1107,-350,575,-464,-612,-109,101,-24,-735,-995,-623,121,824,-566,-114,-2,-28,
766099,1248898,169191,390004,239119,166039,-887,1090,-371,568,-463,-614,-111,97,-50,-748,-1006,-625,121,824,-566,-136,-30,-37,
766099,1248898,169191,390004,167222,166039,-902,1085,-345,568,-463,-614,-126,89,-61,-748,-986,-600,120,814,-562,-188,-90,-43,
766099,1248898,169191,390004,167222,166187,-934,1066,-352,570,-461,-620,-157,71,-72,-732,-952,-577,120,814,-562,-171,-71,-52,
766099,1248898,169191,390004,167222,166187,-909,1064,-295,573,-467,-613,-186,61,-74,-726,-968,-594,125,815,-569,-132,-54,-49,
766099,1248898,169191,390004,167222,166187,-953,1056,-263,573,-467,-613,-201,60,-71,-698,-1006,-597,125,815,-569,-115,-39,-46,
700118,1248898,169191,390004,167222,166187,-909,1014,-311,567,-470,-614,-220,63,-62,-694,-1001,-606,121,818,-574,-126,-32,-34,
700118,1204743,169191,390004,167222,166187,-936,1029,-317,567,-470,-614,-243,66,-56,-684,-1004,-611,121,818,-574,-148,-23,-31,
700118,1204743,169315,390004,167222,166187,-908,1014,-363,569,-466,-617,-248,62,-49,-703,-984,-577,122,814,-565,-156,-7,-16,
700118,1204743,169315,476144,167222,166187,-959,1024,-433,568,-467,-604,-246,53,-39,-679,-980,-641,122,807,-569,-167,9,-8,
700118,1204743,169315,476144,167043,166187,-902,994,-404,568,-467,-604,-209,32,-20,-686,-994,-631,122,807,-569,-152,27,6,
700118,1204743,169315,476144,167043,166158,-929,1050,-309,569,-483,-606,-148,33,-19,-712,-1017,-661,120,804,-572,-144,45,21,
700118,1204743,169315,476144,167043,166158,-937,1052,-361,569,-483,-606,-76,61,-39,-736,-1019,-688,120,804,-572,-137,33,33,
700118,1204743,169315,476144,167043,166158,-948,1086,-291,568,-478,-608,-36,97,-65,-752,-1009,-664,119,806,-567,-110,12,53,
1052596,1204743,169315,476144,167043,166158,-930,1114,-335,568,-478,-608,-5,128,-96,-750,-992,-689,119,806,-567,-62,-6,62,
1052596,1001580,169315,476144,167043,166158,-962,1118,-356,566,-472,-614,18,146,-121,-779,-974,-657,126,810,-565,-10,-17,68,
1052596,1001580,169257,476144,167043,166158,-915,1107,-354,563,-471,-616,19,143,-139,-745,-955,-640,128,807,-573,31,-37,75,
1052596,1001580,169257,228061,167043,166158,-908,1063,-374,563,-471,-616,-7,128,-149,-738,-923,-614,128,807,-573,58,-37,72,
1052596,1001580,169257,228061,167040,166158,-875,1047,-283,567,-471,-623,-43,100,-152,-733,-930,-630,127,802,-595,85,-16,69,
1052596,1001580,169257,228061,167040,166155,-885,1030,-298,567,-471,-623,-96,92,-142,-723,-929,-582,127,802,-595,97,-5,62,
1052596,1001580,169257,228061,167040,166155,-850,1025,-265,562,-466,-619,-154,95,-118,-728,-930,-587,126,809,-575,87,3,53,
1052596,1001580,169257,228061,167040,166155,-894,1047,-322,565,-469,-619,-155,58,-97,-727,-899,-606,126,809,-575,61,18,24,
741373,1001580,169257,228061,167040,166155,-836,1030,-232,565,-469,-619,-123,43,-72,-741,-912,-583,130,813,-576,31,51,6,
741373,1016519,169257,228061,167040,166155,-898,1081,-179,565,-476,-615,-90,18,-43,-752,-900,-617,130,811,-573,29,62,-13,
741373,1016519,169240,228061,167040,166155,-958,1062,-351,565,-476,-615,-51,-8,-32,-745,-937,-577,126,811,-573,10,68,-28,
741373,1016519,169240,217276,167040,166155,-938,1092,-256,564,-469,-615,-6,-5,-38,-744,-924,-630,124,803,-564,5,69,-41,
741373,1016519,169240,217276,167042,166155,-940,1024,-348,564,-469,-615,24,-11,-35,-725,-947,-631,124,803,-564,17,71,-46,
741373,1016519,169240,217276,167042,166157,-963,1055,-309,569,-471,-621,25,-16,-29,-693,-993,-671,127,806,-579,7,74,-53,
741373,1016519,169240,217276,167042,166157,-949,1029,-423,566,-465,-613,18,-25,-26,-712,-985,-656,127,806,-579,-19,52,-50,
741373,1016519,169240,217276,167042,166157,-915,1066,-360,566,-465,-613,16,-23,-30,-743,-952,-636,122,808,-573,-49,37,-52,
656468,1016519,169240,217276,167042,166157,-880,1080,-298,565,-470,-614,8,-26,-39,-719,-932,-672,122,808,-573,-63,32,-65,
656468,840266,169240,217276,167042,166157,-895,1078,-310,565,-470,-614,5,-22,-56,-730,-895,-691,122,808,-578,-72,24,-76,
656468,840266,169223,217276,167042,166157,-894,1066,-406,570,-461,-607,-16,-14,-67,-773,-910,-628,121,804,-581,-54,18,-88,
656468,840266,169223,494177,167042,166157,-850,1089,-285,570,-468,-612,4,1,-74,-770,-942,-641,121,804,-581,-18,21,-98,
656468,840266,169223,494177,166920,166157,-908,1085,-329,570,-468,-612,12,2,-83,-753,-957,-676,118,804,-581,13,11,-99,
656468,840266,169223,494177,166920,166215,-900,1078,-247,570,-468,-612,26,9,-93,-728,-934,-664,118,804,-581,37,5,-107,
656468,840266,169223,494177,166920,166215,-925,1045,-347,570,-468,-612,25,15,-86,-710,-936,-667,116,811,-579,69,15,-113,
656468,840266,169223,494177,166920,166215,-952,1022,-390,571,-459,-621,-1,23,-86,-734,-978,-575,116,811,-579,92,34,-112,
506045,840266,169223,494177,166920,166215,-953,1021,-232,571,-459,-619,-25,29,-83,-714,-980,-628,116,815,-580,113,56,-109,
506045,771656,169223,494177,166920,166215,-919,999,-299,571,-460,-619,-47,28,-85,-714,-1021,-580,112,813,-565,134,78,-100,
506045,771656,169358,494177,166920,166215,-988,1031,-347,572,-464,-618,-60,36,-78,-671,-1009,-641,112,813,-565,141,81,-95,
506045,771656,169358,455733,166920,166215,-903,1030,-267,572,-464,-618,-90,52,-69,-719,-1024,-580,110,810,-551,130,97,-72,
506045,771656,169358,455733,167070,166215,-948,1027,-342,573,-462,-620,-120,91,-65,-683,-1023,-621,110,810,-551,100,79,-64,
506045,771656,169358,455733,167070,166205,-903,1058,-284,573,-462,-620,-113,99,-64,-704,-1034,-580,103,814,-561,61,61,-57,
506045,771656,169358,455733,167070,166205,-935,1072,-327,569,-458,-629,-79,96,-72,-687,-1018,-635,103,814,-561,24,54,-51,
506045,771656,169358,455733,167070,166205,-894,1070,-363,564,-459,-618,-32,97,-73,-714,-989,-617,105,818,-560,-4,46,-49,
477226,771656,169358,455733,167070,166205,-911,1066,-274,564,-459,-618,7,99,-71,-708,-979,-631,105,818,-560,-9,39,-53,
477226,778520,169358,455733,167070,166205,-928,1039,-331,571,-460,-615,36,96,-67,-719,-953,-652,106,814,-567,-2,42,-57,
477226,778520,169167,455733,167070,166205,-950,1008,-346,571,-460,-615,50,84,-64,-727,-949,-600,106,811,-556,26,50,-66,
477226,778520,169167,494272,167070,166205,-946,967,-354,564,-457,-626,56,84,-59,-724,-942,-608,106,811,-556,36,63,-73,
477226,778520,169167,494272,166672,166205,-964,973,-329,564,-453,-625,37,88,-43,-737,-963,-594,104,813,-565,33,70,-85,
477226,778520,169167,494272,166672,166015,-960,986,-410,564,-453,-625,-4,76,-28,-704,-953,-639,104,813,-565,36,72,-95,
477226,778520,169167,494272,166672,166015,-957,1006,-403,564,-460,-625,-48,65,-16,-733,-983,-632,101,820,-552,38,87,-102,
477226,778520,169167,494272,166672,166015,-928,1048,-442,564,-460,-625,-137,55,-18,-730,-1006,-618,101,820,-552,45,71,-103,
330005,778520,169167,494272,166672,166015,-917,1108,-328,567,-458,-614,-164,62,-35,-685,-992,-688,98,818,-567,53,44,-100,
330005,705788,169167,494272,166672,166015,-871,1141,-348,567,-458,-614,-164,65,-63,-684,-1000,-662,97,815,-539,63,19,-101,
330005,705788,169383,494272,166672,166015,-842,1156,-367,561,-457,-628,-138,69,-101,-679,-1028,-684,97,815,-539,64,2,-95,
330005,705788,169383,440217,166672,166015,-847,1172,-351,562,-465,-625,-105,74,-136,-692,-1036,-630,92,815,-573,51,-23,-81,
330005,705788,169383,440217,167060,166015,-833,1158,-374,562,-465,-625,-73,60,-162,-677,-1007,-629,92,815,-573,46,-34,-77,
330005,705788,169383,440217,167060,166038,-889,1183,-331,565,-454,-636,-27,45,-193,-688,-986,-631,91,816,-566,16,-28,-80,
330005,705788,169383,440217,167060,166038,-911,1137,-409,565,-454,-636,42,36,-229,-724,-986,-573,91,816,-566,6,-22,-67,
330005,705788,169383,440217,167060,166038,-891,1072,-368,566,-439,-625,100,22,-262,-664,-978,-633,90,817,-572,15,-14,-70,
213833,705788,169383,440217,167060,166038,-974,1030,-330,573,-438,-633,141,9,-275,-716,-999,-573,90,818,-560,38,15,-68,
213833,772353,169383,440217,167060,166038,-964,968,-342,573,-438,-633,153,11,-278,-692,-1007,-584,88,818,-560,41,28,-63,
213833,772353,169327,440217,167060,166038,-1016,952,-356,574,-439,-638,78,22,-257,-713,-1031,-545,90,817,-561,37,33,-62,
213833,772353,169327,318706,167060,166038,-988,923,-361,574,-439,-638,40,26,-236,-716,-1037,-622,90,817,-561,33,33,-60,
213833,772353,169327,318706,166960,166038,-1018,897,-446,574,-424,-638,17,32,-212,-681,-1037,-597,87,816,-564,34,36,-56,
213833,772353,169327,318706,166960,166222,-963,878,-333,574,-424,-638,-4,28,-183,-710,-1039,-564,87,816,-564,22,44,-51,
213833,772353,169327,318706,166960,166222,-1010,859,-441,575,-424,-639,-23,34,-140,-650,-1024,-649,82,819,-562,16,38,-37,
213833,772353,169327,318706,166960,166222,-946,851,-397,574,-430,-635,-53,39,-98,-675,-1020,-613,82,819,-562,3,36,-32,
246642,772353,169327,318706,166960,166222,-993,860,-452,574,-430,-635,-76,46,-71,-698,-1042,-581,84,820,-552,-8,31,-24,
246642,795515,169327,318706,166960,166222,-1007,892,-413,576,-431,-645,-101,44,-36,-638,-990,-710,82,815,-546,-8,26,-14,
246642,795515,169295,318706,166960,166222,-953,894,-396,576,-431,-645,-108,38,-4,-683,-1015,-637,82,815,-546,-4,20,-13,
246642,795515,169295,357399,166960,166222,-1009,902,-399,576,-427,-629,-101,17,31,-681,-1005,-696,85,818,-549,-1,15,-3,
246642,795515,169295,357399,167046,166222,-1024,884,-416,571,-431,-637,-96,-18,96,-686,-1008,-619,85,818,-549,-4,3,-1,
246642,795515,169295,357399,167046,166204,-1004,878,-433,571,-431,-637,-145,-7,129,-672,-996,-678,84,823,-556,-11,-6,-2,
246642,795515,169295,357399,167046,166204,-1006,931,-313,573,-440,-626,-179,-6,163,-680,-995,-632,84,823,-556,0,-11,-2,
246642,795515,169295,357399,167046,166204,-978,938,-357,573,-440,-626,-206,-1,188,-682,-980,-646,82,824,-556,3,-3,-1,
167644,795515,169295,357399,167046,166204,-971,980,-357,568,-447,-621,-204,11,206,-636,-964,-736,86,819,-555,6,-9,1,
167644,950960,169295,357399,167046,166204,-930,1022,-284,568,-447,-621,-197,11,222,-689,-981,-645,86,819,-555,4,4,9,
167644,950960,169244,357399,167046,166204,-965,1040,-400,568,-451,-631,-181,9,230,-720,-1003,-581,84,816,-552,-4,8,10,
167644,950960,169244,361432,167046,166204,-931,1071,-282,561,-461,-625,-168,8,226,-677,-1005,-587,84,816,-552,15,10,5,
167644,950960,169244,361432,166987,166204,-903,1535,-208,561,-461,-625,-170,11,215,-537,-1056,-601,87,815,-568,18,53,0,
167644,950960,169244,361432,166987,166221,-735,1521,-243,562,-465,-617,-115,16,164,-763,-1001,-661,87,815,-568,-19,48,11,
167644,950960,169244,361432,166987,166221,-950,1004,-304,562,-465,-617,148,-23,19,-706,-1042,-604,85,824,-561,-47,-3,-4,
167644,950960,169244,361432,166987,166221,-968,1002,-417,559,-454,-625,96,-63,7,-720,-978,-628,85,824,-561,-16,8,3,
167214,950960,169244,361432,166987,166221,-872,1091,-352,562,-458,-627,-11,-12,-33,-738,-966,-595,86,818,-563,21,10,3,
167214,1093603,169244,361432,166987,166221,-932,1013,-382,562,-458,-627,-96,45,-51,-694,-979,-666,86,816,-562,50,6,-3,
167214,1093603,169306,361432,166987,166221,-921,1095,-312,564,-459,-626,-182,76,-45,-705,-1014,-596,86,816,-562,46,-8,-3,
167214,1093603,169306,358918,166987,166221,-872,1138,-389,564,-459,-626,-162,83,-47,-667,-996,-631,88,815,-552,37,2,-1,
167214,1093603,169306,358918,167093,166221,-880,1141,-340,559,-460,-637,-68,56,-72,-677,-992,-608,88,815,-552,34,13,-4,
167214,1093603,169306,358918,167093,166113,-891,1092,-309,559,-460,-626,23,31,-87,-679,-985,-640,84,819,-565,23,22,-7,
167214,1093603,169306,358918,167093,166113,-924,1031,-413,561,-457,-626,74,11,-97,-713,-997,-579,84,819,-565,17,21,-5,
167214,1093603,169306,358918,167093,166113,-907,1006,-350,564,-453,-630,72,2,-104,-680,-982,-623,88,824,-563,17,20,-8,
167837,1093603,169306,358918,167093,166113,-917,995,-387,564,-453,-630,44,15,-96,-648,-946,-720,87,818,-564,11,24,-16,
167837,1087465,169306,358918,167093,166113,-941,1003,-462,562,-449,-633,17,15,-88,-701,-957,-618,87,818,-564,11,32,-32,
167837,1087465,169126,358918,167093,166113,-920,1017,-411,562,-449,-633,-15,0,-87,-697,-955,-637,86,819,-550,28,36,-39,
167837,1087465,169126,308285,167093,166113,-958,1012,-416,565,-445,-627,-10,-2,-79,-689,-941,-623,86,819,-550,27,41,-54,
167837,1087465,169126,308285,166931,166113,-937,978,-354,564,-448,-629,-3,-16,-59,-714,-939,-615,82,816,-558,19,44,-65,
167837,1087465,169126,308285,166931,166073,-913,956,-347,564,-448,-629,-15,-19,-44,-712,-928,-609,82,816,-558,18,49,-86,
167837,1087465,169126,308285,166931,166073,-960,943,-325,566,-450,-635,-30,-17,-22,-694,-904,-606,78,826,-548,10,67,-117,
167837,1087465,169126,308285,166931,166073,-985,938,-372,566,-450,-635,-48,-10,-4,-722,-886,-607,78,822,-564,18,72,-171,
167782,1087465,169126,308285,166931,166073,-935,936,-347,564,-446,-628,-74,-2,17,-725,-882,-611,76,822,-564,29,101,-214,
167782,1166953,169126,308285,166931,166073,-885,1017,-153,564,-452,-633,-90,4,35,-617,-1051,-638,69,819,-547,20,105,-182,
167782,1166953,169093,308285,166931,166073,-812,1421,-136,566,-452,-633,-134,52,35,-514,-1498,-680,69,819,-547,-219,3,-115,
167782,1166953,169093,479933,166931,166073,-936,1053,-451,566,-450,-628,-13,80,-27,-696,-1038,-673,72,815,-567,-308,-97,-108,
167782,1166953,169093,479933,167063,166073,-939,1042,-324,566,-450,-628,83,10,-33,-700,-957,-699,72,815,-567,-208,-84,-88,
167782,1166953,169093,479933,167063,166205,-960,1033,-391,563,-446,-619,16,29,-34,-686,-888,-685,67,816,-574,-12,-27,-63,
167782,1166953,169093,479933,167063,166205,-940,1049,-355,563,-446,-619,-48,41,-45,-679,-948,-621,67,816,-574,144,40,-48,
167782,1166953,169093,479933,167063,166205,-926,1059,-323,561,-442,-635,-75,32,-58,-636,-1062,-588,69,824,-571,178,65,-54,
391420,1166953,169093,479933,167063,166205,-965,1023,-378,562,-448,-635,-67,17,-61,-639,-1059,-612,67,816,-556,153,51,-47,
391420,1143387,169093,479933,167063,166205,-913,976,-437,562,-448,-635,-77,13,-55,-665,-1076,-577,67,816,-556,104,32,-32,
391420,1143387,169287,479933,167063,166205,-887,993,-295,565,-448,-627,-82,20,-47,-638,-1069,-647,65,819,-553,40,18,-27,
391420,1143387,169287,410216,167063,166205,-929,1005,-364,565,-448,-627,-83,23,-38,-664,-1026,-617,65,819,-553,0,14,-24,
391420,1143387,169287,410216,167042,166205,-897,1014,-378,562,-442,-635,-71,21,-26,-668,-987,-615,69,823,-560,-21,4,-21,
391420,1143387,169287,410216,167042,166053,-939,1019,-363,563,-447,-627,-53,23,-25,-677,-1011,-642,69,823,-560,-14,7,-17,
391420,1143387,169287,410216,167042,166053,-919,1034,-367,563,-447,-627,-33,27,-21,-661,-999,-667,65,822,-564,-2,13,-18,
391420,1143387,169287,410216,167042,166053,-948,1043,-350,563,-446,-641,-13,32,-11,-674,-1011,-630,65,816,-569,6,6,-32,
577146,1143387,169287,410216,167042,166053,-956,1039,-376,563,-446,-641,-11,22,-12,-638,-1007,-629,65,816,-569,3,9,-25,
577146,1155662,169287,410216,167042,166053,-947,1044,-377,560,-447,-639,-13,17,-19,-661,-1019,-632,62,819,-551,-3,6,-28,
577146,1155662,169301,410216,167042,166053,-950,1028,-406,560,-447,-639,-17,11,-21,-638,-1038,-604,62,819,-551,-7,1,-27,
577146,1155662,169301,422375,167042,166053,-961,1023,-366,560,-439,-641,-23,8,-21,-647,-998,-634,64,815,-560,-25,1,-25,
577146,1155662,169301,422375,166959,166053,-926,1005,-342,561,-452,-636,-38,3,-23,-640,-989,-643,64,815,-560,-39,12,-25,
577146,1155662,169301,422375,166959,166025,-963,1026,-365,561,-452,-636,-50,14,-15,-666,-989,-600,64,819,-567,-46,11,-29,
577146,1155662,169301,422375,166959,166025,-944,1046,-327,564,-456,-631,-58,24,-15,-648,-981,-681,64,819,-567,-28,22,-34,
577146,1155662,169301,422375,166959,166025,-930,1055,-392,564,-456,-631,-77,32,-16,-702,-1024,-597,63,815,-564,-21,25,-29,
525597,1155662,169301,422375,166959,166025,-971,1070,-342,558,-439,-629,-80,41,-24,-680,-1000,-639,62,812,-571,-10,9,-34,
525597,1180707,169301,422375,166959,166025,-914,1054,-396,562,-446,-630,-72,38,-32,-684,-989,-658,62,812,-571,-2,5,-41,
525597,1180707,169311,422375,166959,166025,-959,1062,-345,562,-446,-630,-65,33,-37,-682,-966,-622,59,810,-567,14,14,-56,
525597,1180707,169311,405549,166959,166025,-939,1052,-351,557,-448,-631,-79,30,-49,-676,-955,-639,59,810,-567,30,21,-62,
525597,1180707,169311,405549,167075,166025,-928,1080,-339,557,-448,-631,-86,29,-61,-671,-962,-616,58,819,-556,36,27,-77,
525597,1180707,169311,405549,167075,166172,-897,1064,-345,562,-448,-642,-95,36,-79,-699,-961,-651,58,819,-556,37,28,-96,
525597,1180707,169311,405549,167075,166172,-918,1087,-369,562,-448,-642,-95,45,-92,-713,-963,-637,58,821,-565,64,11,-109,
525597,1180707,169311,405549,167075,166172,-919,1087,-312,559,-443,-634,-80,49,-102,-684,-970,-646,56,820,-553,95,16,-121,
571125,1180707,169311,405549,167075,166172,-927,1079,-391,562,-449,-635,-65,37,-114,-661,-986,-634,56,820,-553,114,24,-128,
571125,1153667,169311,405549,167075,166172,-892,776,-363,562,-449,-635,-61,35,-121,-637,-1017,-625,56,820,-547,92,18,-139,
571125,1153667,169294,405549,167075,166172,-898,1001,-313,561,-444,-634,-78,43,-125,-646,-1057,-575,56,820,-547,73,5,-143,
571125,1153667,169294,192346,167075,166172,-940,988,-419,561,-444,-634,-74,44,-112,-589,-1060,-709,50,818,-555,48,6,-134,
571125,1153667,169294,192346,167055,166172,-943,977,-324,561,-444,-638,-79,45,-99,-618,-1106,-642,50,818,-555,23,15,-124,
571125,1153667,169294,192346,167055,166129,-956,979,-415,562,-443,-640,-67,41,-78,-623,-1129,-587,45,826,-553,23,10,-109,
571125,1153667,169294,192346,167055,166129,-925,978,-344,562,-443,-640,-54,24,-62,-601,-1108,-661,50,818,-559,11,-13,-55,
571125,1153667,169294,192346,167055,166129,-940,975,-372,560,-446,-631,-50,14,-58,-626,-1100,-641,50,818,-559,10,-3,-33,
565858,1153667,169294,192346,167055,166129,-972,982,-386,560,-446,-631,-44,1,-41,-643,-1087,-585,49,817,-560,41,5,-6,
565858,1162763,169294,192346,167055,166129,-979,1020,-331,554,-439,-634,-39,0,-30,-625,-1031,-633,49,817,-560,66,14,5,
565858,1162763,169378,192346,167055,166129,-954,1012,-323,559,-440,-637,-31,2,-26,-629,-1010,-624,51,823,-553,72,29,7,
565858,1162763,169378,167212,167055,166129,-950,1021,-369,559,-440,-637,-24,-7,-22,-640,-1009,-623,51,823,-553,54,33,4,
565858,1162763,169378,167212,167106,166129,-908,1024,-316,557,-445,-636,-29,-16,-15,-647,-1028,-620,46,831,-556,32,27,3,
565858,1162763,169378,167212,167106,166208,-927,1031,-425,557,-445,-636,-34,-18,-15,-659,-1042,-591,46,816,-554,8,24,2,
565858,1162763,169378,167212,167106,166208,-921,1030,-328,559,-443,-636,-16,3,-14,-629,-1006,-694,43,816,-554,-10,22,-9,
565858,1162763,169378,167212,167106,166208,-937,1033,-358,559,-443,-636,-22,-1,-14,-645,-1015,-650,49,816,-539,-27,7,-17,
644221,1162763,169378,167212,167106,166208,-925,1031,-436,561,-440,-638,-25,6,-22,-644,-1015,-615,49,816,-539,-33,-2,-17,
644221,1168243,169378,167212,167106,166208,-952,1044,-371,560,-444,-638,-27,12,-33,-656,-1030,-654,48,818,-565,-26,-10,-18,
644221,1168243,169373,167212,167106,166208,-924,1042,-282,560,-444,-638,-39,8,-41,-635,-1013,-637,48,818,-565,-10,-9,-11,
644221,1168243,169373,167290,167106,166208,-991,1023,-416,563,-448,-635,-45,10,-43,-642,-1019,-650,48,821,-559,5,5,-11,
644221,1168243,169373,167290,167053,166208,-964,1036,-319,563,-448,-635,-66,9,-46,-629,-1027,-650,48,821,-559,17,-2,-12,
644221,1168243,169373,167290,167053,166316,-970,1019,-404,562,-436,-643,-76,8,-40,-640,-1038,-608,47,829,-543,11,2,-6,
644221,1168243,169373,167290,167053,166316,-925,1025,-298,561,-442,-638,-71,5,-41,-685,-1062,-544,50,818,-546,15,-4,-7,
644221,1168243,169373,167290,167053,166316,-963,1015,-377,561,-442,-638,-59,0,-38,-620,-1024,-651,50,818,-546,22,2,-8,
660778,1168243,169373,167290,167053,166316,-940,1003,-321,558,-446,-637,-42,1,-33,-699,-793,-647,48,821,-555,23,6,-8,
660778,1178402,169373,167290,167053,166316,-944,1020,-355,558,-446,-637,-26,6,-29,-682,-1043,-563,48,821,-555,30,2,-10,
660778,1178402,169403,167290,167053,166316,-929,1014,-338,560,-439,-649,-23,8,-31,-626,-1014,-652,46,831,-553,19,12,-16,
660778,1178402,169403,167277,167053,166316,-960,1025,-378,560,-439,-649,-18,8,-27,-667,-1043,-583,46,831,-553,1,3,-20,
660778,1178402,169403,167277,167153,166316,-901,1039,-390,562,-439,-638,-24,7,-25,-639,-1028,-662,47,824,-537,-6,11,-14,
660778,1178402,169403,167277,167153,166240,-951,1048,-321,563,-447,-635,-32,1,-26,-668,-1030,-614,49,821,-550,0,5,-8,
660778,1178402,169403,167277,167153,166240,-908,1065,-293,563,-447,-635,-32,0,-27,-676,-1032,-590,49,821,-550,4,-1,-12,
660778,1178402,169403,167277,167153,166240,-935,1013,-448,560,-445,-635,-44,-3,-34,-651,-1034,-629,48,820,-531,19,5,-10,
564983,1178402,169403,167277,167153,166240,-938,1035,-353,560,-445,-635,-55,-2,-45,-673,-1023,-625,48,820,-531,27,-2,-8,
564983,1036220,169403,167277,167153,166240,-928,1022,-312,561,-443,-641,-59,-4,-51,-646,-1035,-661,49,822,-553,36,-1,-9,
564983,1036220,169245,167277,167153,166240,-928,1027,-308,562,-445,-637,-63,-11,-48,-653,-1027,-598,49,822,-553,35,5,-9,
564983,1036220,169245,167360,167153,166240,-980,1015,-397,562,-445,-637,-59,-11,-44,-645,-1027,-593,44,826,-555,32,4,-9,
564983,1036220,169245,167360,167078,166240,-939,1003,-319,560,-445,-641,-49,-4,-40,-641,-1029,-619,44,826,-555,32,5,-6,
564983,1036220,169245,167360,167078,166270,-931,1002,-367,560,-445,-641,-43,-2,-37,-639,-1023,-627,49,820,-544,27,13,-12,
564983,1036220,169245,167360,167078,166270,-954,1021,-393,561,-442,-637,-39,-4,-24,-643,-1031,-632,50,818,-546,19,24,-13,
564983,1036220,169245,167360,167078,166270,-929,1015,-379,561,-442,-637,-33,1,-22,-649,-1028,-612,50,818,-546,8,10,-15,
599595,1036220,169245,167360,167078,166270,-936,1038,-299,560,-441,-635,-28,4,-18,-649,-1041,-621,51,820,-554,10,6,-11,
599595,937599,169245,167360,167078,166270,-945,1015,-405,560,-443,-631,-15,7,-14,-665,-1039,-586,51,820,-554,9,8,-9,
599595,937599,169051,167360,167078,166270,-912,1023,-348,560,-443,-631,-7,2,-13,-651,-1035,-623,45,826,-558,16,-2,-7,
599595,937599,169051,167285,167078,166270,-924,1027,-410,562,-443,-642,-15,-9,-16,-641,-1031,-653,45,826,-558,22,14,-6,
599595,937599,169051,167285,167091,166270,-932,1028,-300,562,-443,-642,-31,-12,-22,-668,-1027,-584,46,822,-563,21,17,-7,
599595,937599,169051,167285,167091,166252,-948,1031,-390,560,-437,-653,-50,-8,-35,-668,-1045,-590,46,822,-554,16,8,-3,
599595,937599,169051,167285,167091,166252,-962,1036,-400,561,-445,-636,-45,-6,-34,-659,-1024,-622,46,822,-554,21,6,-10,
599595,937599,169051,167285,167091,166252,-906,997,-407,561,-445,-636,-41,-5,-32,-644,-1011,-628,48,823,-554,20,8,-14,
557802,937599,169051,167285,167091,166252,-921,1007,-322,564,-441,-640,-31,7,-32,-629,-1017,-625,48,823,-554,17,7,-9,
557802,903295,169051,167285,167091,166252,-975,1012,-462,564,-441,-640,-34,15,-31,-646,-1029,-614,47,823,-550,14,9,-14,
557802,903295,169176,167285,167091,166252,-907,1027,-369,557,-444,-634,-51,12,-29,-628,-1025,-635,47,823,-550,13,13,-14,
557802,903295,169176,166982,167091,166252,-912,1024,-362,557,-444,-649,-53,14,-33,-639,-1031,-626,48,829,-542,14,19,-17,
557802,903295,169176,166982,166953,166252,-951,1031,-387,560,-447,-649,-50,14,-28,-635,-1046,-614,48,824,-545,16,16,-18,
557802,903295,169176,166982,166953,166245,-957,1025,-340,561,-447,-638,-63,7,-29,-625,-1025,-673,49,824,-545,13,7,-9,
557802,903295,169176,166982,166953,166245,-933,1032,-391,561,-447,-638,-66,2,-38,-644,-1023,-644,43,823,-558,10,-9,-6,
557802,903295,169176,166982,166953,166245,-899,1024,-366,562,-448,-638,-59,-5,-38,-655,-1020,-634,43,823,-558,6,-2,-15,
575314,903295,169176,166982,166953,166245,-950,1016,-415,562,-448,-638,-46,-7,-42,-652,-1029,-589,49,823,-548,15,-3,-16,
575314,937835,169176,166982,166953,166245,-948,1024,-301,559,-439,-640,-37,-4,-41,-655,-1032,-613,49,823,-548,11,-5,-13,
575314,937835,169305,166982,166953,166245,-952,1020,-378,559,-443,-636,-37,-5,-43,-636,-1026,-609,47,824,-553,7,-3,-14,
575314,937835,169305,166153,166953,166245,-885,989,-341,559,-443,-636,-38,0,-33,-641,-1023,-622,47,824,-553,2,1,-18,
575314,937835,169305,166153,166660,166245,-939,1028,-288,560,-443,-632,-34,12,-29,-665,-1024,-585,47,827,-571,-3,7,-14,
575314,937835,169305,166153,166660,165934,-959,1023,-395,560,-443,-632,-47,14,-26,-646,-1035,-614,45,821,-550,6,3,-12,
575314,937835,169305,166153,166660,165934,-952,1031,-414,562,-437,-631,-52,10,-29,-614,-1018,-677,45,821,-550,2,8,-14,
575314,937835,169305,166153,166660,165934,-967,1033,-320,559,-436,-638,-55,6,-30,-665,-1051,-606,48,818,-543,-6,10,-15,
571726,937835,169305,166153,166660,165934,-960,1014,-412,559,-436,-638,-43,6,-29,-643,-1023,-655,48,818,-543,-4,2,-14,
571726,942077,169305,166153,166660,165934,-900,1017,-352,563,-447,-640,-41,-2,-30,-660,-1033,-592,49,827,-550,7,2,-11,
571726,942077,169155,166153,166660,165934,-922,1032,-287,563,-447,-640,-36,4,-31,-624,-1020,-653,49,827,-550,12,7,-8,
571726,942077,169155,167297,166660,165934,-939,1018,-346,562,-440,-642,-35,4,-29,-667,-1035,-570,45,828,-551,13,8,-6,
571726,942077,169155,167297,166901,165934,-956,1033,-361,562,-440,-642,-37,4,-29,-657,-1042,-611,48,823,-544,9,15,-6,
571726,942077,169155,167297,166901,165870,-939,1024,-410,561,-442,-636,-44,-8,-36,-626,-1028,-665,48,823,-544,9,4,-12,
571726,942077,169155,167297,166901,165870,-937,1036,-363,559,-446,-636,-46,-15,-35,-664,-1052,-611,49,822,-554,16,-4,-7,
571726,942077,169155,167297,166901,165870,-958,1044,-366,559,-446,-636,-44,-1,-37,-664,-1035,-616,49,822,-554,23,-3,-12,
564167,942077,169155,167297,166901,165870,-998,1025,-433,561,-444,-643,-46,-2,-35,-669,-1035,-589,47,824,-555,26,9,-12,
564167,916707,169155,167297,166901,165870,-937,1027,-310,561,-444,-643,-47,-3,-38,-630,-1023,-651,47,824,-555,25,-2,-8,
564167,916707,169352,167297,166901,165870,-976,1011,-406,560,-437,-633,-45,2,-41,-663,-1031,-567,47,831,-546,18,5,-18,
564167,916707,169352,167315,166901,165870,-921,1009,-350,560,-440,-629,-37,4,-41,-687,-1049,-527,47,831,-546,14,11,-10,
564167,916707,169352,167315,167243,165870,-965,1022,-388,560,-440,-629,-45,6,-39,-679,-1041,-547,50,826,-539,10,-2,-9,
564167,916707,169352,167315,167243,166093,-936,1036,-445,562,-444,-638,-49,12,-32,-597,-1001,-704,51,825,-551,7,5,-12,
564167,916707,169352,167315,167243,166093,-963,1027,-343,562,-444,-638,-49,10,-31,-651,-1037,-595,51,825,-551,12,19,-14,
564167,916707,169352,167315,167243,166093,-925,1030,-295,560,-438,-635,-50,7,-29,-624,-1036,-660,53,822,-539,10,11,-17,
573413,916707,169352,167315,167243,166093,-942,1027,-356,560,-438,-635,-49,1,-22,-631,-1018,-652,53,822,-539,11,10,-9,
573413,890905,169352,167315,167243,166093,-968,1039,-355,563,-439,-645,-51,0,-27,-624,-1035,-617,47,831,-544,17,4,-4,
573413,890905,169297,167315,167243,166093,-931,1023,-375,562,-447,-637,-49,0,-30,-644,-1021,-626,47,831,-544,9,2,-6,
573413,890905,169297,167319,167243,166093,-934,1260,-359,562,-447,-637,-50,0,-32,-635,-1031,-626,46,829,-549,17,13,-11,
573413,890905,169297,167319,167202,166093,-937,1018,-395,563,-442,-639,-49,0,-28,-666,-1041,-599,51,824,-547,11,15,-11,
573413,890905,169297,167319,167202,166175,-945,1019,-367,563,-442,-639,-49,-7,-25,-624,-1015,-660,51,824,-547,18,11,-10,
573413,890905,169297,167319,167202,166175,-909,1031,-346,562,-444,-642,-51,0,-26,-690,-1057,-544,49,825,-557,23,11,-5,
573413,890905,169297,167319,167202,166175,-935,1032,-383,562,-443,-639,-40,4,-36,-692,-1061,-532,49,825,-557,24,-4,-8,
569866,890905,169297,167319,167202,166175,-939,1023,-391,562,-443,-639,-43,-7,-34,-674,-1039,-562,49,825,-546,40,2,-6,
569866,858646,169297,167319,167202,166175,-946,997,-402,563,-448,-636,-50,-7,-42,-627,-1028,-657,49,825,-546,43,12,-1,
569866,858646,169202,167319,167202,166175,-943,1016,-358,563,-448,-636,-46,-5,-35,-658,-1044,-557,49,831,-538,30,8,-5,
569866,858646,169202,167211,167202,166175,-975,1021,-382,563,-441,-639,-45,-3,-37,-620,-1032,-633,49,827,-549,23,12,-10,
569866,858646,169202,167211,167091,166175,-951,993,-422,563,-441,-639,-41,5,-37,-626,-1033,-634,50,827,-549,10,14,-17,
569866,858646,169202,167211,167091,166047,-922,1003,-339,565,-440,-636,-48,10,-31,-653,-1045,-590,47,826,-537,10,11,-10,
569866,858646,169202,167211,167091,166047,-936,1025,-364,563,-445,-637,-47,5,-24,-625,-1032,-609,47,826,-537,-2,13,-10,
569866,858646,169202,167211,167091,166047,-904,1040,-354,563,-445,-637,-50,5,-23,-645,-1029,-616,49,823,-554,-1,14,-14,
579354,858646,169202,167211,167091,166047,-912,1021,-324,563,-442,-636,-45,5,-26,-653,-1027,-617,49,823,-554,6,19,-20,
579354,865006,169202,167211,167091,166047,-949,1032,-372,563,-442,-636,-33,8,-29,-636,-1033,-660,47,827,-543,18,9,-13,
579354,865006,169355,167211,167091,166047,-979,1047,-357,558,-437,-638,-36,5,-35,-643,-1052,-603,47,827,-543,21,8,-8,
579354,865006,169355,167278,167091,166047,-920,1020,-378,561,-443,-639,-36,-4,-36,-646,-1042,-590,52,830,-532,18,-9,-11,
579354,865006,169355,167278,167001,166047,-955,1020,-454,561,-443,-639,-43,-3,-32,-632,-1035,-609,51,826,-539,14,-5,-2,
579354,865006,169355,167278,167001,166209,-965,1019,-437,561,-444,-633,-51,0,-31,-623,-1028,-658,51,826,-539,18,-9,-3,
579354,865006,169355,167278,167001,166209,-924,1021,-311,561,-444,-633,-43,1,-38,-646,-1040,-634,52,823,-533,11,-17,3,
579354,865006,169355,167278,167001,166209,-906,1009,-391,560,-444,-635,-26,7,-26,-642,-1040,-635,52,823,-533,7,-22,8,
460677,865006,169355,167278,167001,166209,-906,1036,-227,560,-444,-638,-8,1,-21,-648,-1040,-607,49,832,-545,2,-30,0,
460677,929540,169355,167278,167001,166209,-982,1037,-385,560,-444,-638,21,-6,-18,-648,-1047,-608,49,832,-545,-4,-42,-1,
460677,929540,169355,167278,167001,166209,-917,981,-321,565,-439,-637,50,-19,-13,-610,-1036,-644,52,831,-552,15,-36,15,
460677,929540,169355,167231,167001,166209,-929,1000,-406,565,-439,-637,47,-19,-4,-662,-1045,-541,51,828,-546,28,-14,19,
460677,929540,169355,167231,167228,166209,-950,1021,-414,564,-439,-641,42,-20,-3,-624,-1030,-615,51,828,-546,13,-1,17,
460677,929540,169355,167231,167228,166186,-938,1029,-327,564,-439,-641,35,-20,0,-633,-1025,-609,52,824,-539,0,4,15,
460677,929540,169355,167231,167228,166186,-970,1017,-480,565,-432,-639,-4,-15,-4,-657,-1006,-607,52,824,-539,0,7,17,
460677,929540,169355,167231,167228,166186,-913,1023,-380,561,-441,-645,-30,-17,-9,-674,-1026,-589,54,827,-548,24,16,11,
513972,929540,169355,167231,167228,166186,-930,1058,-295,561,-441,-645,-41,-14,-8,-682,-1027,-585,54,827,-548,32,21,14,
513972,933857,169355,167231,167228,166186,-940,1041,-343,563,-441,-635,-54,-6,-16,-639,-1026,-626,51,841,-544,32,20,8,
513972,933857,169144,167231,167228,166186,-919,1022,-386,563,-441,-635,-64,-3,-20,-655,-1025,-617,51,841,-544,28,21,9,
513972,933857,169144,167289,167228,166186,-913,1025,-392,562,-436,-645,-71,8,-26,-672,-1021,-592,55,827,-534,37,13,10,
513972,933857,169144,167289,167087,166186,-947,1034,-369,562,-434,-643,-73,8,-27,-664,-1026,-595,53,829,-551,32,9,7,
513972,933857,169144,167289,167087,166268,-926,1023,-271,563,-434,-643,-68,9,-25,-658,-1020,-617,53,829,-551,28,8,6,
513972,933857,169144,167289,167087,166268,-939,1025,-390,562,-441,-638,-74,2,-25,-654,-1027,-578,55,828,-543,26,13,1,
513972,933857,169144,167289,167087,166268,-934,1034,-330,562,-441,-638,-81,1,-22,-607,-999,-683,55,828,-543,9,15,-5,
517402,933857,169144,167289,167087,166268,-944,1011,-446,561,-441,-644,-75,10,-32,-672,-1034,-565,53,833,-533,8,16,-15,
517402,901945,169144,167289,167087,166268,-945,1031,-342,561,-441,-644,-67,10,-28,-648,-1033,-632,53,833,-533,4,16,-15,
517402,901945,169421,167289,167087,166268,-924,1032,-360,561,-439,-629,-59,2,-31,-673,-1024,-621,52,831,-538,8,15,-12,
517402,901945,169421,167431,167087,166268,-915,1032,-388,564,-443,-639,-45,-5,-37,-658,-1043,-602,55,831,-535,13,1,-9,
517402,901945,169421,167431,167015,166268,-906,1041,-291,564,-443,-639,-38,-9,-35,-659,-1008,-614,55,831,-535,23,6,-12,
517402,901945,169421,167431,167015,166275,-927,1028,-350,565,-441,-638,-40,-2,-37,-632,-1011,-667,54,826,-548,30,7,-13,
517402,901945,169421,167431,167015,166275,-905,1005,-386,565,-441,-638,-36,3,-39,-665,-1041,-584,54,826,-548,20,10,-16,
517402,901945,169421,167431,167015,166275,-972,1041,-388,563,-432,-644,-36,9,-36,-627,-1025,-638,52,832,-542,24,7,-17,
501650,901945,169421,167431,167015,166275,-935,1031,-372,562,-436,-643,-37,14,-30,-673,-1048,-586,52,832,-542,3,3,-20,
501650,893318,169421,167431,167015,166275,-933,1026,-397,562,-436,-643,-46,14,-33,-635,-1027,-634,57,838,-552,-1,9,-21,
501650,893318,169316,167431,167015,166275,-934,1014,-358,562,-441,-639,-54,11,-32,-680,-1026,-580,57,829,-533,-1,6,-18,
501650,893318,169316,167248,167015,166275,-977,1050,-415,562,-441,-639,-59,15,-29,-657,-1029,-611,52,829,-533,-1,-1,-20,
501650,893318,169316,167248,166864,166275,-937,1038,-357,562,-435,-645,-54,18,-40,-639,-1032,-622,53,829,-532,7,-3,-15,
501650,893318,169316,167248,166864,166191,-903,1016,-411,562,-435,-645,-50,18,-38,-645,-1024,-618,53,829,-532,10,-5,-19,
501650,893318,169316,167248,166864,166191,-956,1049,-334,563,-437,-641,-44,17,-40,-624,-1018,-651,54,826,-532,17,-2,-18,
501650,893318,169316,167248,166864,166191,-923,1010,-381,563,-440,-642,-46,13,-36,-640,-1033,-609,54,826,-532,20,12,-20,
533558,893318,169316,167248,166864,166191,-933,1014,-447,563,-440,-642,-50,13,-36,-657,-1044,-578,52,829,-541,14,14,-19,
533558,913846,169316,167248,166864,166191,-923,1024,-305,562,-445,-640,-49,7,-27,-651,-1044,-618,52,829,-541,10,13,-13,
533558,913846,169417,167248,166864,166191,-968,1052,-350,562,-445,-640,-49,0,-25,-649,-1047,-640,55,838,-540,2,6,-11,
533558,913846,169417,167344,166864,166191,-941,1039,-363,560,-432,-636,-54,-5,-33,-640,-1046,-621,51,828,-543,-5,4,-8,
533558,913846,169417,167344,167028,166191,-894,1007,-352,560,-436,-635,-53,-10,-37,-669,-1042,-567,51,828,-543,5,0,-6,
533558,913846,169417,167344,167028,165958,-936,1018,-407,560,-436,-635,-49,-4,-40,-654,-1027,-593,56,827,-540,11,-3,-7,
533558,913846,169417,167344,167028,165958,-925,1023,-339,559,-441,-631,-35,1,-37,-666,-1023,-602,56,827,-540,29,4,-12,
533558,913846,169417,167344,167028,165958,-937,1040,-375,559,-441,-631,-24,13,-34,-645,-1021,-620,51,836,-544,42,8,-14,
452494,913846,169417,167344,167028,165958,-904,1016,-308,560,-438,-636,-25,16,-33,-655,-1021,-598,51,836,-544,28,0,-14,
452494,918612,169417,167344,167028,165958,-951,1024,-380,560,-438,-636,-31,15,-30,-614,-1018,-651,51,837,-533,35,3,-17,
452494,918612,169319,167344,167028,165958,-961,1018,-411,563,-437,-642,-45,6,-34,-643,-1045,-599,52,830,-542,37,8,-19,
452494,918612,169319,167449,167028,165958,-945,1011,-367,563,-440,-643,-46,7,-33,-640,-1048,-602,52,830,-542,15,11,-10,
452494,918612,169319,167449,166984,165958,-947,1035,-303,563,-440,-643,-49,-1,-29,-662,-1039,-592,59,828,-532,6,12,-8,
452494,918612,169319,167449,166984,166213,-939,1025,-401,564,-442,-627,-52,0,-31,-622,-1044,-570,59,828,-532,-6,4,-4,
452494,918612,169319,167449,166984,166213,-914,1022,-389,564,-442,-627,-54,-5,-36,-642,-1014,-667,53,827,-547,4,16,-8,
452494,918612,169319,167449,166984,166213,-913,1011,-396,560,-438,-633,-41,-3,-29,-649,-1020,-623,53,827,-547,15,9,-10,
473000,918612,169319,167449,166984,166213,-858,1012,-340,565,-441,-639,-32,0,-23,-661,-1029,-597,52,840,-527,30,12,-12,
473000,890217,169319,167449,166984,166213,-922,1027,-357,565,-441,-639,-37,7,-30,-661,-1021,-595,52,840,-527,29,3,-13,
473000,890217,169383,167449,166984,166213,-928,1015,-384,564,-443,-638,-26,20,-29,-625,-1025,-651,50,832,-539,17,6,-16,
473000,890217,169383,167385,166984,166213,-975,1007,-541,564,-443,-638,-36,22,-26,-652,-1039,-598,54,830,-536,13,1,-13,
473000,890217,169383,167385,167168,166213,-937,1065,-248,563,-440,-653,-40,18,-29,-647,-1032,-619,54,830,-536,1,-2,-19,
473000,890217,169383,167385,167168,166223,-970,1039,-459,563,-440,-640,-48,5,-41,-656,-1033,-595,57,830,-547,-7,-4,-17,
473000,890217,169383,167385,167168,166223,-927,1029,-325,561,-442,-640,-52,8,-39,-656,-1037,-611,57,830,-547,-10,5,-11,
473000,890217,169383,167385,167168,166223,-920,994,-378,562,-440,-638,-57,8,-37,-636,-1028,-634,57,829,-549,-7,2,-10,
497685,890217,169383,167385,167168,166223,-926,1038,-277,562,-440,-638,-55,5,-36,-655,-1031,-607,57,829,-549,4,1,-11,
497685,925980,169383,167385,167168,166223,-933,1014,-381,561,-440,-638,-50,1,-37,-645,-1033,-612,55,831,-523,7,6,-11,
497685,925980,169244,167385,167168,166223,-935,1010,-390,561,-440,-638,-43,-2,-31,-651,-1027,-621,55,829,-549,10,5,-15,
497685,925980,169244,167429,167168,166223,-923,1025,-332,563,-438,-638,-40,4,-31,-663,-1016,-581,55,829,-549,1,5,-16,
497685,925980,169244,167429,167179,166223,-929,1018,-345,563,-447,-637,-46,6,-29,-659,-1034,-600,53,829,-538,-11,-3,-19,
497685,925980,169244,167429,167179,166194,-930,1022,-367,563,-447,-637,-43,14,-28,-652,-1022,-635,53,829,-538,1,6,-19,
497685,925980,169244,167429,167179,166194,-930,1036,-341,561,-441,-638,-41,15,-24,-618,-1034,-644,52,829,-537,4,10,-18,
497685,925980,169244,167429,167179,166194,-937,1043,-353,561,-441,-638,-41,14,-27,-651,-1032,-611,52,829,-537,-4,10,-14,
510926,925980,169244,167429,167179,166194,-918,1021,-404,564,-439,-644,-39,8,-36,-642,-1037,-603,54,839,-541,15,5,-16,
510926,918614,169244,167429,167179,166194,-928,1048,-338,564,-441,-640,-47,3,-40,-670,-1045,-588,54,831,-550,15,-2,-16,
510926,918614,169332,167429,167179,166194,-968,1047,-370,561,-441,-640,-47,-1,-39,-651,-1040,-594,56,831,-550,18,-6,-14,
510926,918614,169332,167419,167179,166194,-931,1024,-396,562,-441,-641,-41,-10,-35,-656,-1041,-599,55,831,-550,25,-1,-10,
510926,918614,169332,167419,167127,166194,-938,1011,-354,562,-441,-641,-43,-6,-37,-661,-1049,-605,55,831,-550,23,4,-15,
510926,918614,169332,167419,167127,166223,-894,999,-344,564,-439,-636,-51,-10,-33,-640,-1041,-586,53,832,-546,27,12,-12,
510926,918614,169332,167419,167127,166223,-961,998,-400,564,-439,-636,-60,-14,-28,-615,-1057,-640,53,832,-546,17,8,-5,
510926,918614,169332,167419,167127,166223,-954,989,-336,560,-434,-648,-81,4,-25,-645,-1056,-563,51,833,-544,-2,4,3,
167545,918614,169332,167419,167127,166223,-951,1011,-428,562,-442,-644,-88,8,-21,-638,-1024,-618,51,833,-544,-17,3,4,
167545,855365,169332,167419,167127,166223,-897,1014,-304,562,-442,-644,-83,11,-21,-629,-1002,-655,55,841,-541,-11,12,-3,
167545,855365,169144,167419,167127,166223,-891,1023,-375,563,-439,-637,-64,13,-19,-654,-1014,-589,54,829,-533,3,12,-2,
167545,855365,169144,167287,167127,166223,-955,1033,-417,563,-439,-637,-46,12,-14,-621,-1018,-658,54,829,-533,15,14,-2,
167545,855365,169144,167287,167028,166223,-919,1011,-347,561,-436,-635,-41,13,-16,-641,-1048,-641,53,830,-536,17,4,0,
167545,855365,169144,167287,167028,166110,-914,1035,-340,562,-442,-631,-47,16,-10,-626,-1063,-631,53,830,-536,9,-10,3,
167545,855365,169144,167287,167028,166110,-963,1034,-336,562,-442,-631,-50,15,-14,-632,-1033,-680,54,835,-539,-20,-40,4,
167545,855365,169144,167287,167028,166110,-942,1024,-395,561,-441,-632,-65,14,-22,-657,-1023,-606,54,835,-539,-34,-60,11,
197461,855365,169144,167287,167028,166110,-936,1046,-407,561,-441,-632,-56,9,-19,-677,-1002,-619,56,833,-523,-35,-56,7,
197461,850983,169144,167287,167028,166110,-896,1060,-382,560,-438,-647,-45,6,-23,-672,-985,-646,54,833,-535,-10,-45,-2,
197461,850983,169141,167287,167028,166110,-894,1079,-286,560,-438,-647,-40,5,-29,-687,-1014,-631,54,833,-535,2,-37,-7,
197461,850983,169141,167249,167028,166110,-963,1089,-444,560,-434,-642,-45,-6,-49,-677,-1011,-682,58,827,-549,-10,-26,29,
197461,850983,169141,167249,167196,166110,-910,1065,-355,563,-439,-638,-60,-7,-62,-657,-928,-631,58,827,-549,-35,10,34,
197461,850983,169141,167249,167196,166187,-952,1091,-360,563,-439,-638,-71,-3,-72,-687,-898,-697,60,830,-546,-12,30,27,
197461,850983,169141,167249,167196,166187,-903,1070,-244,564,-443,-644,-50,8,-88,-690,-897,-699,60,830,-546,24,49,3,
197461,850983,169141,167249,167196,166187,-929,1089,-353,564,-443,-644,-24,15,-93,-664,-930,-714,60,841,-536,52,47,-13,
198352,850983,169141,167249,167196,166187,-920,1082,-286,563,-432,-638,21,11,-104,-735,-974,-609,60,841,-536,66,55,-16,
198352,868993,169141,167249,167196,166187,-916,1059,-365,563,-435,-640,59,3,-118,-705,-968,-625,57,829,-533,80,89,-7,
198352,868993,169104,167249,167196,166187,-935,1035,-529,563,-435,-640,80,-6,-143,-709,-982,-597,60,828,-532,93,117,-2,
198352,868993,169104,167253,167196,166187,-888,1072,-377,565,-434,-649,67,-2,-157,-689,-1005,-590,60,828,-532,107,151,1,
198352,868993,169104,167253,167066,166187,-964,1059,-494,565,-434,-649,41,-1,-173,-705,-1056,-581,57,832,-542,139,164,18,
198352,868993,169104,167253,167066,166250,-921,1040,-427,569,-425,-642,27,0,-195,-700,-1124,-547,57,832,-542,162,182,32,
198352,868993,169104,167253,167066,166250,-958,1031,-379,569,-425,-642,19,-8,-191,-681,-1159,-568,56,839,-523,147,173,54,
198352,868993,169104,167253,167066,166250,-942,984,-392,570,-423,-637,6,-24,-184,-675,-1211,-552,56,839,-523,113,162,98,
420807,868993,169104,167253,167066,166250,-950,945,-427,572,-421,-642,-25,-34,-153,-673,-1149,-543,53,842,-517,56,146,153,
420807,882421,169104,167253,167066,166250,-985,1044,-341,572,-421,-642,-51,-16,-138,-705,-1019,-533,57,834,-527,27,123,175,
420807,882421,169357,167253,167066,166250,-851,1014,-365,574,-422,-645,-35,-8,-131,-691,-1016,-552,57,834,-527,79,121,176,
420807,882421,169357,167203,167066,166250,-976,1008,-475,574,-422,-645,-4,-11,-126,-694,-1082,-545,59,837,-537,100,135,176,
420807,882421,169357,167203,166511,166250,-902,1008,-298,572,-415,-635,28,-25,-132,-670,-1047,-572,59,837,-537,77,128,190,
420807,882421,169357,167203,166511,166114,-948,1003,-387,575,-414,-643,19,-20,-113,-688,-1049,-589,61,846,-524,54,126,199,
420807,882421,169357,167203,166511,166114,-956,1027,-378,575,-414,-643,11,-19,-110,-702,-1056,-586,61,846,-524,60,116,208,
420807,882421,169357,167203,166511,166114,-945,1018,-397,576,-415,-639,10,-24,-108,-690,-1068,-599,64,847,-519,59,102,227,
524768,882421,169357,167203,166511,166114,-945,1003,-386,576,-415,-639,29,-42,-90,-709,-1067,-592,64,843,-508,49,91,254,
524768,758575,169357,167203,166511,166114,-925,999,-322,576,-408,-640,58,-50,-80,-742,-1098,-562,71,843,-508,52,80,285,
524768,758575,169364,167203,166511,166114,-962,1023,-291,576,-408,-643,73,-53,-75,-692,-1110,-608,81,840,-521,14,56,326,
524768,758575,169364,167381,166511,166114,-955,943,-391,576,-405,-643,76,-53,-79,-699,-1115,-548,81,840,-521,-44,46,371,
524768,758575,169364,167381,167048,166114,-955,946,-368,582,-405,-649,71,-55,-59,-675,-1037,-635,88,839,-523,-66,44,404,
524768,758575,169364,167381,167048,166086,-955,950,-337,582,-405,-649,72,-49,-42,-720,-1030,-526,88,839,-523,-54,39,429,
524768,758575,169364,167381,167048,166086,-1017,975,-286,579,-404,-641,50,-46,-29,-619,-984,-645,92,839,-532,-40,41,437,
524768,758575,169364,167381,167048,166086,-1003,943,-384,579,-404,-641,15,-28,-40,-658,-973,-581,92,839,-532,-40,38,417,
632397,758575,169364,167381,167048,166086,-1054,926,-497,580,-400,-638,-76,-1,-40,-610,-976,-587,102,845,-514,-45,37,381,
632397,526191,169364,167381,167048,166086,-1050,939,-439,585,-406,-645,-127,4,-45,-640,-988,-552,110,832,-519,-54,35,349,
632397,526191,169399,167381,167048,166086,-1050,945,-427,585,-406,-645,-153,1,-45,-627,-952,-611,110,832,-519,-49,30,313,
632397,526191,169399,167341,167048,166086,-1029,965,-406,580,-407,-650,-160,-9,-55,-679,-999,-596,117,834,-533,-31,36,270,
632397,526191,169399,167341,167202,166086,-1023,947,-438,580,-407,-650,-153,-26,-62,-614,-998,-574,117,834,-533,-27,46,228,
632397,526191,169399,167341,167202,166028,-988,940,-407,580,-407,-640,-141,-42,-59,-597,-995,-618,119,833,-537,-29,40,194,
632397,526191,169399,167341,167202,166028,-990,905,-384,580,-404,-634,-108,-55,-62,-635,-964,-581,119,833,-537,-40,38,163,
632397,526191,169399,167341,167202,166028,-974,878,-374,583,-404,-634,-86,-60,-47,-628,-935,-624,120,834,-530,-28,45,137,
398225,526191,169399,167341,167202,166028,-1022,872,-361,586,-405,-639,-56,-60,-20,-679,-973,-664,122,834,-530,2,52,95,
398225,544317,169399,167341,167202,166028,-982,875,-322,586,-405,-639,-35,-51,2,-708,-1001,-664,122,834,-530,8,57,87,
398225,544317,169400,167341,167202,166028,-977,848,-382,585,-403,-646,-20,-17,32,-707,-959,-694,126,831,-538,6,59,101,
398225,544317,169400,167266,167202,166028,-1002,919,-358,585,-403,-646,-30,6,53,-756,-999,-644,126,831,-538,30,52,104,
398225,544317,169400,167266,167159,166028,-967,994,-290,585,-406,-642,-12,19,82,-747,-1008,-640,128,828,-528,32,13,103,
398225,544317,169400,167266,167159,166236,-1032,1017,-353,583,-407,-640,4,9,88,-762,-994,-598,128,828,-528,26,-11,102,
398225,544317,169400,167266,167159,166236,-1021,965,-395,583,-407,-640,-10,11,93,-754,-979,-608,127,842,-519,18,-15,112,
398225,544317,169400,167266,167159,166236,-1029,919,-339,582,-414,-639,-74,18,104,-756,-962,-588,127,842,-535,15,-7,118,
220946,544317,169400,167266,167159,166236,-999,903,-292,582,-414,-639,-161,37,119,-744,-933,-553,132,835,-535,23,20,110,
220946,531897,169400,167266,167159,166236,-999,871,-388,578,-412,-646,-231,64,144,-770,-926,-549,136,832,-530,37,51,106,
220946,531897,169393,167266,167159,166236,-972,877,-324,575,-420,-633,-290,90,169,-817,-910,-451,136,832,-530,71,92,94,
220946,531897,169393,167308,167159,166236,-908,1278,-305,575,-420,-633,-288,111,183,-786,-958,-582,136,836,-523,131,179,79,
220946,531897,169393,167308,167127,166236,-821,1261,-260,575,-426,-639,-91,105,92,-766,-1003,-491,136,836,-523,110,191,73,
220946,531897,169393,167308,167127,166282,-931,975,-394,575,-426,-639,127,61,125,-738,-1012,-571,134,833,-524,15,173,60,
220946,531897,169393,167308,167127,166282,-964,1025,-448,573,-420,-639,74,75,142,-760,-1018,-574,134,833,-524,-57,160,64,
220946,531897,169393,167308,167127,166282,-897,1058,-392,573,-420,-639,5,91,122,-765,-1003,-626,132,839,-541,-139,131,54,
583182,531897,169393,167308,167127,166282,-945,1046,-461,566,-421,-644,-77,100,93,-732,-969,-672,133,830,-526,-189,110,51,
583182,753330,169393,167308,167127,166282,-895,1073,-388,561,-435,-643,-159,115,68,-753,-981,-664,133,830,-526,-225,79,49,
583182,753330,169393,167308,167127,166282,-939,1088,-482,561,-435,-643,-200,120,53,-772,-970,-668,137,824,-528,-240,50,49,
583182,753330,169393,167378,167127,166282,-955,1067,-481,565,-436,-641,-232,118,29,-743,-949,-693,137,824,-528,-214,29,52,
583182,753330,169393,167378,167119,166282,-900,1057,-431,565,-436,-641,-251,129,10,-713,-974,-718,136,824,-545,-188,1,52,
583182,753330,169393,167378,167119,166297,-948,1057,-514,560,-429,-640,-286,159,-13,-695,-973,-699,136,824,-545,-199,-20,55,
583182,753330,169393,167378,167119,166297,-972,1051,-514,555,-439,-641,-296,192,-40,-685,-977,-752,138,823,-534,-225,-46,64,
583182,753330,169393,167378,167119,166297,-985,1027,-526,555,-439,-641,-305,234,-92,-686,-1003,-742,140,818,-546,-266,-75,97,
1048864,753330,169393,167378,167119,166297,-987,1268,-386,555,-445,-645,-343,267,-142,-732,-999,-648,140,818,-546,-323,-102,117,
1048864,795738,169393,167378,167119,166297,-1012,1016,-427,555,-445,-645,-351,305,-193,-681,-996,-735,143,810,-565,-318,-101,136,
1048864,795738,169418,167378,167119,166297,-984,993,-471,554,-448,-648,-322,348,-238,-735,-969,-704,143,810,-565,-301,-111,153,
1048864,795738,169418,167388,167119,166297,-994,986,-438,554,-448,-648,-285,378,-275,-765,-948,-700,149,804,-574,-273,-108,176,
1048864,795738,169418,167388,167156,166297,-966,1003,-413,551,-440,-642,-243,402,-317,-757,-941,-712,149,804,-574,-243,-108,191,
1048864,795738,169418,167388,167156,166319,-985,1005,-389,548,-447,-646,-217,407,-345,-793,-937,-673,151,807,-565,-218,-120,209,
1048864,795738,169418,167388,167156,166319,-972,1015,-382,548,-447,-646,-181,394,-354,-784,-956,-645,151,807,-565,-177,-114,228,
1048864,795738,169418,167388,167156,166319,-940,1004,-345,546,-446,-647,-155,372,-352,-751,-922,-699,164,809,-575,-160,-123,242,
1363400,795738,169418,167388,167156,166319,-991,1011,-426,546,-446,-647,-127,336,-342,-738,-880,-748,168,795,-565,-159,-129,247,
1363400,418985,169418,167388,167156,166319,-957,1005,-249,547,-436,-659,-97,295,-338,-802,-890,-654,168,795,-565,-161,-131,247,
1363400,418985,169324,167388,167156,166319,-991,999,-347,547,-435,-656,-61,251,-332,-819,-855,-685,175,797,-581,-159,-130,233,
1363400,418985,169324,167471,167156,166319,-978,963,-334,547,-435,-656,-44,239,-323,-853,-862,-564,175,797,-581,-162,-116,226,
1363400,418985,169324,167471,167186,166319,-996,942,-247,546,-431,-660,-28,239,-317,-803,-818,-642,181,794,-578,-180,-103,218,
1363400,418985,169324,167471,167186,166283,-989,965,-209,546,-431,-660,-19,234,-298,-836,-814,-560,181,794,-578,-182,-82,206,
1363400,418985,169324,167471,167186,166283,-976,952,-306,544,-431,-653,-30,227,-272,-831,-789,-620,184,792,-578,-161,-37,183,
1363400,418985,169324,167471,167186,166283,-939,972,-212,544,-431,-653,-36,209,-227,-853,-803,-587,188,792,-584,-132,3,166,
1405306,418985,169324,167471,167186,166283,-973,974,-318,545,-426,-661,-32,178,-181,-843,-791,-651,188,792,-584,-98,43,155,
1405306,199097,169324,167471,167186,166283,-914,969,-257,544,-424,-667,-40,149,-129,-866,-816,-639,189,783,-596,-54,76,138,
1405306,199097,168973,167471,167186,166283,-906,986,-314,544,-424,-667,-62,113,-71,-852,-802,-692,189,783,-596,-22,97,123,
1405306,199097,168973,167345,167186,166283,-927,1023,-323,541,-427,-673,-93,85,-22,-852,-808,-661,188,787,-595,12,117,82,
1405306,199097,168973,167345,167107,166283,-907,1039,-352,541,-427,-673,-113,51,53,-831,-803,-704,188,787,-595,43,113,72,
1405306,199097,168973,167345,167107,166419,-907,1032,-379,538,-425,-665,-107,28,59,-816,-815,-720,189,797,-581,60,116,46,
1405306,199097,168973,167345,167107,166419,-929,1037,-439,541,-431,-672,-128,41,35,-822,-802,-706,189,797,-578,63,97,33,
1405306,199097,168973,167345,167107,166419,-915,1025,-375,541,-431,-672,-152,57,17,-806,-814,-698,190,790,-578,68,85,9,
1050288,199097,168973,167345,167107,166419,-935,1039,-438,539,-432,-664,-177,76,9,-814,-826,-699,186,789,-581,40,88,-8,
1050288,168411,168973,167345,167107,166419,-903,1034,-437,539,-432,-664,-170,92,-9,-791,-825,-744,186,789,-581,13,81,-26,
1050288,168411,169330,167345,167107,166419,-893,1026,-390,535,-437,-669,-174,98,-25,-810,-862,-705,187,788,-598,-10,66,-38,
1050288,168411,169330,167348,167107,166419,-944,1026,-473,535,-437,-663,-190,93,-40,-816,-861,-723,187,788,-598,-19,51,-42,
1050288,168411,169330,167348,167111,166419,-927,1013,-497,534,-437,-663,-198,87,-49,-789,-860,-720,183,786,-595,-25,33,-42,
1050288,168411,169330,167348,167111,166184,-954,1040,-408,533,-441,-672,-184,84,-63,-806,-872,-730,183,786,-595,-24,13,-43,
1050288,168411,169330,167348,167111,166184,-1008,1009,-414,533,-441,-672,-167,80,-67,-806,-861,-724,184,797,-583,-25,-9,-50,
1050288,168411,169330,167348,167111,166184,-960,966,-412,533,-439,-665,-144,56,-74,-811,-872,-702,187,787,-591,-20,-19,-50,
875581,168411,169330,167348,167111,166184,-999,986,-404,533,-439,-665,-73,38,-69,-799,-889,-712,187,787,-591,-15,-36,-47,
875581,168493,169330,167348,167111,166184,-962,992,-380,536,-436,-665,-40,21,-71,-834,-897,-674,185,789,-602,-2,-29,-49,
875581,168493,169317,167348,167111,166184,-995,1000,-313,535,-437,-671,-31,10,-63,-812,-874,-675,185,789,-602,8,-41,-48,
875581,168493,169317,167449,167111,166184,-974,991,-351,535,-437,-671,-47,-1,-64,-808,-854,-689,183,788,-589,26,-32,-39,
875581,168493,169317,167449,166877,166184,-984,986,-330,537,-437,-674,-66,-5,-63,-808,-857,-695,183,788,-589,41,-22,-30,
875581,168493,169317,167449,166877,166114,-1001,985,-406,537,-437,-674,-86,4,-60,-826,-851,-634,184,794,-600,65,-19,-31,
875581,168493,169317,167449,166877,166114,-954,969,-374,533,-438,-684,-105,20,-52,-822,-826,-686,183,789,-572,81,-3,-30,
875581,168493,169317,167449,166877,166114,-972,964,-282,533,-436,-655,-123,37,-53,-827,-811,-649,183,789,-572,105,20,-56,
715124,168493,169317,167449,166877,166114,-972,967,-274,535,-436,-655,-135,59,-53,-818,-815,-680,183,793,-596,136,58,-63,
715124,168488,169317,167449,166877,166114,-973,955,-409,537,-444,-669,-122,85,-48,-825,-826,-603,183,793,-596,166,85,-82,
715124,168488,169254,167449,166877,166114,-963,969,-387,537,-444,-669,-75,106,-35,-800,-862,-695,179,794,-583,170,97,-87,
715124,168488,169254,167448,166877,166114,-920,962,-345,529,-435,-674,-31,107,-25,-806,-881,-673,179,794,-583,167,110,-85,
715124,168488,169254,167448,167202,166114,-980,965,-379,529,-435,-674,7,109,-11,-795,-910,-677,176,796,-578,169,107,-87,
715124,168488,169254,167448,167202,165959,-991,954,-392,526,-436,-669,32,109,-1,-785,-919,-696,176,796,-578,154,100,-82,
715124,168488,169254,167448,167202,165959,-997,975,-376,528,-437,-670,36,109,8,-774,-930,-705,177,807,-566,148,87,-75,
715124,168488,169254,167448,167202,165959,-946,975,-392,528,-437,-670,28,101,20,-761,-944,-706,174,799,-577,126,71,-57,
610439,168488,169254,167448,167202,165959,-989,965,-385,527,-438,-666,16,90,22,-785,-942,-697,174,799,-577,75,42,-41,
610439,168386,169254,167448,167202,165959,-964,963,-529,527,-438,-666,9,82,24,-773,-926,-722,171,797,-563,47,20,-28,
610439,168386,169324,167448,167202,165959,-950,990,-406,518,-426,-676,-18,67,27,-772,-927,-695,171,797,-563,35,20,-18,
610439,168386,169324,167372,167202,165959,-938,985,-451,523,-435,-679,-13,50,35,-802,-936,-627,173,812,-568,21,6,-8,
610439,168386,169324,167372,167142,165959,-930,968,-521,523,-435,-679,5,36,39,-773,-909,-682,173,812,-568,20,0,5,
610439,168386,169324,167372,167142,166235,-952,1021,-429,521,-438,-677,42,6,31,-816,-901,-622,173,806,-588,21,10,14,
610439,168386,169324,167372,167142,166235,-942,1019,-419,521,-438,-677,38,-18,16,-761,-874,-723,174,803,-583,25,17,18,
610439,168386,169324,167372,167142,166235,-963,1009,-496,518,-435,-675,14,-21,6,-791,-892,-646,174,803,-583,27,24,13,
604998,168386,169324,167372,167142,166235,-914,997,-407,518,-435,-675,-33,-23,3,-816,-911,-635,174,804,-583,28,36,23,
604998,168505,169324,167372,167142,166235,-932,998,-443,520,-431,-680,-72,-3,-8,-793,-930,-686,174,804,-583,37,25,32,
604998,168505,169234,167372,167142,166235,-909,965,-480,517,-440,-677,-92,12,-5,-776,-935,-712,173,803,-565,31,16,35,
604998,168505,169234,167333,167142,166235,-914,978,-470,517,-440,-677,-105,23,-3,-839,-941,-615,173,803,-565,17,-4,39,
604998,168505,169234,167333,167304,166235,-962,978,-365,521,-437,-691,-103,34,-2,-793,-927,-675,175,809,-572,-255,-46,41,
604998,168505,169234,167333,167304,166149,-970,949,-429,521,-437,-691,-102,38,1,-849,-919,-572,175,809,-578,-50,-57,50,
604998,168505,169234,167333,167304,166149,-957,979,-380,519,-432,-678,-96,36,9,-800,-874,-651,178,803,-578,-47,-54,50,
604998,168505,169234,167333,167304,166149,-963,996,-345,519,-446,-678,-100,22,25,-821,-868,-631,180,800,-569,-40,-30,45,
604500,168505,169234,167333,167304,166149,-953,1021,-437,519,-446,-678,-75,7,22,-822,-849,-618,180,800,-569,-36,-16,37,
604500,168482,169234,167333,167304,166149,-993,1032,-440,513,-447,-673,-52,-13,12,-792,-831,-699,184,798,-569,-25,12,22,
604500,168482,169162,167333,167304,166149,-897,1033,-344,513,-447,-673,-41,-27,4,-880,-876,-579,184,798,-569,-4,18,8,
604500,168482,169162,167339,167304,166149,-932,1024,-414,517,-443,-678,-26,-31,0,-845,-883,-622,181,796,-580,0,12,7,
604500,168482,169162,167339,167170,166149,-952,1023,-398,517,-443,-678,-9,-23,-8,-804,-868,-671,181,796,-580,-3,6,1,
604500,168482,169162,167339,167170,166256,-886,999,-401,519,-442,-678,0,-19,-17,-798,-876,-701,182,805,-564,-8,4,-9,
604500,168482,169162,167339,167170,166256,-944,1007,-410,517,-445,-674,8,-6,-19,-855,-900,-604,182,801,-559,-5,-8,-4,
604500,168482,169162,167339,167170,166256,-935,1001,-443,517,-445,-674,-5,2,-24,-787,-867,-708,182,801,-559,7,0,-10,
604974,168482,169162,167339,167170,166256,-909,988,-389,519,-444,-680,-6,4,-21,-834,-899,-627,180,797,-561,6,-1,-5,
604974,168376,169162,167339,167170,166256,-960,981,-423,519,-444,-680,-10,10,-23,-765,-874,-718,180,797,-561,15,6,-11,
604974,168376,169407,167339,167170,166256,-958,1005,-365,514,-438,-682,14,6,-14,-813,-888,-657,177,800,-573,20,15,-9,
604974,168376,169407,167330,167170,166256,-942,999,-421,518,-441,-681,52,-9,-2,-802,-893,-661,177,800,-573,15,19,-4,
604974,168376,169407,167330,167220,166256,-942,982,-389,518,-441,-681,114,-32,7,-793,-915,-677,179,803,-573,6,9,-6,
604974,168376,169407,167330,167220,166237,-946,960,-451,516,-440,-681,154,-47,15,-795,-912,-701,183,804,-580,-10,9,2,
604974,168376,169407,167330,167220,166237,-945,988,-400,516,-440,-681,170,-61,25,-791,-910,-701,183,804,-580,-14,-4,13,
604974,168376,169407,167330,167220,166237,-970,990,-422,517,-436,-672,181,-67,32,-796,-905,-690,182,799,-590,-29,1,12,
714782,168376,169407,167330,167220,166237,-951,995,-417,517,-436,-682,175,-77,32,-776,-895,-655,182,799,-590,-29,-6,15,
714782,168240,169407,167330,167220,166237,-948,986,-431,522,-433,-682,172,-85,39,-818,-897,-633,184,800,-571,-23,-13,18,
714782,168240,169187,167330,167220,166237,-976,989,-446,521,-426,-685,162,-91,43,-818,-893,-672,184,800,-571,-27,2,22,
714782,168240,169187,167129,167220,166237,-929,979,-437,521,-426,-685,144,-85,41,-816,-880,-649,182,806,-576,-29,1,23,
714782,168240,169187,167129,167095,166237,-908,989,-427,520,-429,-675,100,-67,28,-829,-866,-660,182,806,-576,-32,0,16,
714782,168240,169187,167129,167095,166164,-980,1010,-496,520,-429,-675,6,-30,10,-826,-841,-668,185,803,-574,-7,9,18,
714782,168240,169187,167129,167095,166164,-901,1016,-398,520,-422,-682,-23,-17,7,-810,-839,-698,183,799,-564,11,14,10,
714782,168240,169187,167129,167095,166164,-919,1015,-381,522,-430,-687,-39,-16,1,-832,-856,-664,183,799,-564,26,11,10,
710838,168240,169187,167129,167095,166164,-858,949,-495,522,-430,-687,-79,-27,12,-817,-885,-686,188,799,-570,28,18,3,
710838,168461,169187,167129,167095,166164,-917,1014,-392,524,-427,-682,-67,-52,15,-806,-872,-673,188,799,-570,4,5,-8,
710838,168461,169243,167129,167095,166164,-999,1006,-524,524,-427,-682,-9,-51,13,-795,-849,-718,186,804,-582,-22,-10,-11,
710838,168461,169243,167266,167095,166164,-956,963,-510,520,-428,-691,-3,-22,3,-808,-836,-693,186,804,-582,-17,-8,-13,
710838,168461,169243,167266,167108,166164,-879,990,-475,520,-427,-680,-24,5,-18,-796,-855,-698,185,802,-574,21,10,-20,
710838,168461,169243,167266,167108,166274,-925,1006,-443,522,-427,-680,-33,17,-31,-783,-874,-727,188,796,-575,26,17,-20,
710838,168461,169243,167266,167108,166274,-940,1026,-393,524,-430,-684,-34,17,-33,-772,-881,-748,188,796,-575,25,12,-15,
710838,168461,169243,167266,167108,166274,-923,996,-416,524,-430,-684,-26,11,-45,-845,-901,-589,183,796,-560,16,-2,-13,
616704,168461,169243,167266,167108,166274,-966,972,-531,523,-423,-677,-40,11,-49,-798,-868,-663,183,796,-560,8,-10,-14,
616704,168423,169243,167266,167108,166274,-923,997,-386,523,-423,-677,-57,9,-53,-808,-887,-682,184,797,-573,7,-5,-19,
616704,168423,169406,167266,167108,166274,-965,1002,-506,518,-424,-680,-55,10,-47,-816,-897,-662,184,797,-573,-13,-8,-28,
616704,168423,169406,167236,167108,166274,-946,996,-439,523,-429,-683,-61,2,-50,-791,-880,-710,185,806,-587,-22,-17,-28,
616704,168423,169406,167236,167085,166274,-944,1002,-421,523,-429,-683,-62,-3,-48,-809,-896,-666,185,806,-577,-29,-19,-27,
616704,168423,169406,167236,167085,166328,-951,959,-411,525,-427,-675,-64,-2,-49,-806,-869,-669,187,801,-577,-31,-20,-27,
616704,168423,169406,167236,167085,166328,-896,975,-350,525,-427,-675,-80,7,-42,-799,-860,-677,183,797,-574,-33,-10,-23,
616704,168423,169406,167236,167085,166328,-936,996,-368,520,-422,-675,-91,16,-51,-806,-873,-622,183,797,-574,-19,7,-21,
619615,168423,169406,167236,167085,166328,-950,993,-452,524,-423,-678,-106,20,-46,-809,-887,-665,186,794,-589,-17,9,-14,
619615,168395,169406,167236,167085,166328,-928,1011,-349,524,-423,-678,-100,28,-33,-803,-888,-674,186,794,-589,-32,3,-17,
619615,168395,169330,167236,167085,166328,-943,984,-429,522,-431,-677,-69,13,-31,-826,-879,-656,183,798,-589,-40,2,-19,
619615,168395,169330,167245,167085,166328,-920,981,-423,522,-431,-677,-32,13,-33,-809,-888,-677,183,798,-589,-54,-9,-20,
619615,168395,169330,167245,167134,166328,-962,983,-405,519,-426,-681,-11,8,-33,-795,-877,-675,183,799,-585,-62,-10,-24,
619615,168395,169330,167245,167134,166169,-945,971,-413,519,-426,-681,17,7,-26,-798,-876,-668,187,796,-587,-61,-14,-25,
619615,168395,169330,167245,167134,166169,-924,990,-400,520,-422,-685,28,5,-10,-797,-875,-727,187,796,-587,-57,-10,-10,
619615,168395,169330,167245,167134,166169,-951,994,-424,525,-426,-683,40,-2,-8,-807,-876,-684,185,794,-586,-47,-2,-19,
754705,168395,169330,167245,167134,166169,-992,1004,-448,525,-426,-683,39,-11,-9,-822,-896,-674,185,794,-586,-52,-4,-15,
754705,168480,169330,167245,167134,166169,-977,1009,-429,522,-424,-691,41,-22,-8,-815,-874,-694,186,793,-585,-43,1,-12,
754705,168480,169370,167245,167134,166169,-922,973,-427,522,-424,-691,46,-21,-5,-828,-860,-679,186,793,-585,-31,-6,-6,
754705,168480,169370,167478,167134,166169,-975,991,-506,520,-418,-690,29,-19,-12,-823,-863,-709,188,794,-568,-15,-1,0,
754705,168480,169370,167478,167110,166169,-896,994,-392,528,-419,-691,18,-14,-19,-837,-872,-676,186,796,-576,10,6,-5,
754705,168480,169370,167478,167110,166122,-941,999,-484,528,-419,-691,-14,-10,-22,-814,-856,-695,186,796,-576,28,3,-12,
754705,168480,169370,167478,167110,166122,-922,1001,-441,527,-421,-689,-27,-3,-31,-814,-862,-669,187,791,-590,22,9,-13,
754705,168480,169370,167478,167110,166122,-929,989,-471,527,-421,-689,-40,0,-33,-802,-856,-713,187,791,-590,15,18,-15,
773170,168480,169370,167478,167110,166122,-935,992,-467,527,-421,-695,-47,13,-34,-822,-872,-659,187,790,-573,7,-240,-22,
773170,168474,169370,167478,167110,166122,-947,1003,-455,527,-421,-695,-49,22,-33,-833,-881,-646,187,790,-573,-14,-1,-22,
773170,168474,169404,167478,167110,166122,-918,987,-483,520,-415,-685,-51,26,-40,-805,-873,-690,184,795,-580,-19,-2,-23,
773170,168474,169404,167451,167110,166122,-964,1012,-442,522,-425,-688,-56,23,-43,-824,-877,-671,184,795,-580,-19,-4,-24,
773170,168474,169404,167451,167168,166122,-947,1002,-355,522,-425,-688,-55,21,-39,-810,-876,-678,186,800,-588,-21,-14,-25,
773170,168474,169404,167451,167168,166304,-925,995,-417,526,-421,-692,-48,17,-35,-808,-876,-702,187,791,-592,-13,-11,-20,
773170,168474,169404,167451,167168,166304,-949,979,-450,526,-421,-692,-41,6,-41,-828,-893,-631,187,791,-592,-14,-11,-25,
773170,168474,169404,167451,167168,166304,-955,990,-404,525,-419,-680,-24,-5,-31,-813,-867,-711,184,790,-578,-9,-8,-17,
774023,168474,169404,167451,167168,166304,-925,962,-449,521,-419,-688,4,-3,-22,-820,-887,-665,184,790,-578,-13,-15,-15,
774023,168494,169404,167451,167168,166304,-989,984,-465,521,-419,-688,30,-3,-18,-808,-877,-686,186,795,-574,-9,-1,-9,
774023,168494,169332,167451,167168,166304,-935,976,-424,523,-423,-695,37,-6,-12,-794,-865,-713,186,795,-574,5,9,-8,
774023,168494,169332,167505,167168,166304,-962,996,-456,523,-423,-695,55,-6,-8,-806,-884,-691,183,794,-577,2,2,-9,
774023,168494,169332,167505,167216,166304,-912,975,-444,525,-414,-692,67,-13,-3,-815,-889,-662,184,794,-577,-5,2,-9,
774023,168494,169332,167505,167216,166277,-971,986,-485,525,-414,-692,79,-30,3,-769,-860,-733,184,794,-577,-8,6,-1,
774023,168494,169332,167505,167216,166277,-940,993,-429,524,-416,-688,80,-36,5,-801,-887,-667,187,788,-584,-10,7,8,
774023,168494,169332,167505,167216,166277,-950,982,-470,527,-416,-691,77,-46,12,-809,-873,-670,187,788,-584,-4,6,9,
845930,168494,169332,167505,167216,166277,-928,985,-404,527,-416,-691,74,-44,9,-813,-865,-688,185,787,-580,0,8,4,
845930,168893,169332,167505,167216,166277,-965,991,-502,523,-411,-691,83,-42,8,-830,-858,-683,185,787,-580,-6,10,5,
845930,168893,169347,167505,167216,166277,-905,985,-431,523,-411,-691,58,-31,-3,-820,-851,-686,187,798,-575,1,10,11,
845930,168893,169347,196824,167216,166277,-908,1001,-450,526,-405,-709,34,-17,-11,-839,-846,-646,187,798,-585,18,10,0,
845930,168893,169347,196824,167235,166277,-930,1011,-416,525,-411,-687,5,1,-14,-816,-852,-692,186,790,-585,14,15,-17,
845930,168893,169347,196824,167235,166251,-907,1003,-473,525,-411,-687,-15,9,-18,-822,-867,-688,187,790,-591,9,9,-13,
845930,168893,169347,196824,167235,166251,-897,1000,-437,529,-411,-687,-33,13,-32,-822,-867,-681,187,790,-591,2,1,-23,
