0,0,0,0,0,0,-143,59,1338,-494,-63,869,-2,-1,-13,-102,-92,1311,-572,-115,851,8,20,-46,
4994272,0,0,0,0,0,-142,62,1329,-494,-61,865,-6,-1,-6,-110,-85,1271,-571,-112,835,9,26,-45,
4994272,4876571,0,0,0,0,-143,64,1351,-494,-61,865,-2,-1,-7,-98,-89,1313,-573,-114,843,-1,25,-44,
4994272,4876571,5001903,0,0,0,-147,48,1333,-495,-67,863,2,1,-9,-110,-90,1307,-573,-114,843,9,22,-39,
4994272,4876571,5001903,5107312,0,0,-138,60,1335,-495,-67,863,-3,-4,-14,-98,-84,1305,-573,-117,845,18,15,-43,
4994272,4876571,5001903,5107312,2395500,0,-141,46,1344,-494,-57,849,-1,1,-14,-109,-75,1330,-573,-117,845,34,15,-47,
4994272,4876571,5001903,5107312,2395500,4891856,-138,56,1342,-495,-56,868,7,0,-12,-106,-89,1306,-572,-116,838,34,15,-43,
4994272,4876571,5001903,5107312,2395500,4891856,-140,62,1336,-495,-56,868,0,3,-7,-111,-78,1311,-572,-116,838,36,15,-33,
4994272,4876571,5001903,5107312,2395500,4891856,-153,56,1349,-493,-65,862,-1,-1,-14,-111,-94,1312,-572,-111,855,27,16,-38,
4994395,4876571,5001903,5107312,2395500,4891856,-140,56,1347,-493,-65,862,-2,-8,-9,-108,-81,1302,-575,-116,847,15,17,-40,
4994395,4776999,5001903,5107312,2395500,4891856,-147,65,1348,-497,-64,865,-6,-9,-10,-115,-87,1310,-575,-116,847,-4,26,-36,
4994395,4776999,4983160,5107312,2395500,4891856,-148,64,1346,-497,-64,865,-16,-8,-6,-111,-87,1304,-572,-118,844,-12,26,-34,
4994395,4776999,4983160,5123756,2395500,4891856,-158,62,1339,-494,-58,865,-12,-10,-7,-97,-87,1323,-572,-118,844,-14,29,-34,
4994395,4776999,4983160,5123756,165405,4891856,-129,69,1346,-494,-58,862,-7,-7,-5,-95,-93,1307,-572,-117,841,-4,30,-35,
4994395,4776999,4983160,5123756,165405,4919706,-147,59,1354,-500,-61,862,-8,-2,-13,-104,-88,1303,-572,-115,842,2,30,-31,
4994395,4776999,4983160,5123756,165405,4919706,-131,64,1337,-492,-63,866,2,7,-15,-106,-79,1306,-573,-115,842,14,25,-36,
4994395,4776999,4983160,5123756,165405,4919706,-146,63,1346,-492,-63,866,0,9,-13,-96,-85,1334,-574,-121,841,15,23,-36,
5016112,4776999,4983160,5123756,165405,4919706,-152,75,1332,-499,-62,849,-3,11,-9,-125,-96,1333,-574,-121,841,19,17,-33,
5016112,4433189,4983160,5123756,165405,4919706,-131,63,1337,-499,-62,849,3,11,-11,-104,-76,1307,-572,-118,844,19,13,-32,
5016112,4433189,5000620,5123756,165405,4919706,-141,56,1328,-498,-62,864,5,15,-10,-115,-83,1316,-572,-118,844,8,16,-37,
5016112,4433189,5000620,5112195,165405,4919706,-141,42,1351,-498,-62,864,-2,20,-15,-98,-84,1310,-574,-109,839,-3,12,-37,
5016112,4433189,5000620,5112195,164475,4919706,-143,55,1350,-496,-58,873,7,26,-13,-105,-78,1312,-572,-118,837,3,8,-36,
5016112,4433189,5000620,5112195,164475,4908613,-144,63,1320,-497,-62,857,18,24,-13,-109,-72,1308,-572,-118,837,9,1,-36,
5016112,4433189,5000620,5112195,164475,4908613,-145,58,1347,-497,-62,857,15,22,-18,-104,-75,1314,-573,-118,850,17,-1,-37,
5016112,4433189,5000620,5112195,164475,4908613,-147,71,1330,-497,-64,857,20,20,-26,-111,-91,1330,-573,-118,850,33,-11,-32,
5104883,4433189,5000620,5112195,164475,4908613,-152,67,1347,-497,-64,857,14,19,-14,-103,-72,1309,-571,-117,840,33,-21,-34,
5104883,3983530,5000620,5112195,164475,4908613,-145,47,1357,-497,-53,860,-250,9,-13,-91,-71,1298,-571,-117,840,47,-25,-35,
5104883,3983530,5043848,5112195,164475,4908613,-150,56,1335,-497,-53,860,1,16,-23,-99,-84,1292,-577,-120,841,57,-27,-39,
5104883,3983530,5043848,5111221,164475,4908613,-145,61,1333,-495,-54,855,9,17,-19,-111,-78,1327,-577,-124,842,117,-56,-40,
5104883,3983530,5043848,5111221,164471,4908613,-136,58,1340,-494,-58,862,2,15,-16,-99,-80,1317,-577,-124,842,136,-77,-39,
5104883,3983530,5043848,5111221,164471,4592279,-139,60,1341,-494,-58,862,11,14,-18,-106,-76,1332,-581,-130,837,171,-101,-43,
5104883,3983530,5043848,5111221,164471,4592279,-156,51,1340,-493,-62,871,12,15,-21,-113,-67,1335,-581,-130,837,202,-123,-54,
5104883,3983530,5043848,5111221,164471,4592279,-167,51,1345,-493,-62,871,8,13,-21,-118,-82,1343,-587,-133,842,235,-166,-67,
5148978,3983530,5043848,5111221,164471,4592279,-140,66,1331,-492,-61,871,10,16,-25,-122,-110,1369,-587,-133,842,299,-210,-117,
5148978,3099658,5043848,5111221,164471,4592279,-149,57,1331,-492,-61,871,5,11,-19,-87,-123,1342,-587,-138,840,367,-240,-227,
5148978,3099658,5061957,5111221,164471,4592279,-139,62,1326,-497,-58,863,15,19,-20,-48,-137,1334,-592,-157,833,414,-260,-392,
5148978,3099658,5061957,5007367,164471,4592279,-144,51,1332,-497,-58,868,30,28,-18,-21,-182,1302,-592,-157,833,422,-262,-627,
5148978,3099658,5061957,5007367,164516,4592279,-148,63,1327,-497,-61,868,49,38,-13,-39,-302,1295,-600,-172,836,354,-253,-978,
5148978,3099658,5061957,5007367,164516,2428657,-139,63,1336,-491,-69,863,64,41,-16,-96,-265,1350,-600,-172,836,194,-273,-1431,
5148978,3099658,5061957,5007367,164516,2428657,-150,63,1338,-491,-69,863,57,44,-21,-268,-218,1354,-603,-191,823,21,-390,-1866,
5148978,3099658,5061957,5007367,164516,2428657,-156,83,1344,-489,-65,879,59,47,-18,-614,-126,1310,-603,-215,820,-65,-465,-2122,
5225863,3099658,5061957,5007367,164516,2428657,-158,65,1347,-489,-65,879,39,21,-23,-1032,-42,1272,-609,-215,820,-80,-365,-2189,
5225863,2711498,5061957,5007367,164516,2428657,-157,74,1352,-491,-62,857,-4,10,-21,-1457,191,1300,-604,-241,813,3,-104,-2056,
5225863,2711498,5113881,5007367,164516,2428657,-169,67,1332,-491,-62,857,-10,-3,-18,-1584,295,1360,-604,-241,813,344,354,-1590,
5225863,2711498,5113881,3985531,164516,2428657,-162,56,1346,-492,-63,869,-8,0,-16,-1186,-250,1328,-596,-267,824,834,1063,-31,
5225863,2711498,5113881,3985531,164375,2428657,-151,65,1348,-489,-66,873,-13,-6,-10,-191,-1737,985,-596,-267,824,210,595,936,
5225863,2711498,5113881,3985531,164375,2763092,-142,68,1345,-489,-66,873,-17,5,-17,-586,-387,1050,-595,-246,816,-604,347,1947,
5225863,2711498,5113881,3985531,164375,2763092,-152,70,1322,-493,-63,865,-19,5,-16,156,-621,979,-602,-196,849,-1238,406,2207,
5225863,2711498,5113881,3985531,164375,2763092,-148,68,1325,-493,-63,865,-31,1,-12,871,135,1313,-602,-196,849,-1593,249,1943,
5246664,2711498,5113881,3985531,164375,2763092,-158,68,1342,-494,-60,869,-38,-1,-20,1364,682,1494,-608,-151,851,-1492,177,1146,
5246664,580780,5113881,3985531,164375,2763092,-149,54,1331,-494,-60,869,-30,-2,-19,1877,954,1823,-608,-151,851,-1271,179,377,
5246664,580780,5176329,3985531,164375,2763092,-158,60,1345,-492,-55,876,-20,-5,-14,1327,135,1419,-614,-131,854,-444,107,-157,
5246664,580780,5176329,4748742,164375,2763092,-158,68,1346,-489,-61,869,-16,-11,-16,453,-87,1384,-614,-131,854,-260,94,-221,
5246664,580780,5176329,4748742,164356,2763092,-150,61,1343,-489,-61,869,-33,-19,-21,-103,-109,1360,-614,-128,849,-196,56,-59,
5246664,580780,5176329,4748742,164356,2735432,-160,50,1342,-491,-60,862,-34,-22,-23,-109,-120,1323,-612,-132,857,-129,3,-48,
5246664,580780,5176329,4748742,164356,2735432,-152,52,1346,-491,-60,862,-14,-17,-12,-101,-106,1293,-612,-132,857,-51,-9,-52,
5246664,580780,5176329,4748742,164356,2735432,-149,62,1333,-492,-61,854,-16,-16,-12,-82,-99,1299,-611,-133,862,-7,10,-59,
5257279,580780,5176329,4748742,164356,2735432,-147,43,1331,-492,-61,854,-43,-12,-18,-84,-92,1299,-611,-133,862,3,35,-69,
5257279,165884,5176329,4748742,164356,2735432,-145,47,1327,-493,-55,865,3,6,-16,-91,-75,1308,-614,-131,850,-17,42,-59,
5257279,165884,5156090,4748742,164356,2735432,-147,70,1354,-493,-59,862,-1,1,-8,-90,-106,1306,-614,-131,850,-56,41,-55,
5257279,165884,5156090,4865650,164356,2735432,-147,49,1339,-490,-59,862,-25,-1,-8,-95,-99,1303,-614,-129,853,-85,51,-56,
5257279,165884,5156090,4865650,163918,2735432,-147,54,1335,-493,-58,870,-26,-5,-3,-84,-101,1299,-609,-127,849,-89,105,-54,
5257279,165884,5156090,4865650,163918,3140077,-149,45,1336,-493,-58,870,-14,-8,0,-85,-103,1304,-609,-127,849,-81,130,-48,
5257279,165884,5156090,4865650,163918,3140077,-146,45,1331,-493,-59,866,-1,-5,-5,-101,-116,1318,-609,-125,854,-46,128,-51,
5257279,165884,5156090,4865650,163918,3140077,-153,69,1322,-493,-59,866,15,12,-7,-109,-98,1306,-609,-125,854,-7,105,-50,
5252057,165884,5156090,4865650,163918,3140077,-140,58,1339,-493,-59,872,30,15,-12,-107,-108,1304,-609,-126,854,14,101,-45,
5252057,165879,5156090,4865650,163918,3140077,-165,70,1343,-493,-59,872,19,9,-11,-97,-110,1307,-609,-121,853,16,104,-50,
5252057,165879,5126394,4865650,163918,3140077,-134,64,1332,-490,-54,866,2,0,-10,-98,-101,1324,-609,-121,853,6,85,-45,
5252057,165879,5126394,5038651,163918,3140077,-134,45,1334,-492,-59,869,4,-9,-5,-114,-100,1302,-608,-125,849,-13,72,-46,
5252057,165879,5126394,5038651,217657,3140077,-154,49,1335,-492,-59,869,23,-1,-5,-105,-111,1307,-608,-125,849,-25,71,-44,
5252057,165879,5126394,5038651,217657,3958368,-158,70,1350,-493,-59,862,22,-7,-6,-107,-124,1321,-607,-131,860,-10,81,-40,
5252057,165879,5126394,5038651,217657,3958368,-143,67,1342,-493,-59,862,1,-24,-5,-97,-108,1308,-607,-131,860,14,72,-40,
5252057,165879,5126394,5038651,217657,3958368,-148,61,1347,-491,-56,869,1,-8,-5,-102,-113,1308,-608,-122,852,34,56,-42,
5244912,165879,5126394,5038651,217657,3958368,-161,77,1347,-491,-56,869,-8,-22,-4,-107,-116,1314,-607,-130,868,33,38,-41,
5244912,165870,5126394,5038651,217657,3958368,-173,71,1356,-496,-53,862,-38,-48,-1,-113,-113,1305,-607,-130,868,39,37,-41,
5244912,165870,4959576,5038651,217657,3958368,-154,63,1359,-494,-58,862,-86,-79,-4,-110,-112,1310,-607,-132,863,49,30,-38,
5244912,165870,4959576,5142418,217657,3958368,-133,51,1348,-494,-58,862,-97,-90,9,-107,-99,1300,-607,-132,863,50,21,-37,
5244912,165870,4959576,5142418,164382,3958368,-142,51,1327,-496,-57,868,-84,-65,11,-106,-90,1310,-606,-127,861,28,26,-32,
5244912,165870,4959576,5142418,164382,3751307,-146,61,1338,-496,-57,868,-85,-70,18,-106,-97,1306,-606,-127,861,7,-236,-27,
5244912,165870,4959576,5142418,164382,3751307,-151,70,1341,-501,-53,860,-119,-111,29,-114,-103,1309,-605,-124,844,64,-31,-31,
5244912,165870,4959576,5142418,164382,3751307,-141,59,1355,-501,-53,860,-179,-146,40,-107,-109,1313,-606,-132,864,100,-69,-38,
5243923,165870,4959576,5142418,164382,3751307,-129,51,1369,-505,-44,868,-219,-182,54,-105,-100,1294,-606,-132,864,123,-76,-25,
5243923,165805,4959576,5142418,164382,3751307,-119,28,1331,-505,-34,857,-251,-204,68,-111,-95,1327,-610,-137,862,122,-69,-15,
5243923,165805,4788132,5142418,164382,3751307,-105,29,1336,-507,-34,857,-245,-192,83,-104,-85,1305,-610,-137,862,129,-79,-12,
5243923,165805,4788132,5189812,164382,3751307,-98,-8,1318,-510,-39,866,-212,-168,87,-93,-82,1289,-611,-140,850,127,-57,-18,
5243923,165805,4788132,5189812,164510,3751307,-96,-11,1318,-510,-39,866,-135,-123,55,-100,-70,1315,-611,-140,850,99,-14,-8,
5243923,165805,4788132,5189812,164510,2874127,-104,10,1322,-509,-30,857,-62,-51,-10,-114,-87,1315,-612,-139,846,76,-28,7,
5243923,165805,4788132,5189812,164510,2874127,-122,27,1359,-509,-30,857,41,42,-18,-115,-97,1344,-612,-147,849,105,-62,0,
5243923,165805,4788132,5189812,164510,2874127,-122,41,1362,-513,-32,857,9,14,-26,-110,-100,1309,-612,-147,849,187,-119,-15,
5251320,165805,4788132,5189812,164510,2874127,-128,42,1359,-513,-32,857,-46,-2,-25,-80,-64,1297,-612,-153,852,237,-127,-39,
5251320,166147,4788132,5189812,164510,2874127,-111,20,1340,-509,-30,852,-69,-13,-15,-97,-47,1295,-612,-153,852,235,-100,-45,
5251320,166147,4868625,5189812,164510,2874127,-115,8,1337,-507,-37,864,-57,18,-23,-100,-41,1294,-615,-155,851,193,-46,-21,
5251320,166147,4868625,5196368,164510,2874127,-91,1,1325,-507,-37,864,-13,47,-27,-97,-47,1316,-615,-155,844,147,-10,9,
5251320,166147,4868625,5196368,164632,2874127,-128,24,1343,-507,-31,862,24,73,-33,-114,-61,1314,-617,-155,844,110,-7,25,
5251320,166147,4868625,5196368,164632,3211384,-120,27,1350,-507,-31,862,29,61,-28,-112,-67,1336,-619,-162,848,107,-22,25,
5251320,166147,4868625,5196368,164632,3211384,-136,32,1360,-507,-31,856,-4,29,-32,-98,-46,1315,-619,-162,848,136,-42,24,
5251320,166147,4868625,5196368,164632,3211384,-113,26,1351,-507,-31,856,-43,-3,-31,-84,-49,1262,-620,-164,854,97,-6,17,
5229442,166147,4868625,5196368,164632,3211384,-124,26,1342,-511,-24,859,-96,-42,-36,-81,-56,1290,-620,-164,854,-18,101,2,
5229442,165949,4868625,5196368,164632,3211384,-123,12,1351,-509,-29,855,-142,-79,-37,-90,-35,1292,-620,-162,841,-95,166,5,
5229442,165949,4865246,5196368,164632,3211384,-122,15,1341,-509,-29,855,-176,-99,-49,-97,-27,1289,-615,-156,850,-152,182,0,
5229442,165949,4865246,5147006,164632,3211384,-120,0,1366,-513,-28,856,-204,-111,-75,-119,-44,1323,-615,-156,850,-157,153,-1,
5229442,165949,4865246,5147006,164561,3211384,-105,-1,1354,-513,-28,856,-220,-113,-73,-103,-85,1335,-618,-159,845,-92,75,-11,
5229442,165949,4865246,5147006,164561,3102557,-102,19,1346,-516,-21,860,-221,-97,-66,-87,-89,1326,-618,-159,845,9,11,-33,
5229442,165949,4865246,5147006,164561,3102557,-96,-2,1342,-516,-21,860,-220,-91,-51,-90,-95,1319,-615,-151,849,97,-29,-72,
5229442,165949,4865246,5147006,164561,3102557,-71,-9,1325,-519,-9,857,-193,-55,-34,-80,-72,1294,-615,-151,849,141,-37,-130,
5104917,165949,4865246,5147006,164561,3102557,-93,-28,1340,-520,-14,850,-157,-28,-20,-94,-40,1281,-619,-161,859,126,-22,-151,
5104917,166066,4865246,5147006,164561,3102557,-112,-15,1344,-520,-14,850,-166,-54,-22,-119,-21,1291,-618,-169,855,80,17,-120,
5104917,166066,4743884,5147006,164561,3102557,-116,-9,1361,-520,-13,842,-201,-83,-24,-105,-13,1268,-618,-169,855,-27,78,-55,
5104917,166066,4743884,4964297,164561,3102557,-102,-37,1353,-520,-13,842,-220,-92,-21,-95,-71,1320,-617,-163,849,-186,157,-8,
5104917,166066,4743884,4964297,164634,3102557,-95,-17,1368,-522,-7,840,-236,-75,-24,-112,-96,1353,-617,-163,849,-278,163,-5,
5104917,166066,4743884,4964297,164634,2828570,-101,-18,1375,-522,-7,840,-274,-71,-25,-101,-101,1338,-619,-159,845,-184,75,-32,
5104917,166066,4743884,4964297,164634,2828570,-91,-17,1358,-526,2,854,-324,-69,-33,-108,-96,1337,-619,-159,845,-1,-12,-45,
5104917,166066,4743884,4964297,164634,2828570,-84,-25,1362,-526,2,854,-373,-69,-30,-100,-72,1339,-616,-162,838,130,-53,-54,
4871428,166066,4743884,4964297,164634,2828570,-82,-43,1349,-525,10,833,-405,-52,-27,-94,-61,1310,-617,-167,843,170,-61,-60,
4871428,166138,4743884,4964297,164634,2828570,-87,-49,1357,-526,13,848,-415,-32,-29,-76,-57,1320,-617,-167,843,178,-33,-63,
4871428,166138,4578157,4964297,164634,2828570,-94,-68,1354,-526,13,848,-437,-28,-32,-81,-55,1276,-621,-171,844,168,-6,-51,
4871428,166138,4578157,4769226,164634,2828570,-97,-63,1361,-528,28,842,-473,-30,-31,-77,-34,1278,-621,-171,844,120,52,-56,
4871428,166138,4578157,4769226,164630,2828570,-89,-77,1353,-528,28,842,-546,-18,-23,-64,-27,1264,-623,-168,852,16,94,-47,
4871428,166138,4578157,4769226,164630,2319369,-63,-92,1357,-531,37,847,-588,-10,-25,-93,-37,1295,-623,-167,841,-69,89,-58,
4871428,166138,4578157,4769226,164630,2319369,-92,-98,1358,-531,37,847,-627,0,-31,-101,-51,1325,-618,-167,841,-72,48,-66,
4871428,166138,4578157,4769226,164630,2319369,-82,-107,1352,-528,60,843,-653,2,-36,-91,-57,1335,-618,-169,838,-10,12,-62,
4695763,166138,4578157,4769226,164630,2319369,-93,-121,1353,-532,68,838,-686,3,-36,-92,-59,1307,-618,-169,838,63,-2,-61,
4695763,166109,4578157,4769226,164630,2319369,-86,-156,1338,-532,68,838,-702,6,-38,-82,-40,1298,-621,-169,851,94,-3,-61,
4695763,166109,4507838,4769226,164630,2319369,-85,-160,1324,-529,80,832,-690,4,-33,-68,-39,1312,-621,-169,851,105,1,-61,
4695763,166109,4507838,4661828,164630,2319369,-88,-189,1319,-529,80,832,-654,10,-39,-79,-45,1312,-621,-165,829,97,-2,-55,
4695763,166109,4507838,4661828,164641,2319369,-80,-198,1317,-530,99,838,-624,11,-39,-85,-42,1299,-620,-171,856,76,-5,-57,
4695763,166109,4507838,4661828,164641,2131583,-79,-221,1304,-530,99,838,-570,18,-42,-84,-45,1303,-620,-171,856,29,4,-58,
4695763,166109,4507838,4661828,164641,2131583,-100,-214,1308,-532,112,833,-504,19,-33,-70,-39,1283,-622,-171,850,-33,31,-52,
4695763,166109,4507838,4661828,164641,2131583,-98,-214,1314,-529,118,837,-432,25,-29,-80,-48,1309,-622,-171,850,-122,52,-61,
4553551,166109,4507838,4661828,164641,2131583,-99,-221,1310,-529,118,837,-355,24,-31,-76,-46,1311,-620,-166,852,-189,53,-62,
4553551,166064,4507838,4661828,164641,2131583,-85,-241,1294,-526,115,836,-285,25,-30,-71,-66,1310,-620,-166,852,-215,25,-59,
4553551,166064,4387509,4661828,164641,2131583,-99,-250,1287,-526,115,836,-206,23,-21,-79,-62,1318,-619,-162,845,-193,8,-56,
4553551,166064,4387509,4552718,164641,2131583,-102,-235,1312,-531,119,824,-110,4,-12,-80,-68,1329,-621,-161,845,-158,3,-56,
4553551,166064,4387509,4552718,164550,2131583,-89,-243,1308,-531,119,824,1,-8,-13,-85,-66,1326,-621,-161,845,-117,7,-53,
4553551,166064,4387509,4552718,164550,1226725,-92,-240,1310,-529,126,843,40,-1,-10,-64,-81,1321,-621,-162,844,-76,6,-52,
4553551,166064,4387509,4552718,164550,1226725,-99,-224,1317,-529,126,831,75,2,-11,-70,-60,1297,-621,-162,844,-53,13,-48,
4553551,166064,4387509,4552718,164550,1226725,-101,-224,1320,-532,120,831,98,2,-8,-77,-66,1299,-623,-161,837,-55,23,-57,
4500166,166064,4387509,4552718,164550,1226725,-86,-227,1318,-531,110,837,122,17,-15,-73,-58,1294,-623,-161,837,-84,38,-57,
4500166,166056,4387509,4552718,164550,1226725,-92,-201,1329,-531,110,837,119,19,-14,-71,-60,1296,-621,-155,855,-123,51,-61,
4500166,166056,4167471,4552718,164550,1226725,-96,-208,1328,-531,110,828,114,21,-13,-66,-60,1281,-622,-154,850,-166,48,-70,
4500166,166056,4167471,4457110,164550,1226725,-98,-216,1328,-531,110,828,115,15,-17,-86,-62,1305,-622,-154,850,-204,36,-72,
4500166,166056,4167471,4457110,164515,1226725,-100,-211,1329,-533,110,848,122,12,-13,-80,-80,1322,-620,-150,855,-228,51,-67,
4500166,166056,4167471,4457110,164515,1028391,-94,-214,1317,-533,110,848,135,14,-18,-84,-98,1309,-620,-150,855,-202,66,-55,
4500166,166056,4167471,4457110,164515,1028391,-95,-208,1319,-528,115,838,149,20,-14,-82,-87,1335,-619,-142,850,-171,66,-56,
4500166,166056,4167471,4457110,164515,1028391,-90,-194,1321,-529,105,833,178,24,-13,-76,-86,1302,-619,-142,852,-141,67,-59,
4330071,166056,4167471,4457110,164515,1028391,-93,-211,1320,-529,105,833,213,25,-16,-83,-78,1300,-622,-142,852,-146,78,-54,
4330071,165847,4167471,4457110,164515,1028391,-90,-206,1312,-527,97,834,245,26,-12,-74,-93,1303,-617,-142,846,-185,95,-59,
4330071,165847,3930541,4457110,164515,1028391,-94,-197,1320,-527,97,834,277,30,-11,-93,-118,1354,-617,-142,846,-182,74,-56,
4330071,165847,3930541,4324468,164515,1028391,-97,-165,1336,-528,94,834,304,16,-5,-74,-112,1316,-620,-137,851,-90,2,-67,
4330071,165847,3930541,4324468,164527,1028391,-107,-171,1351,-528,94,834,280,2,-2,-82,-118,1299,-620,-137,851,-47,8,-77,
4330071,165847,3930541,4324468,164527,900961,-89,-162,1357,-531,94,842,230,0,-2,-87,-110,1301,-622,-132,838,-8,12,-81,
4330071,165847,3930541,4324468,164527,900961,-102,-158,1353,-524,82,844,178,-4,-4,-74,-112,1303,-617,-138,843,3,28,-78,
4330071,165847,3930541,4324468,164527,900961,-100,-158,1339,-524,82,844,135,5,-8,-79,-96,1291,-617,-138,843,1,28,-86,
4220008,165847,3930541,4324468,164527,900961,-85,-156,1337,-527,81,835,100,9,-14,-68,-91,1313,-615,-141,844,6,21,-76,
4220008,166024,3930541,4324468,164527,900961,-88,-164,1353,-527,81,835,64,19,-15,-76,-103,1301,-615,-141,844,4,14,-77,
4220008,166024,3471836,4324468,164527,900961,-99,-173,1347,-528,77,843,37,19,-17,-89,-104,1304,-621,-129,851,8,10,-83,
4220008,166024,3471836,4197752,164527,900961,-97,-161,1328,-528,77,843,38,20,-16,-73,-100,1295,-621,-129,851,-7,20,-80,
4220008,166024,3471836,4197752,164571,900961,-88,-166,1301,-529,85,832,43,30,-20,-80,-114,1318,-619,-132,841,-18,18,-86,
4220008,166024,3471836,4197752,164571,746594,-95,-171,1313,-529,85,847,84,33,-21,-74,-87,1306,-617,-140,846,-19,20,-92,
4220008,166024,3471836,4197752,164571,746594,-99,-167,1294,-526,77,847,141,39,-12,-85,-119,1314,-617,-140,846,-13,26,-87,
4220008,166024,3471836,4197752,164571,746594,-106,-173,1305,-527,72,842,202,39,-11,-75,-111,1312,-619,-138,850,-4,23,-85,
4069151,166024,3471836,4197752,164571,746594,-106,-170,1307,-527,72,842,269,31,-8,-93,-103,1300,-619,-138,850,0,25,-86,
4069151,166086,3471836,4197752,164571,746594,-101,-147,1322,-522,61,843,314,16,-2,-77,-103,1303,-617,-135,850,-11,24,-92,
4069151,166086,2863641,4197752,164571,746594,-90,-135,1340,-522,61,843,377,13,-4,-74,-98,1321,-617,-135,850,-5,10,-89,
4069151,166086,2863641,4087433,164571,746594,-111,-122,1348,-526,57,862,380,20,-3,-75,-104,1310,-621,-139,835,-8,15,-92,
4069151,166086,2863641,4087433,164483,746594,-92,-117,1362,-526,57,862,368,25,-2,-83,-100,1313,-616,-142,853,-9,12,-93,
4069151,166086,2863641,4087433,164483,605972,-106,-102,1358,-523,50,844,338,30,-5,-70,-109,1299,-616,-142,853,-9,18,-93,
4069151,166086,2863641,4087433,164483,605972,-104,-100,1369,-522,40,860,286,30,-9,-92,-104,1311,-620,-136,847,-16,26,-85,
4069151,166086,2863641,4087433,164483,605972,-94,-86,1368,-522,40,860,242,39,-12,-76,-117,1313,-620,-136,847,-8,21,-82,
3769550,166086,2863641,4087433,164483,605972,-94,-86,1353,-521,37,854,203,38,-16,-69,-104,1298,-619,-130,847,-8,22,-83,
3769550,165806,2863641,4087433,164483,605972,-108,-89,1327,-521,37,854,167,36,-11,-70,-97,1318,-622,-138,843,-16,26,-88,
3769550,165806,2705988,4087433,164483,605972,-97,-77,1343,-524,39,852,143,26,-9,-71,-108,1328,-622,-138,843,-21,12,-86,
3769550,165806,2705988,3886434,164483,605972,-113,-88,1348,-524,39,852,114,12,-8,-79,-104,1323,-619,-139,854,-18,22,-76,
3769550,165806,2705988,3886434,164617,605972,-110,-84,1361,-522,37,857,79,0,-6,-81,-103,1308,-619,-139,854,-21,22,-75,
3769550,165806,2705988,3886434,164617,163278,-102,-81,1359,-522,36,842,39,-14,-5,-76,-105,1324,-622,-138,845,-14,25,-84,
3769550,165806,2705988,3886434,164617,163278,-104,-86,1367,-522,36,842,-2,-12,-9,-80,-102,1296,-622,-138,845,-12,16,-75,
3769550,165806,2705988,3886434,164617,163278,-98,-86,1358,-521,31,851,-41,-6,-11,-89,-92,1323,-623,-134,843,-1,22,-81,
3665107,165806,2705988,3886434,164617,163278,-98,-90,1345,-521,31,851,-75,8,-16,-77,-86,1319,-624,-139,858,-5,18,-80,
3665107,165962,2705988,3886434,164617,163278,-91,-93,1336,-523,34,852,-120,9,-12,-75,-101,1325,-624,-139,858,-11,27,-81,
3665107,165962,2718890,3886434,164617,163278,-102,-95,1338,-523,34,852,-127,13,-18,-80,-101,1288,-622,-135,830,-10,23,-87,
3665107,165962,2718890,3847944,164617,163278,-101,-108,1343,-523,42,850,-118,13,-24,-74,-108,1317,-622,-135,830,-12,27,-86,
3665107,165962,2718890,3847944,164499,163278,-89,-113,1328,-523,42,853,-93,12,-22,-81,-97,1305,-621,-135,846,-17,34,-92,
3665107,165962,2718890,3847944,164499,163308,-102,-118,1327,-523,42,853,-63,11,-17,-74,-102,1312,-621,-135,846,-16,28,-83,
3665107,165962,2718890,3847944,164499,163308,-95,-117,1313,-522,41,847,-27,15,-18,-75,-87,1308,-620,-133,859,-12,16,-81,
3665107,165962,2718890,3847944,164499,163308,-91,-107,1329,-522,41,847,-5,17,-16,-63,-96,1299,-622,-136,839,-14,21,-86,
3537882,165962,2718890,3847944,164499,163308,-97,-117,1325,-523,39,851,33,22,-18,-68,-97,1312,-622,-136,839,-5,26,-86,
3537882,165880,2718890,3847944,164499,163308,-92,-109,1329,-523,39,851,58,15,-16,-75,-106,1303,-623,-139,841,-13,27,-83,
3537882,165880,2572759,3847944,164499,163308,-108,-112,1341,-525,40,842,88,19,-19,-69,-104,1324,-623,-139,841,-15,23,-79,
3537882,165880,2572759,3901172,164499,163308,-95,-111,1329,-525,40,842,121,25,-20,-76,-105,1305,-624,-134,843,-19,18,-79,
3537882,165880,2572759,3901172,164530,163308,-90,-116,1319,-521,40,848,144,21,-15,-58,-99,1299,-624,-134,850,-18,29,-77,
3537882,165880,2572759,3901172,164530,163327,-104,-111,1339,-520,32,852,173,24,-15,-75,-111,1321,-623,-139,850,-21,28,-81,
3537882,165880,2572759,3901172,164530,163327,-88,-94,1331,-520,32,852,211,21,-11,-59,-108,1293,-622,-138,860,-8,19,-89,
3537882,165880,2572759,3901172,164530,163327,-98,-82,1339,-519,29,852,232,19,-9,-78,-93,1299,-622,-138,860,-8,35,-86,
3607127,165880,2572759,3901172,164530,163327,-100,-84,1344,-519,29,852,268,24,-9,-74,-111,1309,-623,-135,852,-5,26,-87,
3607127,166152,2572759,3901172,164530,163327,-95,-71,1363,-521,30,857,266,23,-9,-68,-104,1308,-623,-135,852,-14,31,-87,
3607127,166152,2522101,3901172,164530,163327,-94,-66,1352,-521,30,857,263,24,-4,-74,-101,1300,-623,-135,846,-9,34,-85,
3607127,166152,2522101,3872258,164530,163327,-103,-55,1334,-522,17,857,251,20,-5,-73,-95,1313,-621,-138,839,-3,35,-85,
3607127,166152,2522101,3872258,164539,163327,-94,-54,1352,-519,14,847,237,19,-11,-73,-104,1294,-621,-138,839,-1,36,-83,
3607127,166152,2522101,3872258,164539,163227,-110,-52,1355,-519,14,847,229,17,-5,-76,-110,1310,-622,-140,859,-4,38,-84,
3607127,166152,2522101,3872258,164539,163227,-111,-53,1348,-520,8,864,222,17,-7,-68,-104,1307,-622,-140,859,-10,48,-84,
3607127,166152,2522101,3872258,164539,163227,-102,-50,1342,-520,8,864,211,20,-8,-74,-109,1320,-622,-136,849,-11,40,-85,
3652248,166152,2522101,3872258,164539,163227,-99,-32,1341,-520,6,857,201,11,-1,-73,-102,1316,-622,-136,849,-14,45,-83,
3652248,166130,2522101,3872258,164539,163227,-99,-42,1342,-520,6,857,197,14,-1,-79,-104,1314,-624,-129,847,-16,40,-82,
3652248,166130,2595118,3872258,164539,163227,-105,-37,1352,-519,4,866,207,19,-4,-69,-103,1316,-625,-137,852,-17,40,-85,
3652248,166130,2595118,3966594,164539,163227,-103,-30,1359,-519,-2,854,203,15,-7,-71,-101,1291,-625,-137,852,-18,41,-80,
3652248,166130,2595118,3966594,164603,163227,-103,-20,1345,-520,-2,854,197,15,6,-80,-106,1304,-618,-135,846,-19,42,-75,
3652248,166130,2595118,3966594,164603,166588,-115,-29,1358,-519,-8,858,193,12,-1,-73,-100,1318,-618,-135,846,-15,49,-74,
3652248,166130,2595118,3966594,164603,166588,-93,-14,1356,-519,-8,858,188,18,-6,-79,-105,1318,-620,-137,850,-10,46,-80,
3652248,166130,2595118,3966594,164603,166588,-99,-13,1339,-518,-10,844,165,15,-2,-71,-101,1300,-620,-137,850,-10,35,-79,
3646546,166130,2595118,3966594,164603,166588,-100,3,1344,-518,-10,844,162,16,-6,-85,-98,1307,-624,-138,844,-10,32,-80,
3646546,166139,2595118,3966594,164603,166588,-113,-17,1347,-518,-13,848,160,13,-4,-76,-102,1317,-623,-135,840,-12,34,-82,
3646546,166139,2768562,3966594,164603,166588,-108,-8,1329,-518,-13,848,152,13,2,-75,-98,1306,-623,-135,840,-9,30,-81,
3646546,166139,2768562,3983752,164603,166588,-104,-17,1341,-519,-15,851,143,10,1,-80,-106,1324,-620,-134,850,-7,30,-79,
3646546,166139,2768562,3983752,164527,166588,-117,13,1356,-516,-20,858,134,6,-3,-84,-105,1305,-620,-134,850,-18,28,-75,
3646546,166139,2768562,3983752,164527,346452,-114,17,1344,-516,-20,858,116,13,-1,-83,-104,1311,-624,-133,841,-15,38,-89,
3646546,166139,2768562,3983752,164527,346452,-108,10,1371,-515,-21,850,90,21,-8,-92,-123,1325,-624,-133,841,-16,34,-84,
3646546,166139,2768562,3983752,164527,346452,-117,2,1350,-515,-21,850,58,17,-12,-74,-109,1306,-622,-139,841,-19,36,-78,
3706322,166139,2768562,3983752,164527,346452,-102,16,1338,-517,-14,846,33,15,-16,-78,-104,1300,-619,-135,832,-12,42,-81,
3706322,166159,2768562,3983752,164527,346452,-99,8,1351,-517,-14,846,4,9,-19,-69,-99,1312,-619,-135,832,-8,34,-75,
3706322,166159,2663531,3983752,164527,346452,-105,-4,1363,-518,-13,843,-15,-5,-13,-75,-109,1302,-620,-140,843,-11,27,-80,
3706322,166159,2663531,3992127,164527,346452,-106,9,1352,-520,-17,862,-14,-5,-7,-63,-108,1321,-620,-140,843,-12,27,-77,
3706322,166159,2663531,3992127,164720,346452,-99,-2,1341,-520,-17,862,-16,-7,3,-82,-108,1319,-621,-129,842,-12,31,-82,
3706322,166159,2663531,3992127,164720,348870,-91,-8,1350,-518,-18,845,-19,-9,4,-65,-100,1308,-623,-136,838,-15,31,-79,
3706322,166159,2663531,3992127,164720,348870,-102,-10,1339,-518,-18,845,4,5,9,-84,-110,1301,-623,-136,838,-22,31,-79,
3706322,166159,2663531,3992127,164720,348870,-98,-8,1335,-522,-20,861,13,5,15,-82,-93,1311,-619,-136,855,-18,39,-74,
3747302,166159,2663531,3992127,164720,348870,-103,-10,1340,-522,-20,861,29,11,12,-60,-103,1307,-619,-136,855,-13,31,-85,
3747302,166195,2663531,3992127,164720,348870,-95,0,1349,-518,-14,836,43,15,12,-79,-104,1309,-621,-131,846,-7,28,-84,
3747302,166195,2814098,3992127,164720,348870,-114,-9,1339,-518,-20,853,49,18,7,-61,-101,1314,-621,-131,846,-6,34,-75,
3747302,166195,2814098,3989856,164720,348870,-100,15,1334,-517,-20,853,57,22,11,-70,-94,1301,-623,-127,846,-6,40,-79,
3747302,166195,2814098,3989856,164641,348870,-107,12,1357,-517,-23,855,59,18,10,-60,-103,1312,-621,-142,843,-7,25,-82,
3747302,166195,2814098,3989856,164641,346794,-124,0,1354,-517,-23,855,50,19,5,-65,-97,1309,-621,-142,843,-8,33,-78,
3747302,166195,2814098,3989856,164641,346794,-110,6,1337,-517,-22,854,40,16,-7,-67,-101,1298,-621,-138,843,-13,38,-85,
3747302,166195,2814098,3989856,164641,346794,-105,17,1338,-517,-22,854,35,19,-9,-79,-117,1307,-621,-138,843,-11,33,-88,
3819470,166195,2814098,3989856,164641,346794,-118,10,1351,-517,-20,856,26,13,-11,-78,-101,1298,-620,-137,843,-10,34,-83,
3819470,166117,2814098,3989856,164641,346794,-120,33,1351,-517,-20,856,20,14,-12,-68,-108,1300,-620,-137,843,-14,30,-83,
3819470,166117,2860408,3989856,164641,346794,-106,6,1352,-517,-25,855,18,13,-14,-71,-105,1313,-622,-136,848,-16,36,-81,
3819470,166117,2860408,3997027,164641,346794,-105,3,1346,-514,-24,859,5,10,-17,-76,-101,1312,-620,-137,843,-10,32,-77,
3819470,166117,2860408,3997027,164709,346794,-107,12,1358,-514,-24,859,-5,10,-12,-67,-109,1307,-620,-137,843,-5,29,-79,
3819470,166117,2860408,3997027,164709,347551,-105,9,1334,-510,-26,847,-2,8,-11,-63,-102,1302,-620,-138,844,-15,28,-79,
3819470,166117,2860408,3997027,164709,347551,-91,13,1342,-510,-26,847,2,11,-15,-70,-99,1295,-620,-138,844,-16,33,-76,
3819470,166117,2860408,3997027,164709,347551,-86,1,1347,-518,-19,856,7,16,-23,-72,-113,1307,-623,-136,847,-11,37,-79,
3786743,166117,2860408,3997027,164709,347551,-113,-2,1353,-518,-19,856,8,12,-20,-69,-110,1318,-623,-136,849,-9,32,-83,
3786743,166055,2860408,3997027,164709,347551,-98,5,1349,-515,-18,863,10,12,-17,-71,-95,1313,-622,-136,849,-11,37,-84,
3786743,166055,2870928,3997027,164709,347551,-100,2,1362,-515,-24,848,14,17,-19,-77,-100,1308,-620,-138,844,-11,31,-82,
3786743,166055,2870928,4002684,164709,347551,-106,14,1345,-515,-24,848,6,16,-17,-69,-99,1316,-620,-138,844,-13,36,-87,
3786743,166055,2870928,4002684,164694,347551,-101,13,1352,-514,-27,859,-5,9,-13,-77,-105,1315,-621,-137,836,-14,33,-82,
3786743,166055,2870928,4002684,164694,348287,-97,20,1344,-514,-27,859,-11,5,-14,-77,-99,1307,-621,-137,836,-14,31,-84,
3786743,166055,2870928,4002684,164694,348287,-109,0,1334,-519,-23,868,-21,1,-5,-85,-118,1321,-621,-133,837,-9,36,-83,
3786743,166055,2870928,4002684,164694,348287,-107,3,1347,-519,-23,868,-25,-2,-5,-76,-105,1305,-621,-134,839,-10,33,-85,
3669265,166055,2870928,4002684,164694,348287,-103,11,1349,-520,-24,847,-31,-4,-3,-77,-100,1314,-621,-134,839,-15,27,-78,
3669265,166062,2870928,4002684,164694,348287,-101,4,1344,-514,-14,853,-21,-8,-5,-74,-100,1314,-620,-138,855,-15,37,-76,
3669265,166062,2836706,4002684,164694,348287,-103,11,1343,-514,-14,853,-8,-2,5,-62,-109,1318,-620,-138,855,-16,43,-77,
3669265,166062,2836706,4003216,164694,348287,-97,7,1351,-516,-27,857,-8,-3,-1,-60,-103,1311,-623,-132,849,-4,35,-74,
3669265,166062,2836706,4003216,164586,348287,-105,20,1340,-516,-27,857,-9,-3,7,-66,-94,1314,-623,-132,849,-11,31,-78,
3669265,166062,2836706,4003216,164586,347102,-92,8,1343,-515,-23,863,-9,-1,10,-69,-97,1308,-625,-129,847,-10,29,-78,
3669265,166062,2836706,4003216,164586,347102,-101,4,1350,-515,-23,863,-19,-4,17,-85,-100,1307,-620,-138,848,-15,31,-90,
3669265,166062,2836706,4003216,164586,347102,-84,0,1337,-517,-20,856,-28,-4,21,-84,-100,1320,-620,-138,848,-14,31,-86,
3658450,166062,2836706,4003216,164586,347102,-96,14,1359,-517,-20,856,-28,-5,28,-63,-85,1295,-624,-137,856,-12,34,-78,
3658450,165993,2836706,4003216,164586,347102,-86,8,1338,-518,-18,856,-35,1,27,-74,-99,1307,-624,-137,856,-8,34,-73,
3658450,165993,2601072,4003216,164586,347102,-93,3,1335,-516,-21,857,-33,2,36,-77,-96,1306,-623,-134,852,-13,23,-79,
3658450,165993,2601072,4002667,164586,347102,-94,11,1335,-516,-21,857,-33,1,46,-80,-103,1306,-623,-134,852,-6,24,-79,
3658450,165993,2601072,4002667,164684,347102,-88,0,1333,-519,-16,847,-25,-1,56,-67,-102,1304,-619,-134,846,-2,31,-83,
3658450,165993,2601072,4002667,164684,163401,-102,-3,1350,-519,-16,847,-14,-3,54,-81,-101,1314,-621,-140,848,-10,40,-79,
3658450,165993,2601072,4002667,164684,163401,-101,-9,1352,-517,-13,852,-16,1,57,-83,-111,1308,-621,-140,848,-16,32,-77,
3658450,165993,2601072,4002667,164684,163401,-103,11,1336,-517,-13,852,-19,0,58,-65,-98,1298,-622,-133,855,-9,25,-75,
3618012,165993,2601072,4002667,164684,163401,-110,-16,1347,-517,-8,856,-15,3,52,-70,-93,1303,-622,-133,855,-7,37,-80,
3618012,165989,2601072,4002667,164684,163401,-95,-12,1350,-517,-17,847,-5,12,41,-79,-98,1298,-623,-135,858,-9,39,-83,
3618012,165989,2528171,4002667,164684,163401,-114,3,1335,-517,-17,847,4,13,41,-82,-107,1313,-623,-135,845,-9,38,-89,
3618012,165989,2528171,3985546,164684,163401,-114,-7,1338,-517,-15,859,10,13,26,-69,-100,1300,-622,-133,845,-11,39,-87,
3618012,165989,2528171,3985546,164548,163401,-111,-2,1339,-517,-15,859,16,11,19,-82,-105,1318,-622,-137,839,-12,37,-78,
3618012,165989,2528171,3985546,164548,163482,-124,-5,1340,-518,-6,854,27,16,20,-81,-99,1313,-622,-137,839,-16,30,-81,
3618012,165989,2528171,3985546,164548,163482,-129,-1,1350,-518,-6,854,32,15,6,-71,-95,1313,-622,-138,849,-15,36,-84,
3618012,165989,2528171,3985546,164548,163482,-106,0,1324,-516,-6,852,41,15,3,-79,-106,1320,-622,-138,849,-14,41,-79,
3625908,165989,2528171,3985546,164548,163482,-112,4,1355,-516,-9,849,27,15,-3,-75,-101,1304,-624,-130,836,-12,32,-83,
3625908,166081,2528171,3985546,164548,163482,-118,-7,1338,-516,-9,849,22,14,-4,-75,-111,1312,-621,-132,853,-13,34,-81,
3625908,166081,2568812,3985546,164548,163482,-111,3,1348,-515,-15,850,22,12,-7,-84,-105,1308,-621,-132,853,-19,29,-86,
3625908,166081,2568812,4018687,164548,163482,-118,5,1347,-515,-15,850,22,12,-13,-73,-97,1303,-619,-139,853,-19,36,-82,
3625908,166081,2568812,4018687,164526,163482,-112,9,1344,-513,-13,856,26,9,-7,-78,-106,1311,-619,-139,853,-17,36,-77,
3625908,166081,2568812,4018687,164526,163322,-109,4,1341,-513,-13,856,25,14,-14,-61,-102,1309,-621,-140,849,-15,39,-79,
3625908,166081,2568812,4018687,164526,163322,-118,15,1346,-519,-13,860,14,12,-12,-70,-110,1311,-621,-140,849,-15,31,-89,
3625908,166081,2568812,4018687,164526,163322,-105,13,1331,-519,-13,860,11,14,-12,-67,-106,1318,-620,-134,855,-13,36,-83,
3666242,166081,2568812,4018687,164526,163322,-102,3,1347,-517,-15,851,12,14,-15,-83,-103,1304,-617,-135,844,-14,35,-79,
3666242,166131,2568812,4018687,164526,163322,-110,3,1361,-515,-14,856,3,11,-13,-76,-105,1314,-617,-135,844,-7,31,-86,
3666242,166131,2630981,4018687,164526,163322,-110,8,1366,-515,-14,856,8,4,-10,-72,-99,1294,-619,-132,851,-9,32,-82,
3666242,166131,2630981,4023744,164526,163322,-95,4,1341,-515,-17,860,11,15,-17,-78,-107,1293,-619,-132,851,-13,30,-80,
3666242,166131,2630981,4023744,164363,163322,-108,-2,1334,-515,-17,860,1,10,-12,-66,-104,1306,-622,-133,846,-14,27,-79,
3666242,166131,2630981,4023744,164363,163331,-99,-4,1356,-518,-14,842,6,11,-15,-66,-100,1317,-622,-133,846,-15,34,-80,
3666242,166131,2630981,4023744,164363,163331,-112,-1,1351,-518,-14,842,10,8,-13,-60,-87,1300,-621,-134,856,-11,30,-85,
3666242,166131,2630981,4023744,164363,163331,-110,11,1350,-515,-9,839,6,2,-9,-83,-94,1298,-622,-142,849,-6,32,-82,
3666219,166131,2630981,4023744,164363,163331,-111,10,1351,-513,-18,865,6,9,-17,-80,-113,1304,-622,-142,849,-5,28,-81,
3666219,166085,2630981,4023744,164363,163331,-121,6,1341,-513,-18,865,11,11,-17,-68,-104,1295,-622,-135,850,-3,33,-74,
3666219,166085,2628100,4023744,164363,163331,-95,11,1363,-513,-14,852,9,12,-17,-73,-107,1313,-622,-135,850,-12,31,-78,
3666219,166085,2628100,4039099,164363,163331,-120,-1,1359,-513,-14,852,5,10,-18,-64,-108,1305,-620,-136,846,-5,29,-78,
3666219,166085,2628100,4039099,164618,163331,-112,13,1341,-514,-8,858,-1,4,-14,-74,-93,1300,-620,-136,852,-6,30,-75,
3666219,166085,2628100,4039099,164618,163006,-100,1,1337,-514,-8,858,-1,3,-14,-72,-92,1308,-622,-139,852,-3,30,-79,
3666219,166085,2628100,4039099,164618,163006,-113,0,1339,-516,-7,855,-4,0,-14,-80,-108,1305,-621,-137,860,-10,31,-82,
3666219,166085,2628100,4039099,164618,163006,-102,6,1331,-516,-13,852,-2,4,-13,-70,-102,1309,-621,-137,860,-11,34,-80,
3648338,166085,2628100,4039099,164618,163006,-116,10,1351,-516,-13,852,-1,4,-13,-68,-103,1303,-617,-133,843,-9,24,-77,
3648338,166104,2628100,4039099,164618,163006,-105,7,1336,-518,-13,860,3,7,-3,-66,-105,1310,-617,-133,843,-9,29,-76,
3648338,166104,2584022,4039099,164618,163006,-118,24,1337,-518,-13,860,-2,0,-8,-90,-94,1316,-623,-131,847,-8,24,-78,
3648338,166104,2584022,4029386,164618,163006,-92,6,1352,-517,-17,855,-4,2,-13,-67,-101,1316,-622,-135,842,-9,35,-80,
3648338,166104,2584022,4029386,164622,163006,-110,6,1337,-517,-17,855,-11,-3,-8,-81,-97,1314,-622,-135,842,-10,34,-80,
3648338,166104,2584022,4029386,164622,163363,-103,-1,1347,-519,-12,869,-8,3,-11,-72,-96,1308,-619,-139,850,-14,31,-78,
3648338,166104,2584022,4029386,164622,163363,-103,13,1359,-519,-12,859,-7,6,-11,-76,-101,1317,-619,-139,850,-16,32,-88,
3648338,166104,2584022,4029386,164622,163363,-105,12,1354,-515,-13,859,-7,10,-18,-78,-98,1304,-622,-135,850,-14,27,-82,
3660172,166104,2584022,4029386,164622,163363,-91,4,1353,-517,-15,853,-7,7,-18,-71,-101,1302,-622,-135,850,-12,33,-72,
3660172,166152,2584022,4029386,164622,163363,-107,0,1352,-517,-15,853,-2,6,-14,-68,-98,1307,-620,-134,832,-11,42,-86,
3660172,166152,2578900,4029386,164622,163363,-104,-2,1334,-518,-19,854,6,8,-15,-77,-111,1310,-619,-134,837,-7,37,-89,
3660172,166152,2578900,4022030,164622,163363,-95,2,1338,-518,-19,854,9,8,-18,-76,-103,1306,-619,-134,837,-3,28,-78,
3660172,166152,2578900,4022030,164618,163363,-106,11,1332,-516,-15,870,7,3,-12,-74,-97,1319,-623,-137,837,-10,27,-82,
3660172,166152,2578900,4022030,164618,163343,-104,6,1345,-516,-15,870,6,6,-14,-67,-113,1305,-623,-137,837,-2,28,-79,
3660172,166152,2578900,4022030,164618,163343,-105,11,1351,-516,-10,846,10,5,-14,-76,-102,1317,-623,-140,849,-10,31,-89,
3660172,166152,2578900,4022030,164618,163343,-107,6,1335,-517,-19,857,1,5,-16,-79,-101,1308,-623,-140,849,-17,31,-85,
3657560,166152,2578900,4022030,164618,163343,-110,10,1346,-517,-19,857,6,6,-14,-85,-94,1302,-621,-136,847,-10,28,-80,
3657560,166194,2578900,4022030,164618,163343,-112,2,1342,-515,-18,854,5,10,-15,-72,-106,1308,-619,-142,841,-13,33,-84,
3657560,166194,2588818,4022030,164618,163343,-110,5,1356,-515,-18,854,4,9,-14,-71,-106,1313,-619,-142,841,-17,25,-84,
3657560,166194,2588818,4011255,164618,163343,-101,0,1328,-516,-7,852,6,7,-8,-82,-106,1308,-621,-143,841,-20,30,-73,
3657560,166194,2588818,4011255,164633,163343,-106,3,1354,-516,-7,852,-1,4,-14,-85,-90,1298,-621,-143,841,-11,32,-83,
3657560,166194,2588818,4011255,164633,163452,-100,-4,1336,-520,-7,862,-2,2,-10,-80,-111,1295,-622,-131,840,-13,40,-78,
3657560,166194,2588818,4011255,164633,163452,-111,3,1334,-519,-12,861,-4,0,-6,-80,-103,1321,-622,-131,857,-13,32,-76,
3657560,166194,2588818,4011255,164633,163452,-110,5,1347,-519,-12,861,2,2,-10,-60,-94,1303,-621,-136,857,-10,38,-78,
3668439,166194,2588818,4011255,164633,163452,-110,1,1364,-518,-15,862,5,11,-18,-73,-103,1313,-621,-138,839,-9,34,-72,
3668439,165924,2588818,4011255,164633,163452,-110,9,1347,-518,-15,862,5,10,-17,-69,-112,1322,-621,-138,839,-12,29,-80,
3668439,165924,2586280,4011255,164633,163452,-112,12,1354,-519,-16,852,4,13,-12,-85,-104,1314,-623,-137,848,-8,34,-78,
3668439,165924,2586280,4002637,164633,163452,-109,7,1347,-519,-16,852,5,16,-15,-68,-106,1320,-623,-137,848,-13,35,-81,
3668439,165924,2586280,4002637,167267,163452,-100,6,1345,-520,-9,844,11,9,-15,-77,-105,1303,-620,-132,846,-7,24,-84,
3668439,165924,2586280,4002637,167267,165373,-106,13,1335,-520,-15,856,-1,7,-9,-74,-110,1309,-622,-134,839,-13,28,-79,
3668439,165924,2586280,4002637,167267,165373,-100,2,1342,-516,-15,856,-1,7,-10,-70,-100,1294,-622,-134,839,-8,33,-81,
3668439,165924,2586280,4002637,167267,165373,-110,16,1351,-516,-14,856,0,5,-9,-74,-98,1311,-623,-138,857,-8,30,-86,
3679122,165924,2586280,4002637,167267,165373,-102,8,1348,-516,-14,856,4,8,-9,-68,-100,1309,-623,-138,857,-12,32,-80,
3679122,165844,2586280,4002637,167267,165373,-97,11,1334,-518,-15,859,-1,5,-12,-80,-118,1308,-623,-132,851,-13,31,-79,
3679122,165844,2604473,4002637,167267,165373,-103,13,1356,-518,-15,859,-3,-1,-9,-77,-109,1317,-623,-132,851,-13,31,-81,
3679122,165844,2604473,4008842,167267,165373,-116,8,1329,-514,-15,850,0,7,-15,-76,-110,1305,-624,-135,857,-10,28,-81,
3679122,165844,2604473,4008842,164515,165373,-110,1,1337,-514,-15,850,7,8,-16,-78,-86,1321,-622,-136,853,-17,32,-76,
3679122,165844,2604473,4008842,164515,163304,-98,12,1347,-512,-11,849,8,4,-9,-69,-103,1297,-622,-136,853,-12,33,-77,
3679122,165844,2604473,4008842,164515,163304,-103,7,1349,-516,-15,848,4,6,-11,-72,-97,1300,-619,-138,854,-9,29,-75,
3679122,165844,2604473,4008842,164515,163304,-98,14,1347,-516,-15,848,6,9,-8,-81,-112,1305,-619,-138,854,-10,29,-76,
3679356,165844,2604473,4008842,164515,163304,-104,9,1342,-513,-13,856,1,6,-9,-77,-112,1311,-623,-136,850,-13,31,-81,
3679356,166110,2604473,4008842,164515,163304,-110,12,1355,-513,-13,856,-1,5,-9,-70,-99,1303,-623,-136,850,-13,34,-79,
3679356,166110,2586755,4008842,164515,163304,-101,4,1344,-517,-16,856,5,8,-14,-65,-112,1311,-621,-135,843,-21,32,-82,
3679356,166110,2586755,4003628,164515,163304,-111,2,1337,-517,-16,856,8,9,-15,-80,-99,1301,-621,-141,856,-11,39,-85,
3679356,166110,2586755,4003628,164753,163304,-103,8,1351,-513,-9,860,3,11,-16,-75,-93,1307,-621,-141,856,-6,38,-75,
3679356,166110,2586755,4003628,164753,163336,-101,9,1331,-512,-13,855,8,18,-17,-79,-93,1304,-621,-136,848,-8,29,-77,
3679356,166110,2586755,4003628,164753,163336,-108,7,1356,-512,-13,855,13,11,-15,-67,-101,1312,-621,-136,848,-12,36,-82,
3679356,166110,2586755,4003628,164753,163336,-102,18,1335,-515,-14,852,-246,11,-15,-67,-108,1309,-625,-133,857,-15,39,-81,
3676143,166110,2586755,4003628,164753,163336,-109,13,1349,-515,-14,852,-8,-2,-7,-79,-100,1312,-625,-133,844,-16,38,-75,
3676143,166243,2586755,4003628,164753,163336,-102,3,1346,-513,-15,837,-4,6,-13,-75,-107,1307,-623,-137,844,-15,33,-79,
3676143,166243,2540926,4003628,164753,163336,-98,14,1347,-513,-15,837,-2,7,-14,-67,-103,1305,-625,-137,845,-14,32,-80,
3676143,166243,2540926,4003353,164753,163336,-110,4,1333,-519,-11,849,11,11,-16,-68,-97,1312,-625,-137,845,-7,34,-80,
3676143,166243,2540926,4003353,164593,163336,-115,12,1340,-519,-9,852,14,8,-14,-76,-101,1324,-620,-138,852,-16,31,-83,
3676143,166243,2540926,4003353,164593,163425,-105,6,1348,-516,-9,852,16,9,-14,-74,-90,1308,-620,-138,852,-14,38,-77,
3676143,166243,2540926,4003353,164593,163425,-104,9,1347,-515,-17,853,9,9,-14,-70,-108,1303,-626,-130,850,-22,33,-76,
3676143,166243,2540926,4003353,164593,163425,-117,2,1343,-515,-17,853,4,9,-13,-76,-104,1320,-619,-138,849,-13,28,-80,
3672261,166243,2540926,4003353,164593,163425,-115,12,1346,-516,-16,851,4,2,-15,-61,-94,1315,-619,-138,849,-12,31,-81,
3672261,166064,2540926,4003353,164593,163425,-98,11,1329,-516,-16,851,4,11,-21,-80,-103,1312,-619,-137,845,-14,42,-82,
3672261,166064,2543163,4003353,164593,163425,-104,10,1335,-517,-11,860,1,8,-13,-63,-107,1307,-619,-137,845,-9,37,-77,
3672261,166064,2543163,4010176,164593,163425,-108,0,1344,-517,-11,860,5,7,-12,-75,-102,1300,-620,-136,848,-14,32,-77,
3672261,166064,2543163,4010176,164594,163425,-103,-1,1340,-518,-13,858,3,14,-17,-73,-105,1300,-620,-136,848,-16,34,-75,
3672261,166064,2543163,4010176,164594,163363,-126,-2,1359,-514,-12,859,0,15,-15,-75,-104,1306,-624,-129,850,-12,28,-80,
3672261,166064,2543163,4010176,164594,163363,-105,4,1342,-514,-12,859,10,9,-16,-80,-102,1313,-619,-139,866,-15,32,-80,
3672261,166064,2543163,4010176,164594,163363,-114,-10,1343,-518,-16,860,11,9,-12,-65,-96,1302,-619,-139,866,-22,31,-78,
3669488,166064,2543163,4010176,164594,163363,-108,4,1371,-518,-16,860,8,7,-10,-81,-102,1301,-623,-139,849,-13,32,-79,
3669488,166167,2543163,4010176,164594,163363,-98,1,1342,-516,-8,859,3,6,-14,-69,-101,1323,-623,-139,849,-13,32,-82,
3669488,166167,2543298,4010176,164594,163363,-83,7,1318,-516,-8,859,4,8,-10,-75,-98,1311,-619,-138,853,-8,32,-86,
3669488,166167,2543298,3999155,164594,163363,-109,13,1338,-515,-10,856,7,8,-13,-76,-100,1292,-619,-138,853,-4,32,-75,
3669488,166167,2543298,3999155,164732,163363,-121,20,1337,-516,-17,864,-6,5,-15,-73,-104,1309,-619,-135,847,-8,33,-74,
3669488,166167,2543298,3999155,164732,163099,-97,3,1330,-516,-17,864,-11,-1,-2,-68,-110,1315,-625,-137,842,-7,35,-87,
3669488,166167,2543298,3999155,164732,163099,-108,2,1348,-514,-16,852,-4,3,-10,-76,-98,1304,-625,-137,842,-15,28,-75,
3669488,166167,2543298,3999155,164732,163099,-111,5,1364,-514,-16,852,1,2,-6,-82,-108,1315,-622,-139,847,-15,32,-77,
3656887,166167,2543298,3999155,164732,163099,-118,11,1346,-518,-11,862,5,7,-11,-73,-102,1300,-622,-139,847,-8,31,-78,
3656887,166135,2543298,3999155,164732,163099,-100,8,1345,-518,-11,862,4,4,-14,-70,-107,1309,-622,-132,841,-13,29,-85,
3656887,166135,2541291,3999155,164732,163099,-115,23,1354,-519,-5,851,9,9,-15,-80,-105,1309,-622,-132,857,-10,35,-82,
3656887,166135,2541291,3999665,164732,163099,-109,14,1343,-514,-13,848,4,7,-12,-82,-112,1315,-622,-137,857,-7,37,-82,
3656887,166135,2541291,3999665,164571,163099,-107,13,1331,-514,-13,848,5,5,-11,-71,-100,1304,-620,-138,845,-11,35,-82,
3656887,166135,2541291,3999665,164571,163559,-110,-2,1358,-515,-15,849,7,7,-7,-72,-102,1294,-620,-138,845,-16,27,-76,
3656887,166135,2541291,3999665,164571,163559,-117,13,1340,-515,-15,849,-5,0,-1,-72,-102,1306,-624,-140,851,-12,30,-81,
3656887,166135,2541291,3999665,164571,163559,-104,10,1350,-514,-14,865,-5,5,-11,-73,-96,1304,-624,-140,851,-13,31,-82,
3602415,166135,2541291,3999665,164571,163559,-112,-6,1355,-514,-14,865,-6,7,-10,-75,-100,1304,-623,-134,850,-9,30,-83,
3602415,166116,2541291,3999665,164571,163559,-104,6,1342,-518,-10,866,-8,-1,-3,-87,-100,1315,-622,-135,844,-18,28,-75,
3602415,166116,2546263,3999665,164571,163559,-112,13,1333,-518,-10,866,-8,5,-5,-69,-102,1306,-622,-135,844,-12,30,-83,
3602415,166116,2546263,3999126,164571,163559,-96,7,1353,-514,-14,869,-2,3,-9,-71,-101,1310,-620,-137,842,-2,32,-82,
3602415,166116,2546263,3999126,164677,163559,-114,-1,1345,-512,-15,853,3,4,-9,-73,-99,1305,-620,-137,842,-3,31,-85,
3602415,166116,2546263,3999126,164677,163491,-89,22,1332,-512,-15,853,10,8,-15,-69,-111,1309,-621,-134,846,-10,29,-84,
3602415,166116,2546263,3999126,164677,163491,-103,-2,1339,-516,-15,851,8,9,-10,-59,-106,1310,-621,-134,846,-8,29,-80,
3602415,166116,2546263,3999126,164677,163491,-115,-1,1345,-516,-15,851,13,14,-9,-68,-93,1293,-624,-129,843,-7,32,-82,
3532623,166116,2546263,3999126,164677,163491,-103,2,1342,-513,-14,850,7,14,-16,-75,-112,1308,-618,-138,857,-10,33,-79,
3532623,166082,2546263,3999126,164677,163491,-106,5,1340,-513,-14,850,0,3,-14,-90,-118,1308,-618,-138,857,-7,22,-79,
3532623,166082,2541280,3999126,164677,163491,-109,8,1347,-516,-6,861,1,4,-12,-75,-90,1308,-621,-139,851,-9,33,-69,
3532623,166082,2541280,3996751,164677,163491,-109,8,1347,-513,-14,856,6,4,-4,-78,-92,1307,-621,-139,851,-1,37,-81,
3532623,166082,2541280,3996751,164674,163491,-99,5,1328,-513,-14,856,0,7,-4,-65,-105,1301,-625,-138,844,-10,39,-84,
3532623,166082,2541280,3996751,164674,190539,-121,5,1343,-515,-13,859,0,3,-5,-59,-92,1294,-625,-138,844,-13,39,-83,
3532623,166082,2541280,3996751,164674,190539,-111,7,1356,-515,-13,859,3,11,-9,-72,-93,1317,-621,-135,854,-10,36,-74,
3532623,166082,2541280,3996751,164674,190539,-112,20,1349,-514,-10,853,7,12,-11,-79,-100,1316,-620,-139,836,-13,30,-71,
3538178,166082,2541280,3996751,164674,190539,-110,5,1332,-514,-10,853,1,11,-11,-77,-104,1309,-620,-139,836,-20,39,-83,
3538178,166005,2541280,3996751,164674,190539,-128,-7,1384,-516,-10,866,2,5,-7,-71,-103,1302,-621,-137,850,-21,38,-79,
3538178,166005,2547931,3996751,164674,190539,-104,6,1353,-516,-10,859,4,8,-11,-70,-107,1304,-621,-137,850,-11,32,-82,
3538178,166005,2547931,3998625,164674,190539,-111,-1,1348,-516,-10,859,2,7,-15,-74,-107,1308,-624,-136,851,-7,38,-75,
3538178,166005,2547931,3998625,164652,190539,-117,20,1348,-514,-16,851,-1,-3,-7,-80,-116,1304,-624,-136,845,-18,29,-66,
3538178,166005,2547931,3998625,164652,200472,-119,19,1342,-514,-16,851,-5,4,-13,-74,-116,1313,-620,-136,845,-17,23,-78,
3538178,166005,2547931,3998625,164652,200472,-116,8,1336,-514,-15,851,-1,4,-11,-48,-101,1305,-623,-136,860,-15,26,-82,
3538178,166005,2547931,3998625,164652,200472,-118,10,1351,-514,-15,851,4,12,-13,-82,-95,1305,-623,-136,860,-11,33,-83,
3528446,166005,2547931,3998625,164652,200472,-115,-8,1352,-518,-11,852,5,7,-11,-77,-95,1307,-622,-137,850,-14,43,-76,
3528446,165690,2547931,3998625,164652,200472,-106,6,1348,-518,-11,849,3,2,-10,-73,-100,1317,-622,-137,850,-13,36,-77,
3528446,165690,2610914,3998625,164652,200472,-98,7,1339,-513,-12,849,3,7,-18,-70,-97,1313,-622,-132,842,-19,36,-80,
3528446,165690,2610914,4002616,164652,200472,-107,10,1343,-518,-15,859,-1,6,-16,-80,-91,1310,-623,-133,859,-14,30,-89,
3528446,165690,2610914,4002616,164638,200472,-108,3,1345,-518,-15,859,4,11,-16,-68,-96,1286,-623,-133,859,-8,39,-87,
3528446,165690,2610914,4002616,164638,201924,-98,9,1343,-512,-14,861,9,9,-17,-69,-104,1303,-623,-135,842,-14,36,-81,
3528446,165690,2610914,4002616,164638,201924,-103,1,1354,-512,-14,861,2,5,-11,-59,-106,1301,-623,-135,842,-18,29,-75,
3528446,165690,2610914,4002616,164638,201924,-100,6,1352,-516,-9,850,3,6,-13,-70,-98,1299,-622,-133,842,-13,30,-84,
3529714,165690,2610914,4002616,164638,201924,-103,4,1349,-516,-9,850,2,10,-13,-71,-107,1307,-622,-133,842,-17,30,-83,
3529714,166018,2610914,4002616,164638,201924,-99,15,1342,-515,-12,859,4,13,-17,-70,-89,1300,-621,-131,853,-11,34,-78,
3529714,166018,2615758,4002616,164638,201924,-103,10,1351,-511,-13,849,6,8,-12,-64,-110,1313,-621,-138,843,-15,38,-82,
3529714,166018,2615758,4005117,164638,201924,-107,0,1359,-511,-13,849,5,12,-9,-64,-115,1306,-621,-138,843,-11,37,-74,
3529714,166018,2615758,4005117,164530,201924,-111,-2,1346,-516,-16,856,0,6,-16,-77,-97,1305,-622,-137,845,-11,34,-77,
3529714,166018,2615758,4005117,164530,203993,-122,8,1357,-516,-16,856,-3,1,-9,-84,-105,1316,-622,-137,845,-14,28,-86,
3529714,166018,2615758,4005117,164530,203993,-103,8,1349,-512,-8,853,-2,3,-15,-70,-97,1303,-623,-133,843,-12,31,-89,
3529714,166018,2615758,4005117,164530,203993,-122,0,1379,-512,-8,853,8,2,-14,-69,-106,1303,-623,-133,843,-11,33,-78,
3545884,166018,2615758,4005117,164530,203993,-121,22,1346,-519,-6,854,5,3,-13,-69,-105,1305,-623,-137,852,-13,44,-76,
3545884,166179,2615758,4005117,164530,203993,-119,-7,1395,-517,-10,858,3,10,-18,-64,-105,1307,-620,-138,845,-18,35,-83,
3545884,166179,2608854,4005117,164530,203993,-104,13,1333,-517,-10,858,4,5,-10,-71,-99,1304,-620,-138,845,-17,32,-84,
3545884,166179,2608854,4002194,164530,203993,-117,3,1360,-517,-14,858,4,7,-15,-77,-104,1311,-621,-138,842,-22,30,-81,
3545884,166179,2608854,4002194,164471,203993,-97,12,1327,-517,-14,858,9,8,-9,-84,-99,1311,-621,-138,842,-14,32,-79,
3545884,166179,2608854,4002194,164471,234530,-119,3,1358,-518,-16,858,8,9,-12,-78,-93,1303,-623,-136,848,-10,28,-85,
3545884,166179,2608854,4002194,164471,234530,-111,1,1350,-518,-16,858,7,5,-16,-82,-108,1322,-623,-134,845,-17,29,-75,
3545884,166179,2608854,4002194,164471,234530,-100,8,1326,-518,-8,854,4,9,-20,-68,-102,1308,-619,-134,845,-16,34,-77,
3549983,166179,2608854,4002194,164471,234530,-115,-3,1366,-518,-12,855,8,6,-16,-74,-107,1310,-623,-139,857,-14,30,-82,
3549983,166214,2608854,4002194,164471,234530,-109,10,1349,-513,-12,855,5,7,-21,-67,-107,1306,-623,-139,857,-12,34,-78,
3549983,166214,2604431,4002194,164471,234530,-114,10,1337,-515,-17,849,2,7,-15,-67,-103,1293,-624,-139,843,-15,40,-82,
3549983,166214,2604431,4000624,164471,234530,-105,4,1344,-515,-17,849,-2,8,-12,-75,-104,1311,-624,-139,843,-12,35,-79,
3549983,166214,2604431,4000624,164492,234530,-116,9,1344,-515,-14,857,3,8,-10,-69,-102,1310,-623,-134,844,-8,32,-87,
3549983,166214,2604431,4000624,164492,238878,-106,7,1361,-515,-14,857,6,13,-13,-77,-100,1307,-620,-135,845,-9,43,-87,
3549983,166214,2604431,4000624,164492,238878,-99,12,1347,-516,-7,848,6,18,-17,-76,-104,1309,-620,-135,845,-9,41,-75,
3549983,166214,2604431,4000624,164492,238878,-123,13,1341,-516,-7,848,7,9,-13,-71,-99,1312,-620,-134,843,-7,30,-78,
3547474,166214,2604431,4000624,164492,238878,-101,-2,1355,-515,-12,859,4,5,-12,-74,-96,1305,-620,-134,843,-9,32,-82,
3547474,166250,2604431,4000624,164492,238878,-94,12,1330,-515,-12,854,0,2,-9,-55,-103,1292,-621,-132,845,-17,27,-71,
3547474,166250,2583933,4000624,164492,238878,-108,1,1338,-515,-12,854,-6,7,-15,-81,-118,1321,-621,-132,845,-15,41,-84,
3547474,166250,2583933,3998361,164492,238878,-111,-5,1362,-515,-16,855,-6,4,-9,-69,-110,1307,-621,-133,845,-14,31,-75,
3547474,166250,2583933,3998361,164661,238878,-116,17,1348,-515,-16,855,-5,7,-10,-73,-103,1314,-620,-137,846,-13,37,-76,
3547474,166250,2583933,3998361,164661,237414,-97,16,1335,-516,-12,857,-10,-3,-11,-65,-100,1317,-620,-137,846,-14,36,-77,
3547474,166250,2583933,3998361,164661,237414,-95,6,1331,-516,-12,857,-11,-3,-16,-69,-106,1306,-622,-140,845,-13,21,-79,
3547474,166250,2583933,3998361,164661,237414,-107,-3,1346,-516,-10,858,-18,-4,-13,-79,-108,1305,-622,-140,845,-8,31,-81,
3417909,166250,2583933,3998361,164661,237414,-95,16,1343,-510,-11,856,-27,-2,-13,-74,-102,1302,-620,-139,847,-4,35,-84,
3417909,166171,2583933,3998361,164661,237414,-117,-6,1343,-510,-11,856,-30,3,-16,-78,-103,1303,-620,-139,847,-9,35,-75,
3417909,166171,2217599,3998361,164661,237414,-101,6,1338,-519,-12,859,-17,-6,-18,-71,-102,1302,-624,-130,846,-17,35,-80,
3417909,166171,2217599,3995831,164661,237414,-99,0,1341,-519,-12,859,-21,0,-16,-72,-102,1315,-623,-138,861,-15,32,-83,
3417909,166171,2217599,3995831,164787,237414,-109,7,1360,-514,-8,857,-13,-2,-22,-69,-103,1308,-623,-138,861,-16,41,-75,
3417909,166171,2217599,3995831,164787,240959,-105,1,1341,-514,-8,857,-8,-5,-20,-66,-108,1314,-623,-136,841,-6,35,-85,
3417909,166171,2217599,3995831,164787,240959,-126,-10,1359,-518,-10,861,-10,1,-15,-79,-111,1304,-623,-136,841,-16,39,-82,
3417909,166171,2217599,3995831,164787,240959,-97,8,1343,-517,-6,854,-16,-1,-15,-71,-105,1303,-624,-132,837,-17,37,-72,
3200017,166171,2217599,3995831,164787,240959,-109,11,1350,-517,-6,854,-27,-2,-18,-65,-99,1308,-624,-136,854,-20,43,-79,
3200017,166279,2217599,3995831,164787,240959,-123,12,1355,-517,-10,855,-29,-2,-16,-80,-101,1303,-618,-136,854,-10,44,-83,
3200017,166279,1932655,3995831,164787,240959,-103,-6,1326,-517,-10,855,-25,-2,-24,-80,-104,1322,-622,-138,850,-8,43,-80,
3200017,166279,1932655,3997421,164787,240959,-105,14,1347,-518,-11,851,-17,-1,-26,-80,-126,1313,-622,-138,850,-10,30,-83,
3200017,166279,1932655,3997421,164717,240959,-98,8,1335,-518,-11,851,-18,-7,-23,-76,-96,1312,-625,-135,842,-15,36,-80,
3200017,166279,1932655,3997421,164717,239350,-115,3,1346,-514,-5,868,-2,-2,-32,-64,-100,1292,-625,-135,842,-16,39,-79,
3200017,166279,1932655,3997421,164717,239350,-107,-2,1320,-514,-5,868,36,4,-40,-62,-95,1298,-623,-135,849,-12,32,-80,
3200017,166279,1932655,3997421,164717,239350,-108,-11,1344,-518,-13,845,71,7,-44,-74,-95,1312,-621,-133,844,-12,31,-75,
2815509,166279,1932655,3997421,164717,239350,-101,-33,1357,-516,-11,856,79,9,-34,-80,-104,1314,-621,-133,844,-9,39,-71,
2815509,166173,1932655,3997421,164717,239350,-99,-16,1356,-516,-11,856,77,13,-14,-63,-106,1308,-620,-134,846,-14,37,-80,
2815509,166173,1489266,3997421,164717,239350,-117,3,1359,-514,-14,861,77,19,-13,-75,-106,1313,-620,-134,846,-11,30,-82,
2815509,166173,1489266,4014789,164717,239350,-113,17,1362,-514,-14,861,71,16,-11,-68,-96,1301,-623,-134,842,-13,29,-89,
2815509,166173,1489266,4014789,164708,239350,-105,1,1354,-517,-12,854,41,14,-12,-76,-109,1308,-623,-134,842,-14,31,-80,
2815509,166173,1489266,4014789,164708,279822,-101,27,1341,-517,-12,854,16,7,-19,-74,-100,1316,-621,-129,857,-10,29,-80,
2815509,166173,1489266,4014789,164708,279822,-108,19,1363,-516,-7,853,-9,-4,-8,-72,-102,1310,-620,-138,844,-15,41,-81,
2815509,166173,1489266,4014789,164708,279822,-90,39,1306,-516,-16,851,-41,-13,-9,-65,-100,1310,-620,-138,844,-9,36,-78,
2638724,166173,1489266,4014789,164708,279822,-117,49,1351,-516,-16,851,-34,-8,-44,-78,-109,1307,-624,-137,842,-10,31,-78,
2638724,166214,1489266,4014789,164708,279822,-116,71,1328,-518,-13,864,-18,7,-73,-77,-97,1306,-624,-137,842,-11,42,-83,
2638724,166214,893899,4014789,164708,279822,-113,73,1332,-518,-13,864,8,3,-111,-75,-109,1309,-625,-138,856,-9,47,-76,
2638724,166214,893899,4012021,164708,279822,-112,47,1343,-517,-10,861,19,3,-153,-71,-103,1308,-625,-138,856,-6,40,-76,
2638724,166214,893899,4012021,164718,279822,-111,36,1354,-517,-10,861,15,6,-173,-63,-104,1315,-621,-134,843,-12,38,-79,
2638724,166214,893899,4012021,164718,174973,-122,38,1342,-520,-12,854,0,-1,-182,-77,-103,1318,-621,-140,846,-10,39,-92,
2638724,166214,893899,4012021,164718,174973,-126,31,1365,-517,-19,861,-11,-2,-198,-69,-110,1301,-621,-140,846,-15,34,-85,
2638724,166214,893899,4012021,164718,174973,-127,24,1341,-517,-19,861,-31,8,-205,-76,-115,1304,-623,-136,846,-9,29,-81,
2423468,166214,893899,4012021,164718,174973,-140,28,1356,-517,-22,855,-53,13,-213,-62,-107,1285,-623,-136,846,-5,35,-74,
2423468,165934,893899,4012021,164718,174973,-144,41,1331,-517,-22,855,-68,9,-217,-72,-110,1317,-626,-132,846,-3,33,-77,
2423468,165934,883526,4012021,164718,174973,-140,43,1345,-519,-23,855,-70,10,-227,-73,-110,1312,-626,-132,854,-5,34,-81,
2423468,165934,883526,3994998,164718,174973,-121,41,1322,-519,-23,855,-68,12,-230,-77,-98,1297,-624,-132,854,-7,29,-82,
2423468,165934,883526,3994998,164627,174973,-139,35,1331,-522,-16,844,-69,5,-242,-84,-101,1311,-622,-137,845,-2,28,-85,
2423468,165934,883526,3994998,164627,189312,-146,55,1330,-522,-16,861,-49,2,-254,-73,-101,1299,-622,-137,845,-12,30,-80,
2423468,165934,883526,3994998,164627,189312,-154,47,1335,-521,-22,861,-24,3,-259,-82,-97,1300,-623,-139,847,-3,30,-76,
2423468,165934,883526,3994998,164627,189312,-153,11,1346,-519,-29,859,7,12,-252,-73,-109,1317,-623,-139,847,-17,37,-75,
2120168,165934,883526,3994998,164627,189312,-150,-13,1343,-519,-29,859,76,19,-225,-69,-101,1310,-624,-132,847,-16,33,-78,
2120168,166028,883526,3994998,164627,189312,-163,-42,1357,-517,-30,855,91,21,-185,-74,-111,1312,-621,-136,850,-12,32,-89,
2120168,166028,887557,3994998,164627,189312,-140,-40,1344,-517,-30,855,88,23,-142,-67,-94,1306,-621,-136,850,-15,27,-86,
2120168,166028,887557,3999166,164627,189312,-105,-29,1310,-523,-31,858,91,24,-107,-77,-103,1301,-622,-134,848,-17,24,-90,
2120168,166028,887557,3999166,164533,189312,-110,-29,1336,-523,-31,858,88,19,-69,-70,-107,1310,-622,-134,848,-8,27,-86,
2120168,166028,887557,3999166,164533,191009,-94,-26,1337,-522,-35,848,81,21,-47,-74,-107,1307,-624,-131,846,-15,26,-77,
2120168,166028,887557,3999166,164533,191009,-88,-5,1367,-518,-42,852,84,5,-45,-73,-97,1304,-624,-131,846,-16,31,-75,
2120168,166028,887557,3999166,164533,191009,-89,-11,1334,-518,-42,852,82,1,-71,-67,-106,1305,-622,-133,847,-21,30,-76,
1886652,166028,887557,3999166,164533,191009,-112,-8,1359,-522,-45,859,78,12,-86,-74,-120,1305,-620,-139,842,-18,47,-77,
1886652,166124,887557,3999166,164533,191009,-105,5,1345,-522,-45,859,74,19,-95,-76,-102,1314,-620,-139,842,-12,41,-76,
1886652,166124,946419,3999166,164533,191009,-88,9,1321,-522,-37,853,68,29,-94,-71,-102,1302,-620,-136,850,-10,31,-82,
1886652,166124,946419,4013640,164533,191009,-88,10,1329,-522,-37,853,58,33,-92,-67,-109,1294,-620,-136,850,-15,31,-78,
1886652,166124,946419,4013640,164646,191009,-90,12,1347,-524,-39,855,47,28,-81,-73,-100,1307,-625,-134,855,-8,41,-85,
1886652,166124,946419,4013640,164646,432085,-118,-13,1397,-521,-43,861,24,22,-71,-72,-113,1307,-625,-134,855,-7,34,-82,
1886652,166124,946419,4013640,164646,432085,-76,32,1357,-521,-43,861,12,27,-79,-64,-100,1309,-624,-137,836,-6,31,-76,
1886652,166124,946419,4013640,164646,432085,-81,22,1337,-522,-47,857,31,15,-81,-69,-97,1316,-623,-139,845,-6,30,-75,
1490200,166124,946419,4013640,164646,432085,-49,5,1351,-522,-47,857,39,12,-82,-70,-100,1311,-623,-139,845,-10,25,-82,
1490200,166031,946419,4013640,164646,432085,-41,-5,1353,-523,-45,848,29,7,-79,-70,-111,1303,-621,-136,855,-7,30,-77,
1490200,166031,1103730,4013640,164646,432085,-19,-10,1315,-523,-45,848,27,-2,-66,-77,-103,1302,-621,-136,855,-11,22,-80,
1490200,166031,1103730,4013815,164646,432085,-14,-21,1337,-524,-46,858,31,-3,-53,-74,-88,1308,-623,-133,849,0,28,-81,
1490200,166031,1103730,4013815,164660,432085,-22,-40,1357,-524,-47,861,26,-4,-42,-78,-93,1313,-623,-136,847,-11,31,-74,
1490200,166031,1103730,4013815,164660,441010,-25,-44,1357,-524,-47,861,-5,-2,-17,-74,-101,1318,-623,-136,847,-21,28,-70,
1490200,166031,1103730,4013815,164660,441010,4,-52,1363,-525,-47,861,-14,-2,3,-75,-95,1310,-620,-136,858,-15,33,-77,
1490200,166031,1103730,4013815,164660,441010,-26,-28,1364,-525,-47,861,-3,-4,12,-77,-104,1310,-620,-136,858,-11,36,-79,
1719917,166031,1103730,4013815,164660,441010,-95,6,1332,-523,-49,854,13,16,-3,-82,-105,1315,-623,-134,847,-10,33,-75,
1719917,165944,1103730,4013815,164660,441010,-106,-3,1350,-523,-49,854,31,25,-11,-82,-110,1305,-623,-134,847,-8,33,-78,
1719917,165944,1382666,4013815,164660,441010,-99,-4,1350,-519,-45,859,26,28,-1,-71,-91,1299,-621,-132,854,-20,36,-83,
1719917,165944,1382666,4012020,164660,441010,-113,6,1357,-519,-45,859,24,18,21,-78,-101,1298,-622,-134,855,-13,37,-83,
1719917,165944,1382666,4012020,164662,441010,-108,41,1333,-521,-46,853,10,10,35,-80,-113,1319,-622,-134,855,-8,34,-84,
1719917,165944,1382666,4012020,164662,461700,-121,43,1359,-524,-45,856,14,12,2,-84,-95,1293,-618,-140,853,-10,35,-87,
1719917,165944,1382666,4012020,164662,461700,-118,50,1354,-524,-45,856,37,15,-14,-93,-102,1324,-618,-140,853,-9,37,-82,
1719917,165944,1382666,4012020,164662,461700,-97,33,1331,-525,-48,861,29,16,-11,-78,-99,1303,-622,-134,857,-11,35,-78,
2030834,165944,1382666,4012020,164662,461700,-87,26,1330,-525,-48,861,13,12,-11,-79,-95,1311,-622,-134,857,-13,42,-78,
2030834,166140,1382666,4012020,164662,461700,-109,19,1351,-523,-52,860,7,10,-9,-72,-102,1305,-620,-129,854,-15,27,-78,
2030834,166140,1490751,4012020,164662,461700,-114,12,1347,-523,-52,860,5,10,-12,-74,-97,1323,-619,-137,859,-18,33,-79,
2030834,166140,1490751,4013797,164662,461700,-110,17,1366,-524,-45,855,9,12,-15,-75,-106,1306,-619,-137,859,-13,35,-79,
2030834,166140,1490751,4013797,164700,461700,-108,28,1343,-521,-49,855,10,15,-10,-80,-98,1304,-619,-136,847,-12,34,-79,
2030834,166140,1490751,4013797,164700,475493,-116,29,1351,-521,-49,855,12,10,-9,-68,-97,1307,-619,-136,847,-13,48,-76,
2030834,166140,1490751,4013797,164700,475493,-107,46,1339,-523,-51,863,17,7,-23,-75,-107,1315,-622,-133,842,-16,32,-80,
2030834,166140,1490751,4013797,164700,475493,-116,16,1356,-523,-51,863,9,10,-13,-89,-106,1311,-622,-133,842,-17,29,-81,
2195513,166140,1490751,4013797,164700,475493,-119,31,1353,-523,-45,855,2,5,-14,-74,-96,1309,-623,-135,857,-11,35,-74,
2195513,166103,1490751,4013797,164700,475493,-104,19,1345,-523,-45,855,8,10,-20,-64,-94,1296,-622,-139,841,-13,35,-76,
2195513,166103,1495443,4013797,164700,475493,-109,15,1355,-523,-35,857,6,10,-18,-66,-95,1314,-622,-139,841,-14,33,-81,
2195513,166103,1495443,4008761,164700,475493,-118,18,1345,-521,-44,860,9,15,-18,-76,-99,1294,-622,-136,850,-10,35,-81,
2195513,166103,1495443,4008761,164651,475493,-99,19,1340,-521,-44,860,9,8,-15,-71,-103,1304,-622,-136,850,-16,34,-80,
2195513,166103,1495443,4008761,164651,476374,-114,-1,1374,-520,-54,855,18,17,-10,-75,-99,1299,-623,-132,841,-14,34,-82,
2195513,166103,1495443,4008761,164651,476374,-113,20,1331,-520,-54,855,11,11,-8,-73,-104,1295,-623,-132,847,-16,35,-82,
2195513,166103,1495443,4008761,164651,476374,-111,18,1339,-524,-53,856,6,15,-5,-75,-110,1307,-623,-132,847,-19,32,-92,
2331612,166103,1495443,4008761,164651,476374,-101,21,1331,-524,-53,856,8,19,-3,-83,-106,1325,-619,-135,848,-12,32,-83,
2331612,166257,1495443,4008761,164651,476374,-106,31,1338,-520,-46,861,7,8,2,-73,-96,1303,-619,-135,848,-10,35,-84,
2331612,166257,1526057,4008761,164651,476374,-109,16,1353,-520,-46,850,4,4,6,-81,-97,1303,-621,-136,843,-11,28,-80,
2331612,166257,1526057,4006086,164651,476374,-110,23,1327,-522,-50,850,5,6,7,-74,-105,1292,-621,-136,843,-13,27,-82,
2331612,166257,1526057,4006086,164498,476374,-107,29,1337,-520,-50,858,5,12,4,-67,-105,1316,-622,-131,844,-12,31,-71,
2331612,166257,1526057,4006086,164498,472919,-95,22,1335,-520,-50,858,12,13,2,-71,-113,1305,-624,-134,841,-17,28,-75,
2331612,166257,1526057,4006086,164498,472919,-113,22,1346,-519,-47,847,7,13,-2,-65,-103,1307,-624,-134,841,-5,26,-76,
2331612,166257,1526057,4006086,164498,472919,-117,35,1360,-519,-47,847,12,10,0,-91,-115,1302,-623,-136,832,-9,19,-80,
2274588,166257,1526057,4006086,164498,472919,-104,15,1357,-519,-51,849,19,16,-7,-70,-102,1300,-623,-136,832,-13,39,-78,
2274588,165971,1526057,4006086,164498,472919,-108,41,1355,-519,-51,849,15,15,-11,-73,-110,1313,-620,-131,847,-10,30,-74,
2274588,165971,1663087,4006086,164498,472919,-124,29,1336,-523,-45,861,13,14,-12,-75,-102,1313,-620,-131,847,-7,30,-79,
2274588,165971,1663087,4011105,164498,472919,-109,25,1336,-521,-51,858,14,10,-20,-77,-104,1313,-622,-131,844,-14,33,-76,
2274588,165971,1663087,4011105,164706,472919,-117,21,1341,-521,-51,858,11,13,-23,-75,-103,1302,-622,-134,852,-9,34,-77,
2274588,165971,1663087,4011105,164706,286626,-111,35,1339,-521,-53,867,4,10,-17,-76,-101,1307,-622,-134,852,-14,29,-83,
2274588,165971,1663087,4011105,164706,286626,-110,26,1341,-521,-53,867,10,11,-16,-64,-108,1315,-622,-133,847,-18,28,-81,
2274588,165971,1663087,4011105,164706,286626,-100,30,1346,-522,-48,856,11,13,-14,-64,-107,1307,-622,-133,847,-18,36,-76,
2446324,165971,1663087,4011105,164706,286626,-109,25,1347,-522,-48,856,8,10,-12,-66,-101,1317,-624,-134,847,-17,37,-79,
2446324,166112,1663087,4011105,164706,286626,-111,46,1351,-522,-39,852,11,15,-15,-71,-101,1303,-624,-134,847,-15,30,-77,
2446324,166112,1830368,4011105,164706,286626,-109,18,1351,-521,-56,860,1,11,-17,-81,-114,1311,-625,-134,855,-18,27,-78,
2446324,166112,1830368,4014057,164706,286626,-117,25,1340,-521,-56,860,2,3,-13,-69,-100,1299,-622,-136,839,-13,34,-85,
2446324,166112,1830368,4014057,164628,286626,-113,11,1356,-523,-47,858,3,6,-6,-75,-99,1292,-622,-136,839,-16,41,-81,
2446324,166112,1830368,4014057,164628,221092,-103,22,1341,-523,-47,858,0,6,-7,-75,-106,1313,-622,-132,853,-8,33,-79,
2446324,166112,1830368,4014057,164628,221092,-116,28,1345,-521,-39,856,-6,1,-5,-68,-110,1303,-621,-134,836,-14,33,-83,
2446324,166112,1830368,4014057,164628,221092,-122,21,1326,-521,-48,855,-10,3,-3,-69,-103,1301,-621,-134,836,-6,33,-83,
2442811,166112,1830368,4014057,164628,221092,-120,25,1346,-521,-48,855,-2,6,-4,-80,-98,1313,-621,-136,849,-12,43,-85,
2442811,165911,1830368,4014057,164628,221092,-120,10,1359,-522,-50,857,-3,4,-1,-79,-110,1297,-621,-136,849,-10,34,-82,
2442811,165911,1829501,4014057,164628,221092,-113,13,1335,-522,-50,857,-8,3,3,-67,-98,1308,-622,-135,839,-9,41,-83,
2442811,165911,1829501,3997635,164628,221092,-117,17,1354,-521,-48,861,-8,-3,8,-72,-120,1311,-622,-135,839,-13,28,-84,
2442811,165911,1829501,3997635,164659,221092,-116,26,1351,-521,-48,861,-5,-3,5,-74,-114,1308,-623,-129,862,-19,28,-80,
2442811,165911,1829501,3997635,164659,163518,-131,33,1344,-525,-40,858,1,0,4,-73,-104,1310,-621,-133,856,-12,25,-77,
2442811,165911,1829501,3997635,164659,163518,-110,47,1328,-525,-40,860,4,4,1,-64,-105,1306,-621,-133,856,-8,31,-73,
2442811,165911,1829501,3997635,164659,163518,-115,29,1345,-524,-47,860,3,6,-9,-62,-94,1311,-619,-136,845,-12,35,-80,
2360395,165911,1829501,3997635,164659,163518,-102,10,1347,-522,-50,865,4,13,-7,-64,-104,1320,-619,-136,845,-13,29,-77,
2360395,166156,1829501,3997635,164659,163518,-110,20,1360,-522,-50,865,7,9,-7,-83,-105,1307,-622,-133,839,-13,28,-85,
2360395,166156,1498500,3997635,164659,163518,-112,20,1364,-521,-48,856,6,7,-2,-68,-101,1308,-622,-133,839,-16,33,-76,
2360395,166156,1498500,3996472,164659,163518,-101,29,1326,-521,-48,856,-5,4,1,-67,-112,1297,-621,-132,845,-17,31,-75,
2360395,166156,1498500,3996472,164762,163518,-112,36,1340,-523,-44,860,-4,2,10,-75,-106,1308,-625,-137,853,-19,29,-85,
2360395,166156,1498500,3996472,164762,163544,-108,32,1344,-523,-44,860,-4,16,3,-71,-96,1320,-625,-137,853,-10,26,-77,
2360395,166156,1498500,3996472,164762,163544,-114,26,1344,-521,-42,859,1,11,2,-84,-113,1296,-620,-140,848,-12,31,-82,
2360395,166156,1498500,3996472,164762,163544,-106,31,1337,-520,-51,870,3,10,7,-63,-115,1305,-620,-140,848,-4,25,-76,
2365332,166156,1498500,3996472,164762,163544,-116,25,1361,-520,-51,870,9,9,10,-65,-104,1305,-623,-133,845,-12,30,-82,
2365332,166146,1498500,3996472,164762,163544,-110,20,1351,-520,-47,850,12,11,5,-74,-107,1311,-623,-130,846,-12,33,-86,
2365332,166146,1504333,3996472,164762,163544,-105,33,1341,-520,-47,850,12,10,4,-71,-96,1313,-624,-130,846,-17,36,-81,
2365332,166146,1504333,3965160,164762,163544,-111,18,1350,-518,-41,861,6,3,10,-71,-103,1317,-622,-135,847,-15,37,-77,
2365332,166146,1504333,3965160,164599,163544,-113,20,1349,-518,-41,861,-2,8,9,-79,-103,1310,-622,-135,847,-13,19,-80,
2365332,166146,1504333,3965160,164599,220754,-108,42,1346,-523,-39,859,0,10,6,-78,-102,1306,-622,-136,849,-5,26,-82,
2365332,166146,1504333,3965160,164599,220754,-111,32,1349,-519,-47,863,-1,11,0,-76,-104,1320,-622,-136,849,-9,35,-77,
2365332,166146,1504333,3965160,164599,220754,-104,33,1367,-519,-47,863,6,2,-1,-80,-98,1314,-622,-132,842,-9,33,-78,
2373218,166146,1504333,3965160,164599,220754,-113,21,1349,-520,-48,864,5,3,-8,-66,-111,1314,-620,-135,855,-8,24,-81,
2373218,166155,1504333,3965160,164599,220754,-111,36,1343,-520,-48,864,-1,2,-5,-68,-105,1304,-620,-135,855,-6,25,-76,
2373218,166155,1593424,3965160,164599,220754,-114,19,1340,-523,-51,847,-8,-2,-3,-76,-109,1318,-622,-137,834,-10,30,-78,
2373218,166155,1593424,3953519,164599,220754,-109,20,1347,-523,-51,847,-2,8,-10,-81,-105,1317,-622,-137,834,-17,34,-75,
2373218,166155,1593424,3953519,164634,220754,-109,27,1352,-522,-40,850,0,9,-10,-78,-110,1303,-622,-127,842,-11,37,-84,
2373218,166155,1593424,3953519,164634,227608,-108,23,1369,-522,-41,859,-1,0,-9,-78,-101,1311,-622,-127,842,-7,31,-86,
2373218,166155,1593424,3953519,164634,227608,-113,36,1348,-519,-41,859,5,6,-9,-61,-96,1303,-625,-131,846,-8,31,-74,
2373218,166155,1593424,3953519,164634,227608,-103,23,1338,-522,-46,856,10,9,-11,-70,-103,1300,-621,-135,848,-9,43,-74,
2379948,166155,1593424,3953519,164634,227608,-100,31,1348,-522,-46,856,6,9,-12,-66,-108,1308,-621,-135,848,-6,32,-84,
2379948,166068,1593424,3953519,164634,227608,-106,19,1355,-519,-45,868,2,13,-13,-74,-100,1303,-622,-137,855,-11,30,-87,
2379948,166068,1770110,3953519,164634,227608,-117,31,1344,-519,-45,868,-1,5,-11,-73,-104,1309,-622,-137,855,-7,29,-79,
2379948,166068,1770110,3947917,164634,227608,-91,39,1349,-522,-43,867,-1,10,-13,-81,-97,1308,-622,-139,847,-12,36,-77,
2379948,166068,1770110,3947917,164538,227608,-116,28,1344,-522,-43,867,-12,10,-12,-75,-106,1310,-622,-139,847,-12,38,-76,
2379948,166068,1770110,3947917,164538,234481,-114,29,1335,-523,-46,860,-19,2,1,-72,-96,1321,-622,-132,837,-11,38,-79,
2379948,166068,1770110,3947917,164538,234481,-110,17,1367,-522,-44,862,-15,-3,0,-84,-102,1313,-622,-136,857,-17,42,-76,
2379948,166068,1770110,3947917,164538,234481,-99,21,1343,-522,-44,862,-7,10,-6,-68,-97,1308,-622,-136,857,-11,36,-82,
2377684,166068,1770110,3947917,164538,234481,-95,24,1347,-519,-50,848,-9,6,-10,-81,-106,1306,-620,-137,849,-8,25,-77,
2377684,166139,1770110,3947917,164538,234481,-97,22,1355,-519,-50,848,-3,5,-7,-71,-102,1307,-620,-137,849,-6,30,-80,
2377684,166139,1934181,3947917,164538,234481,-104,6,1357,-521,-45,857,12,10,6,-82,-92,1301,-623,-135,849,-12,34,-84,
2377684,166139,1934181,3963529,164538,234481,-97,17,1350,-521,-45,857,20,10,24,-76,-108,1309,-623,-134,842,-12,37,-88,
2377684,166139,1934181,3963529,164626,234481,-97,11,1346,-519,-38,852,30,11,37,-77,-111,1308,-624,-134,842,-17,38,-82,
2377684,166139,1934181,3963529,164626,241559,-109,1,1358,-520,-42,856,29,13,45,-67,-104,1309,-618,-137,845,-2,41,-73,
2377684,166139,1934181,3963529,164626,241559,-109,30,1343,-520,-42,856,16,14,44,-65,-106,1324,-618,-137,845,-13,43,-79,
2377684,166139,1934181,3963529,164626,241559,-115,46,1336,-521,-43,859,7,10,50,-71,-98,1299,-621,-138,843,-17,42,-82,
2374493,166139,1934181,3963529,164626,241559,-114,32,1351,-521,-43,859,5,7,38,-69,-96,1316,-621,-138,843,-11,38,-82,
2374493,166183,1934181,3963529,164626,241559,-104,35,1321,-522,-39,858,3,1,32,-71,-104,1320,-623,-127,852,-16,35,-82,
2374493,166183,1921065,3963529,164626,241559,-99,38,1341,-522,-39,858,-3,8,28,-73,-96,1297,-621,-135,843,-9,34,-81,
2374493,166183,1921065,3934123,164626,241559,-106,27,1335,-521,-34,865,-2,11,17,-80,-91,1311,-621,-135,843,-10,29,-79,
2374493,166183,1921065,3934123,164644,241559,-97,57,1333,-522,-39,860,-1,7,8,-68,-106,1300,-624,-137,840,-19,38,-78,
2374493,166183,1921065,3934123,164644,238244,-105,28,1351,-522,-39,860,-2,10,7,-74,-97,1302,-624,-137,840,-19,25,-79,
2374493,166183,1921065,3934123,164644,238244,-101,29,1350,-521,-44,858,-3,7,5,-71,-110,1302,-618,-130,850,-11,26,-83,
2374493,166183,1921065,3934123,164644,238244,-105,19,1326,-521,-44,858,-9,3,12,-72,-110,1297,-618,-130,850,-7,36,-85,
2374240,166183,1921065,3934123,164644,238244,-105,32,1338,-521,-43,853,-15,0,17,-63,-98,1305,-623,-132,860,-4,26,-85,
2374240,166087,1921065,3934123,164644,238244,-111,17,1375,-521,-43,853,-20,0,25,-64,-102,1304,-625,-137,833,-10,32,-86,
2374240,166087,1948102,3934123,164644,238244,-99,36,1313,-524,-34,865,-12,-3,22,-69,-106,1308,-625,-137,833,-13,34,-81,
2374240,166087,1948102,3936635,164644,238244,-105,27,1334,-524,-34,865,-13,-4,23,-66,-105,1303,-623,-133,857,-13,26,-83,
2374240,166087,1948102,3936635,164736,238244,-117,19,1350,-524,-41,853,-13,-5,36,-74,-106,1306,-623,-133,857,-9,30,-81,
2374240,166087,1948102,3936635,164736,235660,-100,21,1327,-520,-42,858,-6,3,38,-81,-115,1312,-623,-134,851,-5,35,-78,
2374240,166087,1948102,3936635,164736,235660,-103,13,1322,-520,-42,858,0,1,44,-78,-100,1304,-623,-134,851,-8,36,-74,
2374240,166087,1948102,3936635,164736,235660,-104,31,1332,-519,-39,860,-4,2,40,-81,-92,1309,-624,-134,841,-10,27,-73,
2374544,166087,1948102,3936635,164736,235660,-134,22,1372,-519,-39,860,-5,4,29,-66,-104,1308,-623,-137,843,-16,28,-80,
2374544,166168,1948102,3936635,164736,235660,-98,33,1350,-519,-42,846,-1,0,26,-62,-94,1309,-623,-137,843,-13,30,-88,
2374544,166168,1953665,3936635,164736,235660,-111,36,1349,-519,-42,846,-5,7,26,-71,-109,1314,-622,-134,845,-20,33,-78,
2374544,166168,1953665,3932917,164736,235660,-108,19,1337,-524,-32,853,-8,1,25,-79,-107,1300,-622,-134,845,-9,33,-73,
2374544,166168,1953665,3932917,164707,235660,-112,32,1344,-520,-39,864,-1,-2,22,-57,-95,1310,-623,-135,845,-4,31,-79,
2374544,166168,1953665,3932917,164707,163500,-112,25,1332,-520,-39,864,6,2,20,-73,-101,1316,-623,-135,856,-2,27,-83,
2374544,166168,1953665,3932917,164707,163500,-112,34,1334,-520,-38,863,7,4,11,-60,-102,1305,-625,-135,856,-13,29,-83,
2374544,166168,1953665,3932917,164707,163500,-118,18,1354,-520,-38,863,3,6,5,-65,-97,1310,-619,-133,848,-13,26,-81,
2394471,166168,1953665,3932917,164707,163500,-117,28,1353,-520,-32,862,12,9,0,-73,-105,1301,-619,-133,848,-13,29,-88,
2394471,166099,1953665,3932917,164707,163500,-102,20,1323,-520,-32,862,7,12,-4,-71,-104,1314,-626,-140,848,-11,39,-78,
2394471,166099,1951992,3932917,164707,163500,-128,29,1347,-524,-27,866,9,12,-13,-65,-105,1313,-626,-140,848,-13,35,-75,
2394471,166099,1951992,3920098,164707,163500,-113,23,1345,-522,-33,852,9,12,-15,-75,-107,1312,-623,-133,837,-10,33,-74,
2394471,166099,1951992,3920098,164688,163500,-104,36,1325,-522,-33,852,11,12,-16,-74,-112,1295,-626,-132,849,-12,37,-74,
2394471,166099,1951992,3920098,164688,163554,-108,33,1337,-516,-37,863,8,6,-10,-84,-104,1295,-626,-132,849,-13,35,-82,
2394471,166099,1951992,3920098,164688,163554,-106,22,1330,-516,-37,863,7,11,-9,-77,-99,1322,-623,-137,852,-8,30,-84,
2394471,166099,1951992,3920098,164688,163554,-100,31,1342,-520,-37,868,6,8,-11,-70,-103,1313,-623,-137,852,-13,40,-79,
2389972,166099,1951992,3920098,164688,163554,-113,19,1335,-520,-37,868,1,10,-14,-70,-93,1306,-621,-131,847,-17,39,-79,
2389972,166282,1951992,3920098,164688,163554,-112,23,1340,-521,-35,869,7,9,-16,-59,-96,1312,-621,-131,847,-16,27,-79,
2389972,166282,1941551,3920098,164688,163554,-115,24,1362,-521,-35,857,5,5,-10,-73,-99,1301,-623,-134,853,-9,28,-75,
2389972,166282,1941551,3900972,164688,163554,-111,12,1343,-521,-36,857,5,11,-15,-80,-101,1301,-623,-138,848,-10,24,-75,
2389972,166282,1941551,3900972,164771,163554,-92,26,1348,-519,-35,859,9,10,-14,-78,-107,1306,-623,-138,848,-8,21,-73,
2389972,166282,1941551,3900972,164771,223822,-100,20,1337,-519,-35,859,3,5,-10,-79,-108,1292,-619,-136,845,-11,28,-82,
2389972,166282,1941551,3900972,164771,223822,-102,27,1341,-520,-38,858,-4,2,-11,-67,-105,1324,-619,-136,845,-11,38,-76,
2389972,166282,1941551,3900972,164771,223822,-108,27,1343,-520,-38,858,-1,4,-13,-72,-95,1314,-622,-133,852,-11,38,-77,
2421821,166282,1941551,3900972,164771,223822,-109,25,1348,-520,-34,849,0,10,-15,-80,-102,1314,-622,-133,852,-4,27,-76,
2421821,166248,1941551,3900972,164771,223822,-107,30,1333,-520,-34,849,4,5,-10,-64,-110,1316,-621,-135,849,-7,42,-77,
2421821,166248,1959540,3900972,164771,223822,-112,31,1354,-518,-33,866,5,7,-9,-81,-106,1304,-619,-134,839,-13,34,-76,
2421821,166248,1959540,3892524,164771,223822,-116,18,1341,-516,-34,853,3,9,-13,-67,-105,1302,-619,-134,839,-5,24,-77,
2421821,166248,1959540,3892524,164795,223822,-113,19,1342,-516,-34,853,-1,8,-12,-60,-112,1306,-623,-138,849,-11,33,-81,
2421821,166248,1959540,3892524,164795,222337,-107,22,1333,-524,-39,858,11,10,-15,-83,-104,1304,-623,-138,849,-7,29,-83,
2421821,166248,1959540,3892524,164795,222337,-102,21,1337,-524,-39,858,8,12,-15,-64,-107,1299,-624,-134,841,-11,27,-85,
2421821,166248,1959540,3892524,164795,222337,-122,25,1346,-520,-30,860,7,14,-19,-61,-107,1306,-624,-133,837,-14,28,-81,
2439031,166248,1959540,3892524,164795,222337,-109,29,1339,-520,-30,860,9,7,-18,-71,-102,1305,-625,-133,837,-14,31,-82,
2439031,166242,1959540,3892524,164795,222337,-112,29,1350,-522,-30,864,6,3,-18,-72,-104,1304,-620,-131,841,-11,37,-77,
2439031,166242,1817460,3892524,164795,222337,-105,33,1346,-519,-36,858,-6,5,-21,-70,-101,1324,-620,-131,841,-17,29,-78,
2439031,166242,1817460,3828522,164795,222337,-125,26,1354,-519,-36,858,-14,-2,-15,-68,-120,1324,-622,-138,840,-15,24,-81,
2439031,166242,1817460,3828522,164793,222337,-100,24,1336,-522,-32,860,-31,-12,-19,-83,-110,1306,-622,-138,840,-15,25,-72,
2439031,166242,1817460,3828522,164793,163497,-119,40,1364,-522,-32,860,-60,-33,-11,-86,-113,1312,-622,-130,840,-1,25,-77,
2439031,166242,1817460,3828522,164793,163497,-113,31,1384,-520,-30,851,-108,-58,-14,-80,-98,1327,-622,-137,837,7,15,-73,
2439031,166242,1817460,3828522,164793,163497,-117,36,1410,-520,-30,851,-152,-74,-14,-74,-112,1316,-622,-137,837,26,-4,-74,
2086028,166242,1817460,3828522,164793,163497,-130,46,1389,-526,-26,866,-470,-98,-16,-69,-108,1316,-621,-140,857,45,-5,-70,
2086028,166255,1817460,3828522,164793,163497,-301,-11,1408,-526,-14,852,-422,-90,9,-69,-108,1309,-621,-140,857,86,-5,-63,
2086028,166255,494331,3828522,164793,163497,-383,-121,1413,-529,-14,852,-578,-52,80,-72,-96,1293,-624,-136,850,116,3,-72,
2086028,166255,494331,2100254,164793,163497,-396,-81,1410,-527,-1,857,-672,-48,181,-86,-103,1318,-624,-136,850,106,-4,-62,
2086028,166255,494331,2100254,164766,163497,-402,81,1484,-527,-1,857,-583,-50,249,-84,-92,1317,-622,-139,840,128,-7,-51,
2086028,166255,494331,2100254,164766,163375,-378,294,1428,-530,8,847,-289,-30,233,-122,-81,1311,-624,-143,845,140,-16,-19,
2086028,166255,494331,2100254,164766,163375,-399,153,1413,-530,8,847,18,-8,180,-120,-69,1340,-624,-143,845,141,-31,42,
2086028,166255,494331,2100254,164766,163375,-397,-23,1388,-532,14,856,172,33,126,-244,128,1401,-625,-148,845,228,-41,85,
1658692,166255,494331,2100254,164766,163375,-365,-113,1361,-532,14,856,146,61,102,-227,118,1410,-625,-148,845,382,-21,52,
1658692,166330,494331,2100254,164766,163375,-379,-134,1371,-533,14,839,36,88,99,-262,-77,1466,-631,-155,852,527,27,-76,
1658692,166330,659367,2100254,164766,163375,-396,-94,1353,-527,13,851,-65,100,101,-254,-274,1436,-631,-155,852,512,93,-237,
1658692,166330,659367,1288903,164766,163375,-407,-39,1356,-527,13,851,-123,139,80,-256,-310,1401,-630,-163,842,-44,168,-254,
1658692,166330,659367,1288903,164844,163375,-411,-26,1319,-526,19,859,-140,203,43,-303,-148,1408,-630,-160,849,-222,205,-292,
1658692,166330,659367,1288903,164844,163402,-399,-42,1313,-526,19,859,-131,286,9,-311,49,1385,-630,-160,849,-173,237,-359,
1658692,166330,659367,1288903,164844,163402,-368,-56,1303,-519,21,866,-121,379,-47,-296,19,1356,-623,-163,845,-51,273,-419,
1658692,166330,659367,1288903,164844,163402,-333,-57,1284,-519,21,866,-119,515,-114,-304,-46,1328,-623,-163,845,15,313,-435,
1657523,166330,659367,1288903,164844,163402,-313,-66,1274,-511,27,866,-88,564,-145,-290,-105,1323,-620,-166,863,12,374,-389,
1657523,165822,659367,1288903,164844,163402,-282,-93,1261,-504,25,876,-98,593,-153,-283,-84,1286,-620,-161,868,-18,430,-306,
1657523,165822,672010,1288903,164844,163402,-236,-113,1221,-504,25,876,-135,595,-152,-267,-54,1280,-615,-161,868,-27,458,-234,
1657523,165822,672010,1664183,164844,163402,-190,-123,1236,-491,29,881,-188,554,-152,-263,-16,1268,-608,-169,882,-1,476,-199,
1657523,165822,672010,1664183,164638,163402,-144,-96,1227,-491,29,881,-233,492,-138,-229,-33,1208,-608,-169,882,38,488,-192,
1657523,165822,672010,1664183,164638,163604,-154,-79,1251,-490,35,874,-247,442,-129,-213,-12,1201,-602,-173,880,60,495,-200,
1657523,165822,672010,1664183,164638,163604,-159,-82,1245,-490,35,874,-239,405,-128,-211,22,1203,-602,-173,880,78,507,-205,
1657523,165822,672010,1664183,164638,163604,-169,-80,1262,-480,46,890,-220,392,-124,-157,70,1191,-598,-172,893,132,495,-228,
1665646,165822,672010,1664183,164638,163604,-198,-103,1288,-480,48,887,-204,394,-108,-143,52,1177,-591,-178,893,233,417,-283,
1665646,166183,672010,1664183,164638,163604,-179,-118,1316,-474,48,887,-197,410,-90,-160,-10,1185,-591,-178,893,311,343,-340,
1665646,166183,825373,1664183,164638,163604,-160,-115,1327,-464,49,901,-196,415,-66,-203,-49,1190,-591,-195,899,332,313,-360,
1665646,166183,825373,1347963,164638,163604,-140,-120,1329,-464,49,901,-189,394,-47,-204,-78,1160,-591,-195,899,308,322,-320,
1665646,166183,825373,1347963,164746,163604,206,301,1351,-461,51,907,-164,337,-26,-180,-61,1158,-590,-194,904,243,367,-284,
1665646,166183,825373,1347963,164746,163600,-91,-461,1337,-461,51,907,120,82,-81,-143,-30,1150,-590,-194,904,254,372,-266,
1665646,166183,825373,1347963,164746,163600,-158,-329,1342,-466,56,905,69,-59,-47,143,-511,1067,-583,-202,911,57,242,-230,
1665646,166183,825373,1347963,164746,163600,-39,-32,1376,-466,56,905,-214,-53,1,350,-637,1164,-587,-202,928,-534,-181,-4,
1210549,166183,825373,1347963,164746,163600,-36,-14,1383,-466,58,914,-123,-42,-10,29,128,1310,-587,-202,928,-549,-223,73,
1210549,165919,825373,1347963,164746,163600,-73,-27,1385,-467,56,909,-14,-3,-21,373,-62,1225,-600,-191,914,-420,-263,9,
1210549,165919,1195066,1347963,164746,163600,-17,1,1364,-467,56,909,95,37,-26,427,88,1280,-600,-191,914,-351,-400,-13,
1210549,165919,1195066,1831795,164746,163600,78,-186,1302,-464,53,915,192,43,-22,466,90,1266,-611,-185,907,-181,-517,-50,
1210549,165919,1195066,1831795,164597,163600,131,-210,1270,-464,53,915,186,17,26,449,21,1368,-611,-185,907,-67,-592,-71,
1210549,165919,1195066,1831795,164597,1250233,124,-245,1239,-468,51,913,157,-58,96,-12,260,1593,-629,-183,890,-33,-593,-82,
1210549,165919,1195066,1831795,164597,1250233,172,-157,1215,-468,51,913,99,-133,171,16,246,1541,-637,-190,903,58,-490,-267,
1210549,165919,1195066,1831795,164597,1250233,220,-96,1195,-477,57,914,109,-222,220,56,227,1416,-637,-190,903,177,-435,-489,
1323079,165919,1195066,1831795,164597,1250233,242,-93,1187,-483,54,902,132,-309,228,-8,25,1383,-642,-211,889,270,-398,-694,
1323079,166103,1195066,1831795,164597,1250233,269,-110,1173,-483,54,902,162,-405,216,-34,-11,1368,-642,-211,889,253,-359,-804,
1323079,166103,2426896,1831795,164597,1250233,22,-214,1240,-491,49,906,181,-506,218,-6,28,1314,-651,-217,889,183,-314,-847,
1323079,166103,2426896,2597165,164597,1250233,51,-118,1214,-491,49,906,155,-526,316,-52,-343,1485,-651,-231,887,117,-293,-885,
1323079,166103,2426896,2597165,164494,1250233,58,-60,1226,-509,52,896,196,-578,436,-164,-467,1244,-654,-231,887,-168,-189,-512,
1323079,166103,2426896,2597165,164494,1375205,111,-145,1192,-509,52,896,367,-660,549,-233,-221,1318,-650,-226,873,-654,-17,-328,
1323079,166103,2426896,2597165,164494,1375205,236,-198,1201,-527,54,886,497,-919,674,-258,-178,1342,-650,-226,873,-680,-13,-232,
1323079,166103,2426896,2597165,164494,1375205,416,-202,1097,-550,50,878,514,-1140,838,-134,-127,1349,-654,-209,881,-654,-9,-157,
3950240,166103,2426896,2597165,164494,1375205,-957,824,2998,-550,50,878,1325,-648,841,-64,-122,1418,-654,-209,881,-589,10,-111,
3950240,166175,2426896,2597165,164494,1375205,-976,393,1498,-544,26,875,1195,15,761,-76,-176,1385,-654,-192,888,-287,31,-83,
3950240,166175,3069759,2597165,164494,1375205,-350,149,1467,-544,26,875,547,-92,598,-83,-131,1347,-653,-202,873,-50,-8,-78,
3950240,166175,3069759,4698750,164494,1375205,-116,140,1413,-552,28,870,111,-303,476,-73,-120,1336,-653,-202,873,80,-13,-76,
3950240,166175,3069759,4698750,164643,1375205,-76,81,1357,-552,28,870,-137,-492,428,-80,-92,1309,-655,-201,873,112,4,-72,
3950240,166175,3069759,4698750,164643,776925,-50,40,1295,-565,50,862,-233,-531,415,-75,-90,1300,-655,-201,873,88,16,-67,
3950240,166175,3069759,4698750,164643,776925,-44,-32,1284,-565,50,862,-174,-389,400,-75,-90,1302,-655,-198,882,44,13,-67,
3950240,166175,3069759,4698750,164643,776925,-67,-60,1273,-569,53,866,-49,-161,283,-85,-91,1296,-655,-198,882,7,31,-56,
4874397,166175,3069759,4698750,164643,776925,-87,-64,1322,-564,47,865,54,32,48,-98,-82,1318,-657,-202,879,-15,42,-45,
4874397,166165,3069759,4698750,164643,776925,-100,-14,1357,-564,47,865,132,91,-144,-106,-86,1324,-655,-203,886,-42,7,-20,
4874397,166165,4453813,4698750,164643,776925,-92,89,1343,-565,39,859,180,63,-187,-91,-100,1320,-655,-203,886,-59,-37,-6,
4874397,166165,4453813,5015086,164643,776925,-76,79,1335,-565,39,859,167,32,-109,-66,-92,1284,-653,-208,873,-63,-31,-17,
4874397,166165,4453813,5015086,164593,776925,-72,60,1338,-568,39,864,96,68,-31,-79,-96,1286,-653,-208,873,-61,48,-32,
4874397,166165,4453813,5015086,164593,1078814,-103,42,1359,-568,39,864,-5,177,-29,-92,-97,1299,-654,-199,877,-67,129,-41,
4874397,166165,4453813,5015086,164593,1078814,-121,31,1355,-561,49,867,3,182,-27,-85,-93,1297,-654,-199,877,-60,215,-20,
4874397,166165,4453813,5015086,164593,1078814,-104,24,1363,-556,34,871,30,185,-25,-95,-85,1309,-652,-199,883,-51,219,5,
5133977,166165,4453813,5015086,164593,1078814,-89,23,1334,-556,34,871,65,228,-26,-105,-94,1329,-648,-200,884,-70,187,13,
5133977,166209,4453813,5015086,164593,1078814,-97,29,1349,-551,34,870,86,259,-23,-99,-103,1323,-648,-200,884,-85,161,13,
5133977,166209,4843833,5015086,164593,1078814,-143,64,1356,-551,34,870,107,250,-14,-110,-96,1307,-644,-198,883,-81,129,6,
5133977,166209,4843833,5120602,164593,1078814,-122,68,1353,-547,35,877,87,210,-9,-102,-105,1302,-644,-198,883,-84,122,4,
5133977,166209,4843833,5120602,164559,1078814,-107,54,1350,-547,35,877,56,192,-11,-99,-91,1311,-644,-190,875,-84,131,7,
5133977,166209,4843833,5120602,164559,2348197,-140,23,1364,-546,38,874,54,174,-3,-98,-99,1317,-644,-193,876,-106,158,9,
5133977,166209,4843833,5120602,164559,2348197,-132,37,1341,-541,32,880,72,133,-10,-100,-105,1319,-644,-193,876,-131,161,9,
5133977,166209,4843833,5120602,164559,2348197,-126,49,1353,-541,32,880,93,115,-19,-104,-115,1309,-636,-189,891,-135,158,1,
5179668,166209,4843833,5120602,164559,2348197,-138,50,1359,-536,25,877,97,96,-18,-130,-139,1328,-636,-189,891,-123,162,-1,
5179668,166185,4843833,5120602,164559,2348197,-133,73,1340,-536,25,877,90,87,-11,-124,-122,1305,-638,-186,887,-80,120,-11,
5179668,166185,5070841,5120602,164559,2348197,-137,73,1353,-538,26,880,69,75,-11,-113,-111,1316,-638,-186,887,-43,87,-15,
5179668,166185,5070841,5121790,164559,2348197,-160,71,1357,-538,26,880,43,64,-11,-116,-115,1322,-636,-182,890,-26,80,-15,
5179668,166185,5070841,5121790,164635,2348197,-143,66,1340,-541,28,888,-4,38,-12,-118,-117,1308,-636,-186,904,-31,72,-12,
5179668,166185,5070841,5121790,164635,3391895,-143,57,1336,-541,28,891,-8,29,-14,-113,-118,1310,-636,-186,904,-39,71,-16,
5179668,166185,5070841,5121790,164635,3391895,-144,53,1349,-537,28,891,-5,17,-13,-109,-133,1305,-636,-191,884,-34,57,-23,
5179668,166185,5070841,5121790,164635,3391895,-139,57,1340,-535,23,879,-3,16,-14,-117,-119,1298,-636,-191,884,-17,56,-18,
5173420,166185,5070841,5121790,164635,3391895,-145,57,1331,-535,23,879,-8,16,-17,-109,-112,1313,-640,-183,895,-4,59,-18,
5173420,166390,5070841,5121790,164635,3391895,-130,57,1344,-534,23,891,1,14,-20,-109,-118,1302,-640,-183,895,-4,58,-15,
5173420,166390,5132975,5121790,164635,3391895,-142,66,1345,-534,23,891,0,14,-13,-102,-109,1310,-635,-181,886,-12,57,-13,
5173420,166390,5132975,5118032,164635,3391895,-131,52,1334,-536,30,872,-9,9,-18,-107,-118,1316,-634,-191,891,-19,61,-19,
5173420,166390,5132975,5118032,164692,3391895,-134,57,1343,-536,30,872,-17,10,-17,-102,-111,1314,-634,-191,891,0,64,-20,
5173420,166390,5132975,5118032,164692,4037419,-143,56,1347,-537,34,884,-7,16,-12,-119,-124,1298,-634,-188,898,7,63,-15,
5173420,166390,5132975,5118032,164692,4037419,-148,54,1337,-535,25,881,-6,8,-10,-115,-114,1312,-634,-188,898,4,63,-15,
5173420,166390,5132975,5118032,164692,4037419,-127,63,1355,-535,25,881,-9,14,-10,-114,-123,1285,-632,-191,892,6,59,-21,
5161653,166390,5132975,5118032,164692,4037419,-144,49,1331,-536,27,881,-9,2,-15,-112,-107,1311,-632,-191,892,14,57,-20,
5161653,166288,5132975,5118032,164692,4037419,-139,50,1349,-536,27,881,-18,3,-11,-111,-107,1310,-633,-187,890,6,62,-20,
5161653,166288,5129941,5118032,164692,4037419,-139,51,1333,-536,32,878,-12,6,-13,-123,-118,1308,-632,-193,901,-13,69,-24,
5161653,166288,5129941,5065554,164692,4037419,-136,55,1334,-536,32,878,7,20,-17,-116,-115,1303,-632,-193,901,-14,70,-29,
5161653,166288,5129941,5065554,849084,4037419,-154,58,1343,-536,36,881,2,8,-17,-108,-118,1299,-633,-189,897,-12,67,-28,
5161653,166288,5129941,5065554,849084,4560604,-141,51,1346,-539,30,885,-24,-9,-13,-124,-108,1302,-633,-189,897,-1,64,-28,
5161653,166288,5129941,5065554,849084,4560604,-138,55,1342,-539,30,885,-23,-2,-15,-123,-117,1309,-630,-188,892,16,69,-28,
5161653,166288,5129941,5065554,849084,4560604,-140,57,1342,-535,31,880,-20,4,-15,-118,-103,1307,-630,-185,898,26,69,-27,
5127930,166288,5129941,5065554,849084,4560604,-126,52,1331,-535,31,880,-12,9,-18,-123,-109,1316,-629,-185,898,12,54,-37,
5127930,166373,5129941,5065554,849084,4560604,-133,47,1345,-533,28,872,0,14,-18,-114,-119,1299,-630,-193,892,10,53,-43,
5127930,166373,5112753,5065554,849084,4560604,-144,49,1360,-533,28,872,10,18,-15,-119,-98,1298,-630,-193,892,1,58,-39,
5127930,166373,5112753,4906921,849084,4560604,-129,53,1333,-535,30,877,6,18,-20,-113,-112,1310,-628,-194,899,10,50,-41,
5127930,166373,5112753,4906921,3286825,4560604,-154,43,1355,-535,30,873,1,22,-19,-120,-117,1308,-628,-194,899,7,44,-44,
5127930,166373,5112753,4906921,3286825,4827695,-137,52,1338,-538,28,873,1,24,-19,-118,-114,1310,-631,-183,897,17,33,-37,
5127930,166373,5112753,4906921,3286825,4827695,-154,55,1327,-537,28,878,3,26,-17,-117,-114,1310,-630,-191,900,19,32,-49,
5127930,166373,5112753,4906921,3286825,4827695,-144,60,1353,-537,28,878,4,25,-20,-131,-105,1313,-630,-191,900,20,21,-39,
5058908,166373,5112753,4906921,3286825,4827695,-137,53,1325,-536,26,874,1,22,-21,-107,-117,1309,-629,-193,897,16,18,-47,
5058908,2888689,5112753,4906921,3286825,4827695,-153,56,1334,-536,26,874,-6,18,-18,-115,-111,1312,-629,-193,897,10,10,-45,
5058908,2888689,5141318,4906921,3286825,4827695,-136,67,1337,-534,31,871,-8,18,-16,-121,-108,1317,-629,-186,890,29,1,-48,
5058908,2888689,5141318,4378599,3286825,4827695,-142,59,1361,-534,31,871,-18,10,-11,-125,-103,1313,-629,-186,890,37,-9,-44,
5058908,2888689,5141318,4378599,2152526,4827695,-138,61,1345,-532,36,900,-17,10,-15,-114,-98,1326,-634,-189,892,45,-13,-60,
5058908,2888689,5141318,4378599,2152526,4854351,-133,51,1356,-534,30,882,-11,15,-20,-102,-95,1330,-633,-196,897,69,-20,-88,
5058908,2888689,5141318,4378599,2152526,4854351,-148,48,1340,-534,30,882,-5,13,-25,-105,-48,1345,-633,-196,897,112,-34,-108,
5058908,2888689,5141318,4378599,2152526,4854351,-150,47,1350,-533,28,876,-3,7,-19,-112,-82,1378,-633,-203,891,202,-34,-153,
5082436,2888689,5141318,4378599,2152526,4854351,-147,62,1327,-533,28,876,5,12,-21,-109,-97,1354,-633,-203,891,414,38,-195,
5082436,3694985,5141318,4378599,2152526,4854351,-144,45,1333,-533,37,884,3,9,-16,-110,-93,1344,-633,-215,890,512,90,-196,
5082436,3694985,5180967,4378599,2152526,4854351,-134,45,1348,-533,37,884,6,10,-18,-118,-253,1558,-633,-215,890,345,222,-134,
5082436,3694985,5180967,2346215,2152526,4854351,-131,52,1336,-535,39,877,7,23,-12,-87,-12,1518,-623,-221,895,221,464,-70,
5082436,3694985,5180967,2346215,164838,4854351,-138,45,1326,-534,28,879,15,26,-19,-120,-118,1304,-616,-230,891,188,496,-57,
5082436,3694985,5180967,2346215,164838,4765750,-138,36,1351,-534,28,879,17,24,-14,-124,-110,1354,-616,-230,891,211,499,-37,
5082436,3694985,5180967,2346215,164838,4765750,-149,44,1340,-532,27,881,23,22,-15,-109,-27,1415,-607,-232,906,348,475,-36,
5082436,3694985,5180967,2346215,164838,4765750,-140,57,1341,-532,27,881,32,22,-17,-129,-113,1356,-607,-232,906,655,418,-70,
5098236,3694985,5180967,2346215,164838,4765750,-167,54,1360,-531,23,874,42,28,-16,-151,-172,1363,-600,-251,905,798,392,-63,
5098236,4793187,5180967,2346215,164838,4765750,-145,55,1346,-531,23,874,51,27,-19,-105,-30,1334,-600,-258,911,864,378,-25,
5098236,4793187,5196814,2346215,164838,4765750,-139,63,1339,-537,35,890,51,27,-19,-61,27,1222,-592,-258,911,919,352,-40,
5098236,4793187,5196814,1786416,164838,4765750,-133,50,1344,-537,29,879,57,33,-18,159,-104,1031,-586,-279,900,908,261,-83,
5098236,4793187,5196814,1786416,164827,4765750,-161,59,1354,-534,29,879,59,30,-14,422,-272,1017,-586,-279,900,677,71,-36,
5098236,4793187,5196814,1786416,164827,1927653,-157,51,1342,-531,26,886,72,31,-15,564,-137,952,-591,-288,902,345,-110,108,
5098236,4793187,5196814,1786416,164827,1927653,-143,57,1341,-531,26,886,75,33,-20,635,42,968,-591,-288,902,108,-269,230,
5098236,4793187,5196814,1786416,164827,1927653,-156,62,1346,-533,21,892,72,23,-14,628,104,1035,-602,-274,894,13,-481,338,
5154923,4793187,5196814,1786416,164827,1927653,-144,62,1337,-533,21,892,77,14,-20,587,71,1107,-617,-269,885,-4,-626,421,
