0,0,0,0,0,0,-28,-167,1308,-648,83,799,-44,-5,-39,-93,-24,1294,-364,-563,858,2,5,-9,
4786810,0,0,0,0,0,-49,-144,1263,-648,83,799,-48,-2,-38,-87,-34,1323,-368,-566,860,7,10,-13,
4786810,3706031,0,0,0,0,-22,-158,1330,-649,82,795,-54,1,-34,-75,-23,1320,-368,-566,860,9,14,-9,
4786810,3706031,2248038,0,0,0,-16,-172,1310,-649,82,795,-50,1,-35,-59,-27,1301,-368,-557,861,6,2,-12,
4786810,3706031,2248038,4438185,0,0,-32,-158,1344,-648,85,797,-43,-2,-38,-79,-25,1343,-368,-557,861,3,-4,-21,
4786810,3706031,2248038,4438185,3902125,0,-22,-154,1316,-648,85,797,-43,-1,-32,-61,-20,1319,-369,-564,864,12,3,-20,
4786810,3706031,2248038,4438185,3902125,1307508,-37,-160,1337,-648,82,806,-43,-3,-34,-80,-20,1320,-368,-572,852,12,-1,-15,
4786810,3706031,2248038,4438185,3902125,1307508,0,-158,1373,-647,78,805,-39,-7,-37,-72,-12,1307,-368,-572,852,7,0,-14,
4786810,3706031,2248038,4438185,3902125,1307508,-17,-164,1314,-647,78,805,-51,3,-36,-65,-4,1262,-369,-569,862,8,4,-13,
4782310,3706031,2248038,4438185,3902125,1307508,-31,-159,1354,-647,80,804,-50,4,-32,-84,-38,1359,-369,-569,862,2,6,-20,
4782310,3724909,2248038,4438185,3902125,1307508,-33,-143,1348,-647,80,804,-46,-1,-31,-68,-18,1294,-369,-565,863,5,6,-17,
4782310,3724909,2361456,4438185,3902125,1307508,-9,-157,1335,-648,91,803,-46,-2,-32,-74,-21,1322,-369,-565,863,-2,2,-14,
4782310,3724909,2361456,4439075,3902125,1307508,-53,-161,1294,-650,80,803,-45,4,-41,-80,-30,1331,-368,-559,864,1,2,-16,
4782310,3724909,2361456,4439075,3904121,1307508,-5,-176,1324,-650,80,803,-43,4,-37,-55,-18,1307,-367,-567,856,2,6,-20,
4782310,3724909,2361456,4439075,3904121,1318067,-35,-163,1292,-645,82,805,-41,14,-29,-59,-15,1300,-367,-567,856,3,5,-21,
4782310,3724909,2361456,4439075,3904121,1318067,-37,-148,1338,-645,82,805,-40,10,-33,-73,-24,1327,-365,-568,873,8,-1,-19,
4782310,3724909,2361456,4439075,3904121,1318067,-25,-144,1320,-647,81,799,-44,7,-30,-73,-23,1321,-365,-568,873,10,3,-18,
4757514,3724909,2361456,4439075,3904121,1318067,-48,-148,1303,-647,81,808,-42,8,-37,-69,-19,1332,-367,-567,856,6,2,-10,
4757514,3789002,2361456,4439075,3904121,1318067,-17,-153,1335,-646,83,808,-41,11,-33,-64,-26,1310,-367,-567,856,3,-9,-11,
4757514,3789002,2494507,4439075,3904121,1318067,-50,-173,1300,-645,81,806,-42,2,-29,-100,-36,1357,-369,-566,863,2,3,-8,
4757514,3789002,2494507,4433163,3904121,1318067,0,-158,1359,-645,81,806,-52,-2,-25,-53,-17,1284,-369,-566,857,3,1,-6,
4757514,3789002,2494507,4433163,3909316,1318067,-23,-154,1334,-645,78,805,-45,-1,-39,-56,-16,1303,-369,-564,857,4,0,-12,
4757514,3789002,2494507,4433163,3909316,1332366,-26,-153,1331,-645,78,805,-46,5,-37,-53,-18,1296,-364,-569,833,6,12,-9,
4757514,3789002,2494507,4433163,3909316,1332366,-20,-150,1345,-647,84,809,-47,-5,-32,-54,-10,1534,-364,-569,833,6,7,-18,
4757514,3789002,2494507,4433163,3909316,1332366,-38,-149,1341,-647,78,809,-55,-5,-32,-77,-27,1335,-368,-566,842,4,-2,-17,
4755363,3789002,2494507,4433163,3909316,1332366,-9,-161,1372,-647,78,809,-52,5,-34,-37,-11,1235,-368,-566,842,10,6,-17,
4755363,3790659,2494507,4433163,3909316,1332366,-22,-155,1330,-646,79,797,-48,2,-29,-54,-22,1310,-367,-566,854,11,2,-18,
4755363,3790659,2499494,4433163,3909316,1332366,-47,-156,1300,-646,79,797,-51,-7,-35,-91,-19,1336,-367,-566,854,-1,-11,-12,
4755363,3790659,2499494,4437235,3909316,1332366,-36,-142,1315,-646,87,813,-48,-6,-31,-77,-39,1334,-364,-559,851,7,-7,-17,
4755363,3790659,2499494,4437235,3908854,1332366,-24,-150,1302,-646,85,812,-42,5,-30,-84,-21,1332,-367,-564,849,4,-5,-23,
4755363,3790659,2499494,4437235,3908854,1332476,-21,-141,1379,-649,85,812,-47,12,-28,-83,-27,1335,-367,-564,849,13,2,-24,
4755363,3790659,2499494,4437235,3908854,1332476,-28,-160,1270,-644,81,804,-40,7,-36,-33,7,1361,-365,-566,845,9,9,-14,
4755363,3790659,2499494,4437235,3908854,1332476,-8,-152,1372,-644,81,804,-44,10,-41,-126,-62,1422,-365,-566,845,12,-6,-16,
4749544,3790659,2499494,4437235,3908854,1332476,-31,-161,1319,-649,86,796,-47,7,-32,-64,-22,1314,-369,-568,854,9,-8,-18,
4749544,3799510,2499494,4437235,3908854,1332476,-35,-154,1316,-649,86,796,-48,2,-23,-84,-29,1342,-369,-568,854,4,0,-13,
4749544,3799510,2541962,4437235,3908854,1332476,-44,-142,1304,-643,88,804,-42,9,-29,-62,-18,1310,-368,-554,855,6,4,-14,
4749544,3799510,2541962,4438016,3908854,1332476,-25,-158,1317,-646,83,799,-44,10,-32,-77,-28,1325,-368,-563,846,4,-2,-15,
4749544,3799510,2541962,4438016,3910467,1332476,-49,-151,1310,-646,83,799,-44,7,-31,-83,-14,1320,-368,-563,846,0,2,-16,
4749544,3799510,2541962,4438016,3910467,1364657,-30,-146,1284,-645,82,804,-41,4,-29,-79,-38,1341,-365,-568,848,6,3,-11,
4749544,3799510,2541962,4438016,3910467,1364657,-24,-148,1333,-645,82,804,-38,9,-28,-64,-36,1333,-365,-568,848,5,13,-16,
4749544,3799510,2541962,4438016,3910467,1364657,-48,-161,1292,-646,86,800,-53,3,-26,-53,-13,1275,-368,-568,864,4,11,-16,
4713996,3799510,2541962,4438016,3910467,1364657,-6,-151,1347,-647,79,802,-40,8,-30,-63,-10,1308,-368,-568,864,6,8,-15,
4713996,3869113,2541962,4438016,3910467,1364657,-65,-164,1276,-647,79,802,-49,2,-29,-90,-35,1336,-367,-561,852,3,8,-19,
4713996,3869113,2713227,4438016,3910467,1364657,-6,-166,1364,-644,78,804,-40,0,-27,-81,-22,1333,-367,-561,852,8,5,-15,
4713996,3869113,2713227,4426121,3910467,1364657,-39,-154,1323,-644,78,804,-45,1,-26,-51,-26,1281,-368,-565,868,1,-4,-19,
4713996,3869113,2713227,4426121,3909635,1364657,-26,-165,1313,-644,82,792,-53,-1,-29,-72,-32,1322,-367,-564,862,5,1,-11,
4713996,3869113,2713227,4426121,3909635,1363008,-56,-145,1330,-644,82,792,-51,1,-25,-71,-17,1297,-367,-564,862,6,12,-11,
4713996,3869113,2713227,4426121,3909635,1363008,-38,-155,1295,-645,87,801,-44,6,-29,-49,-30,1353,-365,-567,851,7,2,-9,
4713996,3869113,2713227,4426121,3909635,1363008,-17,-145,1366,-645,83,806,-45,5,-27,-79,-32,1333,-365,-567,851,5,2,-10,
4676999,3869113,2713227,4426121,3909635,1363008,-54,-147,1310,-645,83,806,-42,7,-34,-62,-19,1311,-367,-563,862,9,-3,-12,
4676999,3904905,2713227,4426121,3909635,1363008,-42,-155,1337,-647,77,798,-43,7,-32,-75,-31,1315,-367,-563,862,2,-3,-12,
4676999,3904905,2853595,4426121,3909635,1363008,-31,-166,1324,-647,77,798,-50,0,-30,-82,-32,1315,-366,-560,857,3,-2,-19,
4676999,3904905,2853595,4420870,3909635,1363008,-29,-151,1337,-647,86,802,-47,3,-35,-52,-21,1278,-368,-565,858,2,-5,-20,
4676999,3904905,2853595,4420870,3908695,1363008,-31,-139,1334,-645,81,810,-51,1,-33,-61,-11,1319,-368,-565,858,11,-3,-18,
4676999,3904905,2853595,4420870,3908695,1366522,-60,-153,1288,-645,81,810,-44,5,-35,-75,-29,1325,-366,-569,868,15,-7,-22,
4676999,3904905,2853595,4420870,3908695,1366522,-41,-158,1320,-644,78,812,-47,4,-33,-68,-21,1325,-366,-569,868,10,7,-14,
4676999,3904905,2853595,4420870,3908695,1366522,-56,-149,1339,-644,78,812,-47,3,-32,-73,-20,1307,-368,-568,855,8,0,-13,
4665871,3904905,2853595,4420870,3908695,1366522,-25,-151,1360,-641,81,814,-48,4,-29,-59,-17,1310,-368,-568,855,-2,-2,-20,
4665871,3925018,2853595,4420870,3908695,1366522,-31,-167,1316,-641,81,814,-50,-4,-31,-61,-12,1316,-368,-568,854,2,12,-14,
4665871,3925018,2866032,4420870,3908695,1366522,-42,-139,1345,-645,88,805,-48,1,-32,-27,-9,1224,-368,-568,869,7,1,-15,
4665871,3925018,2866032,4429413,3908695,1366522,-57,-156,1302,-646,77,806,-50,-1,-33,-76,-26,1323,-365,-564,869,8,3,-18,
4665871,3925018,2866032,4429413,3895540,1366522,-17,-164,1304,-646,77,806,-42,13,-25,-106,-45,1373,-368,-569,855,7,-2,-15,
4665871,3925018,2866032,4429413,3895540,1274706,-42,-154,1314,-644,79,806,-42,12,-18,-91,-27,1330,-368,-569,855,5,-1,-15,
4665871,3925018,2866032,4429413,3895540,1274706,-36,-156,1310,-644,79,806,-39,6,-24,-56,-15,1314,-367,-568,842,8,0,-15,
4665871,3925018,2866032,4429413,3895540,1274706,-38,-150,1374,-646,83,811,-39,7,-29,-66,-14,1299,-367,-568,842,6,-4,-12,
4620760,3925018,2866032,4429413,3895540,1274706,-17,-152,1348,-643,81,805,-41,9,-27,-77,-28,1318,-367,-566,854,4,251,-16,
4620760,3952792,2866032,4429413,3895540,1274706,-62,-150,1324,-643,81,805,-43,-1,-34,-48,-1,1266,-367,-566,854,2,-4,-16,
4620760,3952792,2858018,4429413,3895540,1274706,-41,-154,1307,-644,77,808,-44,6,-33,-85,-26,1349,-367,-560,859,5,6,-14,
4620760,3952792,2858018,4424322,3895540,1274706,-31,-155,1315,-644,77,808,-35,6,-32,-34,-7,1256,-366,-565,865,8,4,-16,
4620760,3952792,2858018,4424322,3873076,1274706,-42,-153,1323,-641,81,807,-44,1,-31,-115,-37,1391,-366,-565,865,7,3,-14,
4620760,3952792,2858018,4424322,3873076,1243194,-21,-153,1364,-641,81,807,-43,10,-28,-49,-10,1310,-365,-568,855,7,11,-18,
4620760,3952792,2858018,4424322,3873076,1243194,-43,-161,1305,-641,81,799,-36,14,-26,-62,-23,1308,-365,-568,855,3,1,-19,
4620760,3952792,2858018,4424322,3873076,1243194,-36,-155,1307,-643,80,807,-33,15,-22,-52,-12,1305,-368,-564,854,10,-11,-16,
4501259,3952792,2858018,4424322,3873076,1243194,-32,-146,1319,-643,80,807,-34,15,-16,-75,-19,1333,-368,-564,854,9,-12,-21,
4501259,3942248,2858018,4424322,3873076,1243194,-56,-147,1312,-645,81,802,-41,12,-15,-65,-21,1299,-367,-561,854,5,1,-20,
4501259,3942248,2876802,4424322,3873076,1243194,-34,-147,1346,-645,81,802,-37,20,-14,-75,-30,1317,-365,-568,846,2,-3,-13,
4501259,3942248,2876802,4422699,3873076,1243194,-43,-144,1330,-642,82,806,-34,17,-25,-81,-26,1336,-365,-568,846,4,6,-16,
4501259,3942248,2876802,4422699,3850497,1243194,-49,-146,1354,-645,81,806,-33,18,-28,-53,-10,1279,-368,-569,845,12,5,-8,
4501259,3942248,2876802,4422699,3850497,1205911,-38,-160,1323,-645,81,806,-34,19,-20,-80,-24,1300,-368,-569,845,3,14,-13,
4501259,3942248,2876802,4422699,3850497,1205911,-48,-146,1322,-642,82,807,-32,21,-18,-83,-26,1360,-369,-568,864,5,-2,-19,
4501259,3942248,2876802,4422699,3850497,1205911,-46,-158,1299,-642,82,807,-25,30,-18,-35,-21,1292,-369,-568,864,3,7,-15,
4229208,3942248,2876802,4422699,3850497,1205911,-42,-155,1357,-640,74,813,-19,41,-16,-115,-30,1360,-368,-560,861,2,15,-18,
4229208,3949572,2876802,4422699,3850497,1205911,-62,-149,1297,-640,74,813,-20,42,-21,-31,5,1272,-368,-560,861,1,19,-13,
4229208,3949572,2962608,4422699,3850497,1205911,-55,-143,1371,-641,78,811,-40,-1,-30,-79,-29,1326,-368,-563,859,2,23,-19,
4229208,3949572,2962608,4247246,3850497,1205911,-53,-158,1316,-639,77,808,-46,-1,-33,-64,-14,1293,-364,-566,843,-4,19,-16,
4229208,3949572,2962608,4247246,3871926,1205911,-54,-152,1315,-639,77,808,-36,13,-21,-85,-30,1369,-364,-566,843,7,18,-15,
4229208,3949572,2962608,4247246,3871926,1324862,-47,-141,1299,-638,75,804,-28,30,-13,-81,-12,1304,-365,-565,868,6,13,-17,
4229208,3949572,2962608,4247246,3871926,1324862,-52,-148,1344,-638,75,804,-31,29,-12,-71,-32,1330,-365,-565,868,6,23,-16,
4229208,3949572,2962608,4247246,3871926,1324862,-46,-138,1346,-638,84,809,-23,43,-14,-78,-15,1305,-368,-559,866,0,18,-11,
4012536,3949572,2962608,4247246,3871926,1324862,-71,-142,1276,-637,77,809,-33,32,-23,-76,-20,1336,-368,-559,866,-4,27,-20,
4012536,4010229,2962608,4247246,3871926,1324862,-49,-149,1357,-637,77,809,-54,8,-33,-80,-21,1319,-367,-565,868,-17,33,-27,
4012536,4010229,3170258,4247246,3871926,1324862,-61,-145,1342,-639,76,801,-69,-16,-38,-91,-32,1348,-363,-566,853,-15,50,-24,
4012536,4010229,3170258,4034756,3871926,1324862,-33,-153,1356,-639,76,801,-78,-29,-39,-60,-19,1274,-363,-566,853,-7,31,-20,
4012536,4010229,3170258,4034756,4023740,1324862,-71,-142,1361,-642,84,807,-40,8,-24,-76,-30,1296,-360,-566,854,5,13,-12,
4012536,4010229,3170258,4034756,4023740,1828061,-47,-158,1310,-642,84,806,-36,22,-17,-115,-42,1382,-360,-566,854,18,6,-20,
4012536,4010229,3170258,4034756,4023740,1828061,-54,-137,1294,-640,77,806,-37,33,-15,-76,-8,1289,-364,-568,858,16,-9,-9,
4012536,4010229,3170258,4034756,4023740,1828061,-58,-139,1328,-640,77,808,-30,42,-9,-62,-18,1289,-364,-568,858,18,-7,-21,
3778536,4010229,3170258,4034756,4023740,1828061,-45,-147,1294,-640,77,808,-25,56,-10,-85,-23,1348,-368,-562,846,16,-6,-15,
3778536,4136631,3170258,4034756,4023740,1828061,-65,-149,1329,-635,78,812,-21,70,-8,-26,0,1232,-368,-562,856,7,-3,-14,
3778536,4136631,3317662,4034756,4023740,1828061,-52,-145,1336,-635,78,812,-11,85,-5,-75,-28,1316,-365,-563,856,6,-5,-16,
3778536,4136631,3317662,4088887,4023740,1828061,-83,-129,1353,-639,78,812,-9,105,-11,-76,-22,1330,-364,-567,868,-1,5,-15,
3778536,4136631,3317662,4088887,4117877,1828061,-45,-145,1303,-632,77,815,-7,104,-10,-59,-4,1529,-364,-567,868,-2,6,-14,
3778536,4136631,3317662,4088887,4117877,1718106,-74,-137,1343,-632,77,815,-9,95,-7,-92,-35,1304,-364,-567,868,10,7,-14,
3778536,4136631,3317662,4088887,4117877,1718106,-77,-137,1289,-628,70,818,-8,83,-8,-70,-24,1306,-364,-567,868,11,-3,-9,
3778536,4136631,3317662,4088887,4117877,1718106,-100,-148,1315,-628,70,818,-29,56,-7,-74,-28,1320,-364,-566,862,19,-6,-5,
3054975,4136631,3317662,4088887,4117877,1718106,-80,-139,1343,-629,83,802,-28,39,-10,-69,-27,1314,-364,-566,862,19,-14,-12,
3054975,4413466,3317662,4088887,4117877,1718106,-72,-135,1341,-629,73,821,-39,21,-10,-90,-33,1318,-365,-568,851,13,16,-6,
3054975,4413466,3397439,4088887,4117877,1718106,-45,-133,1382,-630,73,821,-46,9,-12,-64,-15,1339,-365,-566,854,0,31,-11,
3054975,4413466,3397439,4085272,4117877,1718106,-62,-146,1335,-626,75,814,-48,9,-18,-72,-5,1307,-365,-566,854,-13,49,-15,
3054975,4413466,3397439,4085272,4264228,1718106,-47,-145,1360,-626,75,814,-43,25,-14,-70,-20,1339,-363,-568,855,-27,64,-16,
3054975,4413466,3397439,4085272,4264228,1789538,-69,-155,1295,-627,75,808,-38,50,-5,-75,-16,1306,-363,-568,855,-27,87,-25,
3054975,4413466,3397439,4085272,4264228,1789538,-69,-134,1333,-627,75,808,-29,80,1,-64,-14,1247,-360,-565,855,-31,111,-32,
3054975,4413466,3397439,4085272,4264228,1789538,-112,-136,1296,-625,75,812,-24,96,5,-93,-32,1332,-360,-565,855,-35,133,-29,
2373363,4413466,3397439,4085272,4264228,1789538,-85,-136,1350,-621,71,809,-29,102,6,-108,-31,1336,-361,-555,852,-19,128,-26,
2373363,4546103,3397439,4085272,4264228,1789538,-66,-158,1303,-621,71,809,-39,93,-2,-102,-29,1337,-359,-560,861,-7,91,-18,
2373363,4546103,3656928,4085272,4264228,1789538,-96,-135,1293,-619,71,815,-47,59,-4,-94,-20,1278,-359,-560,861,-4,42,-13,
2373363,4546103,3656928,3626772,4264228,1789538,-100,-130,1327,-619,71,815,-46,47,-9,-93,-16,1285,-358,-565,877,-6,-1,-7,
2373363,4546103,3656928,3626772,4400663,1789538,-105,-129,1299,-623,77,811,-47,28,-10,-90,-14,1284,-358,-565,877,-2,-31,-11,
2373363,4546103,3656928,3626772,4400663,1917741,-113,-123,1303,-624,75,812,-46,-4,-22,-89,-23,1312,-355,-564,863,11,-34,-21,
2373363,4546103,3656928,3626772,4400663,1917741,-89,-135,1311,-624,75,812,-47,-30,-34,-94,-33,1331,-355,-564,863,6,-36,-19,
2373363,4546103,3656928,3626772,4400663,1917741,-96,-147,1293,-621,70,818,-49,-43,-39,-72,-19,1272,-357,-560,865,16,-32,-13,
2439339,4546103,3656928,3626772,4400663,1917741,-92,-145,1307,-621,70,818,-50,-39,-40,-96,-19,1307,-357,-560,865,23,-26,-9,
2439339,4553022,3656928,3626772,4400663,1917741,-86,-155,1344,-619,77,818,-52,-14,-28,-106,-21,1323,-360,-561,873,17,-13,-6,
2439339,4553022,3704665,3626772,4400663,1917741,-81,-146,1360,-619,77,818,-46,27,-20,-85,-28,1333,-357,-565,852,-2,16,-6,
2439339,4553022,3704665,3703830,4400663,1917741,-90,-158,1298,-621,81,822,-51,67,-14,-80,-38,1292,-357,-565,852,-7,44,-2,
2439339,4553022,3704665,3703830,4410449,1917741,-93,-172,1370,-618,74,819,-62,60,3,-122,-12,1326,-358,-565,861,-10,48,-10,
2439339,4553022,3704665,3703830,4410449,1820403,-84,-143,1297,-618,74,819,-62,55,5,-109,-35,1336,-358,-565,861,1,7,-11,
2439339,4553022,3704665,3703830,4410449,1820403,-82,-130,1348,-618,74,811,-67,46,8,-92,-34,1309,-358,-555,869,13,-31,-12,
2439339,4553022,3704665,3703830,4410449,1820403,-89,-126,1255,-618,74,811,-48,26,4,-94,-40,1301,-358,-555,869,32,-66,-3,
1968689,4553022,3704665,3703830,4410449,1820403,-126,-120,1249,-618,84,812,-36,5,-1,-78,-21,1281,-358,-559,870,38,-70,-3,
1968689,4509439,3704665,3703830,4410449,1820403,-77,-112,1344,-620,75,829,-27,-24,-21,-78,-20,1309,-360,-563,854,39,-68,0,
1968689,4509439,3767013,3703830,4410449,1820403,-85,-134,1299,-620,75,829,-33,-79,-31,-76,-17,1319,-360,-563,854,39,-57,1,
1968689,4509439,3767013,3994402,4410449,1820403,-132,-133,1389,-620,78,812,-44,-149,-46,-72,-13,1296,-361,-565,873,34,-22,0,
1968689,4509439,3767013,3994402,4248931,1820403,-73,-142,1331,-620,78,812,-72,-166,-53,-62,-21,1305,-361,-565,873,28,-17,0,
1968689,4509439,3767013,3994402,4248931,1462355,-62,-146,1374,-627,80,810,-94,-133,-47,-81,-12,1323,-361,-568,855,28,-17,2,
1968689,4509439,3767013,3994402,4248931,1462355,-90,-145,1337,-627,80,810,-84,-72,-35,-85,-17,1327,-361,-568,855,20,4,-5,
1968689,4509439,3767013,3994402,4248931,1462355,-41,-163,1369,-629,81,817,-35,35,-18,-93,-26,1320,-364,-565,864,12,10,-13,
2849723,4509439,3767013,3994402,4248931,1462355,-84,-126,1345,-625,76,818,-38,72,-14,-81,-28,1330,-364,-565,846,4,7,-16,
2849723,4407183,3767013,3994402,4248931,1462355,-55,-150,1293,-625,76,818,-28,89,-5,-90,-35,1355,-364,-561,846,5,1,-17,
2849723,4407183,3902618,3994402,4248931,1462355,-111,-136,1351,-622,75,811,-32,91,-3,-74,-36,1309,-362,-568,851,5,2,-14,
2849723,4407183,3902618,4051026,4248931,1462355,-87,-141,1308,-622,75,811,-36,77,-8,-76,-30,1335,-362,-568,851,14,-11,-5,
2849723,4407183,3902618,4051026,4242836,1462355,-90,-139,1288,-620,82,815,-38,46,-7,-114,-48,1382,-363,-563,866,11,-13,-7,
2849723,4407183,3902618,4051026,4242836,1730235,-119,-115,1308,-622,75,816,-42,16,-19,-72,-20,1315,-363,-563,866,18,-16,-9,
2849723,4407183,3902618,4051026,4242836,1730235,-65,-136,1335,-622,75,816,-42,-10,-33,-88,-35,1362,-366,-564,863,15,-1,-9,
2849723,4407183,3902618,4051026,4242836,1730235,-72,-121,1351,-620,76,821,-40,-29,-45,-61,-23,1288,-366,-564,863,9,1,-4,
2669410,4407183,3902618,4051026,4242836,1730235,-45,-140,1373,-620,76,821,-46,-13,-43,-89,-33,1351,-360,-559,870,1,23,-11,
2669410,4436486,3902618,4051026,4242836,1730235,-66,-151,1329,-624,76,812,-47,15,-28,-89,-32,1336,-358,-565,864,2,30,-8,
2669410,4436486,3905801,4051026,4242836,1730235,-96,-131,1345,-624,76,812,-46,12,-36,-62,-16,1308,-358,-565,864,-10,36,-11,
2669410,4436486,3905801,3932579,4242836,1730235,-105,-144,1343,-623,74,812,-44,2,-36,-95,-30,1317,-361,-567,854,-3,35,-15,
2669410,4436486,3905801,3932579,4255985,1730235,-77,-135,1323,-620,79,814,-45,-4,-34,-62,-22,1292,-361,-567,854,1,31,-17,
2669410,4436486,3905801,3932579,4255985,2252704,-94,-131,1356,-620,79,814,-52,-19,-39,-76,-31,1289,-363,-561,859,0,41,-24,
2669410,4436486,3905801,3932579,4255985,2252704,-78,-136,1325,-618,76,817,-51,-14,-37,-74,-15,1301,-363,-561,859,-13,42,-14,
2669410,4436486,3905801,3932579,4255985,2252704,-89,-125,1296,-618,76,817,-48,5,-37,-87,-29,1318,-358,-559,856,-15,54,-8,
2671974,4436486,3905801,3932579,4255985,2252704,-114,-143,1292,-620,80,823,-44,25,-26,-78,-12,1293,-362,-560,852,-14,52,-4,
2671974,4458478,3905801,3932579,4255985,2252704,-89,-132,1351,-618,77,823,-35,36,-25,-98,-27,1317,-362,-560,852,-5,43,-8,
2671974,4458478,3933744,3932579,4255985,2252704,-102,-127,1284,-618,77,823,-34,35,-22,-83,-19,1304,-355,-562,868,-5,30,-7,
2671974,4458478,3933744,3678331,4255985,2252704,-78,-141,1297,-617,77,816,-36,30,-27,-80,-2,1220,-355,-562,868,4,25,-1,
2671974,4458478,3933744,3678331,4313977,2252704,-82,-145,1330,-617,77,816,-45,39,-20,-77,-11,1278,-355,-565,866,4,41,-6,
2671974,4458478,3933744,3678331,4313977,2179889,-81,-141,1367,-618,81,815,-42,46,-23,-45,6,1249,-355,-565,866,-3,41,1,
2671974,4458478,3933744,3678331,4313977,2179889,-85,-131,1294,-618,81,812,-42,52,-17,-118,-33,1354,-358,-556,856,-16,59,-2,
2671974,4458478,3933744,3678331,4313977,2179889,-93,-137,1292,-619,75,812,-43,50,-16,-99,-26,1323,-358,-556,856,-17,83,-8,
2118553,4458478,3933744,3678331,4313977,2179889,-85,-134,1348,-617,76,816,-41,39,-17,-136,-49,1372,-354,-562,861,-15,87,-5,
2118553,4512731,3933744,3678331,4313977,2179889,-109,-133,1315,-617,76,816,-41,22,-20,-111,-39,1329,-352,-559,870,-9,79,-3,
2118553,4512731,3960300,3678331,4313977,2179889,-93,-128,1357,-617,79,812,-44,4,-27,-108,-19,1304,-352,-559,870,-8,81,-11,
2118553,4512731,3960300,3036587,4313977,2179889,-77,-144,1363,-617,79,812,-47,9,-35,-100,-25,1326,-352,-565,855,-11,77,-5,
2118553,4512731,3960300,3036587,4358014,2179889,-109,-141,1339,-621,82,810,-40,18,-30,-109,-28,1312,-352,-565,855,-9,88,-5,
2118553,4512731,3960300,3036587,4358014,1957927,-92,-139,1349,-614,79,817,-44,28,-28,-128,-47,1334,-348,-561,869,-11,107,-2,
2118553,4512731,3960300,3036587,4358014,1957927,-75,-151,1312,-614,79,817,-46,33,-19,-124,-50,1350,-348,-561,869,-19,81,-1,
2118553,4512731,3960300,3036587,4358014,1957927,-85,-138,1362,-617,74,812,-46,29,-25,-99,-22,1278,-345,-554,865,-13,48,-6,
1949964,4512731,3960300,3036587,4358014,1957927,-94,-123,1324,-617,74,812,-42,18,-26,-132,-47,1342,-343,-560,871,-4,21,-1,
1949964,4537242,3960300,3036587,4358014,1957927,-115,-131,1296,-614,80,821,-45,11,-33,-115,-32,1312,-343,-560,871,-1,13,1,
1949964,4537242,3946697,3036587,4358014,1957927,-88,-136,1326,-614,78,812,-50,3,-35,-102,-23,1273,-345,-562,871,-1,35,5,
1949964,4537242,3946697,2678756,4358014,1957927,-117,-140,1291,-613,78,812,-42,13,-31,-108,-19,1301,-345,-562,871,-5,57,5,
1949964,4537242,3946697,2678756,4410827,1957927,-83,-153,1311,-613,73,821,-45,13,-25,-130,-31,1316,-345,-559,865,-9,91,0,
1949964,4537242,3946697,2678756,4410827,1614355,-105,-125,1310,-613,73,821,-45,20,-29,-119,-37,1299,-345,-559,865,-13,91,4,
1949964,4537242,3946697,2678756,4410827,1614355,-83,-133,1316,-614,80,827,-55,18,-37,-136,-68,1351,-344,-555,857,-2,72,-2,
1949964,4537242,3946697,2678756,4410827,1614355,-103,-141,1286,-614,80,827,-52,19,-38,-100,-30,1277,-344,-555,866,-1,53,4,
1707710,4537242,3946697,2678756,4410827,1614355,-78,-143,1331,-614,79,824,-46,19,-31,-125,-30,1351,-339,-556,866,3,45,3,
1707710,4565405,3946697,2678756,4410827,1614355,-109,-137,1340,-612,74,819,-48,29,-30,-131,-20,1329,-337,-561,875,-12,73,2,
1707710,4565405,3940581,2678756,4410827,1614355,-84,-157,1295,-612,74,819,-57,34,-21,-132,-12,1339,-337,-561,875,-30,102,-1,
1707710,4565405,3940581,2231138,4410827,1614355,-106,-133,1359,-610,78,815,-74,34,-22,-155,-40,1377,-334,-558,863,-64,118,-2,
1707710,4565405,3940581,2231138,4464292,1614355,-106,-140,1279,-610,78,815,-91,45,-29,-118,-28,1285,-334,-558,863,-87,131,-2,
1707710,4565405,3940581,2231138,4464292,1449226,-87,-121,1388,-612,81,826,-98,48,-30,-157,-53,1369,-332,-558,878,-87,143,2,
1707710,4565405,3940581,2231138,4464292,1449226,-114,-135,1314,-608,79,816,-75,41,-35,-103,-32,1218,-332,-558,878,-78,129,4,
1707710,4565405,3940581,2231138,4464292,1449226,-129,-121,1251,-608,79,816,-55,23,-35,-175,-44,1319,-331,-546,865,-60,94,1,
1528147,4565405,3940581,2231138,4464292,1449226,-89,-128,1339,-609,74,819,-54,6,-42,-123,-27,1263,-328,-553,865,-49,36,-5,
1528147,4615379,3940581,2231138,4464292,1449226,-125,-138,1313,-609,74,819,-47,-4,-52,-141,-43,1333,-328,-553,865,-39,3,-8,
1528147,4615379,3865673,2231138,4464292,1449226,-78,-140,1368,-611,82,818,-40,-15,-56,-110,-40,1346,-328,-552,871,-37,0,-3,
1528147,4615379,3865673,2106983,4464292,1449226,-128,-136,1331,-611,82,818,-37,-14,-50,-158,-64,1340,-328,-552,871,-21,26,2,
1528147,4615379,3865673,2106983,4508706,1449226,-84,-155,1337,-611,84,816,-34,-8,-45,-115,-37,1290,-329,-542,873,-19,47,1,
1528147,4615379,3865673,2106983,4508706,1223815,-106,-141,1311,-611,74,824,-38,-6,-40,-173,-50,1372,-329,-542,873,-25,38,0,
1528147,4615379,3865673,2106983,4508706,1223815,-131,-131,1066,-611,74,824,-36,-19,-39,-151,-38,1302,-328,-547,865,-36,30,3,
1528147,4615379,3865673,2106983,4508706,1223815,-85,-148,1318,-611,76,817,-17,-17,-46,-128,-53,1264,-329,-547,872,0,12,-5,
1789509,4615379,3865673,2106983,4508706,1223815,-130,-129,1331,-611,76,817,-22,-14,-43,-123,-57,1262,-329,-547,872,37,-18,-4,
1789509,4651412,3865673,2106983,4508706,1223815,-92,-124,1406,-609,80,822,-22,-8,-37,-149,-44,1318,-328,-551,891,67,-52,3,
1789509,4651412,3808785,2106983,4508706,1223815,-92,-128,1342,-615,73,816,-44,-11,-38,-136,-49,1353,-328,-551,891,70,-50,5,
1789509,4651412,3808785,2218499,4508706,1223815,-103,-128,1301,-615,73,816,-60,8,-34,-123,-23,1287,-327,-554,873,54,-40,1,
1789509,4651412,3808785,2218499,4546250,1223815,-100,-141,1340,-611,80,825,-75,26,-30,-146,-49,1341,-327,-554,873,41,-18,4,
1789509,4651412,3808785,2218499,4546250,1293552,-93,-153,1308,-611,80,825,-81,30,-27,-108,-27,1242,-332,-550,865,44,-10,12,
1789509,4651412,3808785,2218499,4546250,1293552,-100,-137,1356,-613,81,834,-84,19,-34,-161,-49,1329,-332,-550,865,55,-13,2,
1789509,4651412,3808785,2218499,4546250,1293552,-111,-130,1275,-613,81,834,-60,2,-36,-144,-38,1326,-333,-555,868,72,-40,3,
1795842,4651412,3808785,2218499,4546250,1293552,-113,-132,1315,-609,82,821,-56,-3,-41,-158,-52,1347,-335,-558,857,73,-60,-2,
1795842,4640205,3808785,2218499,4546250,1293552,-94,-144,1313,-612,78,821,-49,-10,-49,-111,-32,1317,-335,-558,857,68,-67,8,
1795842,4640205,3855999,2218499,4546250,1293552,-112,-148,1379,-612,78,821,-45,-22,-44,-131,-33,1297,-333,-556,858,60,-45,5,
1795842,4640205,3855999,2533356,4546250,1293552,-122,-141,1322,-613,77,829,-47,-17,-37,-117,-31,1288,-333,-556,858,44,-27,2,
1795842,4640205,3855999,2533356,4527152,1293552,-92,-142,1363,-613,77,829,-56,-6,-39,-115,-31,1313,-334,-553,879,33,-42,-1,
1795842,4640205,3855999,2533356,4527152,1479478,-99,-141,1323,-613,80,810,-59,-9,-43,-131,-40,1337,-334,-553,879,29,-42,10,
1795842,4640205,3855999,2533356,4527152,1479478,-106,-154,1300,-614,77,818,-41,-30,-42,-114,-31,1285,-339,-555,870,37,-81,22,
1795842,4640205,3855999,2533356,4527152,1479478,-109,-139,1353,-614,77,818,-23,-46,-38,-131,-25,1295,-337,-559,863,30,-85,18,
2063268,4640205,3855999,2533356,4527152,1479478,-104,-126,1340,-615,74,822,-18,-49,-40,-138,-35,1327,-337,-559,863,19,-83,14,
2063268,4569963,3855999,2533356,4527152,1479478,-110,-134,1334,-615,74,822,-41,-41,-45,-121,-27,1314,-343,-562,848,28,-63,8,
2063268,4569963,3924032,2533356,4527152,1479478,-68,-144,1314,-615,72,820,-60,-27,-47,-110,-23,1314,-343,-562,848,23,-39,4,
2063268,4569963,3924032,2869909,4527152,1479478,-108,-134,1367,-615,72,820,-56,-10,-36,-133,-28,1355,-344,-561,861,13,-18,-2,
2063268,4569963,3924032,2869909,4503062,1479478,-86,-140,1296,-616,79,817,-49,4,-29,-131,-29,1284,-344,-561,861,17,-24,2,
2063268,4569963,3924032,2869909,4503062,1621867,-100,-141,1366,-612,76,813,-49,17,-21,-122,-37,1306,-344,-550,874,10,-46,-2,
2063268,4569963,3924032,2869909,4503062,1621867,-120,-140,1304,-612,76,813,-46,11,-29,-106,-22,1280,-344,-550,860,18,-58,3,
2063268,4569963,3924032,2869909,4503062,1621867,-86,-136,1379,-613,76,817,-48,0,-33,-134,-37,1333,-346,-560,860,21,-70,1,
2239195,4569963,3924032,2869909,4503062,1621867,-113,-135,1299,-613,76,817,-43,-7,-38,-121,-38,1320,-345,-561,851,24,-54,6,
2239195,4533847,3924032,2869909,4503062,1621867,-92,-145,1289,-614,79,809,-38,-7,-37,-133,-36,1350,-345,-561,851,18,-38,4,
2239195,4533847,3854747,2869909,4503062,1621867,-98,-122,1359,-614,75,813,-45,-4,-29,-116,-22,1315,-349,-561,861,19,-26,4,
2239195,4533847,3854747,3062450,4503062,1621867,-120,-132,1325,-614,75,813,-48,5,-33,-111,-30,1324,-349,-561,861,12,-12,1,
2239195,4533847,3854747,3062450,4488144,1621867,-87,-133,1270,-618,77,821,-48,-5,-42,-118,-22,1313,-349,-560,850,9,9,5,
2239195,4533847,3854747,3062450,4488144,1615607,-77,-140,1338,-618,77,821,-49,-12,-35,-109,-31,1309,-349,-560,850,6,3,5,
2239195,4533847,3854747,3062450,4488144,1615607,-105,-144,1306,-614,76,807,-46,-6,-42,-113,-27,1311,-347,-555,866,12,-13,-4,
2239195,4533847,3854747,3062450,4488144,1615607,-90,-126,1339,-614,76,807,-46,-10,-34,-117,-34,1320,-346,-564,860,5,-28,-5,
2305110,4533847,3854747,3062450,4488144,1615607,-72,-141,1372,-619,78,814,-45,-3,-32,-93,-15,1307,-346,-564,860,8,-26,0,
2305110,4526771,3854747,3062450,4488144,1615607,-99,-144,1331,-616,74,822,-48,4,-38,-108,-28,1320,-348,-561,873,17,-18,-4,
2305110,4526771,3770737,3062450,4488144,1615607,-82,-143,1294,-616,74,822,-53,7,-32,-106,-25,1308,-348,-561,873,5,-11,-3,
2305110,4526771,3770737,3163408,4488144,1615607,-93,-130,1384,-617,74,811,-52,6,-37,-116,-26,1355,-348,-563,861,12,-15,0,
2305110,4526771,3770737,3163408,4473769,1615607,-101,-129,1332,-617,74,811,-50,9,-33,-109,-27,1311,-348,-563,861,20,-34,0,
2305110,4526771,3770737,3163408,4473769,1688693,-98,-139,1365,-616,82,814,-39,2,-27,-107,-30,1346,-353,-556,874,18,-54,-1,
2305110,4526771,3770737,3163408,4473769,1688693,-95,-136,1305,-616,76,817,-37,-3,-41,-116,-13,1300,-350,-557,878,21,-55,1,
2305110,4526771,3770737,3163408,4473769,1688693,-82,-124,1314,-616,76,817,-62,-40,-39,-96,-35,1341,-350,-557,878,21,-44,-1,
2460240,4526771,3770737,3163408,4473769,1688693,-84,-139,1317,-618,75,816,-57,-32,-42,-108,-22,1329,-351,-567,857,11,-31,-3,
2460240,4441722,3770737,3163408,4473769,1688693,-111,-128,1344,-618,75,816,-52,-23,-38,-98,-15,1339,-351,-567,857,14,-25,-4,
2460240,4441722,3775705,3163408,4473769,1688693,-56,-129,1361,-617,82,811,-56,-9,-38,-82,-24,1305,-353,-565,864,7,-26,-6,
2460240,4441722,3775705,3384881,4473769,1688693,-100,-135,1309,-617,78,815,-54,2,-35,-108,-39,1335,-353,-565,864,10,-33,-6,
2460240,4441722,3775705,3384881,4397799,1688693,-60,-138,1338,-619,78,815,-50,11,-35,-103,-21,1350,-352,-559,866,6,-33,-3,
2460240,4441722,3775705,3384881,4397799,1689766,-108,-142,1286,-616,75,821,-50,16,-25,-103,-37,1328,-352,-559,866,6,-41,-10,
2460240,4441722,3775705,3384881,4397799,1689766,-89,-129,1366,-616,75,821,-53,13,-30,-87,-23,1306,-355,-559,858,10,-44,-10,
2460240,4441722,3775705,3384881,4397799,1689766,-116,-140,1265,-620,75,818,-48,3,-28,-81,-22,1296,-356,-564,879,19,-52,-6,
2480794,4441722,3775705,3384881,4397799,1689766,-90,-111,1355,-620,75,818,-44,-7,-34,-108,-36,1348,-356,-564,879,16,-29,-10,
2480794,4442915,3775705,3384881,4397799,1689766,-69,-145,1376,-620,78,814,-44,-18,-32,-97,-27,1333,-355,-565,860,13,-9,-8,
2480794,4442915,3839066,3384881,4397799,1689766,-96,-141,1276,-615,73,811,-53,-26,-33,-97,-23,1319,-355,-565,860,12,9,-2,
2480794,4442915,3839066,3557927,4397799,1689766,-99,-138,1299,-615,73,811,-54,-25,-36,-73,-17,1263,-356,-556,864,10,14,-9,
2480794,4442915,3839066,3557927,4357189,1689766,-88,-128,1387,-619,75,819,-51,-32,-33,-108,-26,1337,-356,-556,864,13,-1,-5,
2480794,4442915,3839066,3557927,4357189,1578168,-85,-119,1354,-619,75,819,-56,-46,-32,-88,-33,1340,-356,-555,846,10,-11,-10,
2480794,4442915,3839066,3557927,4357189,1578168,-96,-139,1254,-624,82,820,-59,-46,-35,-99,-9,1317,-356,-558,863,13,-13,-5,
2480794,4442915,3839066,3557927,4357189,1578168,-89,-134,1343,-624,80,813,-68,-41,-37,-77,-18,1305,-356,-558,863,4,-4,-7,
2868420,4442915,3839066,3557927,4357189,1578168,-76,-135,1312,-623,80,813,-57,-34,-42,-87,-45,1332,-355,-565,864,0,12,-11,
2868420,4446964,3839066,3557927,4357189,1578168,-100,-137,1315,-623,74,817,-50,-21,-37,-83,-32,1341,-355,-565,864,13,5,-3,
2868420,4446964,3829754,3557927,4357189,1578168,-67,-145,1304,-623,74,817,-48,-10,-41,-96,-29,1324,-357,-566,864,3,3,-3,
2868420,4446964,3829754,3636166,4357189,1578168,-89,-127,1345,-625,79,816,-55,-15,-38,-103,-23,1322,-357,-566,864,7,-7,-8,
2868420,4446964,3829754,3636166,4305656,1578168,-73,-133,1328,-625,79,816,-57,-31,-33,-81,-19,1298,-356,-560,855,11,-15,-8,
2868420,4446964,3829754,3636166,4305656,1533073,-95,-139,1288,-625,82,815,-54,-39,-29,-99,-29,1295,-356,-560,855,7,-26,-9,
2868420,4446964,3829754,3636166,4305656,1533073,-106,-129,1309,-625,78,818,-67,-40,-39,-86,-28,1288,-357,-563,853,20,-48,-4,
2868420,4446964,3829754,3636166,4305656,1533073,-93,-135,1283,-625,78,818,-57,-24,-38,-81,-18,1329,-357,-563,849,25,-50,-3,
3114922,4446964,3829754,3636166,4305656,1533073,-96,-135,1324,-625,74,799,-55,-15,-36,-90,-28,1306,-357,-563,849,34,-44,-6,
3114922,4398177,3829754,3636166,4305656,1533073,-53,-157,1303,-625,74,799,-53,-9,-34,-89,-26,1323,-359,-564,860,23,-32,-5,
3114922,4398177,3747824,3636166,4305656,1533073,-84,-138,1312,-626,82,818,-54,-11,-41,-101,-32,1323,-359,-564,860,22,-16,-4,
3114922,4398177,3747824,3873085,4305656,1533073,-110,-126,1291,-625,79,813,-51,-17,-41,-100,-24,1319,-361,-558,849,27,-17,-7,
3114922,4398177,3747824,3873085,4184482,1533073,-105,-127,1317,-625,79,813,-56,-30,-33,-64,-32,1308,-361,-558,849,14,-13,-8,
3114922,4398177,3747824,3873085,4184482,1258534,-82,-154,1296,-627,75,812,-65,-47,-34,-78,-27,1335,-360,-562,848,25,-23,-9,
3114922,4398177,3747824,3873085,4184482,1258534,-59,-145,1335,-627,75,812,-66,-59,-38,-74,-22,1315,-362,-567,859,26,-29,-13,
3114922,4398177,3747824,3873085,4184482,1258534,-69,-128,1326,-628,77,806,-71,-60,-43,-97,-36,1340,-362,-567,859,20,-33,-10,
3608933,4398177,3747824,3873085,4184482,1258534,-61,-146,1294,-628,77,806,-66,-49,-41,-64,-11,1292,-364,-565,857,23,-17,-11,
3608933,4307995,3747824,3873085,4184482,1258534,-62,-147,1328,-625,83,812,-65,-28,-39,-64,-23,1297,-364,-565,857,21,-25,-15,
3608933,4307995,3547379,3873085,4184482,1258534,-65,-137,1350,-629,76,810,-55,-20,-38,-81,-29,1319,-363,-567,856,22,-18,-16,
3608933,4307995,3547379,4068755,4184482,1258534,-101,-137,1328,-629,76,810,-58,-24,-38,-86,-23,1322,-363,-567,856,20,-15,-9,
3608933,4307995,3547379,4068755,3937945,1258534,-56,-145,1328,-633,72,812,-56,-29,-38,-92,-32,1329,-362,-565,845,17,-12,-5,
3608933,4307995,3547379,4068755,3937945,1040764,-76,-139,1359,-633,72,812,-59,-29,-42,-77,-16,1320,-362,-560,866,11,-17,-6,
3608933,4307995,3547379,4068755,3937945,1040764,-66,-153,1260,-633,78,802,-57,-21,-46,-89,-29,1320,-363,-560,866,14,-11,-11,
3608933,4307995,3547379,4068755,3937945,1040764,-66,-146,1334,-631,80,810,-53,-7,-41,-69,-24,1330,-362,-565,852,10,-15,-17,
3795556,4307995,3547379,4068755,3937945,1040764,-57,-135,1319,-631,80,810,-52,-7,-39,-74,-18,1290,-362,-565,852,11,0,-18,
3795556,4230312,3547379,4068755,3937945,1040764,-57,-152,1285,-631,76,799,-56,-20,-43,-76,-37,1334,-364,-571,856,17,-7,-21,
3795556,4230312,3421384,4068755,3937945,1040764,-96,-142,1328,-631,76,799,-58,-29,-36,-81,-23,1317,-364,-571,856,12,-11,-15,
3795556,4230312,3421384,4156490,3937945,1040764,-25,-152,1313,-632,74,803,-72,-43,-43,-66,-18,1294,-365,-567,865,8,2,-11,
3795556,4230312,3421384,4156490,3790493,1040764,-75,-133,1351,-632,74,803,-84,-53,-46,-90,-30,1308,-365,-567,865,2,-5,-15,
3795556,4230312,3421384,4156490,3790493,949152,-57,-151,1326,-633,82,799,-84,-60,-47,-71,-33,1331,-364,-562,842,14,-3,-16,
3795556,4230312,3421384,4156490,3790493,949152,-30,-135,1335,-635,78,815,-89,-65,-45,-92,-36,1342,-361,-568,859,7,-4,-18,
3795556,4230312,3421384,4156490,3790493,949152,-59,-141,1364,-635,78,815,-89,-62,-47,-78,-19,1326,-361,-568,859,7,-10,-14,
4146532,4230312,3421384,4156490,3790493,949152,-65,-158,1254,-634,75,807,-80,-53,-45,-75,-18,1341,-363,-568,864,11,2,-17,
4146532,4149384,3421384,4156490,3790493,949152,-57,-144,1361,-634,75,807,-72,-42,-39,-91,-36,1338,-363,-568,864,8,0,-17,
4146532,4149384,2967506,4156490,3790493,949152,-36,-136,1359,-637,83,794,-67,-34,-41,-67,-14,1307,-363,-564,852,13,0,-12,
4146532,4149384,2967506,4194498,3790493,949152,-37,-144,1324,-637,80,804,-62,-34,-44,-81,-42,1340,-363,-564,852,8,4,-16,
4146532,4149384,2967506,4194498,3698475,949152,-51,-147,1292,-637,80,804,-62,-29,-37,-87,-25,1321,-366,-556,842,7,-7,-17,
4146532,4149384,2967506,4194498,3698475,1240825,-38,-145,1286,-638,75,800,-57,-12,-45,-45,-17,1288,-365,-564,852,11,6,-13,
4146532,4149384,2967506,4194498,3698475,1240825,-47,-153,1339,-638,75,800,-54,-13,-38,-81,-22,1307,-365,-564,852,6,1,-8,
4146532,4149384,2967506,4194498,3698475,1240825,-42,-140,1348,-642,77,803,-47,-14,-38,-89,-30,1338,-364,-569,851,7,5,-16,
4305814,4149384,2967506,4194498,3698475,1240825,-58,-148,1302,-642,77,803,-55,-16,-37,-93,-17,1315,-364,-569,851,12,0,-15,
4305814,4065707,2967506,4194498,3698475,1240825,-35,-152,1313,-639,80,798,-56,-16,-38,-77,-29,1319,-363,-564,846,11,2,-13,
4305814,4065707,2901045,4194498,3698475,1240825,-46,-152,1296,-639,81,805,-56,-18,-33,-91,-27,1322,-363,-564,846,13,-7,-17,
4305814,4065707,2901045,4202262,3698475,1240825,-26,-140,1336,-639,81,805,-55,-17,-31,-56,-14,1289,-367,-565,865,11,8,-12,
4305814,4065707,2901045,4202262,3726711,1240825,-63,-145,1325,-640,81,801,-66,-27,-38,-71,-24,1321,-367,-565,865,6,4,-13,
4305814,4065707,2901045,4202262,3726711,1352104,-28,-150,1356,-640,81,801,-70,-26,-34,-88,-26,1319,-362,-567,862,15,3,-12,
4305814,4065707,2901045,4202262,3726711,1352104,-51,-141,1301,-643,84,810,-65,-16,-36,-71,-16,1334,-362,-568,877,15,5,-13,
4305814,4065707,2901045,4202262,3726711,1352104,-50,-148,1359,-641,79,808,-55,-11,-40,-75,-28,1323,-362,-568,877,9,2,-13,
4405366,4065707,2901045,4202262,3726711,1352104,-46,-157,1279,-641,79,808,-56,-7,-39,-52,-12,1289,-364,-566,858,8,-1,-13,
4405366,3979186,2901045,4202262,3726711,1352104,-34,-153,1304,-644,81,800,-56,-13,-35,-76,-23,1322,-364,-566,858,0,1,-14,
4405366,3979186,2850763,4202262,3726711,1352104,-54,-144,1335,-644,81,800,-58,-13,-30,-60,-18,1315,-367,-561,850,2,3,-6,
4405366,3979186,2850763,4215586,3726711,1352104,-52,-157,1325,-645,83,793,-55,-15,-37,-70,-14,1308,-367,-561,850,3,8,-8,
4405366,3979186,2850763,4215586,3768802,1352104,-26,-163,1323,-645,83,804,-58,-6,-43,-94,-28,1352,-364,-565,857,5,20,-16,
4405366,3979186,2850763,4215586,3768802,1324875,-39,-143,1302,-641,84,804,-65,-9,-36,-55,-9,1305,-363,-568,857,7,4,-13,
4405366,3979186,2850763,4215586,3768802,1324875,-21,-156,1344,-644,77,800,-58,-9,-41,-72,-26,1300,-363,-568,857,6,-2,-12,
4405366,3979186,2850763,4215586,3768802,1324875,-21,-155,1329,-644,77,800,-54,-14,-44,-84,-28,1320,-366,-567,872,11,1,-18,
4504563,3979186,2850763,4215586,3768802,1324875,-41,-155,1321,-642,78,809,-53,-15,-42,-82,-29,1360,-366,-567,872,9,-3,-15,
4504563,3937968,2850763,4215586,3768802,1324875,-44,-138,1353,-642,78,809,-63,-18,-37,-78,-34,1331,-366,-564,863,10,2,-11,
4504563,3937968,2760998,4215586,3768802,1324875,-39,-159,1299,-644,81,795,-62,-21,-36,-73,-29,1330,-366,-564,863,4,-7,-15,
4504563,3937968,2760998,4249700,3768802,1324875,-39,-145,1341,-642,77,805,-59,-19,-41,-78,-17,1312,-367,-559,848,17,3,-10,
4504563,3937968,2760998,4249700,3702316,1324875,-19,-151,1340,-642,77,805,-61,-14,-41,-73,-19,1314,-367,-559,859,15,6,-9,
4504563,3937968,2760998,4249700,3702316,1198242,-43,-160,1331,-642,82,802,-49,-8,-40,-60,-23,1306,-364,-565,859,3,10,-16,
4504563,3937968,2760998,4249700,3702316,1198242,-55,-162,1323,-642,82,802,-46,-7,-41,-79,-25,1306,-361,-569,851,2,2,-15,
4504563,3937968,2760998,4249700,3702316,1198242,-27,-155,1305,-647,85,798,-44,-3,-35,-65,-17,1298,-361,-569,851,8,7,-17,
4553827,3937968,2760998,4249700,3702316,1198242,-33,-152,1321,-647,86,799,-41,-3,-35,-65,-17,1312,-363,-565,846,4,8,-15,
4553827,3883690,2760998,4249700,3702316,1198242,-68,-154,1299,-643,86,799,-45,8,-41,-83,-29,1342,-363,-565,846,3,8,-16,
4553827,3883690,2810136,4249700,3702316,1198242,-11,-158,1321,-639,82,802,-33,14,-37,-81,-15,1311,-367,-563,848,7,13,-11,
4553827,3883690,2810136,4227586,3702316,1198242,-43,-149,1306,-639,82,802,-36,16,-30,-81,-28,1315,-367,-563,848,9,9,-10,
4553827,3883690,2810136,4227586,3802615,1198242,-17,-154,1399,-643,85,796,-43,9,-28,-65,-27,1305,-364,-558,872,4,4,-17,
4553827,3883690,2810136,4227586,3802615,1279074,-61,-143,1332,-643,85,796,-37,8,-31,-74,-20,1305,-364,-565,858,5,8,-13,
4553827,3883690,2810136,4227586,3802615,1279074,-47,-155,1326,-642,87,810,-41,1,-30,-69,-25,1301,-364,-565,858,10,12,-12,
4553827,3883690,2810136,4227586,3802615,1279074,-44,-152,1312,-646,82,799,-41,6,-33,-83,-21,1309,-363,-564,859,10,4,-11,
4525339,3883690,2810136,4227586,3802615,1279074,-42,-148,1331,-646,82,799,-45,7,-33,-76,-26,1323,-363,-564,859,5,6,-8,
4525339,3890060,2810136,4227586,3802615,1279074,-56,-142,1300,-644,80,809,-45,-2,-31,-76,-16,1320,-367,-562,860,2,6,-8,
4525339,3890060,2902705,4227586,3802615,1279074,-35,-146,1330,-644,80,809,-46,-1,-35,-81,-32,1332,-367,-562,860,4,2,-13,
4525339,3890060,2902705,4212787,3802615,1279074,-65,-155,1326,-642,85,804,-45,-7,-37,-77,-34,1310,-362,-552,872,0,-2,-11,
4525339,3890060,2902705,4212787,3844116,1279074,-15,-158,1337,-645,86,799,-44,-5,-34,-72,-18,1317,-364,-567,855,7,2,-7,
4525339,3890060,2902705,4212787,3844116,1336893,-38,-147,1337,-645,86,799,-51,-12,-39,-62,-21,1295,-364,-567,855,15,-8,-16,
4525339,3890060,2902705,4212787,3844116,1336893,-38,-150,1298,-644,82,804,-51,-23,-45,-96,-30,1335,-365,-565,865,12,248,-11,
4525339,3890060,2902705,4212787,3844116,1336893,-40,-146,1335,-644,82,804,-53,-18,-43,-51,-13,1334,-365,-565,865,13,-12,-14,
4588877,3890060,2902705,4212787,3844116,1336893,-39,-161,1291,-642,79,803,-52,-18,-43,-77,-27,1326,-365,-567,849,11,-6,-20,
4588877,3761691,2902705,4212787,3844116,1336893,-34,-153,1310,-642,79,803,-55,-19,-40,-60,-21,1308,-365,-567,849,8,-7,-17,
4588877,3761691,2742380,4212787,3844116,1336893,-43,-148,1306,-644,90,803,-60,-23,-39,-52,-18,1300,-366,-557,861,17,-5,-14,
4588877,3761691,2742380,4269469,3844116,1336893,-46,-144,1351,-644,80,802,-59,-23,-39,-79,-13,1338,-366,-557,861,14,-8,-19,
4588877,3761691,2742380,4269469,3830750,1336893,-44,-144,1322,-644,80,802,-52,-15,-37,-77,-17,1310,-365,-562,859,3,0,-17,
4588877,3761691,2742380,4269469,3830750,1426913,-21,-155,1311,-645,81,795,-49,-9,-39,-84,-30,1336,-365,-563,846,3,5,-15,
4588877,3761691,2742380,4269469,3830750,1426913,-45,-158,1339,-645,81,795,-51,-9,-43,-74,-15,1275,-365,-563,846,12,1,-13,
4588877,3761691,2742380,4269469,3830750,1426913,-26,-143,1306,-646,88,795,-47,-10,-43,-76,-23,1319,-366,-566,857,6,-1,-9,
4648982,3761691,2742380,4269469,3830750,1426913,-26,-145,1338,-644,80,793,-52,-9,-36,-75,-25,1342,-366,-566,857,5,3,-16,
4648982,3606536,2742380,4269469,3830750,1426913,-34,-154,1335,-644,80,793,-53,-10,-40,-39,-20,1292,-366,-557,850,2,-1,-11,
4648982,3606536,2503763,4269469,3830750,1426913,-21,-148,1329,-643,85,799,-49,-5,-43,-85,-19,1342,-366,-557,850,6,-3,-13,
4648982,3606536,2503763,4304529,3830750,1426913,-8,-149,1313,-643,85,799,-48,-3,-32,-87,-25,1337,-366,-561,861,8,1,-10,
4648982,3606536,2503763,4304529,3781528,1426913,-28,-134,1367,-645,85,803,-45,-4,-41,-78,-23,1334,-365,-567,848,7,-5,-11,
4648982,3606536,2503763,4304529,3781528,1236326,-19,-163,1316,-645,85,803,-48,-3,-40,-71,-17,1292,-365,-567,848,11,-4,-11,
4648982,3606536,2503763,4304529,3781528,1236326,-20,-163,1334,-643,84,805,-50,-3,-36,-62,-17,1299,-366,-567,857,8,-9,-11,
4648982,3606536,2503763,4304529,3781528,1236326,-30,-155,1296,-646,81,800,-48,-9,-38,-85,-19,1316,-366,-567,857,7,-12,-13,
4680502,3606536,2503763,4304529,3781528,1236326,-13,-153,1337,-646,81,800,-43,-12,-37,-56,-22,1300,-365,-568,864,8,1,-14,
4680502,3588070,2503763,4304529,3781528,1236326,-29,-154,1316,-647,81,803,-45,-7,-41,-73,-21,1307,-365,-568,864,3,-11,-19,
4680502,3588070,2207846,4304529,3781528,1236326,-44,-151,1320,-647,81,803,-43,-5,-39,-87,-23,1317,-369,-565,842,11,-2,-13,
4680502,3588070,2207846,4370486,3781528,1236326,-36,-139,1327,-647,88,800,-44,-13,-37,-76,-21,1308,-369,-565,863,12,-3,-7,
4680502,3588070,2207846,4370486,3620967,1236326,3,-162,1294,-649,89,802,-56,-4,-41,-80,-30,1297,-370,-564,863,6,-5,-13,
4680502,3588070,2207846,4370486,3620967,1110322,-32,-156,1316,-649,89,802,-54,-6,-38,-99,-41,1371,-367,-568,856,4,-13,-20,
4680502,3588070,2207846,4370486,3620967,1110322,-46,-138,1334,-644,82,803,-60,-7,-44,-44,-11,1269,-367,-568,856,11,-5,-22,
4680502,3588070,2207846,4370486,3620967,1110322,-1,-152,1358,-644,82,803,-54,-13,-37,-101,-36,1325,-365,-571,862,10,-9,-14,
4710198,3588070,2207846,4370486,3620967,1110322,-33,-155,1294,-647,83,804,-52,-14,-39,-72,-20,1317,-365,-571,862,12,-8,-17,
4710198,3483927,2207846,4370486,3620967,1110322,5,-160,1335,-647,83,804,-51,-10,-38,-70,-11,1296,-366,-567,843,9,-4,-8,
4710198,3483927,2041112,4370486,3620967,1110322,-49,-152,1319,-647,86,799,-51,-9,-42,-53,-18,1305,-366,-567,843,2,-16,-19,
4710198,3483927,2041112,4430848,3620967,1110322,-10,-172,1303,-648,82,804,-45,-3,-38,-84,-27,1311,-368,-561,837,12,5,-20,
4710198,3483927,2041112,4430848,3559975,1110322,-43,-154,1354,-648,82,804,-52,0,-44,-87,-35,1327,-366,-565,843,15,3,-16,
4710198,3483927,2041112,4430848,3559975,1091065,-48,-162,1298,-650,81,805,-54,-4,-43,-68,-18,1289,-366,-565,843,13,-4,-17,
4710198,3483927,2041112,4430848,3559975,1091065,-41,-159,1317,-650,81,805,-54,-4,-41,-57,-28,1305,-365,-568,858,3,-6,-16,
4710198,3483927,2041112,4430848,3559975,1091065,-36,-148,1324,-650,87,791,-46,-1,-38,-79,-18,1324,-365,-568,858,10,-3,-14,
4731452,3483927,2041112,4430848,3559975,1091065,-9,-161,1337,-646,83,803,-48,-12,-35,-87,-20,1336,-368,-566,853,9,0,-18,
4731452,3464547,2041112,4430848,3559975,1091065,-46,-149,1304,-646,83,803,-40,-6,-34,-66,-12,1313,-368,-566,853,2,2,-12,
4731452,3464547,1709723,4430848,3559975,1091065,-24,-149,1394,-648,80,802,-46,-9,-38,-72,-26,1312,-370,-559,846,0,-4,-19,
4731452,3464547,1709723,4456724,3559975,1091065,-20,-148,1334,-648,80,802,-50,-2,-45,-79,-22,1312,-370,-564,836,7,0,-22,
4731452,3464547,1709723,4456724,3524086,1091065,-63,-150,1293,-647,80,811,-43,-2,-37,-74,-19,1313,-367,-564,836,7,-4,-19,
4731452,3464547,1709723,4456724,3524086,1123924,-17,-152,1324,-647,80,811,-40,2,-36,-62,-24,1305,-364,-573,862,8,0,-15,
4731452,3464547,1709723,4456724,3524086,1123924,-31,-161,1255,-649,84,791,-51,-2,-40,-71,-20,1304,-364,-573,862,0,-4,-20,
4731452,3464547,1709723,4456724,3524086,1123924,-6,-164,1318,-649,78,802,-50,-1,-35,-72,-37,1329,-370,-569,863,12,7,-15,
4738754,3464547,1709723,4456724,3524086,1123924,-21,-158,1363,-649,78,802,-48,-8,-39,-84,-33,1349,-370,-569,863,9,9,-15,
4738754,3463075,1709723,4456724,3524086,1123924,-44,-152,1331,-647,83,804,-48,-7,-40,-82,-27,1339,-368,-567,852,11,0,-17,
4738754,3463075,1426715,4456724,3524086,1123924,-9,-161,1328,-647,83,804,-43,-7,-37,-68,-20,1310,-368,-567,852,5,-1,-17,
4738754,3463075,1426715,4482087,3524086,1123924,-25,-173,1331,-649,85,795,-46,-4,-37,-75,-26,1323,-369,-563,850,7,-1,-17,
4738754,3463075,1426715,4482087,3466321,1123924,-32,-158,1287,-649,81,802,-37,5,-38,-72,-17,1326,-370,-569,851,3,-4,-16,
4738754,3463075,1426715,4482087,3466321,1205952,-19,-157,1330,-649,81,802,-44,1,-32,-68,-35,1310,-370,-569,851,11,1,-14,
4738754,3463075,1426715,4482087,3466321,1205952,-28,-157,1329,-649,82,794,-47,-3,-33,-67,-21,1301,-367,-568,852,5,-2,-18,
4738754,3463075,1426715,4482087,3466321,1205952,-24,-157,1346,-649,82,794,-38,-5,-38,-87,-23,1336,-367,-568,852,8,-3,-19,
4743157,3463075,1426715,4482087,3466321,1205952,-22,-138,1327,-650,84,799,-42,-7,-37,-63,-30,1293,-367,-563,849,8,-5,-13,
4743157,3456642,1426715,4482087,3466321,1205952,-31,-149,1359,-650,84,790,-44,-2,-44,-78,-23,1329,-367,-563,849,9,9,-13,
4743157,3456642,1411185,4482087,3466321,1205952,-38,-139,1336,-647,82,790,-52,1,-39,-67,-19,1315,-367,-562,872,8,11,-11,
4743157,3456642,1411185,4488190,3466321,1205952,-18,-162,1304,-648,81,801,-50,2,-36,-64,-21,1299,-368,-566,856,4,10,-14,
4743157,3456642,1411185,4488190,3413906,1205952,-1,-161,1316,-648,81,801,-54,-3,-44,-58,-22,1320,-368,-566,856,1,2,-17,
4743157,3456642,1411185,4488190,3413906,1249917,-28,-157,1307,-647,84,799,-50,-8,-38,-71,-28,1321,-369,-572,851,1,-6,-11,
4743157,3456642,1411185,4488190,3413906,1249917,-26,-154,1304,-647,84,799,-44,-5,-40,-78,-26,1315,-369,-572,851,-4,-1,-12,
4743157,3456642,1411185,4488190,3413906,1249917,-23,-145,1381,-646,87,788,-45,6,-45,-98,-32,1350,-367,-570,857,6,-3,-19,
4743926,3456642,1411185,4488190,3413906,1249917,-6,-156,1298,-646,83,806,-44,5,-40,-64,-18,1309,-367,-570,857,11,3,-17,
4743926,3458342,1411185,4488190,3413906,1249917,-39,-141,1345,-646,83,806,-43,-1,-34,-57,-21,1340,-369,-564,844,8,4,-18,
4743926,3458342,1562919,4488190,3413906,1249917,-24,-135,1339,-648,83,795,-46,-3,-33,-68,-14,1319,-369,-564,844,4,-3,-20,
4743926,3458342,1562919,4480983,3413906,1249917,-37,-165,1321,-648,83,795,-47,-3,-35,-64,-20,1292,-369,-564,860,7,-1,-17,
4743926,3458342,1562919,4480983,3423231,1249917,-20,-163,1298,-648,87,794,-51,-2,-36,-77,-19,1344,-364,-567,864,11,1,-12,
4743926,3458342,1562919,4480983,3423231,1286636,-14,-145,1341,-648,85,798,-51,-1,-37,-64,-16,1307,-364,-567,864,0,5,-15,
4743926,3458342,1562919,4480983,3423231,1286636,-28,-145,1286,-648,85,798,-44,4,-37,-58,-19,1318,-367,-571,846,-6,5,-16,
4743926,3458342,1562919,4480983,3423231,1286636,-9,-148,1343,-645,82,801,-42,3,-35,-69,-35,1325,-367,-571,846,-3,6,-17,
4741287,3458342,1562919,4480983,3423231,1286636,-30,-143,1318,-645,82,801,-48,6,-37,-68,-18,1310,-369,-567,853,2,2,-15,
4741287,3482230,1562919,4480983,3423231,1286636,-5,-161,1337,-650,86,798,-48,4,-38,-79,-32,1335,-369,-567,853,5,7,-13,
4741287,3482230,1977201,4480983,3423231,1286636,-47,-148,1299,-650,86,798,-52,3,-39,-66,-24,1300,-368,-557,857,3,-1,-19,
4741287,3482230,1977201,4467451,3423231,1286636,-15,-143,1351,-650,86,797,-49,6,-39,-67,-28,1324,-367,-569,838,6,7,-11,
4741287,3482230,1977201,4467451,3492231,1286636,-26,-161,1251,-648,82,803,-48,1,-38,-69,-23,1318,-367,-569,838,7,9,-11,
4741287,3482230,1977201,4467451,3492231,1310838,-47,-149,1359,-648,82,803,-50,-6,-37,-80,-25,1331,-367,-569,860,3,5,-17,
4741287,3482230,1977201,4467451,3492231,1310838,-29,-147,1337,-645,80,802,-56,-3,-40,-75,-27,1318,-367,-569,860,2,3,-18,
4741287,3482230,1977201,4467451,3492231,1310838,-23,-152,1337,-645,80,802,-54,4,-37,-75,-31,1318,-366,-568,855,2,-6,-19,
4744553,3482230,1977201,4467451,3492231,1310838,-15,-159,1318,-653,89,798,-51,-3,-32,-59,-21,1294,-366,-568,855,3,5,-18,
4744553,3498538,1977201,4467451,3492231,1310838,-9,-168,1324,-646,88,799,-50,-6,-35,-55,-26,1323,-366,-559,860,11,6,-13,
4744553,3498538,2085636,4467451,3492231,1310838,-11,-152,1338,-646,88,799,-55,3,-40,-66,-27,1282,-366,-561,864,7,2,-14,
4744553,3498538,2085636,4455382,3492231,1310838,-16,-166,1303,-646,82,800,-43,2,-42,-78,-37,1307,-366,-561,864,4,3,-14,
4744553,3498538,2085636,4455382,3513502,1310838,-42,-150,1350,-646,82,800,-47,-3,-37,-80,-28,1330,-362,-571,848,2,-6,-15,
4744553,3498538,2085636,4455382,3513502,1282985,-23,-168,1310,-647,84,803,-50,-2,-42,-51,-9,1311,-362,-571,848,1,-1,-12,
4744553,3498538,2085636,4455382,3513502,1282985,-23,-157,1341,-647,84,803,-44,4,-40,-52,-16,1288,-365,-568,844,-4,-2,-16,
4744553,3498538,2085636,4455382,3513502,1282985,-6,-150,1333,-648,93,802,-46,-2,-42,-72,-21,1304,-365,-568,844,2,-6,-16,
4748831,3498538,2085636,4455382,3513502,1282985,-26,-161,1289,-647,80,800,-46,-4,-40,-88,-17,1361,-370,-567,850,3,-6,-16,
4748831,3502695,2085636,4455382,3513502,1282985,0,-153,1344,-647,80,800,-46,3,-44,-54,-27,1314,-370,-567,850,4,1,-11,
4748831,3502695,2087219,4455382,3513502,1282985,-11,-154,1327,-646,83,792,-47,-3,-37,-91,-26,1337,-369,-566,849,4,-1,-14,
4748831,3502695,2087219,4457219,3513502,1282985,-25,-157,1314,-646,83,792,-44,-7,-40,-67,-25,1323,-369,-569,848,13,3,-14,
4748831,3502695,2087219,4457219,3514857,1282985,-9,-160,1372,-649,82,807,-49,-2,-40,-89,-38,1343,-369,-569,848,7,-8,-14,
4748831,3502695,2087219,4457219,3514857,1265659,-30,-155,1310,-649,88,805,-49,4,-40,-64,-15,1289,-366,-565,858,8,-2,-18,
4748831,3502695,2087219,4457219,3514857,1265659,-27,-151,1286,-649,88,805,-54,0,-29,-72,-18,1345,-366,-565,858,9,2,-16,
4748831,3502695,2087219,4457219,3514857,1265659,-33,-144,1334,-648,84,807,-46,1,-43,-56,-28,1288,-369,-562,853,6,10,-12,
4749017,3502695,2087219,4457219,3514857,1265659,-31,-153,1306,-648,84,807,-48,2,-44,-66,-14,1319,-369,-562,853,5,7,-8,
4749017,3564480,2087219,4457219,3514857,1265659,-15,-159,1330,-648,84,802,-49,2,-39,-75,-15,1348,-367,-561,849,-4,4,-10,
4749017,3564480,2116355,4457219,3514857,1265659,-30,-153,1350,-648,84,802,-45,0,-38,-73,-16,1308,-367,-565,842,7,7,-13,
4749017,3564480,2116355,4450529,3514857,1265659,-13,-162,1319,-653,86,794,-48,-2,-31,-66,-18,1330,-367,-565,842,13,9,-8,
4749017,3564480,2116355,4450529,3513616,1265659,-47,-143,1319,-649,84,799,-45,1,-35,-60,-24,1294,-363,-567,845,8,11,-12,
4749017,3564480,2116355,4450529,3513616,1236128,-5,-168,1300,-649,84,799,-47,1,-34,-87,-18,1305,-363,-567,845,14,4,-16,
4749017,3564480,2116355,4450529,3513616,1236128,-6,-145,1348,-649,83,809,-39,4,-38,-62,-27,1343,-365,-565,853,9,0,-13,
4749017,3564480,2116355,4450529,3513616,1236128,-23,-162,1342,-649,83,809,-39,0,-33,-65,-29,1317,-365,-565,853,10,-4,-11,
4750888,3564480,2116355,4450529,3513616,1236128,-27,-158,1356,-647,88,792,-41,0,-34,-72,-19,1333,-368,-563,854,5,-6,-9,
4750888,3567085,2116355,4450529,3513616,1236128,-23,-165,1290,-648,84,803,-46,-1,-37,-65,-19,1333,-368,-563,854,5,-4,-18,
4750888,3567085,2123855,4450529,3513616,1236128,-18,-158,1326,-648,84,803,-50,-3,-44,-94,-42,1352,-366,-565,852,0,-7,-11,
4750888,3567085,2123855,4456008,3513616,1236128,-35,-169,1291,-647,81,802,-46,-3,-34,-63,-14,1305,-366,-565,848,15,-4,-13,
4750888,3567085,2123855,4456008,3514177,1236128,-34,-146,1322,-647,81,802,-45,3,-41,-87,-12,1310,-366,-565,848,12,0,-17,
4750888,3567085,2123855,4456008,3514177,1231372,-3,-156,1363,-649,85,793,-51,-5,-46,-79,-1,1284,-366,-567,853,8,-3,-17,
4750888,3567085,2123855,4456008,3514177,1231372,-39,-155,1295,-649,85,793,-51,-5,-44,-86,-17,1319,-366,-567,853,5,-4,-17,
4750888,3567085,2123855,4456008,3514177,1231372,-18,-165,1333,-648,88,801,-45,-4,-37,-96,-44,1355,-367,-563,847,12,-7,-7,
4755159,3567085,2123855,4456008,3514177,1231372,-13,-142,1309,-648,78,808,-41,-6,-44,-55,-16,1288,-367,-563,847,9,1,-14,
4755159,3569118,2123855,4456008,3514177,1231372,-30,-161,1325,-648,78,808,-50,-4,-40,-75,-31,1319,-369,-562,855,1,1,-12,
4755159,3569118,2111036,4456008,3514177,1231372,-22,-161,1347,-649,82,795,-46,-2,-41,-77,-20,1321,-367,-568,849,2,5,-20,
4755159,3569118,2111036,4461745,3514177,1231372,-11,-161,1331,-649,82,795,-51,0,-41,-73,-9,1317,-367,-568,849,6,2,-12,
4755159,3569118,2111036,4461745,3516795,1231372,-41,-147,1333,-649,85,803,-39,1,-37,-91,-30,1348,-366,-569,859,1,12,-5,
4755159,3569118,2111036,4461745,3516795,1188469,-26,-159,1319,-650,83,803,-39,0,-37,-94,-28,1353,-366,-569,859,3,6,-13,
4755159,3569118,2111036,4461745,3516795,1188469,-35,-171,1304,-650,83,803,-40,7,-34,-71,-24,1327,-369,-568,853,0,-3,-16,
4755159,3569118,2111036,4461745,3516795,1188469,-37,-167,1324,-652,80,804,-46,3,-28,-69,-14,1317,-369,-568,853,6,-2,-15,
4755434,3569118,2111036,4461745,3516795,1188469,-38,-164,1324,-652,80,804,-46,-1,-32,-54,-15,1313,-368,-568,851,7,1,-18,
4755434,3558186,2111036,4461745,3516795,1188469,-15,-163,1306,-648,83,799,-41,2,-41,-55,-23,1289,-368,-568,857,2,3,-16,
4755434,3558186,2106059,4461745,3516795,1188469,-17,-154,1365,-648,83,799,-43,-3,-31,-66,-34,1338,-365,-563,857,12,10,-11,
4755434,3558186,2106059,4461953,3516795,1188469,-29,-164,1308,-647,90,805,-52,2,-39,-81,-27,1328,-362,-568,852,9,10,-11,
4755434,3558186,2106059,4461953,3518747,1188469,-30,-160,1297,-648,81,797,-46,-2,-38,-73,-29,1332,-362,-568,852,10,7,-15,
4755434,3558186,2106059,4461953,3518747,1200093,-17,-153,1311,-648,81,797,-41,-8,-38,-71,-17,1318,-366,-569,847,4,1,-17,
4755434,3558186,2106059,4461953,3518747,1200093,-10,-159,1336,-650,86,795,-37,5,-43,-49,-30,1284,-366,-569,847,3,10,-11,
4755434,3558186,2106059,4461953,3518747,1200093,-38,-146,1286,-650,86,795,-43,-3,-38,-94,-28,1351,-367,-569,862,5,6,-15,
4757583,3558186,2106059,4461953,3518747,1200093,-25,-164,1295,-652,83,801,-48,-1,-36,-75,-22,1316,-367,-569,862,9,2,-15,
4757583,3515886,2106059,4461953,3518747,1200093,-25,-138,1341,-649,84,805,-54,-5,-38,-80,-29,1331,-367,-559,842,-3,-2,-14,
4757583,3515886,2062319,4461953,3518747,1200093,-30,-158,1323,-649,84,805,-45,-7,-42,-58,-15,1296,-368,-566,849,-2,-9,-14,
4757583,3515886,2062319,4467055,3518747,1200093,-19,-159,1285,-646,82,802,-50,-5,-39,-76,-34,1337,-368,-566,849,7,-7,-15,
4757583,3515886,2062319,4467055,3520543,1200093,-12,-158,1352,-646,82,802,-45,-1,-41,-77,-25,1304,-367,-568,859,3,2,-18,
4757583,3515886,2062319,4467055,3520543,1192901,-16,-157,1335,-647,87,803,-47,-5,-36,-66,-24,1297,-367,-568,859,3,2,-23,
4757583,3515886,2062319,4467055,3520543,1192901,-15,-162,1292,-647,87,803,-47,-9,-37,-70,-23,1282,-366,-563,853,2,-1,-17,
4757583,3515886,2062319,4467055,3520543,1192901,-21,-167,1310,-646,85,803,-49,-3,-37,-66,-25,1303,-366,-563,853,7,2,-13,
4762613,3515886,2062319,4467055,3520543,1192901,-54,-162,1288,-648,78,797,-49,1,-38,-68,-20,1295,-369,-559,856,10,-1,-17,
4762613,3511262,2062319,4467055,3520543,1192901,-4,-159,1322,-648,78,797,-47,0,-38,-80,-28,1312,-367,-565,859,1,-1,-13,
4762613,3511262,1999293,4467055,3520543,1192901,-58,-149,1306,-648,79,796,-55,-6,-39,-80,-33,1343,-367,-565,859,9,-3,-14,
4762613,3511262,1999293,4470970,3520543,1192901,10,-168,1349,-648,79,796,-55,-4,-38,-63,-21,1299,-366,-567,852,0,1,-17,
4762613,3511262,1999293,4470970,3517545,1192901,-37,-156,1323,-652,85,804,-51,2,-39,-63,-18,1301,-366,-567,852,8,4,-10,
4762613,3511262,1999293,4470970,3517545,1193545,-13,-168,1312,-652,82,803,-47,-2,-39,-69,-27,1310,-367,-568,857,2,2,-14,
4762613,3511262,1999293,4470970,3517545,1193545,-23,-138,1331,-652,82,803,-43,-6,-35,-65,-16,1298,-367,-568,857,8,0,-15,
4762613,3511262,1999293,4470970,3517545,1193545,-35,-154,1338,-647,85,792,-45,-6,-39,-71,-17,1312,-363,-564,847,9,-1,-10,
4769640,3511262,1999293,4470970,3517545,1193545,-20,-156,1334,-647,85,792,-46,-6,-36,-74,-13,1319,-363,-564,847,7,1,-20,
4769640,3501764,1999293,4470970,3517545,1193545,-9,-156,1314,-650,90,805,-46,-7,-41,-57,-15,1301,-367,-565,838,13,2,-17,
4769640,3501764,1849343,4470970,3517545,1193545,-28,-160,1312,-650,83,799,-49,-5,-39,-74,-27,1319,-369,-567,845,3,-3,-15,
4769640,3501764,1849343,4482567,3517545,1193545,-11,-163,1331,-649,83,799,-43,-2,-43,-67,-26,1315,-369,-567,845,3,-9,-18,
4769640,3501764,1849343,4482567,3480790,1193545,-15,-155,1341,-651,84,797,-45,-4,-37,-61,-21,1305,-366,-569,864,18,0,-17,
4769640,3501764,1849343,4482567,3480790,1126898,-24,-159,1320,-651,84,797,-45,-3,-41,-83,-30,1341,-366,-569,864,9,-1,-11,
4769640,3501764,1849343,4482567,3480790,1126898,-5,-156,1348,-646,80,797,-53,-4,-47,-83,-23,1333,-367,-567,849,5,9,-16,
4769640,3501764,1849343,4482567,3480790,1126898,-29,-145,1337,-646,80,797,-53,2,-34,-69,-20,1304,-367,-567,849,7,7,-15,
4777209,3501764,1849343,4482567,3480790,1126898,-15,-163,1316,-650,87,799,-50,3,-36,-54,-17,1298,-368,-562,854,3,2,-15,
4777209,3493369,1849343,4482567,3480790,1126898,-27,-161,1320,-648,79,807,-54,-1,-35,-58,-17,1309,-368,-565,862,5,-11,-16,
4777209,3493369,1629709,4482567,3480790,1126898,-24,-160,1313,-648,79,807,-50,4,-37,-71,-24,1333,-368,-565,862,7,-3,-22,
4777209,3493369,1629709,4490866,3480790,1126898,-26,-157,1315,-652,83,799,-48,-1,-38,-64,-27,1320,-368,-569,866,12,5,-21,
4777209,3493369,1629709,4490866,3454021,1126898,-14,-149,1374,-652,83,799,-49,-6,-40,-77,-26,1313,-368,-569,866,15,-2,-18,
4777209,3493369,1629709,4490866,3454021,1086982,-36,-154,1319,-652,88,800,-46,-2,-43,-72,-32,1324,-369,-568,859,5,7,-22,
4777209,3493369,1629709,4490866,3454021,1086982,-29,-161,1320,-653,82,800,-49,-7,-41,-64,-19,1290,-369,-568,859,1,-1,-27,
4777209,3493369,1629709,4490866,3454021,1086982,-7,-156,1309,-653,82,800,-50,-4,-43,-79,-28,1335,-368,-566,848,0,-3,-24,
4783421,3493369,1629709,4490866,3454021,1086982,-17,-157,1317,-651,80,799,-50,-7,-43,-76,-16,1307,-368,-566,853,1,-6,-22,
4783421,3479056,1629709,4490866,3454021,1086982,-21,-166,1319,-651,80,799,-48,-5,-44,-63,-15,1320,-371,-565,853,6,-2,-16,
4783421,3479056,1807247,4490866,3454021,1086982,-18,-156,1344,-649,86,804,-50,-1,-40,-85,-23,1344,-367,-569,846,2,-5,-14,
4783421,3479056,1807247,4495105,3454021,1086982,-3,-166,1295,-649,86,804,-46,0,-34,-76,-14,1313,-367,-569,846,0,-1,-17,
4783421,3479056,1807247,4495105,3396069,1086982,-14,-176,1300,-649,89,801,-46,1,-40,-62,-17,1289,-368,-569,854,7,-11,-18,
4783421,3479056,1807247,4495105,3396069,1132165,-20,-163,1324,-647,80,804,-50,2,-39,-73,-32,1312,-368,-569,854,2,0,-16,
4783421,3479056,1807247,4495105,3396069,1132165,-22,-158,1338,-647,80,804,-47,0,-42,-65,-18,1307,-366,-563,860,7,7,-14,
4783421,3479056,1807247,4495105,3396069,1132165,-14,-158,1319,-646,82,807,-45,3,-39,-87,-20,1335,-366,-563,860,5,3,-21,
4786957,3479056,1807247,4495105,3396069,1132165,-12,-162,1329,-646,82,807,-44,5,-35,-72,-22,1318,-369,-563,853,7,-2,-16,
4786957,3500105,1807247,4495105,3396069,1132165,-21,-142,1321,-649,90,789,-45,7,-33,-65,-16,1333,-368,-567,848,7,6,-14,
4786957,3500105,1843526,4495105,3396069,1132165,-31,-151,1315,-648,81,792,-44,3,-34,-66,-22,1300,-368,-567,848,7,0,-18,
4786957,3500105,1843526,4492886,3396069,1132165,-24,-156,1374,-648,81,792,-46,3,-35,-73,-22,1308,-367,-567,840,0,6,-17,
4786957,3500105,1843526,4492886,3390173,1132165,-15,-169,1334,-647,80,800,-43,-3,-40,-77,-32,1337,-367,-567,840,-6,7,-12,
4786957,3500105,1843526,4492886,3390173,1130020,-18,-163,1299,-647,80,800,-48,-2,-36,-55,-16,1282,-367,-572,854,5,1,-5,
4786957,3500105,1843526,4492886,3390173,1130020,-25,-148,1359,-647,84,787,-43,2,-35,-79,-29,1336,-367,-572,854,10,8,-16,
4786957,3500105,1843526,4492886,3390173,1130020,-23,-153,1304,-647,84,787,-48,0,-37,-84,-23,1334,-369,-555,848,11,12,-19,
4785396,3500105,1843526,4492886,3390173,1130020,-27,-146,1321,-651,87,804,-45,2,-35,-71,-31,1327,-369,-567,833,11,12,-7,
4785396,3558278,1843526,4492886,3390173,1130020,-32,-157,1325,-648,84,803,-45,0,-35,-66,-5,1284,-367,-567,833,12,10,-8,
4785396,3558278,1885570,4492886,3390173,1130020,-30,-154,1345,-648,84,803,-44,3,-38,-64,-23,1318,-367,-570,866,12,3,-9,
