0,0,0,0,0,0,-154,50,1341,-38,-718,642,-1,7,-4,-125,-94,1309,105,-587,709,-10,27,-21,
5114211,0,0,0,0,0,-162,49,1336,-38,-718,642,1,3,-11,-108,-87,1262,104,-589,696,-14,21,-19,
5114211,4459095,0,0,0,0,-147,62,1312,-37,-715,640,2,5,-15,-125,-96,1300,104,-589,696,-9,18,-22,
5114211,4459095,5009323,0,0,0,-157,56,1345,-37,-715,640,-6,11,-16,-121,-95,1302,105,-580,695,-5,13,-27,
5114211,4459095,5009323,5152605,0,0,-154,65,1331,-37,-726,648,-14,-3,-16,-128,-97,1316,105,-580,695,-2,19,-22,
5114211,4459095,5009323,5152605,4074990,0,-146,56,1331,-33,-719,643,-15,2,-15,-104,-91,1290,100,-587,696,-7,20,-19,
5114211,4459095,5009323,5152605,4074990,4052595,-157,57,1350,-33,-719,643,-17,1,-22,-130,-93,1323,105,-591,691,-18,13,-17,
5114211,4459095,5009323,5152605,4074990,4052595,-163,60,1347,-36,-722,652,-27,-5,-24,-121,-93,1301,105,-591,691,-11,12,-15,
5114211,4459095,5009323,5152605,4074990,4052595,-145,58,1337,-36,-722,652,-30,-14,-10,-123,-105,1305,102,-588,702,-11,18,-20,
5187750,4459095,5009323,5152605,4074990,4052595,-147,56,1319,-36,-722,649,-41,-9,-9,-112,-104,1302,102,-588,702,-6,8,-23,
5187750,166536,5009323,5152605,4074990,4052595,-170,57,1351,-36,-722,649,-50,-13,-10,-119,-87,1293,99,-585,697,-7,6,-29,
5187750,166536,4971401,5152605,4074990,4052595,-155,63,1335,-41,-717,656,-71,-32,-3,-130,-87,1329,103,-587,701,-14,14,-21,
5187750,166536,4971401,5154200,4074990,4052595,-149,50,1332,-41,-717,656,-101,-50,-5,-117,-98,1309,103,-587,701,-12,25,-16,
5187750,166536,4971401,5154200,1878492,4052595,-143,45,1334,-41,-710,650,-120,-58,-10,-117,-100,1304,102,-589,702,-11,17,-18,
5187750,166536,4971401,5154200,1878492,3665601,-152,45,1328,-42,-714,651,-118,-54,-3,-118,-100,1298,102,-589,702,-20,20,-26,
5187750,166536,4971401,5154200,1878492,3665601,-135,39,1330,-42,-714,651,-96,-51,-3,-117,-98,1317,101,-591,695,-11,16,-25,
5187750,166536,4971401,5154200,1878492,3665601,-145,34,1346,-43,-709,660,-81,-45,-2,-112,-108,1304,101,-591,695,-2,20,-18,
5207990,166536,4971401,5154200,1878492,3665601,-147,22,1344,-43,-709,660,-65,-43,-4,-125,-96,1301,103,-584,696,1,20,-16,
5207990,166571,4971401,5154200,1878492,3665601,-140,30,1356,-43,-708,669,-45,-33,-7,-132,-103,1295,99,-591,696,3,27,-19,
5207990,166571,4926897,5154200,1878492,3665601,-162,37,1355,-43,-708,669,-34,-28,1,-125,-100,1306,99,-591,696,10,25,-12,
5207990,166571,4926897,5169040,1878492,3665601,-148,38,1341,-40,-702,657,-40,-27,2,-115,-93,1312,99,-591,702,17,23,-19,
5207990,166571,4926897,5169040,165087,3665601,-146,22,1348,-40,-705,660,-39,-28,0,-111,-97,1312,99,-591,702,31,28,-17,
5207990,166571,4926897,5169040,165087,3391958,-142,33,1337,-40,-705,660,-22,-26,-2,-118,-83,1304,99,-588,692,30,23,-11,
5207990,166571,4926897,5169040,165087,3391958,-153,24,1321,-42,-708,661,-13,-17,-13,-115,-98,1307,99,-588,692,27,21,-11,
5207990,166571,4926897,5169040,165087,3391958,-134,34,1312,-42,-708,661,-17,-12,-13,-104,-80,1315,101,-587,689,28,24,-12,
5208247,166571,4926897,5169040,165087,3391958,-149,37,1338,-42,-706,663,-17,-14,-12,-121,-98,1308,102,-591,704,38,25,-11,
5208247,166515,4926897,5169040,165087,3391958,-148,28,1346,-42,-706,663,-22,-18,-6,-130,-78,1312,102,-591,704,48,21,-6,
5208247,166515,4882076,5169040,165087,3391958,-148,31,1365,-43,-701,663,-16,-22,-3,-108,-93,1306,101,-598,696,54,24,-9,
5208247,166515,4882076,5188058,165087,3391958,-135,21,1347,-43,-704,650,-11,-13,0,-114,-69,1316,101,-598,696,44,29,-3,
5208247,166515,4882076,5188058,164874,3391958,-153,23,1374,-43,-704,650,-3,-8,-8,-109,-92,1307,99,-595,691,36,39,-1,
5208247,166515,4882076,5188058,164874,4049759,-148,22,1346,-46,-709,661,-1,-2,-7,-111,-88,1308,99,-595,691,37,66,2,
5208247,166515,4882076,5188058,164874,4049759,-134,40,1348,-46,-709,661,1,-3,-3,-131,-77,1320,101,-593,714,21,84,4,
5208247,166515,4882076,5188058,164874,4049759,-131,21,1350,-45,-712,677,-6,-13,-5,-124,-84,1311,99,-594,703,6,84,10,
4994130,166515,4882076,5188058,164874,4049759,-139,8,1373,-45,-712,677,-9,-25,4,-120,-75,1307,99,-594,703,-1,98,16,
4994130,166379,4882076,5188058,164874,4049759,-122,15,1364,-48,-699,662,-15,-54,7,-136,-85,1309,104,-598,697,-6,103,14,
4994130,166379,4597230,5188058,164874,4049759,-106,18,1361,-48,-703,658,-29,-79,18,-124,-84,1314,104,-598,697,-12,94,16,
4994130,166379,4597230,5226566,164874,4049759,-112,17,1375,-51,-703,658,-32,-94,26,-119,-86,1304,103,-582,704,-15,88,15,
4994130,166379,4597230,5226566,947013,4049759,-47,-7,1394,-52,-702,657,-71,-73,57,-129,-89,1303,107,-596,700,-7,73,23,
4994130,166379,4597230,5226566,947013,4859235,85,-751,2612,-52,-702,657,-270,102,239,-128,-85,1323,107,-596,700,7,70,32,
4994130,166379,4597230,5226566,947013,4859235,215,-331,2629,-48,-698,680,-392,654,680,-134,-89,1320,105,-597,702,19,66,36,
4994130,166379,4597230,5226566,947013,4859235,539,-123,1682,-48,-698,680,-524,1252,1010,-128,-84,1317,105,-597,702,26,54,29,
2201875,166379,4597230,5226566,947013,4859235,781,-45,1516,-43,-683,679,-672,1484,1212,-132,-83,1332,102,-594,697,7,63,31,
2201875,166205,4597230,5226566,947013,4859235,902,1,1623,-43,-683,679,-665,1501,1316,-123,-81,1320,102,-594,697,-8,54,29,
2201875,166205,2336991,5226566,947013,4859235,1084,398,1440,-30,-674,698,-553,1522,1302,-127,-79,1311,105,-592,688,-27,56,23,
2201875,166205,2336991,5248332,947013,4859235,1379,577,1250,-18,-688,687,2,1392,631,-140,-88,1312,106,-597,696,-30,55,15,
2201875,166205,2336991,5248332,3698879,4859235,1449,206,1156,-18,-688,687,1361,708,261,-130,-74,1309,106,-597,696,-25,59,15,
2201875,166205,2336991,5248332,3698879,5009203,1472,-848,951,-3,-726,669,1336,376,121,-125,-78,1317,110,-601,692,-29,58,13,
2201875,166205,2336991,5248332,3698879,5009203,1433,-993,900,-3,-726,669,819,41,217,-134,-80,1318,110,-601,692,-35,60,9,
2201875,166205,2336991,5248332,3698879,5009203,1376,-822,942,4,-731,669,145,-271,434,-134,-88,1296,106,-592,694,-40,61,9,
1303019,166205,2336991,5248332,3698879,5009203,1297,-482,1000,4,-731,669,-376,-531,619,-137,-83,1307,106,-592,694,-46,65,5,
1303019,166301,2336991,5248332,3698879,5009203,1215,-153,1068,-3,-734,685,-616,-753,709,-128,-72,1321,105,-591,697,-55,65,0,
1303019,166301,1616345,5248332,3698879,5009203,1106,96,1170,-10,-735,707,-609,-946,685,-131,-94,1316,112,-592,696,-59,62,-6,
1303019,166301,1616345,5168196,3698879,5009203,1007,185,1235,-10,-735,707,-479,-1097,586,-142,-84,1308,112,-592,696,-60,65,-6,
1303019,166301,1616345,5168196,4747718,5009203,891,231,1327,-23,-737,720,-292,-1207,470,-125,-92,1308,110,-595,696,-82,65,-10,
1303019,166301,1616345,5168196,4747718,5047177,667,234,1467,-23,-737,720,-118,-1268,353,-132,-93,1309,110,-595,696,-85,64,-12,
1303019,166301,1616345,5168196,4747718,5047177,578,232,1528,-38,-737,739,58,-1279,252,-139,-90,1309,112,-583,701,-91,71,-14,
1303019,166301,1616345,5168196,4747718,5047177,476,214,1581,-38,-737,739,216,-1274,165,-123,-95,1313,112,-583,701,-81,72,-8,
179528,166301,1616345,5168196,4747718,5047177,391,174,1614,-49,-729,754,319,-1284,106,-130,-83,1296,109,-588,705,-75,75,-20,
179528,166205,1616345,5168196,4747718,5047177,285,99,1673,-49,-724,750,356,-1307,70,-120,-97,1313,113,-593,697,-71,72,-25,
179528,166205,927196,5168196,4747718,5047177,195,33,1725,-62,-724,750,288,-1370,112,-137,-90,1310,113,-593,697,-64,74,-30,
179528,166205,927196,4966495,4747718,5047177,107,10,1749,-74,-719,765,-73,-1531,169,-127,-98,1314,113,-592,695,-54,73,-28,
179528,166205,927196,4966495,5210584,5047177,10,20,1751,-74,-719,765,-260,-1624,223,-141,-93,1326,113,-592,695,-39,70,-32,
179528,166205,927196,4966495,5210584,5078439,-153,-14,1747,-95,-692,787,-476,-1705,268,-140,-96,1310,112,-580,700,-27,71,-38,
179528,166205,927196,4966495,5210584,5078439,-198,-32,1696,-95,-692,787,-735,-1800,300,-139,-100,1311,113,-586,698,-31,61,-52,
179528,166205,927196,4966495,5210584,5078439,-234,15,1701,-122,-656,813,-995,-1922,320,-134,-99,1306,113,-586,698,-26,35,-61,
165096,166205,927196,4966495,5210584,5078439,-261,69,1678,-122,-656,813,-1195,-2047,311,-133,-106,1329,111,-589,691,-23,16,-64,
165096,191817,927196,4966495,5210584,5078439,-302,169,1661,-168,-612,845,-1273,-2163,249,-121,-97,1316,111,-589,691,-28,0,-72,
165096,191817,917143,4966495,5210584,5078439,-365,318,1670,-222,-562,891,-1220,-2252,154,-116,-100,1322,111,-586,699,-24,-27,-75,
165096,191817,917143,4034085,5210584,5078439,-451,396,1643,-222,-562,891,-1025,-2285,36,-126,-103,1340,111,-586,699,-7,-56,-74,
165096,191817,917143,4034085,5291899,5078439,-766,282,1503,-286,-530,902,-804,-2248,-68,-129,-92,1357,110,-584,683,-34,-35,-72,
165096,191817,917143,4034085,5291899,5076099,-733,146,1463,-286,-530,902,-649,-2139,-146,-116,-101,1418,111,-585,696,-117,66,-64,
165096,191817,917143,4034085,5291899,5076099,-811,63,1393,-347,-497,912,-603,-1982,-159,-115,-103,1640,111,-585,696,-136,299,-47,
165096,191817,917143,4034085,5291899,5076099,-904,66,1333,-347,-497,912,-672,-1839,-104,-133,-127,1469,116,-587,692,-100,520,-44,
165076,191817,917143,4034085,5291899,5076099,-1071,181,1335,-400,-463,924,-767,-1718,0,-133,-120,1487,116,-587,692,-101,630,-36,
165076,166496,917143,4034085,5291899,5076099,-1235,328,1320,-447,-436,921,-793,-1540,226,-135,-144,1525,126,-583,700,-90,738,-9,
165076,166496,1801796,4034085,5291899,5076099,-1444,470,1288,-447,-436,921,-569,-951,341,-155,-121,1535,126,-583,700,-84,851,10,
165076,166496,1801796,2644659,5291899,5076099,-1670,580,1292,-473,-417,926,-346,-523,456,-173,-132,1555,142,-576,690,-88,983,22,
165076,166496,1801796,2644659,5302338,5076099,-1827,675,1260,-473,-417,926,-86,-131,580,-164,-136,1609,155,-582,694,-84,1130,39,
165076,166496,1801796,2644659,5302338,4914667,-1812,601,1294,-488,-398,932,184,205,680,-178,-128,1628,155,-582,694,-75,1286,55,
165076,166496,1801796,2644659,5302338,4914667,-2146,-687,4396,-488,-398,932,414,688,818,-207,-143,1674,176,-578,686,-74,1457,58,
165076,166496,1801796,2644659,5302338,4914667,-145,290,406,-468,-389,943,484,2057,1179,-218,-174,1744,176,-578,686,-58,1643,67,
4783910,166496,1801796,2644659,5302338,4914667,1335,-521,1155,-417,-397,964,840,2325,1395,-221,-151,1799,199,-574,664,-48,1836,90,
4783910,166666,1801796,2644659,5302338,4914667,884,-401,1459,-417,-397,964,1531,2248,1559,-232,-140,1785,199,-574,664,-56,2052,103,
4783910,166666,2698830,2644659,5302338,4914667,212,-337,1416,-375,-433,973,2138,2340,1533,-254,-134,1748,234,-581,659,-87,2279,107,
4783910,166666,2698830,2030677,5302338,4914667,14,-348,1521,-375,-433,973,2162,2365,1214,-277,-136,1729,271,-576,644,-120,2494,119,
4783910,166666,2698830,2030677,5228212,4914667,-79,-240,1550,-324,-462,986,1540,2188,588,-307,-160,1744,271,-576,644,-148,2716,146,
4783910,166666,2698830,2030677,5228212,4514817,44,-137,1522,-324,-462,986,766,2036,-86,-351,-114,1733,309,-567,619,-287,3149,153,
4783910,166666,2698830,2030677,5228212,4514817,108,31,1543,-267,-470,981,254,1938,-519,-403,-92,1738,309,-567,619,-413,3350,145,
4783910,166666,2698830,2030677,5228212,4514817,75,149,1491,-267,-470,981,38,1842,-580,-489,-147,1771,355,-553,598,-587,3492,127,
5210141,166666,2698830,2030677,5228212,4514817,62,129,1517,-217,-473,991,40,1737,-88,-545,-264,1798,408,-542,558,-789,3585,132,
5210141,166706,2698830,2030677,5228212,4514817,25,42,1466,-178,-471,1007,32,1612,122,-593,-201,1921,408,-542,558,-964,3678,174,
5210141,166706,4683041,2030677,5228212,4514817,-33,-37,1448,-178,-471,1007,-34,1569,92,-586,-217,2020,455,-534,529,-1105,3802,200,
5210141,166706,4683041,2169214,5228212,4514817,-39,-97,1406,-134,-470,1007,-9,1508,-24,-716,225,2431,455,-534,529,-1105,3966,200,
5210141,166706,4683041,2169214,4568632,4514817,-81,-85,1426,-134,-470,1007,131,1428,-97,-630,76,2471,501,-514,494,-940,4140,97,
5210141,166706,4683041,2169214,4568632,2142400,-103,-73,1415,-101,-473,1004,300,1313,-107,-622,-4,2598,501,-514,494,-951,4295,6,
5210141,166706,4683041,2169214,4568632,2142400,-160,-55,1451,-101,-473,1004,438,1111,-94,-470,293,2645,557,-495,435,-1027,4424,-45,
5210141,166706,4683041,2169214,4568632,2142400,-252,-72,1442,-77,-481,1005,497,700,-82,-337,545,2971,607,-478,369,-883,4594,-189,
5291728,166706,4683041,2169214,4568632,2142400,-196,-40,1400,-64,-498,993,495,396,-104,-27,734,2914,607,-478,369,-695,4791,-423,
5291728,166695,4683041,2169214,4568632,2142400,-127,-22,1368,-64,-498,993,489,320,-100,505,1079,1112,666,-450,299,-597,4929,-748,
5291728,166695,5160110,2169214,4568632,2142400,-170,-2,1356,-61,-511,996,467,276,-73,1151,1490,471,666,-450,299,-604,4915,-1135,
5291728,166695,5160110,1509305,4568632,2142400,-157,6,1365,-61,-511,996,427,232,-67,1699,1070,1482,711,-405,236,-380,3984,-1505,
5291728,166695,5160110,1509305,165121,2142400,-156,9,1360,-58,-515,982,399,209,-54,1658,161,1317,711,-405,236,334,1962,-1654,
5291728,166695,5160110,1509305,165121,163963,-183,68,1351,-58,-515,982,406,185,-30,1420,-400,1057,733,-372,224,432,83,-938,
5291728,166695,5160110,1509305,165121,163963,-171,80,1348,-58,-526,979,331,127,-12,1060,-411,988,729,-360,283,-978,-2430,-531,
5291728,166695,5160110,1509305,165121,163963,-189,42,1348,-51,-526,979,212,87,0,757,14,1107,729,-360,283,-1348,-2925,-330,
5279518,166695,5160110,1509305,165121,163963,-169,39,1345,-51,-526,979,144,85,-3,496,771,1115,719,-338,350,-1182,-3108,-372,
5279518,3621850,5160110,1509305,165121,163963,-161,63,1350,-49,-533,984,41,77,-6,476,797,1013,719,-338,350,-652,-3155,-553,
5279518,3621850,5221893,1509305,165121,163963,-171,56,1355,-49,-533,984,2,89,-16,514,744,972,708,-320,410,-58,-3224,-745,
5279518,3621850,5221893,1451777,165121,163963,-152,38,1346,-50,-533,976,-16,89,-9,575,547,948,708,-320,410,467,-3393,-879,
5279518,3621850,5221893,1451777,165092,163963,-168,36,1340,-50,-533,976,-28,87,-10,638,277,973,689,-298,480,792,-3684,-903,
5279518,3621850,5221893,1451777,165092,163821,-176,41,1345,-46,-531,982,-21,74,-7,608,81,1040,660,-291,558,866,-4045,-803,
5279518,3621850,5221893,1451777,165092,163821,-165,30,1348,-46,-531,982,-26,66,-7,524,-25,1229,660,-291,558,785,-4363,-614,
5279518,3621850,5221893,1451777,165092,163821,-163,25,1358,-45,-533,988,-23,64,-4,419,11,1281,615,-281,649,668,-4613,-388,
4983086,3621850,5221893,1451777,165092,163821,-151,51,1330,-41,-530,989,-29,58,-5,188,170,1431,615,-281,649,596,-4840,-176,
4983086,4999581,5221893,1451777,165092,163821,-169,40,1345,-41,-530,989,-32,61,-9,-107,380,1679,545,-277,748,643,-4920,-50,
4983086,4999581,5262404,1451777,165092,163821,-152,35,1343,-42,-532,990,-33,58,-12,-361,571,1804,289,-293,819,886,-4731,-64,
4983086,4999581,5262404,1362692,165092,163821,-165,29,1349,-42,-532,990,-27,64,-15,-441,593,1857,458,-293,819,1332,-4367,-210,
4983086,4999581,5262404,1362692,165075,163821,-164,31,1338,-41,-528,990,-1,72,-9,-465,389,1914,371,-331,877,1821,-4031,-401,
4983086,4999581,5262404,1362692,165075,163901,-171,34,1332,-41,-528,990,22,70,-6,-440,-126,2146,371,-331,877,2131,-3786,-523,
4983086,4999581,5262404,1362692,165075,163901,-174,35,1339,-38,-524,985,33,59,-6,-365,-169,2296,283,-370,913,2209,-3640,-497,
4983086,4999581,5262404,1362692,165075,163901,-172,35,1328,-36,-535,987,67,61,1,-340,-111,2406,283,-370,913,2166,-3721,-78,
4169413,4999581,5262404,1362692,165075,163901,-162,30,1330,-36,-535,987,94,55,5,-473,-120,2475,189,-389,939,2173,-3916,186,
4169413,5232963,5262404,1362692,165075,163901,-176,46,1341,-33,-534,984,98,54,3,-742,-126,2586,85,-414,976,2067,-3979,412,
4169413,5232963,5258471,1362692,165075,163901,-167,43,1340,-33,-534,984,102,50,1,-856,-15,2615,85,-414,976,1938,-3905,583,
4169413,5232963,5258471,1694365,165075,163901,-167,42,1353,-34,-530,984,107,44,13,-774,130,2666,-28,-435,981,1936,-3929,714,
4169413,5232963,5258471,1694365,165059,163901,-171,40,1354,-34,-530,984,116,41,21,-675,221,2686,-28,-435,981,2032,-4048,896,
4169413,5232963,5258471,1694365,165059,334350,-163,54,1347,-32,-531,985,113,41,25,-707,249,2730,-161,-455,993,2134,-4174,1126,
4169413,5232963,5258471,1694365,165059,334350,-163,47,1347,-33,-544,984,99,35,19,-760,331,2767,-161,-455,993,2237,-4249,1384,
4169413,5232963,5258471,1694365,165059,334350,-170,32,1339,-33,-544,984,85,35,23,-896,355,2772,-295,-495,985,2392,-4273,1582,
1613087,5232963,5258471,1694365,165059,334350,-172,12,1327,-34,-544,980,48,27,54,-1059,247,2653,-407,-560,951,2610,-4171,1737,
1613087,5257535,5258471,1694365,165059,334350,-171,34,1357,-34,-544,980,25,37,70,-1224,-3,2704,-407,-560,951,3015,-3857,1862,
1613087,5257535,5296695,1694365,165059,334350,-163,65,1362,-35,-545,971,21,47,67,-1757,-756,2428,-513,-638,910,3187,-3470,1983,
1613087,5257535,5296695,1665907,165059,334350,-161,67,1400,-35,-545,971,11,52,67,-2132,-739,2194,-513,-638,910,2822,-3123,2069,
1613087,5257535,5296695,1665907,165181,334350,-159,51,1406,-34,-545,976,7,78,63,-2545,-442,2030,-613,-689,869,2135,-2737,2034,
1613087,5257535,5296695,1665907,165181,851420,-153,64,1517,-34,-545,981,9,125,59,-2906,-144,1851,-613,-689,869,1608,-2248,1749,
1613087,5257535,5296695,1665907,165181,851420,-155,82,1470,-30,-545,981,-14,502,19,-3223,-154,1670,-668,-722,803,1513,-1665,1173,
1613087,5257535,5296695,1665907,165181,851420,-174,72,1550,-17,-548,978,-60,457,7,-3330,-641,1614,-689,-774,786,1675,-1009,-107,
165165,5257535,5296695,1665907,165181,851420,-162,65,1582,-17,-548,978,-79,596,1,-3209,-1248,1530,-689,-774,786,1092,494,-411,
165165,5289829,5296695,1665907,165181,851420,-173,47,1723,-1,-550,974,-85,797,-8,-2604,-1375,1582,-672,-805,779,206,1162,-532,
165165,5289829,5322286,1665907,165181,851420,-204,30,1848,-1,-550,974,-81,1002,-5,-2330,-919,1643,-672,-805,779,-672,1669,-611,
165165,5289829,5322286,1171172,165181,851420,-210,38,1870,24,-549,970,-77,1268,-1,-1421,-238,3669,-641,-793,832,-1342,2238,-716,
165165,5289829,5322286,1171172,164987,851420,-214,39,1891,24,-549,970,-74,1546,7,654,320,3219,-641,-762,905,-1705,3771,-889,
165165,5289829,5322286,1171172,164987,733199,-222,48,1918,58,-554,957,-95,1820,13,2853,672,388,-563,-762,905,-2244,3383,-941,
165165,5289829,5322286,1171172,164987,733199,-231,61,1997,104,-565,963,-147,2110,7,752,198,1391,-472,-698,985,-3285,3235,-1024,
165165,5289829,5322286,1171172,164987,733199,-251,49,2053,104,-565,963,-171,2445,4,-137,275,1905,-472,-698,985,-3905,3411,-1002,
164713,5289829,5322286,1171172,164987,733199,-303,-122,1940,166,-569,947,-161,2770,37,-90,92,1897,-385,-612,1060,-3489,3283,-529,
164713,5180564,5322286,1171172,164987,733199,-349,-153,1920,166,-569,947,-164,3087,104,-34,38,1735,-385,-612,1060,-2453,3001,45,
164713,5180564,5119382,1171172,164987,733199,-400,-164,1990,238,-578,923,-219,3403,181,120,-118,1685,-315,-554,1090,-1557,2851,421,
164713,5180564,5119382,5192688,164987,733199,-433,-223,2003,238,-578,923,-273,3721,255,108,-214,1563,-248,-538,1114,-1028,2791,480,
164713,5180564,5119382,5192688,164849,733199,-527,-244,2045,313,-580,907,-248,4017,335,52,-228,1466,-248,-538,1114,-707,2733,248,
164713,5180564,5119382,5192688,164849,2491709,-634,-473,2178,389,-593,850,-212,4496,545,16,-142,1541,-179,-525,1125,-429,2693,-29,
164713,5180564,5119382,5192688,164849,2491709,-698,-398,2370,389,-593,850,-562,4543,673,-134,53,1515,-179,-525,1125,-334,2572,-96,
164713,5180564,5119382,5192688,164849,2491709,-709,13,2793,471,-600,804,-622,4638,721,-155,-8,1518,-119,-504,1135,-437,2448,109,
165025,5180564,5119382,5192688,164849,2491709,-554,131,2800,471,-600,804,-520,4748,701,-205,-70,1580,-119,-504,1135,-555,2139,365,
165025,3564096,5119382,5192688,164849,2491709,-411,309,3011,539,-612,744,-518,4901,692,-275,2,1463,-79,-481,1143,-655,901,264,
165025,3564096,4017577,5192688,164849,2491709,-355,-23,3180,539,-612,744,-276,4938,687,-123,-56,1349,-62,-472,1144,-593,670,201,
165025,3564096,4017577,5234746,164849,2491709,-27,-549,2919,600,-620,687,-52,4823,783,-134,-104,1354,-62,-472,1144,-483,531,121,
165025,3564096,4017577,5234746,167182,2491709,730,-975,2258,600,-645,608,-45,4575,1035,-146,-89,1348,-49,-460,1153,-360,421,87,
165025,3564096,4017577,5234746,167182,4880913,2483,-1639,265,642,-645,608,-246,4065,1632,-152,-114,1334,-49,-460,1153,-222,245,32,
165025,3564096,4017577,5234746,167182,4880913,1903,-1303,148,632,-680,593,-611,2569,2354,-148,-81,1325,-49,-451,1146,-117,150,9,
165025,3564096,4017577,5234746,167182,4880913,1875,-665,1445,632,-680,593,-1025,529,2648,-153,-83,1324,-49,-451,1146,-106,118,0,
165078,3564096,4017577,5234746,167182,4880913,1324,477,1063,573,-715,629,-940,-755,2749,-145,-93,1315,-46,-455,1143,-102,99,-9,
165078,166509,4017577,5234746,167182,4880913,998,412,953,573,-715,629,-276,-1614,2509,-138,-92,1327,-42,-456,1152,-70,98,-17,
165078,166509,1609550,5234746,167182,4880913,853,130,970,503,-764,641,437,-2165,2132,-136,-82,1313,-42,-456,1152,-62,104,-15,
165078,166509,1609550,5230604,167182,4880913,797,-61,975,503,-764,641,847,-2501,1773,-153,-81,1297,-40,-452,1154,-58,94,-19,
165078,166509,1609550,5230604,4675563,4880913,776,-187,912,441,-810,668,907,-2712,995,-137,-74,1287,-40,-452,1154,-54,90,-14,
165078,166509,1609550,5230604,4675563,5007465,793,-277,823,392,-845,678,583,-3047,577,-151,-76,1312,-42,-444,1153,-73,93,-23,
165078,166509,1609550,5230604,4675563,5007465,859,-385,835,392,-845,678,279,-3304,170,-148,-79,1311,-40,-445,1137,-100,98,-36,
165078,166509,1609550,5230604,4675563,5007465,936,-463,867,355,-853,712,-39,-3631,-192,-145,-100,1325,-40,-445,1137,-119,101,-34,
165067,166509,1609550,5230604,4675563,5007465,886,-506,971,355,-853,712,-327,-3974,-487,-145,-94,1321,-40,-444,1158,-118,89,-39,
165067,166602,1609550,5230604,4675563,5007465,733,-585,1154,313,-832,791,-598,-4266,-682,-145,-91,1300,-40,-444,1158,-114,76,-41,
165067,166602,1711562,5230604,4675563,5007465,473,-633,1312,313,-832,791,-887,-4435,-719,-150,-98,1319,-38,-438,1150,-130,35,-32,
165067,166602,1711562,5014985,4675563,5007465,91,-662,1457,251,-790,856,-1179,-4422,-604,-147,-105,1308,-38,-438,1150,-124,14,-32,
165067,166602,1711562,5014985,5104401,5007465,-282,-592,1618,166,-744,930,-1455,-4191,-362,-162,-112,1314,-39,-425,1148,-123,2,-40,
165067,166602,1711562,5014985,5104401,5086243,-412,-415,1758,166,-744,930,-1709,-3856,-72,-160,-100,1318,-39,-436,1152,-115,1,-45,
165067,166602,1711562,5014985,5104401,5086243,-318,-172,1881,57,-683,989,-1895,-3625,151,-149,-111,1300,-39,-436,1152,-106,-5,-56,
165067,166602,1711562,5014985,5104401,5086243,-110,489,2260,57,-683,989,-1988,-3555,240,-145,-101,1313,-40,-435,1154,-92,-8,-59,
165110,166602,1711562,5014985,5104401,5086243,-67,544,2390,-64,-630,1026,-1807,-3497,134,-141,-105,1308,-40,-435,1154,-92,-16,-64,
165110,166452,1711562,5014985,5104401,5086243,-165,319,2438,-64,-630,1026,-1427,-3457,-69,-146,-101,1300,-42,-424,1154,-91,-14,-55,
165110,166452,1881531,5014985,5104401,5086243,-368,96,2498,-178,-609,1021,-1102,-3526,-259,-146,-118,1283,-42,-424,1154,-100,-5,-61,
165110,166452,1881531,4452316,5104401,5086243,-479,49,2522,-178,-599,1002,-985,-3580,-409,-140,-109,1284,-42,-421,1156,-110,-5,-69,
165110,166452,1881531,4452316,5201387,5086243,-417,97,2560,-291,-599,1002,-956,-3518,-427,-144,-106,1302,-42,-426,1153,-113,-4,-74,
165110,166452,1881531,4452316,5201387,4988233,-267,102,2563,-384,-583,960,-929,-3626,-477,-144,-120,1302,-42,-426,1153,-119,-7,-73,
165110,166452,1881531,4452316,5201387,4988233,-151,6,2673,-384,-583,960,-996,-3803,-559,-133,-123,1311,-40,-420,1153,-121,-12,-84,
165110,166452,1881531,4452316,5201387,4988233,-250,-35,2779,-472,-559,922,-1110,-3927,-674,-139,-124,1313,-40,-420,1153,-124,-10,-91,
164483,166452,1881531,4452316,5201387,4988233,-346,-50,2846,-472,-559,922,-1217,-3969,-832,-123,-133,1291,-43,-414,1165,-119,1,-91,
164483,166468,1881531,4452316,5201387,4988233,-399,-73,2906,-551,-520,872,-1321,-3970,-1013,-128,-130,1308,-43,-414,1165,-111,7,-102,
164483,166468,1408386,4452316,5201387,4988233,-491,-110,2912,-551,-520,872,-1398,-3968,-1197,-132,-132,1306,-43,-415,1158,-99,15,-108,
164483,166468,1408386,4353597,5201387,4988233,-638,-139,2840,-621,-492,815,-1461,-3939,-1364,-143,-125,1291,-43,-416,1148,-84,18,-108,
164483,166468,1408386,4353597,5270307,4988233,-788,-197,2766,-675,-472,775,-1547,-3826,-1492,-128,-125,1309,-43,-416,1148,-68,34,-120,
164483,166468,1408386,4353597,5270307,4929325,-921,-255,2645,-675,-472,775,-1726,-3638,-1564,-115,-124,1295,-46,-413,1159,-65,37,-119,
164483,166468,1408386,4353597,5270307,4929325,-1267,-56,2424,-726,-441,731,-1970,-3447,-1554,-138,-133,1286,-46,-413,1159,-64,42,-121,
164483,166468,1408386,4353597,5270307,4929325,-1303,199,2313,-726,-441,731,-2125,-3310,-1485,-133,-139,1310,-45,-412,1160,-55,53,-120,
165215,166468,1408386,4353597,5270307,4929325,-1580,476,2134,-775,-415,695,-2128,-3146,-1363,-132,-125,1320,-44,-406,1158,-51,57,-121,
165215,165953,1408386,4353597,5270307,4929325,-1999,655,1874,-775,-415,695,-1993,-2850,-1152,-127,-133,1330,-44,-406,1158,-75,54,-115,
165215,165953,2336189,4353597,5270307,4929325,-2436,706,1586,-823,-383,674,-1751,-2411,-11,-128,-129,1356,-41,-410,1164,-116,62,-114,
165215,165953,2336189,4078177,5270307,4929325,-2623,973,1455,-847,-353,642,-1322,-1317,503,-129,-122,1398,-41,-410,1164,-228,76,-123,
165215,165953,2336189,4078177,5321948,4929325,-2461,1559,1321,-847,-353,642,-823,-804,943,-141,-129,1401,-42,-399,1165,-380,93,-137,
165215,165953,2336189,4078177,5321948,4852846,-2095,1877,1295,-862,-321,623,64,-443,1076,-130,-138,1433,-42,-399,1165,-529,107,-143,
165215,165953,2336189,4078177,5321948,4852846,-1426,1110,1403,-862,-321,623,949,-192,1019,-136,-194,1473,-38,-375,1162,-660,139,-153,
165215,165953,2336189,4078177,5321948,4852846,-1225,663,1446,-863,-312,610,1473,-8,879,-148,-269,1693,-27,-361,1173,-755,176,-120,
165302,165953,2336189,4078177,5321948,4852846,-1079,515,1525,-863,-312,610,1633,152,640,-198,-115,1993,-27,-361,1173,-645,482,-62,
165302,166729,2336189,4078177,5321948,4852846,-973,476,1575,-861,-323,590,1661,350,268,-178,-55,1779,1,-354,1166,-481,905,-67,
165302,166729,1841520,4078177,5321948,4852846,-902,496,1629,-844,-355,587,1686,638,-224,-186,-141,1750,1,-354,1166,-417,1132,-108,
165302,166729,1841520,2180171,5321948,4852846,-858,373,1625,-844,-355,587,1750,1009,-751,-188,-181,1753,40,-338,1164,-371,1359,-161,
165302,166729,1841520,2180171,5306531,4852846,-755,191,1602,-808,-398,599,1759,1392,-1176,-183,-198,1785,40,-338,1164,-205,1821,-170,
165302,166729,1841520,2180171,5306531,4009543,378,-289,-743,-808,-398,599,193,2972,-549,-212,-204,1817,83,-335,1142,-126,2073,-183,
165302,166729,1841520,2180171,5306531,4009543,788,-198,1255,-738,-391,663,-700,3989,72,-193,-240,1907,146,-337,1111,-49,2368,-191,
165302,166729,1841520,2180171,5306531,4009543,267,-262,1680,-738,-391,663,1066,4409,570,-197,-240,1935,146,-337,1111,-38,2668,-183,
5209121,166729,1841520,2180171,5306531,4009543,118,-107,1957,-662,-413,722,2164,4762,834,-213,-169,1983,222,-343,1094,-73,2984,-212,
5209121,166656,1841520,2180171,5306531,4009543,-294,10,2000,-662,-413,722,1879,4423,534,-213,-190,2047,222,-343,1094,-162,3317,-240,
5209121,166656,3263654,2180171,5306531,4009543,-252,105,1972,-583,-435,760,277,3601,19,-235,-104,2123,306,-329,1039,-298,3681,-256,
5209121,166656,3263654,2332956,5306531,4009543,-89,41,1939,-519,-444,791,339,3157,41,-305,-10,2259,306,-329,1039,-492,4111,-290,
5209121,166656,3263654,2332956,5193175,4009543,-29,30,1884,-519,-444,791,198,2769,74,-450,239,2514,412,-319,986,-699,4570,-364,
5209121,166656,3263654,2332956,5193175,2839882,-55,-51,1569,-467,-448,815,30,2413,29,-573,420,2800,520,-297,909,-749,5016,-523,
5209121,166656,3263654,2332956,5193175,2839882,-37,-81,1451,-467,-448,815,-102,2135,-55,-692,721,3294,520,-297,909,-555,5403,-741,
5209121,166656,3263654,2332956,5193175,2839882,-64,-81,1417,-423,-446,832,-65,2018,-133,-300,102,3650,635,-285,788,-95,5740,-984,
5295642,166656,3263654,2332956,5193175,2839882,-105,-32,1463,-423,-446,832,64,1930,-156,-109,82,3867,635,-285,788,164,5869,-1234,
5295642,166678,3263654,2332956,5193175,2839882,-132,-22,1467,-383,-443,843,195,1733,-124,439,400,3945,735,-259,667,-205,5681,-1457,
5295642,166678,4893708,2332956,5193175,2839882,-146,-28,1440,-357,-459,859,260,1461,-97,1366,541,3146,813,-211,561,-588,5473,-1755,
5295642,166678,4893708,1237333,5193175,2839882,-129,-20,1376,-357,-459,859,255,1215,-88,3349,1187,272,813,-211,561,-1035,5149,-2013,
5295642,166678,4893708,1237333,164752,2839882,-293,-68,1413,-342,-467,866,282,781,-38,2989,1596,-1049,842,-168,520,-1347,3782,-1858,
5295642,166678,4893708,1237333,164752,217335,-130,-37,1344,-342,-467,866,299,387,-82,1820,39,1517,842,-168,520,-264,-1014,-1530,
5295642,166678,4893708,1237333,164752,217335,-175,-9,1372,-335,-468,860,350,299,-71,1510,-344,826,823,-141,552,-698,-1846,-918,
5295642,166678,4893708,1237333,164752,217335,-162,-7,1370,-335,-468,860,388,270,-49,1332,31,727,823,-141,552,-1231,-2385,-263,
5290244,166678,4893708,1237333,164752,217335,-138,6,1370,-328,-476,863,395,252,-43,1169,342,801,785,-125,614,-1269,-2831,179,
5290244,166683,4893708,1237333,164752,217335,-169,26,1361,-324,-485,863,399,250,-21,1061,614,809,734,-143,699,-803,-3112,496,
5290244,166683,5252033,1237333,164752,217335,-173,43,1351,-324,-485,863,333,225,-30,1011,732,813,734,-143,699,-131,-3258,647,
5290244,166683,5252033,797574,164752,217335,-177,39,1362,-320,-497,852,298,199,-32,998,757,829,672,-182,758,581,-3384,675,
5290244,166683,5252033,797574,165039,217335,-161,64,1339,-320,-497,852,264,168,-28,839,404,924,672,-182,758,1166,-3512,627,
5290244,166683,5252033,797574,165039,172204,-187,65,1332,-318,-504,860,196,121,-20,673,111,1004,594,-230,833,1514,-3640,590,
5290244,166683,5252033,797574,165039,172204,-202,63,1354,-318,-504,860,128,86,-24,455,-58,1144,594,-230,833,1633,-3780,626,
5290244,166683,5252033,797574,165039,172204,-174,53,1338,-320,-500,849,82,53,-14,262,-55,1283,500,-302,879,1685,-3875,695,
5186091,166683,5252033,797574,165039,172204,-179,60,1325,-320,-500,849,66,37,-9,156,22,1412,401,-382,917,1835,-3926,715,
5186091,166757,5252033,797574,165039,172204,-176,30,1337,-320,-509,845,65,33,-13,93,2,1556,401,-382,917,2049,-3959,608,
5186091,166757,5264499,797574,165039,172204,-178,48,1334,-318,-510,849,81,36,-10,-194,-219,1854,290,-460,956,2167,-3982,408,
5186091,166757,5264499,1178347,165039,172204,-188,47,1329,-318,-510,849,106,49,-5,-435,-308,1960,290,-460,956,2126,-3991,207,
5186091,166757,5264499,1178347,165093,172204,-179,56,1349,-310,-508,844,106,77,-7,-670,-431,2084,176,-520,964,2010,-3992,74,
5186091,166757,5264499,1178347,165093,865847,-185,59,1344,-310,-508,844,96,81,-11,-842,-534,2196,176,-520,964,1833,-3911,161,
5186091,166757,5264499,1178347,165093,865847,-167,51,1363,-316,-511,851,84,76,-12,-929,-540,2232,66,-575,962,1440,-3699,432,
5186091,166757,5264499,1178347,165093,865847,-157,38,1358,-316,-511,851,47,58,-8,-1143,-466,2338,-44,-622,926,1411,-3612,793,
4837042,166757,5264499,1178347,165093,865847,-175,44,1337,-313,-506,853,20,36,20,-1427,-458,2319,-44,-622,926,1426,-3373,1166,
4837042,5070168,5264499,1178347,165093,865847,-197,49,1321,-311,-512,845,71,47,24,-1738,-346,2203,-135,-658,884,1412,-3045,1513,
4837042,5070168,5271253,1178347,165093,865847,-232,81,1302,-311,-512,845,119,57,15,-1783,-102,2087,-135,-658,884,1486,-2802,1755,
4837042,5070168,5271253,1177881,165093,865847,-210,94,1352,-310,-516,842,112,63,9,-1883,-25,2065,-225,-677,852,1716,-2742,1899,
4837042,5070168,5271253,1177881,165070,865847,-175,41,1375,-310,-516,842,90,61,2,-2135,-254,2088,-306,-696,797,1925,-2754,2033,
4837042,5070168,5271253,1177881,165070,854753,-157,-9,1403,-309,-512,852,106,53,18,-2559,-568,2049,-306,-696,797,1824,-2638,2268,
4837042,5070168,5271253,1177881,165070,854753,-165,-35,1440,-309,-512,852,213,8,63,-2913,-578,1971,-381,-695,750,1428,-2254,2460,
4837042,5070168,5271253,1177881,165070,854753,-174,23,1392,-310,-517,854,337,-30,140,-4060,-450,2107,-381,-695,750,981,-1471,2440,
3441304,5070168,5271253,1177881,165070,854753,-191,73,1380,-311,-523,837,329,-51,181,-4278,-273,1857,-408,-680,740,528,-188,2050,
3441304,5261978,5271253,1177881,165070,854753,-184,94,1359,-311,-523,837,283,-53,185,-3891,-122,1522,-408,-680,740,153,383,1359,
3441304,5261978,5274728,1177881,165070,854753,-169,164,1428,-312,-530,841,238,-13,157,-3702,10,1597,-408,-660,742,-23,776,516,
3441304,5261978,5274728,3621127,165070,854753,-193,132,1194,-312,-530,841,195,168,65,-3479,-94,1467,-374,-660,745,-116,1032,-251,
3441304,5261978,5274728,3621127,165086,854753,-189,95,1139,-310,-533,843,154,229,15,-3498,-241,1473,-374,-660,745,-317,1288,-779,
3441304,5261978,5274728,3621127,165086,862345,-195,102,1124,-310,-533,843,147,135,-2,-2715,136,1528,-330,-650,756,-566,1548,-980,
3441304,5261978,5274728,3621127,165086,862345,-192,78,1038,-312,-530,844,149,38,-9,266,254,1526,-330,-650,756,-740,1452,-513,
3441304,5261978,5274728,3621127,165086,862345,-201,103,1030,-312,-530,824,146,-84,19,166,233,1281,-311,-636,771,-1050,802,-321,
1540246,5261978,5274728,3621127,165086,862345,-175,125,1207,-316,-532,824,-49,-246,12,-35,157,1116,-311,-636,771,-1478,933,-209,
1540246,5294786,5274728,3621127,165086,862345,-145,166,1894,-315,-536,840,-146,-5,-22,-37,99,1126,-290,-600,803,-2221,869,-205,
1540246,5294786,5280938,3621127,165086,862345,-145,74,1975,-315,-536,840,-76,114,2,-107,66,1280,-273,-554,829,-2927,680,-232,
1540246,5294786,5280938,4990663,165086,862345,-143,102,1830,-308,-533,845,-84,412,13,-231,-347,2049,-273,-554,829,-2153,778,-1,
1540246,5294786,5280938,4990663,165165,862345,-147,173,1868,-308,-533,845,-94,685,-4,-81,-267,1440,-261,-526,835,-862,510,66,
1540246,5294786,5280938,4990663,165165,2755485,-182,150,1745,-291,-532,843,-80,908,-40,-82,-172,1263,-261,-526,835,-212,247,-41,
1540246,5294786,5280938,4990663,165165,2755485,-186,117,1540,-291,-532,843,-79,1080,-68,-95,-86,1310,-260,-518,839,-44,279,-57,
1540246,5294786,5280938,4990663,165165,2755485,-209,96,1415,-265,-533,850,-65,1176,-79,-86,-104,1336,-260,-518,839,-99,256,-47,
165203,5294786,5280938,4990663,165165,2755485,-240,65,1215,-235,-535,861,-40,1194,-82,-90,-121,1319,-260,-522,843,-135,196,-55,
165203,5253469,5280938,4990663,165165,2755485,-250,47,1084,-235,-535,861,-19,1124,-65,-93,-105,1304,-251,-521,854,-132,177,-65,
165203,5253469,5267593,4990663,165165,2755485,-283,93,1041,-216,-537,858,-4,1012,-53,-90,-124,1277,-251,-521,854,-123,162,-77,
165203,5253469,5267593,4998768,165165,2755485,-320,72,1064,-216,-537,858,9,913,-51,-103,-152,1267,-248,-521,850,-103,123,-97,
165203,5253469,5267593,4998768,3137754,2755485,-338,80,1193,-197,-529,863,27,805,-39,-106,-151,1274,-248,-521,850,-70,115,-94,
165203,5253469,5267593,4998768,3137754,4185334,-343,90,1256,-197,-529,863,50,730,-26,-95,-149,1320,-252,-513,848,-42,107,-76,
165203,5253469,5267593,4998768,3137754,4185334,-345,72,1266,-179,-533,881,92,683,-12,-104,-144,1325,-252,-516,853,16,81,-65,
165203,5253469,5267593,4998768,3137754,4185334,-363,96,1307,-161,-542,871,98,682,-2,-104,-136,1327,-249,-516,853,94,46,-50,
165185,5253469,5267593,4998768,3137754,4185334,-381,113,1386,-161,-542,871,92,723,3,-86,-126,1304,-252,-522,846,106,30,-44,
165185,5315060,5267593,4998768,3137754,4185334,-387,91,1469,-146,-549,880,109,794,0,-104,-130,1318,-252,-522,846,81,21,-44,
165185,5315060,5219122,4998768,3137754,4185334,-413,127,1407,-146,-549,880,132,860,-3,-89,-94,1309,-248,-521,843,50,38,-33,
165185,5315060,5219122,5135891,3137754,4185334,-415,156,1409,-123,-548,874,133,912,-3,-96,-108,1306,-248,-521,843,-26,67,-25,
165185,5315060,5219122,5135891,165213,4185334,-423,137,1380,-123,-548,874,111,967,-23,-107,-119,1294,-250,-518,844,-52,70,-26,
165185,5315060,5219122,5135891,165213,4689029,-455,159,1341,-102,-547,881,93,1003,-36,-94,-120,1311,-246,-522,848,-53,83,-20,
165185,5315060,5219122,5135891,165213,4689029,-470,158,1336,-102,-551,873,71,1019,-60,-96,-127,1302,-246,-522,848,-63,89,-28,
165185,5315060,5219122,5135891,165213,4689029,-479,122,1230,-84,-551,873,68,1019,-78,-109,-139,1305,-245,-522,853,-32,82,-32,
165239,5315060,5219122,5135891,165213,4689029,-498,65,1159,-55,-554,875,80,984,-69,-91,-130,1305,-245,-522,853,1,65,-28,
165239,5305886,5219122,5135891,165213,4689029,-511,78,1148,-55,-554,875,126,920,-43,-90,-132,1300,-249,-514,846,18,58,-30,
165239,5305886,5084995,5135891,165213,4689029,-555,52,1092,-38,-564,875,170,850,-30,-107,-124,1307,-249,-514,846,17,58,-33,
165239,5305886,5084995,5110774,165213,4689029,-575,3,1037,-38,-564,875,234,774,-14,-109,-118,1306,-248,-517,847,34,48,-27,
165239,5305886,5084995,5110774,1455928,4689029,-554,118,1160,-23,-565,860,279,685,43,-102,-115,1312,-245,-523,844,47,55,-23,
165239,5305886,5084995,5110774,1455928,4961069,-598,128,1207,-23,-565,860,289,631,94,-99,-124,1306,-245,-523,844,35,61,-30,
165239,5305886,5084995,5110774,1455928,4961069,-576,142,1204,-7,-572,870,312,571,99,-97,-112,1317,-247,-527,839,42,69,-24,
165239,5305886,5084995,5110774,1455928,4961069,-588,211,1212,3,-582,860,292,561,88,-111,-109,1306,-247,-527,839,51,60,-29,
165291,5305886,5084995,5110774,1455928,4961069,-610,203,1258,3,-582,860,271,566,67,-101,-129,1315,-245,-524,850,38,62,-27,
165291,5326515,5084995,5110774,1455928,4961069,-608,80,1065,15,-592,862,278,544,70,-100,-116,1314,-245,-524,850,47,66,-32,
165291,5326515,4788210,5110774,1455928,4961069,-644,107,1043,15,-592,862,299,476,106,-118,-118,1311,-245,-523,835,50,59,-27,
165291,5326515,4788210,4993140,1455928,4961069,-650,113,985,24,-590,859,320,384,140,-92,-109,1305,-243,-525,839,41,59,-31,
165291,5326515,4788210,4993140,164754,4961069,-649,123,978,24,-590,859,333,289,170,-90,-120,1308,-243,-525,839,29,62,-37,
165291,5326515,4788210,4993140,164754,5122622,-642,160,1037,29,-599,852,344,189,192,-119,-102,1302,-246,-528,843,18,60,-38,
165291,5326515,4788210,4993140,164754,5122622,-643,213,1034,26,-608,840,335,102,202,-117,-102,1313,-246,-528,843,1,63,-39,
165291,5326515,4788210,4993140,164754,5122622,-653,127,1011,26,-608,840,316,36,210,-110,-114,1294,-245,-523,846,-5,69,-49,
165209,5326515,4788210,4993140,164754,5122622,-632,255,1087,25,-614,841,225,10,219,-103,-116,1305,-245,-524,838,-8,65,-53,
165209,5335854,4788210,4993140,164754,5122622,-616,365,1127,25,-614,841,148,-12,186,-109,-101,1310,-241,-524,838,-12,64,-59,
165209,5335854,4646186,4993140,164754,5122622,-586,406,1143,19,-617,855,81,-27,116,-106,-96,1322,-240,-531,841,-21,61,-67,
165209,5335854,4646186,4703411,164754,5122622,-610,340,1160,19,-617,855,19,-39,38,-99,-106,1294,-240,-531,841,-50,55,-77,
165209,5335854,4646186,4703411,2621136,5122622,-638,260,1161,17,-613,843,-27,-54,-21,-92,-97,1313,-241,-530,851,-64,57,-102,
165209,5335854,4646186,4703411,2621136,5151585,-647,204,1169,17,-607,839,-33,-95,-60,-97,-81,1329,-241,-530,851,-47,61,-117,
165209,5335854,4646186,4703411,2621136,5151585,-658,194,1192,15,-607,839,-5,-111,-44,-93,-33,1323,-243,-521,837,-31,57,-156,
165209,5335854,4646186,4703411,2621136,5151585,-652,159,1200,13,-617,851,18,-118,-20,-102,-43,1308,-237,-528,842,-34,59,-199,
165214,5335854,4646186,4703411,2621136,5151585,-652,447,1195,13,-617,851,8,-119,-2,-110,-50,1301,-237,-528,842,-68,66,-242,
165214,5335715,4646186,4703411,2621136,5151585,-617,286,1196,11,-612,843,-20,-103,-17,-111,-92,1340,-235,-527,846,-97,98,-297,
165214,5335715,4623328,4703411,2621136,5151585,-625,254,1185,11,-612,843,-56,-92,-47,-97,-139,1312,-235,-527,846,0,66,-286,
165214,5335715,4623328,3735145,2621136,5151585,-630,232,1198,9,-612,845,-101,-82,-60,-119,-169,1296,-232,-520,848,30,41,-271,
165214,5335715,4623328,3735145,4874891,5151585,-637,214,1218,9,-612,845,-131,-72,-63,-108,-157,1301,-232,-520,848,29,48,-237,
165214,5335715,4623328,3735145,4874891,5114924,-642,215,1220,8,-609,852,-149,-61,-66,-111,-127,1322,-232,-519,850,20,46,-223,
165214,5335715,4623328,3735145,4874891,5114924,-620,216,1193,7,-606,849,-156,-46,-65,-111,-114,1304,-226,-526,852,16,41,-225,
165214,5335715,4623328,3735145,4874891,5114924,-620,216,1188,7,-606,849,-162,-38,-62,-117,-130,1320,-226,-526,852,15,33,-223,
165064,5335715,4623328,3735145,4874891,5114924,-615,191,1181,8,-600,848,-192,-42,-79,-113,-134,1396,-228,-531,850,15,34,-209,
165064,5314943,4623328,3735145,4874891,5114924,-620,214,1171,8,-600,848,-235,-58,-90,-115,-188,1475,-228,-531,850,21,88,-194,
165064,5314943,4533313,3735145,4874891,5114924,-630,166,1182,8,-596,858,-244,-64,-91,-107,-144,1364,-223,-528,846,-31,218,-162,
165064,5314943,4533313,2511168,4874891,5114924,-625,137,1191,8,-596,858,-236,-79,-93,-107,-183,1282,-223,-528,846,-17,278,-123,
165064,5314943,4533313,2511168,5084709,5114924,-621,122,1168,5,-588,851,-216,-101,-62,-120,-159,1225,-219,-528,840,17,254,-90,
165064,5314943,4533313,2511168,5084709,5082239,-630,174,1191,3,-586,867,-154,-121,-46,-107,-148,1210,-212,-528,843,42,197,-64,
165064,5314943,4533313,2511168,5084709,5082239,-624,174,1276,3,-586,867,-130,-109,-39,-125,-121,1222,-212,-528,843,52,138,-45,
165064,5314943,4533313,2511168,5084709,5082239,-628,155,1378,4,-589,856,-96,-39,-31,-111,-112,1218,-213,-532,852,54,102,-46,
165124,5314943,4533313,2511168,5084709,5082239,-637,163,1677,4,-589,856,-57,75,-14,-120,-119,1251,-213,-532,852,58,61,-54,
165124,5267475,4533313,2511168,5084709,5082239,-666,180,1783,6,-581,869,-22,283,-6,-126,-101,1215,-216,-525,850,67,10,-42,
165124,5267475,4554752,2511168,5084709,5082239,-668,164,1934,6,-581,869,7,554,-2,-126,-108,1324,-216,-529,841,68,-38,-45,
165124,5267475,4554752,2533086,5084709,5082239,-715,175,2109,19,-580,867,20,875,-3,-111,-112,1348,-216,-529,841,42,-19,-41,
165124,5267475,4554752,2533086,5104976,5082239,-742,109,2286,56,-583,868,54,1257,-4,-118,-104,1352,-219,-532,846,43,18,-47,
165124,5267475,4554752,2533086,5104976,5099995,-784,54,2365,56,-583,868,100,1669,28,-122,-90,1290,-219,-532,846,31,55,-62,
165124,5267475,4554752,2533086,5104976,5099995,-768,84,2381,101,-595,847,147,2062,70,-123,-93,1251,-219,-537,845,22,40,-61,
165124,5267475,4554752,2533086,5104976,5099995,-799,-213,2420,101,-595,847,229,2421,121,-124,-102,1280,-219,-537,845,38,4,-71,
164734,5267475,4554752,2533086,5104976,5099995,-820,-337,2298,162,-598,836,221,2743,208,-108,-111,1378,-218,-527,842,55,7,-68,
164734,4609482,4554752,2533086,5104976,5099995,-779,-317,2290,162,-598,836,181,3032,356,-95,-96,1392,-215,-534,841,54,71,-68,
164734,4609482,1699867,2533086,5104976,5099995,-685,-38,2328,227,-599,803,156,3257,539,-111,-105,1388,-215,-534,841,65,129,-61,
164734,4609482,1699867,2438263,5104976,5099995,-683,13,2599,227,-599,803,271,3404,752,-117,-102,1252,-215,-540,842,88,160,-64,
164734,4609482,1699867,2438263,5112742,5099995,-624,-29,2760,295,-621,774,857,3396,816,-121,-80,1203,-215,-540,842,101,138,-71,
164734,4609482,1699867,2438263,5112742,5142019,-270,14,2193,353,-656,730,1330,3239,835,-117,-92,1246,-214,-531,835,115,94,-74,
164734,4609482,1699867,2438263,5112742,5142019,1706,110,-147,353,-656,730,1921,2260,423,-135,-82,1276,-214,-531,835,122,41,-79,
164734,4609482,1699867,2438263,5112742,5142019,1438,-890,1393,374,-685,682,1898,315,-627,-117,-87,1287,-215,-541,836,128,14,-82,
166608,4609482,1699867,2438263,5112742,5142019,1195,-1465,1707,374,-685,682,882,-1380,-1172,-128,-99,1415,-213,-545,847,131,3,-75,
166608,166472,1699867,2438263,5112742,5142019,1210,-928,1162,357,-671,706,-287,-2087,-1054,-116,-84,1411,-213,-545,847,124,72,-74,
166608,166472,1426489,2438263,5112742,5142019,785,-300,1371,357,-671,706,-813,-2252,-777,-131,-84,1386,-213,-549,833,116,138,-71,
166608,166472,1426489,2270828,5112742,5142019,688,129,1488,328,-644,742,-701,-2181,-560,-129,-92,1418,-213,-549,833,93,191,-77,
166608,166472,1426489,2270828,5062685,5142019,895,312,1287,287,-643,754,-325,-2133,-441,-123,-107,1527,-209,-545,831,36,318,-57,
166608,166472,1426489,2270828,5062685,5186548,1035,250,1239,287,-643,754,97,-2273,-391,-117,-99,1491,-209,-545,831,25,438,-38,
166608,166472,1426489,2270828,5062685,5186548,1024,68,1279,244,-640,770,361,-2498,-367,-133,-107,1511,-198,-548,840,-3,540,-19,
166608,166472,1426489,2270828,5062685,5186548,1031,-229,1262,244,-640,770,347,-2716,-302,-143,-70,1421,-186,-551,845,-23,614,-13,
200018,166472,1426489,2270828,5062685,5186548,974,-276,1307,187,-634,766,121,-2898,-201,-160,-88,1402,-186,-551,845,-37,644,-5,
200018,166511,1426489,2270828,5062685,5186548,880,-237,1356,187,-634,766,-189,-3055,-76,-163,-74,1317,-177,-547,851,-44,683,-4,
200018,166511,898870,2270828,5062685,5186548,750,-161,1441,117,-617,805,-449,-3486,126,-180,-81,1364,-177,-547,851,-64,694,-9,
200018,166511,898870,2115993,5062685,5186548,549,-86,1529,44,-594,830,-805,-3540,141,-215,-57,1299,-163,-540,843,-90,719,-11,
200018,166511,898870,2115993,5107714,5186548,293,29,1623,44,-594,830,-978,-3616,73,-212,-40,1216,-150,-542,858,-117,724,-31,
200018,166511,898870,2115993,5107714,4972259,73,115,1696,-34,-575,844,-1124,-3616,-79,-216,-56,1195,-150,-542,858,-145,684,-48,
200018,166511,898870,2115993,5107714,4972259,-146,369,1823,-34,-575,844,-1223,-3570,-317,-233,-40,1181,-136,-541,837,-155,634,-68,
200018,166511,898870,2115993,5107714,4972259,-298,440,1898,-109,-543,843,-1240,-3529,-617,-235,-114,1269,-136,-541,837,-179,590,-86,
165157,166511,898870,2115993,5107714,4972259,-351,456,2006,-109,-543,843,-1177,-3502,-939,-259,-62,1206,-126,-534,855,-191,568,-91,
165157,166576,898870,2115993,5107714,4972259,-401,473,2073,-173,-519,842,-1045,-3485,-1217,-274,-82,1246,-126,-534,855,-193,547,-104,
165157,166576,181286,2115993,5107714,4972259,-452,466,2132,-173,-519,847,-868,-3448,-1435,-286,-49,1222,-118,-524,853,-209,496,-115,
165157,166576,181286,2254503,5107714,4972259,-563,422,2193,-229,-509,847,-681,-3382,-1561,-285,-88,1233,-109,-528,856,-204,471,-123,
165157,166576,181286,2254503,5204954,4972259,-692,371,2223,-268,-505,819,-501,-3300,-1599,-303,-15,1332,-109,-528,856,-226,454,-181,
165157,166576,181286,2254503,5204954,4635581,-849,329,2274,-268,-505,819,-397,-3210,-1557,-319,-28,1242,-97,-522,870,-255,486,-229,
165157,166576,181286,2254503,5204954,4635581,-1154,334,2227,-313,-496,792,-355,-3116,-1466,-321,-109,1221,-97,-522,870,-214,468,-259,
165157,166576,181286,2254503,5204954,4635581,-1260,265,2156,-313,-496,792,-270,-3017,-1336,-307,-168,1227,-84,-517,859,-171,451,-262,
165195,166576,181286,2254503,5204954,4635581,-1334,205,2036,-356,-477,782,-128,-2906,-1160,-314,-161,1272,-84,-517,859,-150,425,-235,
165195,166539,181286,2254503,5204954,4635581,-1340,115,1890,-356,-477,782,-24,-2763,-738,-315,-132,1249,-79,-510,864,-159,395,-214,
165195,166539,651920,2254503,5204954,4635581,-1373,17,1855,-396,-466,762,22,-2412,-561,-332,-112,1253,-67,-508,861,-196,339,-210,
165195,166539,651920,2239071,5204954,4635581,-1422,-38,1867,-435,-455,750,52,-2181,-417,-367,-14,1185,-67,-508,861,-229,301,-235,
165195,166539,651920,2239071,5289715,4635581,-1383,-23,1764,-435,-455,750,19,-1967,-302,-337,-111,1342,-60,-502,873,-177,316,-280,
165195,166539,651920,2239071,5289715,4396978,-1370,219,1590,-467,-437,738,-115,-1817,-209,-334,-157,1398,-60,-502,873,-172,361,-293,
165195,166539,651920,2239071,5289715,4396978,-1586,152,1529,-467,-437,738,-238,-1674,-140,-330,-219,1433,-54,-491,863,-179,432,-292,
165195,166539,651920,2239071,5289715,4396978,-1826,288,1514,-504,-419,722,-225,-1432,-109,-327,-244,1507,-54,-491,863,-177,526,-250,
165268,166539,651920,2239071,5289715,4396978,-2011,280,1545,-504,-419,722,-82,-1029,-121,-331,-267,1526,-37,-493,859,-160,644,-198,
165268,166575,651920,2239071,5289715,4396978,-2042,100,1513,-521,-401,699,148,-571,-100,-337,-292,1560,-17,-491,871,-117,794,-132,
165268,166575,1602406,2239071,5289715,4396978,-2005,-278,1457,-518,-401,711,309,-205,6,-356,-8,1677,-17,-491,871,-73,964,-56,
165268,166575,1602406,2192848,5289715,4396978,-1898,-653,1461,-518,-401,711,230,49,235,-367,-214,1732,7,-490,867,-49,1168,-9,
165268,166575,1602406,2192848,5319065,4396978,-1811,-605,1455,-518,-393,716,-21,256,526,-401,-160,1766,7,-490,867,-41,1418,25,
165268,166575,1602406,2192848,5319065,4476317,-1387,-332,1416,-518,-393,716,-158,586,785,-403,-135,1797,34,-478,871,-73,1679,38,
165268,166575,1602406,2192848,5319065,4476317,-1067,-364,1329,-508,-370,719,-194,868,917,-404,-160,1760,83,-478,865,-176,2254,27,
165268,166575,1602406,2192848,5319065,4476317,-843,-403,1266,-508,-370,719,-298,977,845,-416,-150,1735,83,-478,865,-220,2530,21,
4280482,166575,1602406,2192848,5319065,4476317,-71,218,4855,-496,-339,722,-486,1003,38,-447,-142,1706,140,-473,849,-284,2790,13,
4280482,166657,1602406,2192848,5319065,4476317,2050,129,-53,-496,-355,746,155,2356,-540,-461,-182,1731,140,-473,849,-359,3042,16,
4280482,166657,2029191,2192848,5319065,4476317,1845,-476,1251,-443,-355,746,169,2226,-864,-524,-239,1803,208,-461,826,-457,3335,37,
4280482,166657,2029191,2067442,5319065,4476317,275,79,1400,-387,-370,763,332,2552,-789,-582,-77,1818,208,-461,826,-589,3618,69,
4280482,166657,2029191,2067442,5243972,4476317,-20,180,1706,-387,-370,763,252,2564,-655,-673,-218,1826,277,-441,803,-710,3873,68,
4280482,166657,2029191,2067442,5243972,4072306,-69,313,1619,-334,-376,777,67,2244,-422,-729,-318,1951,359,-427,763,-819,4072,110,
4280482,166657,2029191,2067442,5243972,4072306,-27,195,1649,-334,-376,777,46,2081,3,-838,-455,2109,359,-427,763,-882,4248,207,
4280482,166657,2029191,2067442,5243972,4072306,-21,90,1524,-299,-367,786,-95,2044,279,-916,-3,2478,439,-414,721,-806,4428,323,
5281987,166657,2029191,2067442,5243972,4072306,-9,-19,1474,-299,-367,786,-262,1984,351,-913,-248,2630,439,-414,721,-655,4660,390,
5281987,166474,2029191,2067442,5243972,4072306,-54,-62,1476,-254,-360,802,-261,1897,317,-900,-337,2539,521,-400,665,-504,4862,393,
5281987,166474,3976174,2067442,5243972,4072306,-55,-69,1398,-221,-357,809,-132,1768,253,-778,-10,2360,521,-400,665,-413,4907,375,
5281987,166474,3976174,1914040,5243972,4072306,-105,-89,1450,-221,-357,809,24,1633,171,-706,439,2447,594,-398,586,-103,4876,325,
5281987,166474,3976174,1914040,1803354,4072306,-119,-48,1407,-194,-365,812,172,1448,100,-250,752,2384,659,-407,495,540,4760,93,
5281987,166474,3976174,1914040,1803354,790356,-296,-109,1463,-194,-365,812,274,1176,36,206,1001,2015,659,-407,495,1095,4560,-373,
5281987,166474,3976174,1914040,1803354,790356,-239,-54,1381,-181,-366,810,395,717,23,1484,1197,-324,720,-392,403,1415,4284,-1571,
5281987,166474,3976174,1914040,1803354,790356,-153,24,1347,-181,-366,810,460,452,-51,632,557,1739,720,-392,403,1208,2505,-1770,
5301968,166474,3976174,1914040,1803354,790356,-203,40,1375,-174,-375,802,483,289,-20,1208,-179,1488,752,-363,346,886,762,-1593,
5301968,4055929,3976174,1914040,1803354,790356,-188,88,1385,-171,-390,804,339,177,11,1213,-498,832,752,-363,346,115,-843,-1200,
5301968,4055929,5206655,1914040,1803354,790356,-182,112,1351,-171,-390,804,201,122,16,898,-417,974,751,-348,377,-812,-2149,-702,
5301968,4055929,5206655,166770,1803354,790356,-159,51,1357,-166,-389,812,131,121,6,734,-94,1192,721,-326,441,-1335,-3076,-352,
5301968,4055929,5206655,166770,165100,790356,-179,74,1338,-166,-389,812,67,123,-3,643,573,1292,721,-326,441,-1309,-3696,-207,
5301968,4055929,5206655,166770,165100,163925,-186,70,1348,-167,-390,796,9,126,0,492,823,1313,671,-311,527,-806,-4123,-251,
5301968,4055929,5206655,166770,165100,163925,-171,64,1342,-167,-390,796,-41,109,-3,376,660,1326,671,-311,527,-98,-4409,-413,
5301968,4055929,5206655,166770,165100,163925,-174,50,1361,-170,-387,812,-79,92,-6,250,390,1300,607,-301,600,479,-4495,-564,
5133519,4055929,5206655,166770,165100,163925,-175,47,1341,-170,-385,797,-100,74,-2,229,90,1157,542,-300,668,759,-4427,-624,
5133519,5279111,5206655,166770,165100,163925,-174,45,1354,-161,-385,797,-112,61,1,228,-135,957,542,-300,668,793,-4344,-601,
5133519,5279111,5276828,166770,165100,163925,-175,43,1350,-162,-386,814,-104,37,4,266,-235,883,465,-314,734,733,-4324,-503,
5133519,5279111,5276828,189467,165100,163925,-158,52,1323,-162,-386,814,-109,16,19,219,-175,1042,465,-314,734,615,-4352,-417,
5133519,5279111,5276828,189467,165063,163925,-173,42,1338,-161,-383,813,-100,2,35,108,57,1157,384,-319,778,495,-4380,-416,
5133519,5279111,5276828,189467,165063,164243,-178,40,1355,-161,-383,813,-119,-12,48,-71,317,1295,384,-319,778,464,-4371,-590,
5133519,5279111,5276828,189467,165063,164243,-161,32,1344,-168,-377,814,-129,-25,57,-214,437,1428,297,-312,822,626,-4259,-983,
5133519,5279111,5276828,189467,165063,164243,-149,36,1326,-168,-377,814,-104,-32,58,-232,344,1543,225,-327,845,986,-4034,-1997,
2884296,5279111,5276828,189467,165063,164243,-156,14,1350,-167,-376,813,-74,-39,67,-242,76,1670,225,-327,845,1848,-3799,-2281,
2884296,5241298,5276828,189467,165063,164243,-153,0,1360,-164,-376,811,-62,-73,79,-296,-560,1860,144,-354,842,2078,-3784,-2245,
2884296,5241298,5311699,189467,165063,164243,-148,-47,1341,-164,-376,811,-76,-91,115,-513,-1036,1864,144,-354,842,2025,-3711,-1875,
2884296,5241298,5311699,185296,165063,164243,-161,68,1704,-168,-372,818,-100,4,118,-518,-1176,1882,69,-369,841,1602,-3554,-1254,
2884296,5241298,5311699,185296,165028,164243,-146,55,1367,-168,-372,818,-31,258,80,-440,-853,1948,69,-369,841,1075,-3417,-583,
2884296,5241298,5311699,185296,165028,163984,-180,36,1359,-163,-373,821,-26,335,67,-406,-386,2004,-2,-369,840,885,-3338,-131,
2884296,5241298,5311699,185296,165028,163984,-163,54,1376,-163,-373,821,-39,352,60,-449,-164,2040,-67,-368,815,1056,-3243,29,
2884296,5241298,5311699,185296,165028,163984,-167,53,1363,-156,-369,816,-55,365,51,-563,-148,2087,-67,-368,815,1319,-3040,25,
165189,5241298,5311699,185296,165028,163984,-187,40,1358,-148,-373,812,-57,364,39,-716,-367,2190,-111,-358,819,1509,-2698,-30,
165189,5192796,5311699,185296,165028,163984,-190,8,1304,-148,-373,812,-43,357,28,-752,-401,2240,-111,-358,819,1579,-2294,-84,
165189,5192796,5328493,185296,165028,163984,-191,1,1239,-143,-375,821,-35,339,35,-732,-416,2343,-147,-353,833,1597,-1924,-145,
165189,5192796,5328493,200249,165028,163984,-202,20,1263,-143,-375,821,-38,295,48,-759,-442,2456,-147,-353,833,1644,-1651,-180,
165189,5192796,5328493,200249,165107,163984,-197,30,1249,-139,-366,828,-36,263,58,-849,-478,2559,-184,-371,854,1740,-1525,-160,
165189,5192796,5328493,200249,165107,163807,-212,10,1237,-139,-366,828,-29,228,66,-886,-677,2651,-233,-404,873,1829,-1542,-82,
165189,5192796,5328493,200249,165107,163807,-221,6,1172,-137,-369,822,-23,107,86,-862,-938,2166,-233,-404,873,1747,-1853,54,
165189,5192796,5328493,200249,165107,163807,-212,31,1215,-135,-369,816,-33,28,74,-1129,-641,1941,-319,-452,890,1438,-2527,213,
165131,5192796,5328493,200249,165107,163807,-211,-6,1364,-135,-369,816,-24,25,77,-2051,-869,3096,-319,-452,890,1257,-3408,527,
165131,5148417,5328493,200249,165107,163807,-206,6,1372,-138,-378,822,6,51,90,-1627,-495,389,-434,-493,861,1440,-3954,762,
165131,5148417,5355209,200249,165107,163807,-209,75,1507,-138,-378,822,22,86,85,-2863,-1064,2660,-690,-540,823,1421,-3690,1093,
165131,5148417,5355209,438975,165107,163807,-192,74,1531,-136,-374,826,13,166,64,-2910,-867,1402,-535,-540,823,1268,-2971,1387,
165131,5148417,5355209,438975,165012,163807,-192,100,1565,-136,-374,826,-4,266,33,-3505,-770,2031,-603,-560,780,984,-1967,1507,
165131,5148417,5355209,438975,165012,817293,-206,76,1617,-127,-366,824,-21,383,-6,-4361,-822,2074,-603,-560,780,705,-598,1434,
165131,5148417,5355209,438975,165012,817293,-216,91,1578,-127,-366,824,-57,525,-40,-3777,-1114,1766,-617,-561,782,348,1161,1301,
165131,5148417,5355209,438975,165012,817293,-227,55,1696,-113,-374,825,-110,654,-75,-2872,-1410,1484,-617,-561,782,-423,2670,1242,
165047,5148417,5355209,438975,165012,817293,-229,36,1761,-92,-378,832,-142,850,-95,508,77,746,-578,-523,829,-1231,3181,1162,
165047,5059922,5355209,438975,165012,817293,-253,33,1911,-92,-378,832,-135,1112,-105,934,-91,1812,-529,-470,884,-1672,2968,908,
165047,5059922,5361855,438975,165012,817293,-273,-32,2110,-62,-376,839,-127,1442,-109,505,-177,1833,-529,-470,884,-2229,2797,594,
165047,5059922,5361855,5017030,165012,817293,-242,-16,2014,-62,-376,839,-119,1825,-107,-46,-162,1648,-473,-417,921,-2281,2810,419,
165047,5059922,5361855,5017030,165132,817293,-285,-44,1953,-11,-378,839,-120,2243,-87,72,-76,1670,-473,-417,921,-1575,2666,540,
165047,5059922,5361855,5017030,165132,2099205,-287,29,1909,-11,-378,839,-50,2868,-55,34,-200,1643,-434,-387,935,-838,2343,732,
165047,5059922,5361855,5017030,165132,2099205,-300,84,1850,53,-381,838,-21,3142,-77,50,-254,1520,-434,-387,935,-549,2067,685,
165047,5059922,5361855,5017030,165132,2099205,-333,67,1867,130,-392,836,-87,3407,-116,51,-232,1427,-393,-364,948,-380,1906,479,
165146,5059922,5361855,5017030,165132,2099205,-399,98,1894,130,-392,836,-183,3663,-166,36,-150,1334,-356,-368,966,-226,1803,233,
165146,4449039,5361855,5017030,165132,2099205,-446,81,2068,214,-391,819,-350,3922,-221,1,-75,1334,-356,-368,966,-173,1820,58,
165146,4449039,5124898,5017030,165132,2099205,-665,-20,2373,214,-391,819,-527,4148,-271,-83,-77,1398,-311,-361,980,-48,1856,138,
165146,4449039,5124898,5158361,165132,2099205,-692,180,2543,309,-381,795,-794,4334,-283,-146,-105,1624,-311,-361,980,-108,1726,185,
165146,4449039,5124898,5158361,165010,2099205,-800,83,2699,309,-381,795,-978,4476,-318,-216,3,1464,-278,-351,990,-288,1117,125,
165146,4449039,5124898,5158361,165010,4684443,-755,182,2662,406,-362,764,-1135,4624,-322,-161,-72,1392,-278,-351,990,-358,616,102,
165146,4449039,5124898,5158361,165010,4684443,-634,281,2825,505,-353,725,-1051,4743,-283,-111,-96,1357,-269,-343,989,-278,366,59,
165146,4449039,5124898,5158361,165010,4684443,-448,29,2737,505,-353,725,-851,4865,-250,-126,-108,1330,-263,-341,993,-145,208,13,
165225,4449039,5124898,5158361,165010,4684443,-263,-123,2762,603,-354,657,-721,4923,-166,-116,-76,1327,-263,-341,993,-89,152,-6,
165225,167385,5124898,5158361,165010,4684443,328,-870,2409,603,-354,657,-546,4905,-20,-110,-87,1327,-265,-339,995,-117,120,-21,
165225,167385,3305148,5158361,165010,4684443,1103,-1351,1712,681,-362,586,-464,4841,198,-116,-94,1319,-265,-339,995,-113,97,-24,
165225,167385,3305148,5232071,165010,4684443,1546,-1629,-1,681,-362,586,-714,4737,723,-111,-109,1313,-262,-336,1000,-93,89,-22,
165225,167385,3305148,5232071,4308120,4684443,1499,-898,1478,729,-374,525,-1170,2182,2633,-119,-97,1316,-262,-335,1002,-59,87,-24,
165225,167385,3305148,5232071,4308120,5044052,1968,-259,1350,729,-374,525,-1455,240,2878,-102,-83,1316,-263,-335,1002,-23,93,-22,
165225,167385,3305148,5232071,4308120,5044052,1660,364,1113,710,-415,525,-915,-1180,2676,-117,-82,1321,-259,-335,985,-23,97,-20,
165225,167385,3305148,5232071,4308120,5044052,1204,550,1074,672,-458,577,-63,-2118,2249,-110,-84,1321,-259,-335,985,-38,97,-28,
165238,167385,3305148,5232071,4308120,5044052,944,456,783,672,-458,577,637,-2722,1849,-112,-95,1321,-258,-333,996,-56,103,-24,
165238,166724,3305148,5232071,4308120,5044052,724,0,943,610,-502,628,1009,-3133,1491,-120,-89,1310,-258,-333,996,-71,98,-27,
165238,166724,1400183,5232071,4308120,5044052,654,-89,976,610,-502,628,1132,-3416,1196,-116,-78,1323,-258,-332,1008,-80,104,-43,
165238,166724,1400183,5066624,4308120,5044052,557,-231,1007,545,-528,667,1138,-3582,911,-124,-97,1303,-255,-326,1006,-104,99,-46,
165238,166724,1400183,5066624,5139992,5044052,521,-363,962,545,-528,667,1074,-3698,671,-118,-112,1318,-255,-326,1006,-85,95,-54,
165238,166724,1400183,5066624,5139992,5136965,531,-480,975,482,-554,726,908,-3851,482,-111,-92,1307,-252,-327,997,-62,57,-60,
165238,166724,1400183,5066624,5139992,5136965,525,-576,1010,408,-574,764,688,-4026,332,-106,-107,1337,-252,-327,997,-55,29,-70,
165238,166724,1400183,5066624,5139992,5136965,484,-665,1094,408,-574,764,437,-4220,221,-106,-111,1326,-253,-329,996,-63,56,-61,
165152,166724,1400183,5066624,5139992,5136965,466,-681,1218,320,-579,829,143,-4387,141,-113,-106,1316,-253,-329,996,-66,60,-56,
165152,166566,1400183,5066624,5139992,5136965,229,-667,1387,320,-579,829,-121,-4588,67,-106,-95,1304,-255,-325,998,-68,34,-56,
165152,166566,1456524,5066624,5139992,5136965,-11,-672,1583,212,-565,905,-323,-4775,15,-121,-104,1325,-251,-328,994,-72,-2,-54,
165152,166566,1456524,2333401,5139992,5136965,-270,-692,1720,212,-565,905,-498,-4863,71,-119,-116,1316,-251,-328,994,-81,-35,-56,
165152,166566,1456524,2333401,5231383,5136965,-533,-715,1862,83,-537,955,-895,-4489,181,-137,-86,1449,-256,-323,988,-91,-66,-61,
165152,166566,1456524,2333401,5231383,5166730,-692,-630,1992,-46,-508,993,-1204,-4122,263,-136,-69,1468,-256,-323,988,-199,5,-94,
165152,166566,1456524,2333401,5231383,5166730,-742,-333,2063,-46,-508,993,-1381,-3773,235,-118,-109,1504,-251,-317,1001,-247,183,-107,
165152,166566,1456524,2333401,5231383,5166730,-683,-28,2216,-171,-475,1001,-1293,-3506,45,-138,-121,1311,-251,-317,1001,-176,386,-96,
165067,166566,1456524,2333401,5231383,5166730,-531,38,2393,-171,-475,1001,-1073,-3369,-250,-138,-127,1322,-242,-312,983,-160,421,-86,
165067,166525,1456524,2333401,5231383,5166730,-589,76,2501,-277,-465,974,-818,-3330,-556,-135,-117,1287,-235,-313,998,-155,418,-85,
165067,166525,1732266,2333401,5231383,5166730,-643,84,2592,-277,-465,974,-477,-3317,-800,-156,-125,1280,-235,-313,998,-147,404,-87,
165067,166525,1732266,2329935,5231383,5166730,-610,-59,2662,-356,-487,917,-124,-3361,-991,-152,-120,1278,-223,-311,1002,-131,404,-88,
165067,166525,1732266,2329935,5230735,5166730,-574,-360,2726,-356,-524,882,24,-3548,-1134,-171,-125,1291,-223,-311,1002,-91,397,-93,
165067,166525,1732266,2329935,5230735,5136721,-530,-773,2789,-419,-524,882,-251,-3886,-1178,-158,-111,1258,-220,-305,994,-68,396,-103,
165067,166525,1732266,2329935,5230735,5136721,-642,-889,2876,-507,-531,866,-959,-4345,-1149,-176,-124,1248,-220,-308,1001,-20,392,-100,
165067,166525,1732266,2329935,5230735,5136721,-983,-660,3183,-507,-531,866,-1657,-4662,-1180,-167,-145,1241,-208,-308,1001,28,371,-101,
165340,166525,1732266,2329935,5230735,5136721,-1912,-291,3114,-609,-505,812,-2008,-4647,-1342,-174,-158,1272,-200,-315,996,53,358,-82,
165340,166583,1732266,2329935,5230735,5136721,-2317,-322,2875,-609,-505,812,-2051,-4337,-1578,-187,-148,1299,-200,-315,996,82,349,-69,
165340,166583,1951735,2329935,5230735,5136721,-2602,-475,2524,-675,-481,779,-1948,-3861,-1962,-198,-135,1322,-191,-313,1001,97,347,-59,
165340,166583,1951735,2239092,5230735,5136721,-2769,-591,2089,-675,-481,779,-2688,-2756,-1991,-197,-135,1346,-191,-313,1001,119,361,-48,
165340,166583,1951735,2239092,5238110,5136721,-3036,-286,1781,-722,-453,734,-3529,-2170,-2026,-201,-137,1374,-183,-314,990,149,382,-33,
165340,166583,1951735,2239092,5238110,5176453,-3381,280,1739,-736,-423,735,-4007,-1678,-2055,-202,-136,1431,-173,-322,997,148,426,-18,
165340,166583,1951735,2239092,5238110,5176453,-3696,1185,1644,-736,-423,735,-3711,-1253,-2014,-209,-152,1520,-173,-322,997,142,504,2,
165340,166583,1951735,2239092,5238110,5176453,-3978,2064,1434,-735,-403,720,-2719,-671,-1861,-211,-155,1618,-157,-330,994,136,629,28,
165221,166583,1951735,2239092,5238110,5176453,-3562,1737,1453,-735,-403,720,-1424,117,-1586,-237,-129,1650,-157,-330,994,131,793,36,
165221,166668,1951735,2239092,5238110,5176453,-4489,1457,6077,-702,-421,744,-40,1697,-1302,-234,-127,1735,-138,-325,995,115,987,50,
165221,166668,2237475,2239092,5238110,5176453,312,-175,468,-702,-421,744,559,3942,-942,-258,-122,1733,-138,-325,995,97,1224,56,
165221,166668,2237475,2229763,5238110,5176453,929,-274,1010,-621,-450,772,1037,4063,-656,-259,-117,1827,-101,-333,986,80,1472,75,
165221,166668,2237475,2229763,5157524,5176453,615,-95,1847,-538,-498,819,1542,3975,-446,-267,-119,1858,-62,-342,970,49,1729,94,
165221,166668,2237475,2229763,5157524,4918017,-67,-49,1911,-538,-498,819,1906,4067,-267,-281,-99,1843,-62,-342,970,23,2283,89,
165221,166668,2237475,2229763,5157524,4918017,-190,-3,1969,-453,-534,842,1537,3908,-348,-314,-116,1837,-6,-350,968,52,2558,88,
165221,166668,2237475,2229763,5157524,4918017,-44,178,1895,-453,-534,842,953,3432,-442,-338,-70,1883,-6,-350,968,86,2862,74,
5216331,166668,2237475,2229763,5157524,4918017,-13,127,1758,-397,-553,855,737,2937,-175,-368,14,1881,60,-354,962,107,3188,61,
5216331,166630,2237475,2229763,5157524,4918017,-79,-4,1664,-397,-553,855,703,2603,389,-427,166,1863,60,-354,962,95,3522,1,
5216331,166630,4597737,2229763,5157524,4918017,-64,-121,1541,-349,-556,872,362,2045,297,-521,379,1893,140,-356,915,148,3884,-123,
5216331,166630,4597737,2422577,5157524,4918017,-100,-178,1477,-349,-568,875,325,1823,53,-571,540,1976,234,-376,887,325,4223,-316,
5216331,166630,4597737,2422577,4572131,4918017,-131,-129,1452,-312,-568,875,452,1589,-155,-667,501,2665,234,-376,887,557,4466,-526,
5216331,166630,4597737,2422577,4572131,4591920,-200,-40,1523,-279,-581,880,578,1118,-179,-762,18,2820,331,-395,828,827,4620,-689,
5216331,166630,4597737,2422577,4572131,4591920,-281,-116,1418,-279,-581,880,638,592,-140,-707,204,2811,331,-395,828,957,4685,-758,
5216331,166630,4597737,2422577,4572131,4591920,-112,-28,1353,-266,-599,879,577,426,-134,-482,363,2704,420,-412,756,1053,4729,-893,
5239197,166630,4597737,2422577,4572131,4591920,-140,3,1370,-266,-599,879,513,372,-97,-433,722,2756,420,-433,675,1307,4782,-1093,
5239197,166683,4597737,2422577,4572131,4591920,-140,1,1344,-265,-608,868,427,315,-89,-149,592,2859,510,-433,675,1925,4842,-1439,
5239197,166683,5270747,2422577,4572131,4591920,-148,-15,1371,-265,-608,868,378,278,-72,277,604,2769,601,-454,561,2329,4872,-1878,
5239197,166683,5270747,1523550,4572131,4591920,-143,-1,1347,-258,-618,860,348,241,-52,1988,697,1230,601,-454,561,2459,4886,-2375,
5239197,166683,5270747,1523550,165218,4591920,-150,5,1354,-255,-628,863,358,225,-40,1321,172,222,681,-436,446,2432,4799,-2942,
5239197,166683,5270747,1523550,165218,845775,-180,51,1388,-255,-628,863,324,189,-29,1844,-405,1120,681,-436,446,2160,4068,-3548,
5239197,166683,5270747,1523550,165218,845775,-165,39,1340,-250,-631,853,222,146,-20,1819,-875,920,737,-388,380,1047,554,-3151,
5239197,166683,5270747,1523550,165218,845775,-166,53,1358,-250,-631,853,167,128,-26,1537,-966,646,747,-349,395,207,-904,-2483,
5159453,166683,5270747,1523550,165218,845775,-159,29,1352,-247,-632,855,143,120,-31,1154,-777,701,747,-349,395,-547,-1883,-1849,
5159453,4349130,5270747,1523550,165218,845775,-158,56,1363,-247,-632,855,65,92,-35,866,-428,901,735,-322,451,-894,-2430,-1398,
5159453,4349130,5333491,1523550,165218,845775,-151,46,1346,-245,-632,864,28,90,-44,665,188,809,735,-322,451,-754,-2716,-1122,
5159453,4349130,5333491,243873,165218,845775,-159,50,1349,-243,-636,864,-10,79,-51,658,223,746,704,-300,503,-291,-2907,-957,
5159453,4349130,5333491,243873,164477,845775,-156,52,1346,-243,-636,864,-41,63,-56,698,154,758,704,-300,503,252,-3105,-847,
5159453,4349130,5333491,243873,164477,306930,-165,41,1364,-241,-636,861,-72,46,-63,782,20,790,664,-299,560,724,-3380,-755,
5159453,4349130,5333491,243873,164477,306930,-162,59,1342,-241,-636,861,-98,36,-80,866,-162,833,614,-316,619,1033,-3779,-676,
5159453,4349130,5333491,243873,164477,306930,-162,44,1339,-242,-632,865,-121,22,-81,878,-368,886,614,-316,619,1100,-4220,-580,
4158770,4349130,5333491,243873,164477,306930,-164,41,1358,-242,-632,865,-136,13,-83,526,-208,1188,544,-336,694,983,-4606,-481,
4158770,4978370,5333491,243873,164477,306930,-150,17,1355,-238,-624,874,-205,30,-75,255,56,1404,544,-336,694,839,-4770,-507,
4158770,4978370,5353478,243873,164477,306930,-157,6,1348,-235,-619,869,-277,53,-68,-26,329,1503,461,-352,769,897,-4672,-767,
4158770,4978370,5353478,425603,164477,306930,-161,-17,1377,-235,-619,869,-280,74,-56,-246,434,1677,461,-352,769,1232,-4386,-1241,
4158770,4978370,5353478,425603,165153,306930,-162,-38,1380,-234,-619,874,-269,122,-28,-321,219,1835,390,-376,830,1754,-4010,-1811,
4158770,4978370,5353478,425603,165153,1123938,-164,-17,1333,-234,-619,874,-234,140,0,-232,-220,1941,329,-416,829,2231,-3675,-2314,
4158770,4978370,5353478,425603,165153,1123938,-175,-24,1324,-231,-613,875,-182,115,4,-198,-708,2143,329,-416,829,2402,-3510,-2570,
4158770,4978370,5353478,425603,165153,1123938,-161,-24,1337,-231,-613,875,-144,80,255,-504,-1115,2252,278,-467,841,1648,-3362,-2279,
165372,4978370,5353478,425603,165153,1123938,-167,-19,1366,-234,-605,880,-111,71,4,-593,-730,2289,278,-467,841,1216,-3315,-1877,
165372,4897149,5353478,425603,165153,1123938,-176,6,1415,-234,-605,880,-58,111,2,-724,-324,2302,232,-491,840,1216,-3353,-1518,
165372,4897149,5367585,425603,165153,1123938,-173,-8,1337,-232,-609,885,-32,148,-1,-817,-182,2356,232,-534,826,1512,-3302,-1266,
165372,4897149,5367585,504506,165153,1123938,-174,-17,1321,-224,-608,883,-14,128,-7,-736,-269,2365,194,-534,826,1788,-3170,-1064,
165372,4897149,5367585,504506,165038,1123938,-178,-9,1310,-224,-608,883,-12,112,4,-563,-409,2332,157,-585,819,1911,-3140,-836,
165372,4897149,5367585,504506,165038,1100111,-191,-6,1270,-225,-605,882,-3,96,-1,-381,-296,2353,157,-585,819,1976,-3222,-575,
165372,4897149,5367585,504506,165038,1100111,-181,-24,1289,-225,-605,882,9,60,-1,-438,-294,2346,113,-638,803,2188,-3393,-337,
165372,4897149,5367585,504506,165038,1100111,-180,-28,1302,-225,-608,878,25,24,12,-637,-487,2403,113,-638,803,2499,-3537,-129,
165250,4897149,5367585,504506,165038,1100111,-182,-25,1302,-225,-608,878,40,-3,27,-962,-748,2454,57,-691,764,2678,-3423,75,
165250,4832464,5367585,504506,165038,1100111,-172,-26,1287,-225,-602,882,75,-25,39,-1035,-836,2346,17,-751,719,2572,-3014,234,
165250,4832464,5366246,504506,165038,1100111,-171,-16,1290,-224,-611,876,107,-47,42,-944,-880,2207,17,-751,719,2371,-2683,346,
165250,4832464,5366246,586022,165038,1100111,-169,-25,1275,-224,-611,876,124,-76,46,-878,-997,1959,-20,-787,672,2173,-2533,491,
165250,4832464,5366246,586022,165221,1100111,-161,-26,1310,-229,-614,882,142,-108,54,-1055,-994,1811,-20,-787,672,1859,-2420,696,
165250,4832464,5366246,586022,165221,1106998,-164,26,1324,-229,-614,882,155,-131,62,-1243,-918,1728,-48,-801,664,1476,-2252,865,
165250,4832464,5366246,586022,165221,1106998,-159,16,1314,-240,-612,880,158,-144,47,-1424,-914,1595,-48,-801,664,1133,-2053,884,
165250,4832464,5366246,586022,165221,1106998,-160,47,1348,-240,-612,880,151,-167,18,-1582,-847,1484,-75,-803,647,745,-1875,542,
165256,4832464,5366246,586022,165221,1106998,-175,25,1416,-242,-611,864,166,-121,4,-1802,-756,1403,-79,-810,662,145,-1405,166,
165256,5017708,5366246,586022,165221,1106998,-153,29,1380,-240,-617,860,157,-79,2,-2092,-623,1363,-79,-810,662,4,-875,-349,
165256,5017708,5359318,586022,165221,1106998,-146,26,1447,-240,-617,860,109,-17,-10,-2250,-740,1323,-67,-801,667,-96,-163,-910,
165256,5017708,5359318,615296,165221,1106998,-147,30,1375,-242,-623,876,41,31,-12,-2831,-1888,4344,-67,-801,667,-482,744,-1270,
165256,5017708,5359318,615296,165232,1106998,-149,14,1455,-242,-623,876,-30,52,-3,-1901,-1599,930,-12,-770,679,-1496,2279,-1207,
165256,5017708,5359318,615296,165232,1155952,-144,-35,1493,-236,-623,872,-109,114,21,-1178,-486,1231,-12,-770,679,-2351,2915,-1144,
165256,5017708,5359318,615296,165232,1155952,-160,51,1716,-236,-623,872,-202,215,42,303,201,1085,61,-717,702,-2823,2914,-1270,
165256,5017708,5359318,615296,165232,1155952,-140,-36,1688,-233,-609,875,-139,407,25,612,13,1601,134,-646,734,-3451,2711,-1401,
164865,5017708,5359318,615296,165232,1155952,-159,6,1735,-233,-609,884,-125,612,31,362,65,1939,134,-646,734,-4228,2500,-1541,
164865,5006134,5359318,615296,165232,1155952,-157,8,1732,-219,-617,884,-90,824,23,-147,203,1675,204,-556,752,-4147,2571,-1350,
164865,5006134,5373093,615296,165232,1155952,-169,15,1790,-192,-613,879,-57,1037,10,-130,153,1657,204,-556,752,-2834,2610,-635,
164865,5006134,5373093,5066326,165232,1155952,-179,58,1803,-192,-613,879,-17,1266,-15,-61,77,1675,254,-525,751,-1406,2499,345,
164865,5006134,5373093,5066326,165275,1155952,-213,27,1884,-150,-616,877,37,1518,-46,-8,-164,1633,254,-525,747,-576,2394,1049,
164865,5006134,5373093,5066326,165275,2485979,-197,30,1871,-150,-616,877,75,1807,-75,25,-329,1543,276,-525,747,-386,2146,1097,
164865,5006134,5373093,5066326,165275,2485979,-218,17,1824,-97,-616,873,65,2386,-86,-36,-348,1435,304,-525,722,-341,1841,742,
164865,5006134,5373093,5066326,165275,2485979,-262,48,1773,-97,-616,873,-53,2711,-102,-85,-157,1417,304,-525,722,-252,1670,349,
165173,5006134,5373093,5066326,165275,2485979,-276,58,1808,-32,-611,877,-116,2934,-115,-96,-122,1429,329,-523,703,-162,1594,114,
165173,3974768,5373093,5066326,165275,2485979,-323,55,1764,44,-621,867,-166,3152,-136,-197,-83,1500,329,-523,703,-129,1047,162,
165173,3974768,5260022,5066326,165275,2485979,-402,-35,1871,44,-621,867,-231,3356,-143,-178,-96,1374,343,-515,675,-152,438,93,
165173,3974768,5260022,5158884,165275,2485979,-516,-69,2469,129,-606,855,-485,3562,-131,-151,-109,1326,347,-521,691,-166,264,58,
165173,3974768,5260022,5158884,167139,2485979,-535,34,2555,129,-606,855,-1009,3758,-84,-134,-105,1306,347,-521,691,-170,244,52,
165173,3974768,5260022,5158884,167139,4427330,-544,244,2418,215,-579,841,-1273,3905,-35,-147,-111,1332,348,-522,696,-174,209,38,
165173,3974768,5260022,5158884,167139,4427330,-585,-155,2590,215,-579,841,-1205,4014,-42,-142,-129,1321,348,-522,696,-174,154,26,
165173,3974768,5260022,5158884,167139,4427330,-748,-83,2705,302,-554,800,-1295,4135,29,-131,-120,1318,350,-512,690,-149,111,20,
165140,3974768,5260022,5158884,167139,4427330,-470,-53,2569,393,-543,764,-1041,4277,150,-136,-121,1299,350,-512,690,-142,77,14,
165140,185849,5260022,5158884,167139,4427330,-289,-210,2429,393,-543,764,-514,4290,283,-132,-127,1300,351,-508,678,-126,58,18,
165140,185849,3886780,5158884,167139,4427330,-180,-367,2295,468,-558,702,-64,4224,404,-131,-137,1307,351,-512,686,-103,53,23,
165140,185849,3886780,5262690,167139,4427330,1791,-859,1034,468,-558,702,248,4119,527,-136,-128,1302,351,-512,686,-75,50,26,
165140,185849,3886780,5262690,5001768,4427330,1606,-807,-119,516,-580,645,447,3748,778,-127,-143,1317,352,-514,693,-56,43,30,
165140,185849,3886780,5262690,5001768,4232352,1761,-590,759,516,-580,645,514,1252,1470,-132,-133,1320,352,-514,693,-34,50,27,
165140,185849,3886780,5262690,5001768,4232352,1660,-468,873,507,-600,612,526,-431,1518,-143,-120,1304,354,-509,685,-23,52,36,
165140,185849,3886780,5262690,5001768,4232352,1282,-301,851,507,-600,623,703,-1389,1530,-128,-126,1310,354,-509,685,-25,50,38,
165159,185849,3886780,5262690,5001768,4232352,930,-177,876,466,-646,623,988,-1875,1497,-139,-123,1313,353,-509,686,-25,48,32,
165159,166648,3886780,5262690,5001768,4232352,715,-234,775,401,-683,622,1170,-2109,1431,-127,-127,1308,351,-515,684,-29,51,28,
165159,166648,2197505,5262690,5001768,4232352,666,-264,783,401,-683,622,1169,-2257,1292,-128,-128,1304,351,-515,684,-30,28,23,
165159,166648,2197505,5260905,5001768,4232352,678,-276,810,344,-723,632,1071,-2393,1001,-133,-125,1307,355,-512,696,-38,25,21,
165159,166648,2197505,5260905,5118072,4232352,710,-312,777,344,-723,632,919,-2602,561,-132,-122,1315,355,-512,696,-38,32,21,
165159,166648,2197505,5260905,5118072,3979545,733,-313,819,289,-739,621,786,-2889,26,-131,-127,1314,352,-504,695,-32,29,23,
165159,166648,2197505,5260905,5118072,3979545,660,-374,911,289,-739,621,661,-3189,-530,-127,-124,1297,352,-509,688,-27,34,19,
165159,166648,2197505,5260905,5118072,3979545,567,-459,1075,245,-752,628,584,-3415,-1056,-128,-130,1309,354,-509,688,-14,35,15,
165234,166648,2197505,5260905,5118072,3979545,517,-559,1178,213,-757,626,509,-3536,-1500,-128,-129,1299,353,-515,695,-9,44,16,
165234,166633,2197505,5260905,5118072,3979545,448,-614,1285,213,-757,626,414,-3642,-1853,-131,-135,1307,353,-515,695,-7,44,11,
165234,166633,1583565,5260905,5118072,3979545,357,-784,1481,193,-757,638,327,-3763,-2106,-130,-120,1309,352,-510,701,-7,42,1,
165234,166633,1583565,5221800,5118072,3979545,-87,-899,1654,193,-757,638,255,-3864,-2241,-136,-119,1299,352,-510,701,-15,34,-7,
165234,166633,1583565,5221800,5148263,3979545,-300,-970,1778,179,-753,633,135,-3845,-2090,-131,-129,1294,349,-503,696,-21,51,6,
165234,166633,1583565,5221800,5148263,3919007,-392,-897,1861,179,-753,633,-289,-3397,-1925,-135,-127,1306,353,-508,704,-31,51,0,
165234,166633,1583565,5221800,5148263,3919007,-431,-675,1960,190,-743,646,-387,-3165,-1832,-132,-127,1301,353,-508,704,-30,49,-3,
165234,166633,1583565,5221800,5148263,3919007,-445,-398,2129,221,-732,661,-271,-2963,-1891,-138,-133,1291,352,-509,689,-21,49,-4,
165093,166633,1583565,5221800,5148263,3919007,-367,-231,2204,221,-732,661,13,-2849,-2112,-138,-142,1297,352,-509,689,-26,50,-4,
165093,166504,1583565,5221800,5148263,3919007,-272,-224,2276,252,-719,731,373,-2872,-2449,-120,-125,1299,353,-506,697,-20,47,-5,
165093,166504,1720659,5221800,5148263,3919007,-309,-375,2368,252,-719,731,746,-2968,-2825,-130,-129,1304,353,-506,697,-16,43,-4,
165093,166504,1720659,5213685,5148263,3919007,-352,-500,2377,248,-710,802,1073,-3098,-3238,-125,-135,1307,350,-507,695,-19,37,2,
165093,166504,1720659,5213685,5177540,3919007,-365,-745,2363,248,-710,802,1305,-3234,-3652,-136,-127,1297,356,-512,686,-16,34,4,
165093,166504,1720659,5213685,5177540,4131557,-387,-982,2320,203,-716,848,1358,-3473,-4020,-133,-131,1310,356,-512,686,-13,35,-2,
165093,166504,1720659,5213685,5177540,4131557,-538,-1101,2340,203,-740,867,1257,-3713,-4268,-126,-127,1309,352,-511,686,-2,31,-4,
165093,166504,1720659,5213685,5177540,4131557,-708,-1186,2331,147,-740,867,1154,-3789,-4368,-130,-125,1304,352,-511,686,-6,37,-1,
164933,166504,1720659,5213685,5177540,4131557,-839,-1307,2319,123,-775,854,1083,-3747,-4349,-125,-136,1300,351,-508,686,-8,17,5,
164933,166375,1720659,5213685,5177540,4131557,-994,-1427,2295,123,-775,854,989,-3681,-4244,-123,-132,1287,351,-508,686,-3,23,-4,
164933,166375,1660346,5213685,5177540,4131557,-1331,-1595,2206,114,-802,843,859,-3564,-4151,-122,-132,1305,353,-508,699,-10,28,-2,
164933,166375,1660346,5232065,5177540,4131557,-1526,-1934,2116,114,-802,843,731,-3364,-4020,-135,-127,1314,355,-511,701,-17,25,7,
164933,166375,1660346,5232065,5180936,4131557,-1732,-2264,2020,118,-807,846,-145,-2747,-3809,-127,-127,1298,355,-511,701,-17,29,0,
164933,166375,1660346,5232065,5180936,4410239,-1924,-2396,1901,118,-807,846,-976,-2383,-3489,-126,-127,1311,354,-510,696,-27,34,-1,
164933,166375,1660346,5232065,5180936,4410239,-2056,-2290,1766,137,-788,868,-1811,-2082,-3057,-135,-128,1312,354,-510,696,-22,25,9,
164933,166375,1660346,5232065,5180936,4410239,-2191,-1911,1650,146,-730,930,-2579,-1776,-2478,-121,-130,1305,351,-505,695,-18,31,4,
165181,166375,1660346,5232065,5180936,4410239,-2294,-1179,1659,146,-730,930,-3008,-1390,-1818,-119,-134,1330,351,-508,690,-10,41,2,
165181,166523,1660346,5232065,5180936,4410239,-3037,174,3939,144,-660,985,-2726,-952,-1193,-127,-122,1324,350,-508,690,-13,47,5,
165181,166523,2181219,5232065,5180936,4410239,-2322,334,1260,144,-660,985,-2224,251,-758,-127,-125,1308,352,-506,696,-16,54,5,
165181,166523,2181219,5188734,5180936,4410239,-2761,572,1675,187,-609,1005,-1536,1356,-571,-133,-127,1314,352,-506,696,-23,52,-2,
165181,166523,2181219,5188734,5220936,4410239,-3169,1061,1013,187,-609,1005,-530,2182,-708,-136,-129,1315,353,-514,694,-63,45,-9,
165181,166523,2181219,5188734,5220936,4592088,-1647,434,1468,264,-594,1005,-194,3100,-1265,-130,-132,1322,353,-514,694,-69,41,-19,
165181,166523,2181219,5188734,5220936,4592088,337,-181,1853,384,-554,975,-956,3690,-1825,-125,-139,1331,356,-506,687,-62,31,-31,
165181,166523,2181219,5188734,5220936,4592088,329,97,1924,384,-554,975,-1287,3574,-2122,-117,-129,1325,354,-508,692,-60,10,-39,
5196404,166523,2181219,5188734,5220936,4592088,-348,341,1799,493,-510,948,-1170,3344,-1973,-108,-125,1328,354,-508,692,-47,-8,-41,
5196404,166672,2181219,5188734,5220936,4592088,-217,255,1828,493,-510,948,-848,3203,-1495,-101,-132,1334,354,-513,700,-75,3,-34,
5196404,166672,3685039,5188734,5220936,4592088,-202,158,1659,561,-487,909,-541,2882,-593,-119,-92,1462,354,-513,700,-172,70,-35,
5196404,166672,3685039,4275505,5220936,4592088,-159,35,1569,561,-487,909,-64,1874,-265,-141,-76,1586,357,-493,709,-485,112,-90,
5196404,166672,3685039,4275505,5284297,4592088,-178,-1,1507,612,-473,886,64,1385,-138,-126,-82,1487,357,-493,709,-985,162,-183,
5196404,166672,3685039,4275505,5284297,2960796,-183,11,1433,641,-478,869,107,1003,-151,-277,652,1622,359,-471,698,-1014,155,-285,
5196404,166672,3685039,4275505,5284297,2960796,-202,20,1440,641,-478,869,137,644,-142,-293,33,2298,373,-464,713,-508,467,-623,
5196404,166672,3685039,4275505,5284297,2960796,-242,-10,1426,644,-485,864,102,276,-84,-230,301,1694,373,-464,713,-530,1058,-725,
5251026,166672,3685039,4275505,5284297,2960796,-131,0,1342,644,-485,864,47,124,-41,-275,470,1659,411,-435,697,-443,1282,-1004,
5251026,166733,3685039,4275505,5284297,2960796,-127,-1,1351,652,-487,862,78,91,-23,-280,562,1619,411,-435,697,-356,1462,-1355,
5251026,166733,4819984,4275505,5284297,2960796,-126,15,1347,652,-487,862,127,89,-17,-258,587,1528,451,-402,689,-298,1628,-1694,
5251026,166733,4819984,2024977,5284297,2960796,-124,33,1337,649,-489,864,161,99,-12,-225,508,1495,451,-402,689,-213,1767,-2065,
5251026,166733,4819984,2024977,5153156,2960796,-134,35,1333,649,-489,864,203,112,-8,-188,526,1471,499,-357,674,-198,1852,-2727,
5251026,166733,4819984,2024977,5153156,678918,-141,52,1335,652,-493,860,223,121,-7,-156,459,1440,552,-299,652,-250,1927,-3025,
5251026,166733,4819984,2024977,5153156,678918,-150,55,1342,659,-498,847,197,104,-7,-92,320,1387,552,-299,652,-402,1900,-3261,
5251026,166733,4819984,2024977,5153156,678918,-139,57,1330,659,-498,847,168,93,-9,-117,509,1322,604,-227,629,-485,1910,-3485,
5254691,166733,4819984,2024977,5153156,678918,-157,55,1342,655,-505,855,149,80,1,-120,624,1301,604,-227,629,-430,1937,-3766,
5254691,166548,4819984,2024977,5153156,678918,-150,75,1338,655,-505,855,140,69,12,-69,576,1293,648,-136,606,-296,1945,-4097,
5254691,166548,5003889,2024977,5153156,678918,-152,67,1341,659,-506,842,88,46,-10,-20,535,1349,648,-45,583,-194,1930,-4424,
5254691,166548,5003889,1789901,5153156,678918,-141,70,1324,659,-506,842,1,43,-21,45,556,1286,691,-45,583,-114,1920,-4727,
5254691,166548,5003889,1789901,4609885,678918,-152,64,1336,657,-499,848,-3,37,-25,138,587,1214,722,63,551,-13,1894,-5024,
5254691,166548,5003889,1789901,4609885,163969,-160,38,1351,659,-507,854,14,38,-32,304,361,1194,722,63,551,31,1794,-5324,
5254691,166548,5003889,1789901,4609885,163969,-149,50,1326,659,-507,854,36,47,-34,400,357,1170,732,181,544,-6,1703,-5559,
5254691,166548,5003889,1789901,4609885,163969,-138,47,1351,659,-505,842,61,53,-28,467,339,1152,732,181,544,-19,1631,-5782,
5254044,166548,5003889,1789901,4609885,163969,-158,48,1347,659,-505,842,91,59,-20,535,276,1144,718,309,537,-25,1541,-6003,
5254044,2326704,5003889,1789901,4609885,163969,-156,64,1326,660,-500,843,119,60,-25,603,220,1134,685,436,524,-42,1433,-6201,
5254044,2326704,5073673,1789901,4609885,163969,-152,-1,-1,660,-500,843,152,58,-23,680,121,1103,685,436,524,-42,1333,-6368,
