0,0,0,0,0,0,-231,110,1968,-514,-606,3319,-50,340,-325,-102,-115,1313,-222,-574,935,-12,28,-40,
5168811,0,0,0,0,0,-153,40,1319,-827,-1565,2646,-39,325,-1241,-112,-115,1279,-226,-572,923,-6,25,-40,
5168811,3940778,0,0,0,0,-140,63,1334,-827,-1565,2646,-29,318,-1226,-106,-109,1304,-228,-575,929,-8,30,-46,
5168811,3940778,5129225,0,0,0,-150,52,1332,-274,-512,867,-21,322,-1266,-108,-109,1303,-228,-575,929,-5,35,-44,
5168811,3940778,5129225,5121458,0,0,-150,63,1323,-274,-768,872,-47,323,-1184,-111,-117,1303,-226,-575,935,-12,23,-40,
5168811,3940778,5129225,5121458,3589716,0,-150,60,1317,-272,-520,872,-20,325,-1278,-111,-118,1313,-226,-575,935,-9,24,-36,
5168811,3940778,5129225,5121458,3589716,3576364,-152,47,1316,-270,-525,871,-35,328,-1226,-110,-106,1310,-227,-570,929,-6,15,-43,
5168811,3940778,5129225,5121458,3589716,3576364,-148,49,1317,-270,-525,871,-65,313,-1049,-123,-106,1318,-227,-570,935,-8,8,-39,
5168811,3940778,5129225,5121458,3589716,3576364,-145,67,1326,-272,-526,871,-62,303,-1051,-112,-112,1303,-226,-576,935,4,4,-38,
5230685,3940778,5129225,5121458,3589716,3576364,-148,62,1306,-272,-526,871,-63,290,-1025,-92,-109,1301,-227,-575,926,255,-6,-42,
5230685,167082,5129225,5121458,3589716,3576364,-159,59,1354,-274,-518,873,-67,276,-997,-121,-109,1298,-227,-575,926,12,-29,-47,
5230685,167082,5084748,5121458,3589716,3576364,-162,73,1319,-274,-518,873,-68,252,-957,-105,-130,1311,-228,-577,936,24,-44,-74,
5230685,167082,5084748,5130446,3589716,3576364,-160,47,1308,-274,-521,855,-70,225,-894,-90,-143,1295,-228,-577,936,38,-45,-158,
5230685,167082,5084748,5130446,165077,3576364,-156,46,1321,-276,-520,871,-82,189,-810,-103,-168,1303,-229,-573,919,45,-44,-306,
5230685,167082,5084748,5130446,165077,1855967,-183,52,1365,-276,-520,871,-104,147,-696,-95,-171,1298,-223,-580,936,53,-34,-449,
5230685,167082,5084748,5130446,165077,1855967,-154,62,1217,-277,-521,871,-95,88,-282,-123,-140,1329,-223,-580,936,70,-67,-525,
5230685,167082,5084748,5130446,165077,1855967,-158,40,1281,-277,-521,871,-44,-9,-146,-130,-140,1312,-219,-585,935,66,-81,-567,
5266687,167082,5084748,5130446,165077,1855967,-141,70,1307,-278,-518,876,-14,-14,-1,-123,-118,1309,-219,-585,935,-12,-70,-610,
5266687,166643,5084748,5130446,165077,1855967,-152,39,1339,-278,-518,876,-8,-11,-17,-103,-92,1311,-217,-586,932,-92,-69,-668,
5266687,166643,5079214,5130446,165077,1855967,-149,39,1334,-280,-507,875,-11,-9,-20,-110,-86,1303,-217,-586,932,-120,-74,-667,
5266687,166643,5079214,5122893,165077,1855967,-159,41,1315,-278,-517,877,2,4,-17,-101,-65,1315,-208,-575,923,-146,-84,-644,
5266687,166643,5079214,5122893,164808,1855967,-153,30,1316,-278,-517,877,17,21,-33,-57,-45,1305,-209,-577,937,-161,-90,-570,
5266687,166643,5079214,5122893,164808,959469,-140,48,1293,-281,-521,870,35,34,-32,-62,-45,1318,-209,-577,937,-145,-62,-456,
5266687,166643,5079214,5122893,164808,959469,-157,43,1324,-281,-521,870,60,43,-37,-28,-35,1298,-205,-578,933,-112,-23,-317,
5266687,166643,5079214,5122893,164808,959469,-153,70,1301,-280,-517,872,64,61,-37,-64,-79,1302,-205,-578,933,-83,14,-168,
5268688,166643,5079214,5122893,164808,959469,-164,58,1349,-280,-517,872,71,60,-34,-69,-98,1269,-203,-573,925,-65,77,241,
5268688,182327,5079214,5122893,164808,959469,-154,65,1305,-280,-511,872,61,51,-29,-70,-137,1262,-203,-573,925,-44,247,45,
5268688,182327,5113904,5122893,164808,959469,-177,49,1360,-274,-516,871,40,40,-28,-75,-144,1292,-205,-573,933,37,285,-4,
5268688,182327,5113904,5114727,164808,959469,-170,62,1328,-274,-516,871,17,38,-34,-111,-151,1315,-201,-577,926,118,260,-62,
5268688,182327,5113904,5114727,164798,959469,-143,61,1310,-280,-520,873,-10,26,-26,-91,-128,1308,-201,-577,926,128,209,-66,
5268688,182327,5113904,5114727,164798,1559779,-161,69,1325,-280,-520,873,-49,19,-20,-100,-118,1285,-195,-578,927,90,172,-52,
5268688,182327,5113904,5114727,164798,1559779,-172,63,1345,-277,-518,873,-87,-33,6,-104,-119,1293,-195,-578,927,64,184,-43,
5268688,182327,5113904,5114727,164798,1559779,-162,34,1356,-277,-518,873,-165,-83,20,-95,-104,1293,-191,-578,924,76,210,-36,
4969004,182327,5113904,5114727,164798,1559779,-147,7,1326,-284,-508,879,-143,-118,40,-98,-96,1301,-191,-578,933,74,221,-29,
4969004,2475853,5113904,5114727,164798,1559779,-130,34,1352,-284,-508,885,-131,-150,67,-111,-112,1307,-187,-578,933,51,222,-8,
4969004,2475853,4840825,5114727,164798,1559779,-78,31,1344,-288,-510,885,-118,-203,87,-109,-107,1322,-186,-581,938,31,196,-2,
4969004,2475853,4840825,5228770,164798,1559779,-2,-97,1395,-293,-511,875,12,-265,114,-118,-104,1322,-186,-581,938,36,183,8,
4969004,2475853,4840825,5228770,3971038,1559779,110,-642,1533,-293,-511,875,174,-151,380,-118,-107,1332,-183,-583,931,39,161,9,
4969004,2475853,4840825,5228770,3971038,4645210,653,-391,1733,-296,-505,876,-27,379,900,-119,-85,1332,-183,-583,931,55,133,4,
4969004,2475853,4840825,5228770,3971038,4645210,1005,-223,1152,-296,-505,876,-49,740,1272,-118,-87,1318,-181,-575,925,57,111,1,
4969004,2475853,4840825,5228770,3971038,4645210,1129,-258,1195,-300,-500,871,-38,648,1432,-116,-96,1328,-180,-583,923,8,107,4,
2445481,2475853,4840825,5228770,3971038,4645210,1225,-141,1095,-300,-500,871,-74,501,1445,-110,-99,1308,-180,-583,923,-33,108,-2,
2445481,166395,4840825,5228770,3971038,4645210,1192,-31,1179,-307,-477,884,-106,304,1265,-127,-101,1310,-178,-585,927,-55,100,-13,
2445481,166395,2028623,5228770,3971038,4645210,1213,243,1188,-321,-478,886,-117,-41,883,-125,-109,1320,-178,-585,927,-66,70,-20,
2445481,166395,2028623,5189370,3971038,4645210,1150,318,1156,-321,-478,886,132,-451,377,-123,-96,1321,-175,-576,931,-62,53,-21,
2445481,166395,2028623,5189370,4905774,4645210,901,-506,1161,-337,-489,873,408,-723,-140,-127,-103,1313,-175,-576,931,-74,40,-30,
2445481,166395,2028623,5189370,4905774,4928780,524,-535,1154,-337,-489,873,409,-899,-575,-113,-111,1301,-181,-578,942,-69,46,-31,
2445481,166395,2028623,5189370,4905774,4928780,328,-467,1185,-360,-485,867,-273,-946,-549,-129,-96,1296,-175,-580,931,-74,62,-32,
2445481,166395,2028623,5189370,4905774,4928780,136,-283,1203,-360,-485,867,-519,-926,-485,-130,-114,1300,-175,-580,931,-82,62,-37,
440725,166395,2028623,5189370,4905774,4928780,-103,-117,1261,-376,-482,867,-634,-816,-448,-118,-122,1320,-176,-575,939,-75,56,-40,
440725,166506,2028623,5189370,4905774,4928780,-319,-19,1357,-389,-472,860,-715,-629,-435,-125,-118,1321,-176,-575,939,-60,49,-36,
440725,166506,2412587,5189370,4905774,4928780,-723,260,1914,-389,-472,860,-639,-311,-468,-124,-110,1331,-175,-578,929,-37,35,-47,
440725,166506,2412587,4989705,4905774,4928780,-852,766,1477,-380,-470,871,-197,93,-601,-110,-104,1311,-175,-578,929,-17,17,-47,
440725,166506,2412587,4989705,5095697,4928780,-1359,60,1330,-380,-470,871,-9,187,-754,-100,-109,1284,-176,-577,928,-18,11,-45,
440725,166506,2412587,4989705,5095697,4945526,-1568,65,1394,-370,-473,882,-348,363,-728,-122,-108,1308,-175,-582,935,-15,21,-60,
440725,166506,2412587,4989705,5095697,4945526,-1550,432,1498,-370,-473,882,-740,611,-587,-130,-104,1305,-175,-582,935,-27,35,-61,
440725,166506,2412587,4989705,5095697,4945526,-1363,463,1309,-352,-455,887,-736,795,-472,-123,-115,1314,-172,-579,926,-25,37,-63,
2008985,166506,2412587,4989705,5095697,4945526,-1129,1008,1233,-352,-455,884,-547,801,-358,-127,-109,1316,-172,-579,926,-21,14,-73,
2008985,166579,2412587,4989705,5095697,4945526,-762,677,1285,-334,-459,884,257,319,-234,-124,-121,1312,-177,-577,937,-14,-10,-74,
2008985,166579,4024006,4989705,5095697,4945526,-1346,95,1536,-328,-478,881,609,157,-224,-107,-110,1315,-177,-577,945,16,-45,-85,
2008985,166579,4024006,3699126,5095697,4945526,-1176,285,1119,-328,-478,881,744,471,-52,-107,-117,1323,-175,-575,945,39,-89,-101,
2008985,166579,4024006,3699126,5211944,4945526,-112,-396,1410,-311,-511,883,1123,401,-685,-105,-94,1317,-178,-578,928,-77,-48,-98,
2008985,166579,4024006,3699126,5211944,4997749,-36,-1141,1006,-311,-511,883,358,204,-295,-124,-52,1582,-178,-578,928,-171,40,-113,
2008985,166579,4024006,3699126,5211944,4997749,-93,238,1392,-306,-512,875,47,73,180,-116,-158,1528,-174,-571,931,-158,285,-128,
2008985,166579,4024006,3699126,5211944,4997749,-151,254,1232,-306,-512,875,154,89,41,-116,-161,1432,-174,-571,931,-113,454,-95,
719149,166579,4024006,3699126,5211944,4997749,-131,-45,1314,-309,-514,868,199,36,10,-124,-135,1441,-165,-568,941,-77,534,-64,
719149,4047756,4024006,3699126,5211944,4997749,-138,106,1303,-306,-523,873,230,17,9,-137,-143,1562,-151,-574,954,-70,624,-42,
719149,4047756,4869703,3699126,5211944,4997749,-156,32,1329,-306,-523,873,272,-14,7,-141,-124,1532,-151,-574,954,-84,744,-30,
719149,4047756,4869703,2458281,5211944,4997749,-124,97,1411,-307,-529,869,286,-26,2,-144,-99,1474,-135,-569,942,-118,840,-28,
719149,4047756,4869703,2458281,5177796,4997749,-134,57,1403,-307,-529,869,330,-13,-17,-157,-122,1476,-135,-569,942,-124,897,-43,
719149,4047756,4869703,2458281,5177796,4708624,-151,31,1370,-305,-533,865,386,23,-26,-172,-172,1402,-115,-560,932,-122,970,-44,
719149,4047756,4869703,2458281,5177796,4708624,-151,46,1286,-305,-533,865,446,48,-2,-179,-201,1434,-115,-560,932,-90,1041,-22,
719149,4047756,4869703,2458281,5177796,4708624,-152,84,1180,-304,-540,858,479,38,19,-205,-186,1437,-94,-558,930,-33,1118,10,
3510868,4047756,4869703,2458281,5177796,4708624,-174,104,1121,-307,-551,857,457,-30,28,-238,-131,1295,-65,-563,922,21,1202,35,
3510868,5160269,4869703,2458281,5177796,4708624,-162,127,1218,-307,-551,857,407,-136,28,-247,-120,1174,-65,-563,922,58,1233,39,
3510868,5160269,4363881,2458281,5177796,4708624,-133,167,1341,-309,-556,850,237,-149,10,-303,-61,839,-45,-562,934,59,1163,23,
3510868,5160269,4363881,2387136,5177796,4708624,-118,153,1360,-309,-556,850,53,190,-46,-319,-82,1011,-45,-562,934,60,961,-6,
3510868,5160269,4363881,2387136,4909375,4708624,-148,117,1391,-309,-556,864,-101,36,-59,-318,-111,1064,-31,-559,931,48,614,-48,
3510868,5160269,4363881,2387136,4909375,4508049,-155,92,1412,-309,-556,864,-92,25,-59,-340,-121,1074,-31,-559,931,89,506,-50,
3510868,5160269,4363881,2387136,4909375,4508049,-125,98,1337,-312,-548,852,-37,14,-45,-329,-157,1091,-20,-561,931,146,425,-28,
3510868,5160269,4363881,2387136,4909375,4508049,-141,92,1371,-307,-554,844,11,19,-35,-346,-156,1311,-17,-565,914,181,390,-8,
4524800,5160269,4363881,2387136,4909375,4508049,-131,100,1376,-307,-554,844,71,33,-21,-345,-106,1439,-17,-565,914,162,436,1,
4524800,5269762,4363881,2387136,4909375,4508049,-168,76,1386,-310,-555,849,152,44,-8,-355,-89,1470,-4,-566,920,109,515,-7,
4524800,5269762,4523067,2387136,4909375,4508049,-139,156,1282,-310,-555,849,217,53,-3,-365,-63,1334,-4,-566,920,50,612,-10,
4524800,5269762,4523067,2285872,4909375,4508049,-155,137,1334,-309,-560,843,179,51,-5,-381,-65,1245,7,-564,921,-19,659,-20,
4524800,5269762,4523067,2285872,4516909,4508049,-170,117,1358,-309,-560,843,117,42,-11,-386,-79,1426,7,-561,920,-77,656,-36,
4524800,5269762,4523067,2285872,4516909,4459191,-149,128,1304,-309,-560,843,88,43,-18,-387,-120,1453,21,-561,920,-119,708,-47,
4524800,5269762,4523067,2285872,4516909,4459191,-147,136,1295,-309,-560,843,65,42,-13,-413,-106,1470,38,-559,911,-152,786,-35,
4524800,5269762,4523067,2285872,4516909,4459191,-157,132,1344,-306,-565,848,19,33,-21,-414,-118,1225,38,-559,911,-158,858,-47,
4424254,5269762,4523067,2285872,4516909,4459191,-144,118,1304,-306,-566,844,-2,22,-29,-423,-156,1213,51,-557,922,-143,877,-47,
4424254,5298998,4523067,2285872,4516909,4459191,-157,104,1337,-306,-566,844,31,20,-25,-447,-127,1189,51,-557,922,-126,854,-34,
4424254,5298998,4628873,2285872,4516909,4459191,-142,126,1330,-303,-566,847,83,19,-4,-442,-124,1194,71,-550,905,-106,832,-18,
4424254,5298998,4628873,2499216,4516909,4459191,-132,150,1323,-303,-566,847,135,26,-8,-459,-105,1154,88,-550,904,-82,802,-20,
4424254,5298998,4628873,2499216,4430292,4459191,-141,151,1314,-308,-571,840,141,22,-12,-491,-106,1151,88,-550,904,-74,780,-15,
4424254,5298998,4628873,2499216,4430292,4387535,-153,144,1303,-308,-571,840,139,29,-16,-488,-126,1232,103,-545,914,-57,745,-7,
4424254,5298998,4628873,2499216,4430292,4387535,-143,129,1275,-304,-567,848,143,26,-11,-531,-106,1341,103,-545,914,-55,746,-8,
4424254,5298998,4628873,2499216,4430292,4387535,-158,119,1310,-303,-576,846,142,18,0,-527,-111,1334,116,-545,900,-70,773,-9,
4343855,5298998,4628873,2499216,4430292,4387535,-154,141,1294,-303,-576,846,130,9,2,-531,-115,1321,116,-545,900,-81,804,-4,
4343855,5326575,4628873,2499216,4430292,4387535,-154,165,1324,-302,-579,841,83,10,-2,-554,-122,1274,131,-541,906,-87,836,-3,
4343855,5326575,4362521,2499216,4430292,4387535,-151,163,1309,-302,-579,841,27,10,-8,-554,-84,1200,146,-545,904,-103,833,-10,
4343855,5326575,4362521,2643605,4430292,4387535,-156,163,1281,-306,-574,845,-22,17,-22,-562,-71,1131,146,-545,904,-124,802,-33,
4343855,5326575,4362521,2643605,4554003,4387535,-154,166,1304,-306,-574,845,-77,10,-25,-604,-70,1065,161,-540,882,-143,744,-45,
4343855,5326575,4362521,2643605,4554003,4257943,-153,146,1327,-304,-569,845,-153,6,-29,-595,-60,992,161,-540,882,-170,669,-73,
4343855,5326575,4362521,2643605,4554003,4257943,-166,116,1341,-302,-570,849,-184,4,-34,-598,-136,1008,176,-536,886,-184,591,-104,
4343855,5326575,4362521,2643605,4554003,4257943,-161,113,1328,-302,-570,849,-146,3,-26,-610,-113,999,176,-536,886,-195,516,-91,
4507672,5326575,4362521,2643605,4554003,4257943,-136,130,1301,-304,-570,847,-96,3,-24,-612,-116,1006,186,-526,885,-178,462,-97,
4507672,5328864,4362521,2643605,4554003,4257943,-133,146,1293,-304,-570,847,-100,9,-30,-642,-140,1114,198,-529,892,-170,408,-93,
4507672,5328864,4688335,2643605,4554003,4257943,-157,119,1350,-302,-564,861,-144,9,-36,-636,-127,1157,198,-529,892,-159,362,-92,
4507672,5328864,4688335,2575337,4554003,4257943,-157,128,1334,-302,-564,861,-128,4,-33,-651,-147,1148,202,-522,889,-162,337,-90,
4507672,5328864,4688335,2575337,4852400,4257943,-149,113,1339,-307,-561,853,-114,13,-28,-665,-137,1185,202,-522,889,-162,336,-84,
4507672,5328864,4688335,2575337,4852400,4017959,-144,140,1293,-307,-561,846,-120,12,-32,-661,-125,1186,205,-514,882,-168,318,-84,
4507672,5328864,4688335,2575337,4852400,4017959,-157,130,1303,-305,-559,846,-164,12,-30,-661,-99,1145,205,-514,874,-179,286,-106,
4507672,5328864,4688335,2575337,4852400,4017959,-158,135,1265,-302,-558,855,-238,24,-41,-661,-64,1099,210,-514,874,-268,265,-135,
4693006,5328864,4688335,2575337,4852400,4017959,-162,127,1317,-302,-558,855,-319,25,-48,-670,-95,1097,220,-508,886,-300,237,-167,
4693006,5285185,4688335,2575337,4852400,4017959,-155,79,1359,-306,-550,862,-325,19,-55,-664,-160,1072,220,-508,886,-307,205,-201,
4693006,5285185,4983891,2575337,4852400,4017959,-152,103,1331,-306,-550,862,-265,26,-37,-675,-194,1115,220,-498,882,-312,181,-203,
4693006,5285185,4983891,2566919,4852400,4017959,-167,70,1362,-305,-544,861,-179,17,-31,-662,-233,1121,220,-498,882,-284,153,-181,
4693006,5285185,4983891,2566919,4997672,4017959,-183,82,1391,-305,-544,861,-129,10,-21,-652,-255,1110,226,-488,888,-229,151,-138,
4693006,5285185,4983891,2566919,4997672,3609630,-154,82,1337,-303,-537,874,-91,14,-22,-657,-251,1123,227,-487,903,-171,144,-103,
4693006,5285185,4983891,2566919,4997672,3609630,-164,87,1328,-302,-540,858,-66,14,-15,-671,-209,1150,227,-487,903,-110,149,-66,
4693006,5285185,4983891,2566919,4997672,3609630,-162,81,1334,-302,-540,858,-64,11,-8,-673,-170,1129,230,-491,887,-90,133,-48,
4722698,5285185,4983891,2566919,4997672,3609630,-153,99,1299,-302,-541,866,-91,15,-14,-682,-101,1119,230,-491,887,-96,117,-57,
4722698,5191868,4983891,2566919,4997672,3609630,-142,116,1272,-302,-541,866,-171,28,-28,-697,-107,1114,227,-483,887,-141,110,-97,
4722698,5191868,5129649,2566919,4997672,3609630,-173,82,1337,-299,-536,865,-216,36,-33,-709,-108,1137,227,-483,887,-189,94,-142,
4722698,5191868,5129649,2623814,4997672,3609630,-157,86,1290,-299,-536,865,-241,37,-33,-698,-130,1125,230,-475,899,-237,63,-183,
4722698,5191868,5129649,2623814,5071521,3609630,-161,68,1334,-300,-523,873,-195,25,-40,-694,-120,1129,230,-474,889,-289,17,-216,
4722698,5191868,5129649,2623814,5071521,2934919,-173,43,1367,-296,-525,870,-146,9,-37,-675,-137,1130,230,-474,889,-316,1,-249,
4722698,5191868,5129649,2623814,5071521,2934919,-159,47,1338,-296,-525,870,-116,11,-23,-658,-234,1095,234,-464,891,-306,12,-260,
4722698,5191868,5129649,2623814,5071521,2934919,-173,60,1339,-299,-524,868,-102,8,-19,-670,-230,1073,234,-464,891,-265,30,-235,
4736225,5191868,5129649,2623814,5071521,2934919,-176,61,1367,-299,-524,868,-86,9,-20,-675,-256,1137,236,-456,895,-236,21,-221,
4736225,4506593,5129649,2623814,5071521,2934919,-172,44,1369,-300,-524,877,-64,-2,-20,-669,-241,1135,236,-456,895,-193,27,-202,
4736225,4506593,5237217,2623814,5071521,2934919,-167,55,1347,-300,-524,877,-64,6,-22,-676,-190,1133,238,-454,897,-192,43,-202,
4736225,4506593,5237217,2598362,5071521,2934919,-146,73,1309,-299,-514,873,-66,8,-23,-688,-172,1098,239,-450,896,-185,50,-221,
4736225,4506593,5237217,2598362,5128534,2934919,-156,69,1301,-299,-509,881,-57,8,-16,-699,-177,1032,239,-450,896,-166,26,-244,
4736225,4506593,5237217,2598362,5128534,2694276,-172,41,1335,-303,-509,881,-42,6,-14,-670,-293,1063,239,-445,903,-127,-4,-233,
4736225,4506593,5237217,2598362,5128534,2694276,-142,56,1300,-300,-520,877,-27,17,-13,-651,-352,1057,239,-445,903,-63,-20,-203,
4736225,4506593,5237217,2598362,5128534,2694276,-152,48,1338,-300,-520,877,-6,18,-15,-653,-361,1091,240,-436,904,2,-44,-151,
4705198,4506593,5237217,2598362,5128534,2694276,-150,56,1309,-298,-521,870,4,21,-12,-650,-292,1073,240,-439,888,46,-67,-91,
4705198,4782061,5237217,2598362,5128534,2694276,-175,55,1347,-298,-521,870,13,14,-10,-658,-277,1075,238,-439,888,101,-74,-49,
4705198,4782061,5264000,2598362,5128534,2694276,-139,50,1299,-301,-514,883,9,17,-11,-656,-264,1093,235,-454,906,158,-86,-30,
4705198,4782061,5264000,2579629,5128534,2694276,-176,48,1361,-301,-514,883,12,15,-14,-679,-200,1116,235,-454,906,185,-104,-18,
4705198,4782061,5264000,2579629,5154669,2694276,-154,53,1339,-300,-521,872,14,18,-12,-670,-156,1147,226,-449,899,188,-135,-22,
4705198,4782061,5264000,2579629,5154669,3352568,-158,41,1346,-299,-519,876,18,13,-11,-661,-211,1114,226,-449,899,177,-153,-39,
4705198,4782061,5264000,2579629,5154669,3352568,-163,46,1348,-299,-519,876,20,18,-9,-657,-229,1113,223,-453,896,169,-164,-52,
4705198,4782061,5264000,2579629,5154669,3352568,-171,47,1352,-298,-518,872,9,19,-2,-655,-252,1116,218,-460,898,183,-176,-51,
4491687,4782061,5264000,2579629,5154669,3352568,-159,55,1320,-298,-518,872,11,21,-4,-660,-236,1087,218,-460,898,204,-234,-25,
4491687,5035733,5264000,2579629,5154669,3352568,-150,46,1312,-297,-517,872,8,19,-5,-648,-190,1069,211,-470,903,243,-272,-26,
4491687,5035733,5269814,2579629,5154669,3352568,-147,53,1302,-297,-517,872,5,17,0,-642,-175,1066,211,-470,903,234,-318,-30,
4491687,5035733,5269814,2553334,5154669,3352568,-163,44,1349,-299,-515,872,9,14,1,-649,-162,1080,204,-471,906,229,-369,-47,
4491687,5035733,5269814,2553334,5113209,3352568,-168,31,1351,-295,-518,877,10,11,3,-629,-130,1088,204,-471,906,215,-410,-64,
4491687,5035733,5269814,2553334,5113209,3705455,-175,42,1358,-295,-518,877,12,10,12,-626,-134,1115,189,-476,894,201,-449,-96,
4491687,5035733,5269814,2553334,5113209,3705455,-141,51,1308,-297,-523,871,12,10,13,-607,-179,1143,185,-490,908,198,-472,-113,
4491687,5035733,5269814,2553334,5113209,3705455,-153,83,1305,-297,-523,871,18,6,19,-610,-176,1148,185,-490,908,210,-488,-107,
4295202,5035733,5269814,2553334,5113209,3705455,-165,73,1319,-304,-513,871,14,5,13,-586,-182,1155,173,-491,908,223,-504,-102,
4295202,5116380,5269814,2553334,5113209,3705455,-173,47,1342,-304,-513,871,10,4,13,-575,-187,1187,173,-491,908,255,-519,-90,
4295202,5116380,5267937,2553334,5113209,3705455,-163,52,1326,-301,-510,874,19,5,13,-586,-176,1189,155,-502,905,268,-534,-85,
4295202,5116380,5267937,2594893,5113209,3705455,-150,60,1333,-298,-520,872,24,5,21,-572,-139,1178,155,-502,905,271,-538,-78,
4295202,5116380,5267937,2594893,5026935,3705455,-158,66,1337,-298,-520,872,26,3,14,-566,-124,1157,143,-505,899,255,-561,-90,
4295202,5116380,5267937,2594893,5026935,3797615,-156,69,1328,-301,-523,869,33,-5,13,-562,-130,1159,132,-516,912,216,-599,-115,
4295202,5116380,5267937,2594893,5026935,3797615,-164,46,1315,-301,-523,869,46,-13,18,-542,-119,1204,132,-516,912,176,-639,-133,
4295202,5116380,5267937,2594893,5026935,3797615,-158,53,1347,-302,-520,866,78,-12,30,-519,-156,1210,116,-517,917,143,-663,-155,
3948535,5116380,5267937,2594893,5026935,3797615,-181,41,1360,-302,-520,866,95,-13,30,-506,-156,1233,116,-517,917,126,-678,-158,
3948535,5201401,5267937,2594893,5026935,3797615,-157,68,1338,-301,-518,868,100,-10,35,-499,-177,1214,100,-519,914,146,-684,-147,
3948535,5201401,5250880,2594893,5026935,3797615,-169,75,1349,-301,-518,871,85,1,31,-485,-152,1204,100,-522,929,169,-699,-138,
3948535,5201401,5250880,2498675,5026935,3797615,-155,67,1358,-302,-518,871,81,1,19,-483,-154,1221,86,-522,929,185,-716,-131,
3948535,5201401,5250880,2498675,4969484,3797615,-167,61,1318,-302,-526,872,75,2,19,-475,-140,1220,71,-535,918,185,-731,-128,
3948535,5201401,5250880,2498675,4969484,3903769,-145,78,1297,-302,-526,872,67,2,13,-445,-138,1246,71,-535,918,185,-737,-128,
3948535,5201401,5250880,2498675,4969484,3903769,-160,84,1331,-302,-525,867,30,-11,-1,-430,-138,1253,57,-539,922,183,-738,-138,
3948535,5201401,5250880,2498675,4969484,3903769,-143,89,1287,-302,-525,867,-22,-6,-14,-424,-107,1231,57,-539,922,175,-740,-144,
4045412,5201401,5250880,2498675,4969484,3903769,-162,59,1336,-305,-524,872,-29,-1,-8,-399,-123,1221,37,-534,918,173,-760,-155,
4045412,5232872,5250880,2498675,4969484,3903769,-160,75,1335,-305,-524,872,-41,-7,-11,-392,-121,1275,22,-545,930,167,-770,-168,
4045412,5232872,5247045,2498675,4969484,3903769,-138,69,1316,-303,-522,870,-48,-6,-14,-376,-129,1272,22,-545,930,168,-764,-168,
4045412,5232872,5247045,2465181,4969484,3903769,-174,63,1341,-304,-522,871,-71,-9,-24,-370,-129,1283,3,-550,940,167,-760,-159,
4045412,5232872,5247045,2465181,5027978,3903769,-153,60,1324,-304,-522,871,-94,-6,-22,-355,-148,1277,3,-550,940,175,-749,-155,
4045412,5232872,5247045,2465181,5027978,3992737,-149,69,1328,-305,-519,871,-102,-4,-18,-333,-135,1277,-12,-551,922,187,-742,-150,
4045412,5232872,5247045,2465181,5027978,3992737,-161,63,1345,-305,-519,871,-106,-1,-22,-335,-122,1266,-12,-551,922,199,-742,-141,
4045412,5232872,5247045,2465181,5027978,3992737,-146,60,1324,-303,-518,864,-103,1,-27,-311,-113,1250,-32,-557,942,210,-755,-130,
4456142,5232872,5247045,2465181,5027978,3992737,-174,49,1374,-303,-518,864,-86,7,-30,-300,-109,1271,-46,-569,928,207,-770,-133,
4456142,5117083,5247045,2465181,5027978,3992737,-164,52,1322,-309,-508,874,-73,7,-26,-285,-91,1287,-46,-569,928,188,-780,-136,
4456142,5117083,5260105,2465181,5027978,3992737,-159,55,1344,-304,-515,870,-63,-1,-31,-268,-88,1310,-61,-572,926,153,-770,-152,
4456142,5117083,5260105,2360140,5027978,3992737,-152,44,1338,-304,-515,870,-68,-3,-32,-250,-104,1334,-61,-572,926,108,-759,-161,
4456142,5117083,5260105,2360140,5001580,3992737,-154,48,1354,-306,-516,883,-52,-7,-26,-239,-108,1324,-79,-573,926,107,-733,-163,
4456142,5117083,5260105,2360140,5001580,4354034,-141,53,1314,-306,-516,883,-49,-10,-25,-223,-112,1307,-79,-573,926,108,-728,-165,
4456142,5117083,5260105,2360140,5001580,4354034,-163,53,1335,-305,-512,869,-64,-13,-32,-217,-112,1326,-98,-581,931,118,-709,-163,
4456142,5117083,5260105,2360140,5001580,4354034,-159,48,1344,-305,-512,869,-60,-18,-38,-203,-93,1310,-106,-584,920,124,-697,-154,
4742212,5117083,5260105,2360140,5001580,4354034,-166,41,1350,-310,-501,878,-50,-25,-35,-198,-83,1385,-106,-584,920,121,-683,-156,
4742212,4692615,5260105,2360140,5001580,4354034,-148,58,1311,-310,-501,875,-48,-21,-23,-177,-88,1349,-124,-587,926,101,-649,-166,
4742212,4692615,5269802,2360140,5001580,4354034,-131,49,1315,-307,-501,875,-45,-18,-25,-171,-93,1324,-124,-587,926,81,-612,-171,
4742212,4692615,5269802,2090479,5001580,4354034,-144,45,1323,-304,-508,876,-42,-23,-24,-156,-91,1331,-135,-589,926,75,-609,-170,
4742212,4692615,5269802,2090479,4888037,4354034,-144,29,1344,-304,-508,876,-43,-19,-26,-136,-92,1349,-135,-591,922,77,-603,-180,
4742212,4692615,5269802,2090479,4888037,4746837,-173,38,1352,-308,-509,883,-33,-21,-18,-135,-112,1366,-149,-591,922,75,-584,-177,
4742212,4692615,5269802,2090479,4888037,4746837,-146,46,1329,-308,-509,883,-28,-21,-13,-116,-105,1403,-162,-590,914,78,-539,-167,
4742212,4692615,5269802,2090479,4888037,4746837,-145,41,1326,-308,-505,884,-36,-19,-17,-112,-103,1390,-162,-590,914,85,-491,-158,
4842527,4692615,5269802,2090479,4888037,4746837,-147,29,1349,-308,-505,884,-48,-18,-17,-96,-89,1400,-169,-599,919,91,-436,-147,
4842527,3760442,5269802,2090479,4888037,4746837,-151,35,1313,-311,-503,877,-56,-16,-14,-99,-86,1402,-169,-599,919,88,-382,-129,
4842527,3760442,5266510,2090479,4888037,4746837,-132,47,1308,-310,-508,881,-58,-21,-17,-86,-77,1346,-179,-596,934,60,-320,-126,
4842527,3760442,5266510,1714047,4888037,4746837,-140,42,1314,-310,-508,881,-65,-24,-15,-91,-89,1369,-186,-592,920,-217,-219,-126,
4842527,3760442,5266510,1714047,4655016,4746837,-146,27,1358,-312,-505,875,-73,-24,-20,-85,-103,1493,-186,-592,920,-85,-52,-113,
4842527,3760442,5266510,1714047,4655016,4892193,-165,25,1353,-312,-505,875,-72,-27,-19,-86,-117,1344,-184,-597,918,-124,40,-101,
4842527,3760442,5266510,1714047,4655016,4892193,-151,38,1349,-310,-499,877,-74,-25,-18,-96,-93,1307,-184,-597,918,-126,69,-96,
4842527,3760442,5266510,1714047,4655016,4892193,-140,19,1337,-310,-499,877,-73,-23,-17,-100,-87,1304,-185,-593,915,-130,84,-82,
4719521,3760442,5266510,1714047,4655016,4892193,-147,32,1328,-311,-495,875,-63,-16,-17,-99,-98,1325,-185,-593,915,-147,99,-76,
4719521,1689872,5266510,1714047,4655016,4892193,-148,38,1319,-310,-499,889,-68,-15,-15,-93,-104,1324,-179,-586,932,-101,121,-68,
4719521,1689872,5253939,1714047,4655016,4892193,-140,27,1334,-310,-499,889,-54,-16,-17,-102,-98,1314,-180,-594,925,-45,134,-57,
4719521,1689872,5253939,3644879,4655016,4892193,-149,34,1333,-312,-497,888,-61,-15,-17,-113,-93,1322,-180,-594,925,-25,132,-46,
4719521,1689872,5253939,3644879,3924638,4892193,-158,19,1379,-312,-497,888,-67,-14,-16,-100,-85,1314,-174,-591,923,-29,116,-38,
4719521,1689872,5253939,3644879,3924638,4986443,-156,19,1343,-309,-495,884,-65,-23,-14,-114,-96,1309,-174,-591,923,-38,107,-35,
4719521,1689872,5253939,3644879,3924638,4986443,-140,13,1342,-309,-495,884,-77,-29,-18,-100,-99,1314,-180,-587,931,-43,97,-38,
4719521,1689872,5253939,3644879,3924638,4986443,-137,4,1346,-316,-492,875,-73,-27,-23,-111,-114,1302,-180,-587,931,-59,88,-34,
3955251,1689872,5253939,3644879,3924638,4986443,-145,30,1351,-314,-490,886,-63,-23,-17,-107,-102,1298,-171,-585,916,-54,79,-37,
3955251,749362,5253939,3644879,3924638,4986443,-123,27,1327,-314,-490,886,-60,-6,-29,-108,-100,1294,-173,-587,927,-50,78,-36,
3955251,749362,5260185,3644879,3924638,4986443,-135,11,1322,-315,-491,887,-34,-20,-40,-115,-108,1303,-173,-587,927,-57,77,-31,
3955251,749362,5260185,4855503,3924638,4986443,-173,-8,1338,-315,-491,887,-7,-25,-33,-122,-99,1321,-171,-587,931,-60,80,-36,
3955251,749362,5260185,4855503,4463277,4986443,-139,3,1340,-311,-493,888,24,-24,-23,-112,-109,1309,-171,-587,931,-61,88,-27,
3955251,749362,5260185,4855503,4463277,5001689,-126,22,1310,-311,-493,888,26,-42,-28,-104,-97,1307,-173,-581,931,-51,89,-25,
3955251,749362,5260185,4855503,4463277,5001689,-133,27,1331,-317,-485,886,32,-60,-32,-120,-97,1311,-173,-585,922,-57,87,-27,
3955251,749362,5260185,4855503,4463277,5001689,-127,15,1333,-317,-485,885,22,-62,-31,-116,-101,1309,-173,-585,922,-75,76,-23,
783759,749362,5260185,4855503,4463277,5001689,-104,33,1324,-319,-492,885,4,-76,-31,-126,-109,1318,-167,-584,923,-51,65,-18,
783759,166651,5260185,4855503,4463277,5001689,-148,59,1355,-322,-496,881,-39,-110,-38,-96,-100,1310,-167,-584,923,-18,62,-15,
783759,166651,5129082,4855503,4463277,5001689,-131,56,1346,-322,-496,881,-159,-142,-48,-102,-97,1301,-169,-578,928,-7,63,-18,
783759,166651,5129082,5129142,4463277,5001689,-156,77,1391,-322,-483,882,-363,-154,-41,-126,-108,1320,-169,-578,928,-11,62,-2,
783759,166651,5129082,5129142,4486904,5001689,-130,36,1391,-322,-483,882,-567,-202,-39,-118,-105,1301,-169,-583,919,-12,69,-4,
783759,166651,5129082,5129142,4486904,5021757,-155,-31,1387,-326,-464,891,-704,-230,-45,-111,-113,1302,-166,-585,924,-26,71,5,
783759,166651,5129082,5129142,4486904,5021757,-321,23,1369,-326,-464,891,-793,-272,-37,-110,-101,1303,-166,-585,924,-31,77,2,
783759,166651,5129082,5129142,4486904,5021757,-699,-34,1356,-333,-444,893,-845,-313,-48,-118,-106,1318,-166,-584,931,-31,71,4,
507005,166651,5129082,5129142,4486904,5021757,-850,-38,1255,-340,-431,896,-909,-256,4,-125,-100,1296,-166,-584,931,-28,64,13,
507005,166326,5129082,5129142,4486904,5021757,-888,103,1205,-340,-431,896,-862,-182,160,-109,-111,1302,-169,-580,930,-26,59,19,
507005,166326,3104135,5129142,4486904,5021757,-740,400,1284,-346,-419,901,-634,-183,409,-119,-93,1317,-169,-580,930,-40,66,16,
507005,166326,3104135,5220284,4486904,5021757,-738,295,1265,-346,-419,901,91,-308,432,-126,-105,1317,-169,-575,920,-45,63,15,
507005,166326,3104135,5220284,3999355,5021757,-821,220,1299,-357,-412,902,311,-263,444,-122,-111,1304,-168,-582,926,-31,58,12,
507005,166326,3104135,5220284,3999355,4945294,-851,108,1520,-357,-412,902,400,-142,438,-115,-107,1307,-168,-582,926,-3,41,9,
507005,166326,3104135,5220284,3999355,4945294,-931,135,1698,-369,-415,898,533,131,400,-138,-114,1299,-164,-584,926,2,47,11,
507005,166326,3104135,5220284,3999355,4945294,-749,111,1489,-353,-435,891,668,417,337,-128,-99,1313,-164,-584,926,8,43,14,
164938,166326,3104135,5220284,3999355,4945294,-587,21,1360,-353,-435,891,774,587,250,-117,-105,1311,-167,-583,926,11,34,11,
164938,166600,3104135,5220284,3999355,4945294,-509,-126,1417,-344,-450,891,755,651,175,-133,-117,1302,-167,-583,926,33,25,13,
164938,166600,2014678,5220284,3999355,4945294,-274,-254,1352,-344,-450,891,628,663,103,-131,-107,1312,-166,-581,931,47,22,4,
164938,166600,2014678,5239384,3999355,4945294,-249,-259,1364,-331,-460,890,463,655,60,-134,-105,1303,-170,-590,934,66,3,2,
164938,166600,2014678,5239384,804007,4945294,-170,-242,1346,-331,-460,890,287,664,39,-122,-102,1311,-170,-590,934,74,2,9,
164938,166600,2014678,5239384,804007,4920683,-145,-221,1341,-316,-459,890,137,683,38,-142,-102,1309,-164,-591,924,74,1,12,
164938,166600,2014678,5239384,804007,4920683,-92,-162,1300,-316,-459,908,8,704,58,-134,-92,1310,-164,-591,924,88,2,13,
164938,166600,2014678,5239384,804007,4920683,-29,-149,1336,-298,-459,908,-48,732,90,-125,-94,1313,-170,-581,924,95,-4,25,
164897,166600,2014678,5239384,804007,4920683,111,-156,1290,-277,-463,911,-23,735,101,-124,-90,1302,-172,-587,925,89,-1,15,
164897,166581,2014678,5239384,804007,4920683,211,-185,1217,-277,-463,911,-12,674,-197,-125,-83,1316,-172,-587,925,80,14,17,
164897,166581,2059319,5239384,804007,4920683,378,-270,1195,-263,-459,916,-110,398,-114,-129,-88,1298,-171,-594,926,65,25,17,
164897,166581,2059319,5227092,804007,4920683,443,-275,1151,-263,-459,916,-157,246,-225,-125,-78,1305,-171,-594,926,49,40,23,
164897,166581,2059319,5227092,164928,4920683,437,-294,1159,-252,-453,912,-198,91,-324,-132,-83,1301,-174,-591,923,24,44,14,
164897,166581,2059319,5227092,164928,4972900,410,-328,1168,-252,-453,912,-233,-43,-415,-117,-96,1306,-174,-591,923,2,47,5,
164897,166581,2059319,5227092,164928,4972900,384,-314,1161,-247,-453,907,-308,-160,-491,-120,-81,1303,-171,-589,918,10,45,3,
164897,166581,2059319,5227092,164928,4972900,328,-341,1207,-245,-450,916,-418,-239,-526,-126,-91,1312,-169,-592,918,-4,45,4,
164913,166581,2059319,5227092,164928,4972900,302,-344,1197,-245,-450,916,-539,-291,-526,-123,-83,1302,-169,-592,918,-4,49,2,
164913,166567,2059319,5227092,164928,4972900,147,-280,1270,-252,-437,912,-627,-302,-493,-118,-91,1310,-168,-594,918,-3,51,4,
164913,166567,2710693,5227092,164928,4972900,239,145,1332,-252,-437,912,-684,-259,-436,-120,-79,1311,-168,-594,918,-12,45,-1,
164913,166567,2710693,5217186,164928,4972900,382,534,1288,-253,-430,913,-400,-335,-382,-118,-91,1304,-171,-593,923,-25,41,-1,
164913,166567,2710693,5217186,515085,4972900,88,-138,1327,-253,-430,913,118,-536,-486,-125,-94,1301,-171,-593,923,-26,38,-5,
164913,166567,2710693,5217186,515085,5010539,69,-11,1342,-262,-432,920,107,-547,-425,-127,-97,1314,-172,-591,928,-28,45,-8,
164913,166567,2710693,5217186,515085,5010539,165,297,1293,-274,-444,914,116,-538,-265,-121,-85,1316,-171,-598,931,-16,31,-8,
164913,166567,2710693,5217186,515085,5010539,82,280,1333,-274,-444,914,288,-576,-169,-117,-86,1303,-171,-598,931,-8,26,-8,
164911,166567,2710693,5217186,515085,5010539,104,195,1546,-288,-454,907,451,-569,-94,-123,-83,1303,-172,-596,918,3,26,-8,
164911,166523,2710693,5217186,515085,5010539,-142,98,1466,-288,-454,907,510,-446,-130,-131,-98,1310,-172,-596,918,9,21,-3,
164911,166523,4032387,5217186,515085,5010539,-166,261,1403,-300,-467,898,597,-352,-247,-118,-93,1315,-174,-589,929,4,18,-5,
164911,166523,4032387,5214805,515085,5010539,-212,390,1428,-300,-467,898,840,-272,-441,-124,-91,1309,-174,-589,929,-6,26,-5,
164911,166523,4032387,5214805,502217,5010539,-202,225,1987,-300,-482,882,1134,-100,-673,-133,-87,1309,-175,-595,927,-3,27,-4,
164911,166523,4032387,5214805,502217,5010871,15,-367,1542,-288,-507,879,859,179,-685,-133,-95,1329,-168,-598,931,-1,22,-3,
164911,166523,4032387,5214805,502217,5010871,124,-731,1398,-288,-507,879,431,179,-341,-122,-86,1298,-168,-598,931,-9,21,-5,
164911,166523,4032387,5214805,502217,5010871,-85,-24,1353,-284,-517,878,200,111,-45,-131,-84,1303,-172,-592,922,-24,10,-4,
4201668,166523,4032387,5214805,502217,5010871,-149,50,1313,-284,-517,878,137,103,-26,-127,-80,1295,-172,-592,922,-9,16,-14,
4201668,166674,4032387,5214805,502217,5010871,-132,44,1333,-277,-524,876,115,93,-36,-132,-85,1318,-174,-588,914,-3,4,-4,
4201668,166674,4766391,5214805,502217,5010871,-128,36,1323,-277,-524,876,129,83,-37,-123,-81,1311,-173,-591,912,-15,4,-10,
4201668,166674,4766391,5194928,502217,5010871,-122,67,1326,-281,-524,878,137,88,-30,-125,-72,1306,-173,-591,912,-25,2,-11,
4201668,166674,4766391,5194928,1680907,5010871,-140,39,1356,-281,-524,879,125,77,-28,-130,-81,1303,-174,-593,913,-44,6,-16,
4201668,166674,4766391,5194928,1680907,4927056,-141,49,1349,-281,-524,879,101,64,-31,-127,-84,1310,-174,-593,913,-67,11,-19,
4201668,166674,4766391,5194928,1680907,4927056,-129,53,1311,-279,-527,872,83,55,-28,-126,-81,1317,-173,-591,920,-77,11,-27,
4201668,166674,4766391,5194928,1680907,4927056,-148,39,1343,-279,-527,872,72,53,-29,-120,-98,1301,-173,-591,920,-88,19,-29,
4856272,166674,4766391,5194928,1680907,4927056,-129,29,1326,-273,-532,881,66,50,-34,-137,-91,1306,-177,-588,934,-94,10,-30,
4856272,3355292,4766391,5194928,1680907,4927056,-117,62,1293,-273,-532,881,50,55,-29,-128,-94,1304,-174,-590,921,-84,4,-27,
4856272,3355292,4937909,5194928,1680907,4927056,-138,48,1330,-272,-531,865,46,51,-29,-120,-90,1291,-174,-590,921,-83,8,-31,
4856272,3355292,4937909,5176440,1680907,4927056,-163,33,1377,-272,-531,865,30,44,-29,-116,-101,1305,-176,-593,933,-72,9,-35,
4856272,3355292,4937909,5176440,217619,4927056,-152,49,1347,-272,-528,880,18,34,-23,-130,-104,1313,-176,-593,933,-71,10,-29,
4856272,3355292,4937909,5176440,217619,4556471,-154,46,1389,-268,-535,876,15,28,-26,-115,-92,1318,-174,-588,922,-61,19,-32,
4856272,3355292,4937909,5176440,217619,4556471,-144,47,1337,-268,-535,876,5,23,-30,-119,-97,1313,-174,-588,922,-53,18,-31,
4856272,3355292,4937909,5176440,217619,4556471,-131,43,1360,-264,-535,871,7,24,-29,-115,-101,1305,-178,-580,927,-48,8,-25,
4998803,3355292,4937909,5176440,217619,4556471,-150,50,1336,-264,-535,871,11,24,-31,-118,-104,1308,-174,-586,926,-43,12,-26,
4998803,3584251,4937909,5176440,217619,4556471,-149,44,1346,-268,-525,882,18,22,-33,-111,-100,1309,-174,-586,926,-39,16,-24,
4998803,3584251,4964436,5176440,217619,4556471,-151,58,1334,-268,-525,882,21,21,-27,-115,-97,1309,-175,-588,926,-42,20,-27,
4998803,3584251,4964436,5178453,217619,4556471,-150,51,1317,-270,-525,870,28,17,-23,-123,-104,1321,-175,-588,926,-48,18,-24,
4998803,3584251,4964436,5178453,164517,4556471,-161,36,1356,-265,-534,869,33,10,-23,-125,-105,1297,-176,-581,931,-31,17,-21,
4998803,3584251,4964436,5178453,164517,4270846,-145,39,1315,-265,-534,869,28,8,-12,-116,-94,1304,-176,-581,931,-18,13,-22,
4998803,3584251,4964436,5178453,164517,4270846,-163,39,1338,-267,-532,869,19,12,-16,-127,-98,1302,-171,-588,932,-14,17,-24,
4998803,3584251,4964436,5178453,164517,4270846,-156,57,1329,-267,-532,869,23,13,-21,-120,-101,1315,-175,-585,925,-10,20,-21,
5057154,3584251,4964436,5178453,164517,4270846,-151,41,1317,-269,-534,872,38,13,-22,-112,-95,1315,-175,-585,925,-13,13,-20,
5057154,3213211,4964436,5178453,164517,4270846,-154,48,1350,-269,-534,872,25,15,-28,-119,-101,1297,-172,-581,931,-8,8,-18,
5057154,3213211,4942284,5178453,164517,4270846,-143,56,1331,-267,-525,865,13,12,-20,-116,-104,1321,-172,-581,931,-14,20,-16,
5057154,3213211,4942284,5179191,164517,4270846,-160,56,1352,-267,-529,868,12,6,-21,-106,-105,1304,-175,-582,920,-7,26,-17,
5057154,3213211,4942284,5179191,164836,4270846,-150,73,1322,-266,-529,868,13,8,-17,-122,-105,1307,-176,-587,927,0,27,-26,
5057154,3213211,4942284,5179191,164836,4209731,-135,52,1326,-264,-537,879,14,11,-16,-122,-106,1312,-176,-587,927,-1,22,-20,
5057154,3213211,4942284,5179191,164836,4209731,-153,44,1341,-264,-537,879,10,13,-23,-120,-96,1306,-175,-588,933,-4,19,-17,
5057154,3213211,4942284,5179191,164836,4209731,-144,54,1347,-264,-536,868,9,11,-23,-115,-95,1314,-175,-588,933,-5,24,-15,
5070217,3213211,4942284,5179191,164836,4209731,-164,38,1386,-264,-536,868,13,12,-23,-123,-103,1313,-173,-584,926,-5,35,-19,
5070217,3560140,4942284,5179191,164836,4209731,-166,60,1352,-268,-534,882,15,10,-28,-125,-103,1306,-173,-584,926,-15,30,-20,
5070217,3560140,4933473,5179191,164836,4209731,-155,57,1351,-268,-534,882,16,10,-22,-122,-106,1302,-178,-581,920,-13,38,-19,
5070217,3560140,4933473,5175453,164836,4209731,-158,42,1341,-268,-535,870,15,8,-17,-106,-87,1315,-177,-587,925,-18,30,-23,
5070217,3560140,4933473,5175453,370746,4209731,-153,52,1343,-265,-537,869,15,6,-17,-115,-111,1301,-177,-587,925,-24,31,-33,
5070217,3560140,4933473,5175453,370746,4274662,-153,64,1360,-265,-537,869,15,8,-20,-113,-100,1302,-175,-587,933,-14,38,-22,
5070217,3560140,4933473,5175453,370746,4274662,-152,58,1340,-267,-534,877,6,11,-18,-125,-103,1311,-175,-587,933,-11,44,-19,
5070217,3560140,4933473,5175453,370746,4274662,-133,53,1327,-267,-534,877,-1,7,-15,-112,-94,1318,-176,-588,918,-7,43,-25,
5066502,3560140,4933473,5175453,370746,4274662,-134,57,1311,-266,-535,876,0,4,-14,-123,-106,1311,-176,-588,918,-9,39,-27,
5066502,4323652,4933473,5175453,370746,4274662,-169,48,1346,-266,-535,876,9,5,-19,-120,-104,1307,-177,-585,923,-8,42,-20,
5066502,4323652,4931008,5175453,370746,4274662,-147,67,1323,-268,-533,876,11,15,-24,-117,-96,1308,-177,-584,925,-14,43,-19,
5066502,4323652,4931008,5170251,370746,4274662,-141,70,1328,-266,-541,875,9,11,-16,-117,-111,1297,-177,-584,925,-20,38,-19,
5066502,4323652,4931008,5170251,2332033,4274662,-134,66,1309,-266,-541,875,10,4,-14,-118,-108,1296,-180,-586,928,-19,42,-21,
5066502,4323652,4931008,5170251,2332033,4340965,-159,44,1332,-264,-538,867,3,-4,-15,-110,-106,1298,-180,-586,928,-14,39,-23,
5066502,4323652,4931008,5170251,2332033,4340965,-166,33,1358,-264,-538,867,3,7,-18,-121,-102,1302,-177,-583,924,-11,40,-24,
5066502,4323652,4931008,5170251,2332033,4340965,-138,55,1303,-269,-531,872,0,5,-12,-121,-100,1304,-177,-583,933,-10,35,-30,
5054660,4323652,4931008,5170251,2332033,4340965,-155,57,1315,-269,-531,872,-3,4,-15,-120,-103,1301,-176,-587,933,-11,30,-25,
5054660,4671876,4931008,5170251,2332033,4340965,-137,65,1321,-267,-530,868,4,8,-19,-127,-88,1307,-175,-588,921,-10,29,-29,
5054660,4671876,4941412,5170251,2332033,4340965,-142,54,1328,-265,-534,868,7,11,-21,-113,-101,1312,-175,-588,921,-22,41,-29,
5054660,4671876,4941412,5161757,2332033,4340965,-147,57,1346,-265,-534,868,9,10,-18,-115,-93,1312,-172,-585,925,-24,29,-25,
5054660,4671876,4941412,5161757,3339080,4340965,-135,52,1329,-262,-537,867,2,10,-17,-113,-100,1310,-172,-585,925,-22,31,-28,
5054660,4671876,4941412,5161757,3339080,4394270,-144,55,1339,-262,-537,867,10,8,-22,-126,-106,1302,-179,-581,916,-17,37,-23,
5054660,4671876,4941412,5161757,3339080,4394270,-149,62,1340,-267,-537,862,7,5,-21,-122,-102,1307,-173,-585,932,-20,31,-29,
5054660,4671876,4941412,5161757,3339080,4394270,-156,54,1365,-267,-537,862,-1,10,-14,-115,-102,1305,-173,-585,932,-17,33,-24,
5046408,4671876,4941412,5161757,3339080,4394270,-149,63,1328,-271,-532,869,-6,8,-17,-118,-96,1317,-177,-588,915,-20,34,-27,
5046408,4791580,4941412,5161757,3339080,4394270,-148,53,1350,-271,-532,869,-8,11,-12,-108,-91,1315,-177,-588,915,-17,33,-32,
5046408,4791580,4952284,5161757,3339080,4394270,-135,60,1329,-267,-531,869,0,12,-16,-111,-92,1314,-173,-583,926,-21,32,-31,
5046408,4791580,4952284,5156389,3339080,4394270,-133,63,1284,-268,-535,879,3,5,-14,-126,-103,1294,-173,-583,926,-10,24,-32,
5046408,4791580,4952284,5156389,3572668,4394270,-131,54,1338,-268,-535,879,0,5,-14,-115,-97,1301,-176,-582,925,-11,29,-28,
5046408,4791580,4952284,5156389,3572668,4409699,-154,57,1352,-266,-539,875,3,7,-11,-113,-103,1294,-174,-585,925,-10,25,-23,
5046408,4791580,4952284,5156389,3572668,4409699,-158,56,1337,-266,-539,875,4,7,-11,-110,-97,1298,-174,-585,925,-13,28,-31,
5046408,4791580,4952284,5156389,3572668,4409699,-155,55,1329,-267,-535,874,13,10,-20,-111,-101,1304,-172,-585,927,-11,45,-29,
5048761,4791580,4952284,5156389,3572668,4409699,-164,49,1361,-267,-535,874,14,7,-14,-128,-104,1319,-172,-585,927,-12,42,-25,
5048761,4840359,4952284,5156389,3572668,4409699,-146,58,1318,-265,-535,868,7,6,-20,-119,-93,1310,-176,-584,925,-17,40,-32,
5048761,4840359,4975452,5156389,3572668,4409699,-123,67,1302,-265,-537,874,11,4,-12,-112,-113,1307,-176,-584,925,-17,35,-32,
5048761,4840359,4975452,5153873,3572668,4409699,-168,57,1349,-265,-537,874,13,5,-14,-111,-107,1291,-178,-581,928,-13,29,-28,
5048761,4840359,4975452,5153873,3577667,4409699,-163,59,1318,-263,-536,870,17,13,-16,-113,-110,1288,-174,-586,914,-18,23,-28,
5048761,4840359,4975452,5153873,3577667,4388174,-164,50,1342,-263,-536,870,4,9,-25,-107,-112,1309,-174,-586,914,-20,29,-35,
5048761,4840359,4975452,5153873,3577667,4388174,-153,51,1351,-268,-533,874,3,0,-20,-119,-101,1311,-176,-585,924,-18,33,-27,
5048761,4840359,4975452,5153873,3577667,4388174,-151,65,1340,-268,-533,874,3,9,-17,-118,-107,1315,-176,-585,924,-19,27,-31,
5064433,4840359,4975452,5153873,3577667,4388174,-158,60,1325,-266,-533,871,11,10,-19,-123,-109,1312,-176,-585,924,-17,27,-33,
5064433,4837103,4975452,5153873,3577667,4388174,-160,52,1340,-264,-537,876,9,10,-18,-119,-104,1310,-176,-585,930,-18,18,-37,
5064433,4837103,4983634,5153873,3577667,4388174,-136,56,1335,-264,-537,876,16,8,-15,-106,-103,1299,-174,-583,930,-19,23,-26,
5064433,4837103,4983634,5149037,3577667,4388174,-166,56,1350,-264,-540,877,6,13,-16,-127,-91,1301,-172,-582,930,-16,26,-31,
5064433,4837103,4983634,5149037,3591641,4388174,-150,57,1328,-264,-540,877,2,15,-18,-111,-100,1294,-172,-582,930,-17,24,-36,
5064433,4837103,4983634,5149037,3591641,4340288,-139,66,1320,-267,-537,870,3,19,-13,-122,-109,1314,-176,-584,925,-17,23,-35,
5064433,4837103,4983634,5149037,3591641,4340288,-158,57,1330,-267,-537,870,9,12,-11,-106,-92,1297,-176,-584,925,-24,25,-36,
5064433,4837103,4983634,5149037,3591641,4340288,-137,53,1301,-268,-529,865,4,15,-11,-106,-106,1307,-178,-578,926,-23,35,-34,
5081907,4837103,4983634,5149037,3591641,4340288,-141,56,1344,-267,-535,873,9,16,-19,-119,-108,1296,-177,-581,939,-29,28,-32,
5081907,4839666,4983634,5149037,3591641,4340288,-166,52,1363,-267,-535,873,13,9,-16,-109,-101,1316,-177,-581,939,-32,34,-35,
5081907,4839666,4994857,5149037,3591641,4340288,-151,64,1337,-265,-538,873,12,12,-18,-122,-101,1321,-177,-584,936,-39,34,-34,
5081907,4839666,4994857,5141723,3591641,4340288,-162,63,1335,-265,-538,873,11,8,-20,-121,-115,1320,-177,-584,936,-29,34,-40,
5081907,4839666,4994857,5141723,3730707,4340288,-135,67,1317,-263,-535,886,4,19,-20,-102,-110,1303,-173,-578,934,-50,21,-40,
5081907,4839666,4994857,5141723,3730707,4137952,-146,54,1324,-263,-535,886,8,19,-17,-117,-110,1308,-173,-578,934,-45,23,-41,
5081907,4839666,4994857,5141723,3730707,4137952,-185,47,1381,-267,-539,873,5,19,-15,-112,-96,1302,-177,-577,927,-49,17,-44,
5081907,4839666,4994857,5141723,3730707,4137952,-150,73,1338,-267,-539,873,4,16,-17,-122,-124,1317,-180,-578,922,-47,14,-45,
5093927,4839666,4994857,5141723,3730707,4137952,-144,61,1354,-261,-537,873,2,16,-16,-117,-108,1318,-180,-578,922,-36,22,-41,
5093927,4854231,4994857,5141723,3730707,4137952,-170,49,1365,-263,-538,867,11,10,-23,-113,-108,1298,-176,-581,921,-36,27,-40,
5093927,4854231,5024855,5141723,3730707,4137952,-163,54,1364,-263,-538,867,11,11,-19,-99,-106,1306,-176,-581,921,-34,20,-40,
5093927,4854231,5024855,5128729,3730707,4137952,-164,56,1355,-259,-537,877,12,13,-18,-115,-104,1301,-176,-578,926,-34,27,-42,
5093927,4854231,5024855,5128729,4009514,4137952,-148,54,1346,-259,-537,877,2,14,-18,-117,-115,1309,-176,-578,926,-34,23,-44,
5093927,4854231,5024855,5128729,4009514,3712187,-154,61,1322,-261,-539,858,5,19,-22,-109,-104,1300,-173,-577,935,-25,30,-49,
5093927,4854231,5024855,5128729,4009514,3712187,-130,68,1311,-261,-539,858,8,18,-15,-124,-115,1299,-172,-578,934,-21,22,-50,
5093927,4854231,5024855,5128729,4009514,3712187,-145,72,1320,-261,-534,878,10,15,-23,-116,-108,1304,-172,-578,934,-22,24,-43,
5110863,4854231,5024855,5128729,4009514,3712187,-157,68,1335,-261,-540,862,10,16,-24,-116,-110,1313,-174,-581,938,-20,23,-41,
5110863,4864049,5024855,5128729,4009514,3712187,-151,65,1336,-261,-540,862,7,12,-16,-110,-99,1307,-174,-581,938,-18,23,-43,
5110863,4864049,5066658,5128729,4009514,3712187,-166,60,1333,-265,-539,867,11,13,-14,-113,-103,1312,-175,-579,931,-21,25,-50,
5110863,4864049,5066658,5102814,4009514,3712187,-164,61,1355,-265,-539,867,5,10,-19,-112,-109,1312,-175,-580,935,-15,24,-46,
5110863,4864049,5066658,5102814,4137108,3712187,-158,51,1362,-262,-534,880,10,11,-11,-124,-107,1305,-172,-580,935,-19,29,-49,
5110863,4864049,5066658,5102814,4137108,3807246,-152,60,1333,-262,-534,880,7,13,-15,-107,-114,1322,-179,-580,930,-12,38,-43,
5110863,4864049,5066658,5102814,4137108,3807246,-131,68,1309,-259,-531,872,2,15,-18,-101,-104,1302,-179,-580,930,-17,36,-45,
5110863,4864049,5066658,5102814,4137108,3807246,-166,53,1363,-260,-540,876,-4,13,-22,-103,-100,1306,-177,-580,928,-23,37,-50,
5105708,4864049,5066658,5102814,4137108,3807246,-145,55,1336,-260,-540,876,-1,22,-26,-113,-108,1307,-177,-580,928,-23,46,-50,
5105708,4927832,5066658,5102814,4137108,3807246,-169,62,1335,-262,-536,869,-7,21,-21,-113,-113,1318,-179,-573,923,-18,51,-50,
5105708,4927832,5088897,5102814,4137108,3807246,-151,80,1319,-262,-536,869,-5,11,-14,-107,-117,1306,-176,-575,938,-15,50,-48,
5105708,4927832,5088897,5066722,4137108,3807246,-169,53,1341,-266,-539,861,-7,13,-23,-114,-110,1302,-176,-575,938,-20,51,-48,
5105708,4927832,5088897,5066722,4390959,3807246,-132,63,1329,-266,-539,861,-8,15,-22,-113,-109,1302,-178,-578,925,-16,51,-50,
5105708,4927832,5088897,5066722,4390959,4079196,-150,65,1336,-263,-536,878,-9,15,-18,-117,-111,1324,-178,-578,925,-24,53,-53,
5105708,4927832,5088897,5066722,4390959,4079196,-173,58,1376,-263,-538,884,0,13,-20,-116,-107,1310,-174,-577,934,-21,50,-48,
5105708,4927832,5088897,5066722,4390959,4079196,-162,51,1340,-265,-538,884,7,17,-24,-112,-96,1302,-174,-577,934,-25,53,-49,
5081715,4927832,5088897,5066722,4390959,4079196,-169,59,1352,-259,-539,872,2,12,-16,-102,-107,1304,-174,-574,942,-13,56,-55,
5081715,4996439,5088897,5066722,4390959,4079196,-166,68,1299,-259,-539,872,-2,8,-17,-104,-108,1313,-172,-578,924,-14,50,-56,
5081715,4996439,5104502,5066722,4390959,4079196,-147,68,1350,-264,-535,878,-10,11,-15,-118,-115,1304,-172,-578,924,-18,52,-49,
5081715,4996439,5104502,5004362,4390959,4079196,-140,74,1293,-264,-535,878,-6,15,-25,-111,-124,1303,-173,-577,930,-21,42,-50,
5081715,4996439,5104502,5004362,4603283,4079196,-154,69,1339,-261,-538,871,-3,20,-20,-121,-118,1297,-173,-577,930,-20,48,-55,
5081715,4996439,5104502,5004362,4603283,4327831,-140,58,1308,-261,-538,871,-4,18,-21,-117,-116,1321,-178,-578,925,-13,39,-60,
5081715,4996439,5104502,5004362,4603283,4327831,-149,58,1333,-263,-535,868,-6,18,-21,-108,-105,1296,-178,-578,925,-8,34,-55,
5081715,4996439,5104502,5004362,4603283,4327831,-158,68,1327,-259,-539,870,-9,11,-18,-99,-104,1291,-173,-576,927,-14,31,-52,
5047270,4996439,5104502,5004362,4603283,4327831,-152,58,1311,-259,-539,870,-9,9,-12,-112,-114,1301,-175,-576,932,-18,34,-57,
5047270,5020301,5104502,5004362,4603283,4327831,-170,53,1345,-260,-536,885,3,12,-22,-114,-108,1310,-175,-576,932,-25,41,-61,
5047270,5020301,5127022,5004362,4603283,4327831,-186,48,1379,-260,-536,885,1,14,-20,-119,-115,1295,-174,-581,940,-18,42,-56,
5047270,5020301,5127022,4938890,4603283,4327831,-170,58,1344,-258,-533,873,-2,11,-15,-112,-111,1307,-174,-581,940,-16,35,-62,
5047270,5020301,5127022,4938890,4703203,4327831,-157,65,1337,-258,-533,873,0,14,-19,-116,-113,1305,-176,-578,933,-19,34,-59,
5047270,5020301,5127022,4938890,4703203,4396891,-144,63,1308,-261,-532,878,-2,7,-13,-109,-109,1308,-176,-578,929,-11,36,-63,
5047270,5020301,5127022,4938890,4703203,4396891,-138,60,1300,-259,-537,875,2,9,-14,-112,-104,1291,-174,-578,929,-6,44,-69,
5047270,5020301,5127022,4938890,4703203,4396891,-153,63,1344,-259,-537,875,1,9,-16,-118,-117,1313,-174,-581,939,-10,38,-64,
5013063,5020301,5127022,4938890,4703203,4396891,-147,57,1329,-260,-539,880,-2,11,-18,-117,-115,1310,-174,-581,939,-15,44,-56,
5013063,5034090,5127022,4938890,4703203,4396891,-170,64,1339,-260,-539,880,2,12,-11,-106,-117,1285,-176,-577,938,-20,36,-64,
5013063,5034090,5135444,4938890,4703203,4396891,-160,59,1342,-262,-532,873,2,9,-16,-106,-104,1301,-176,-577,938,-12,29,-66,
5013063,5034090,5135444,4928249,4703203,4396891,-182,66,1355,-262,-532,873,4,7,-14,-124,-107,1318,-175,-578,940,-14,33,-60,
5013063,5034090,5135444,4928249,4718701,4396891,-162,38,1351,-261,-526,869,3,5,-21,-105,-106,1309,-171,-578,935,-21,38,-64,
5013063,5034090,5135444,4928249,4718701,4442991,-161,51,1326,-262,-531,877,4,6,-17,-126,-108,1301,-171,-578,935,-11,28,-63,
5013063,5034090,5135444,4928249,4718701,4442991,-173,65,1367,-262,-531,877,6,9,-20,-116,-122,1313,-174,-581,927,-6,37,-65,
5013063,5034090,5135444,4928249,4718701,4442991,-166,62,1337,-260,-541,875,4,9,-18,-119,-119,1306,-174,-581,927,-13,34,-59,
5003824,5034090,5135444,4928249,4718701,4442991,-146,35,1364,-260,-541,875,-1,10,-12,-97,-111,1303,-173,-578,927,-14,43,-62,
5003824,5039033,5135444,4928249,4718701,4442991,-146,48,1323,-259,-537,874,-3,15,-15,-115,-113,1311,-173,-578,927,-16,43,-60,
5003824,5039033,5139945,4928249,4718701,4442991,-161,50,1349,-259,-537,874,-2,9,-18,-116,-117,1295,-177,-572,933,-8,41,-56,
5003824,5039033,5139945,4937759,4718701,4442991,-151,58,1327,-259,-536,871,-3,10,-13,-125,-109,1322,-175,-582,929,-8,30,-57,
5003824,5039033,5139945,4937759,4727937,4442991,-160,54,1374,-259,-536,871,5,6,-14,-116,-111,1315,-175,-582,929,-11,29,-64,
5003824,5039033,5139945,4937759,4727937,4451869,-159,66,1330,-259,-539,863,1,4,-18,-113,-108,1310,-172,-578,934,-13,28,-61,
5003824,5039033,5139945,4937759,4727937,4451869,-171,59,1347,-262,-541,873,9,5,-15,-126,-108,1314,-172,-578,934,-12,30,-64,
5003824,5039033,5139945,4937759,4727937,4451869,-156,61,1350,-262,-541,873,7,5,-14,-125,-120,1313,-174,-579,926,-7,27,-69,
5009424,5039033,5139945,4937759,4727937,4451869,-161,53,1339,-261,-536,868,8,10,-9,-116,-116,1297,-174,-579,926,-15,28,-61,
5009424,5033895,5139945,4937759,4727937,4451869,-155,71,1325,-261,-536,868,4,3,-13,-100,-123,1298,-174,-579,929,-7,30,-58,
5009424,5033895,5136772,4937759,4727937,4451869,-149,70,1325,-259,-534,867,7,9,-17,-116,-108,1307,-175,-576,945,-10,27,-57,
5009424,5033895,5136772,4957731,4727937,4451869,-151,66,1329,-259,-534,867,8,4,-14,-112,-114,1304,-175,-576,945,-11,28,-58,
5009424,5033895,5136772,4957731,4716199,4451869,-165,40,1349,-259,-534,875,12,6,-14,-122,-117,1301,-175,-581,923,-14,27,-57,
5009424,5033895,5136772,4957731,4716199,4457574,-161,54,1359,-263,-537,864,10,2,-13,-114,-113,1317,-175,-581,923,-14,35,-61,
5009424,5033895,5136772,4957731,4716199,4457574,-161,60,1326,-263,-537,864,1,5,-19,-116,-108,1302,-173,-570,926,-8,26,-56,
5009424,5033895,5136772,4957731,4716199,4457574,-162,59,1321,-259,-537,875,3,6,-17,-109,-109,1315,-172,-576,929,-12,29,-55,
5023471,5033895,5136772,4957731,4716199,4457574,-165,66,1365,-259,-537,875,0,3,-14,-121,-111,1325,-172,-576,929,-14,23,-60,
5023471,5021987,5136772,4957731,4716199,4457574,-153,65,1362,-263,-529,875,4,3,-14,-114,-107,1312,-175,-579,925,-10,20,-56,
5023471,5021987,5129128,4957731,4716199,4457574,-164,46,1342,-263,-529,875,3,5,-7,-103,-121,1318,-175,-579,925,-19,29,-57,
5023471,5021987,5129128,4989547,4716199,4457574,-154,64,1317,-261,-531,876,8,4,-12,-110,-106,1295,-177,-581,927,-23,31,-58,
5023471,5021987,5129128,4989547,4701660,4457574,-152,59,1329,-259,-535,881,4,4,-17,-115,-119,1308,-177,-581,927,-20,39,-58,
5023471,5021987,5129128,4989547,4701660,4443394,-158,54,1329,-259,-535,881,10,8,-22,-107,-108,1295,-172,-570,944,-18,31,-62,
5023471,5021987,5129128,4989547,4701660,4443394,-141,63,1318,-263,-541,873,17,3,-17,-100,-107,1306,-172,-576,933,-13,35,-51,
5023471,5021987,5129128,4989547,4701660,4443394,-178,49,1386,-263,-541,873,9,9,-16,-113,-108,1295,-172,-576,933,-21,24,-52,
5045920,5021987,5129128,4989547,4701660,4443394,-159,58,1345,-261,-534,880,4,5,-15,-113,-114,1315,-175,-579,928,-9,24,-56,
5045920,5008620,5129128,4989547,4701660,4443394,-177,50,1354,-261,-534,880,9,7,-12,-113,-111,1305,-175,-579,928,-10,26,-53,
5045920,5008620,5123826,4989547,4701660,4443394,-152,70,1319,-263,-533,861,7,4,-15,-103,-122,1304,-173,-575,934,-12,33,-55,
5045920,5008620,5123826,4993632,4701660,4443394,-157,47,1349,-263,-531,877,9,2,-14,-109,-109,1301,-173,-575,934,-10,35,-57,
5045920,5008620,5123826,4993632,4707620,4443394,-137,68,1327,-263,-531,877,6,3,-13,-116,-108,1319,-170,-572,946,-8,28,-54,
5045920,5008620,5123826,4993632,4707620,4459749,-141,62,1321,-262,-536,874,7,7,-15,-118,-111,1309,-172,-579,926,-5,28,-56,
5045920,5008620,5123826,4993632,4707620,4459749,-165,59,1326,-262,-536,874,3,10,-11,-111,-103,1304,-172,-579,926,-11,30,-60,
5045920,5008620,5123826,4993632,4707620,4459749,-154,76,1312,-258,-539,866,1,11,-8,-118,-105,1321,-173,-579,928,-18,31,-55,
5056442,5008620,5123826,4993632,4707620,4459749,-146,64,1323,-258,-539,866,2,11,-12,-123,-116,1307,-173,-579,928,-13,30,-55,
5056442,5010006,5123826,4993632,4707620,4459749,-150,53,1317,-264,-537,881,7,8,-14,-120,-107,1302,-178,-573,925,-16,24,-57,
5056442,5010006,5114583,4993632,4707620,4459749,-173,52,1363,-264,-537,881,10,8,-17,-114,-112,1327,-178,-573,925,-13,30,-58,
5056442,5010006,5114583,5002934,4707620,4459749,-176,57,1357,-260,-533,875,7,1,-16,-117,-106,1297,-173,-579,934,-18,32,-52,
5056442,5010006,5114583,5002934,4712918,4459749,-149,67,1341,-263,-538,881,6,-1,-12,-102,-117,1302,-171,-581,919,-11,31,-50,
5056442,5010006,5114583,5002934,4712918,4450378,-164,59,1334,-263,-538,881,3,1,-12,-119,-116,1325,-171,-581,919,-13,40,-56,
5056442,5010006,5114583,5002934,4712918,4450378,-150,62,1336,-262,-536,874,0,2,-22,-114,-106,1316,-175,-581,929,-14,23,-56,
5056442,5010006,5114583,5002934,4712918,4450378,-158,65,1334,-262,-536,874,8,5,-19,-118,-126,1304,-175,-581,929,-11,24,-57,
5068858,5010006,5114583,5002934,4712918,4450378,-165,70,1341,-261,-535,874,8,-1,-15,-115,-115,1296,-176,-573,928,-16,27,-51,
5068858,4993021,5114583,5002934,4712918,4450378,-172,65,1331,-261,-535,874,10,8,-17,-120,-119,1312,-175,-575,930,-13,25,-52,
5068858,4993021,5108904,5002934,4712918,4450378,-154,59,1343,-261,-532,861,11,8,-16,-116,-112,1307,-175,-575,930,-12,24,-55,
5068858,4993021,5108904,5020156,4712918,4450378,-163,58,1356,-260,-538,868,15,4,-15,-98,-119,1300,-177,-580,935,-14,24,-52,
5068858,4993021,5108904,5020156,4689215,4450378,-172,68,1328,-260,-538,868,7,5,-17,-116,-122,1305,-177,-580,935,-10,19,-51,
5068858,4993021,5108904,5020156,4689215,4390278,-161,58,1327,-261,-539,872,18,7,-12,-119,-104,1310,-179,-578,935,-6,22,-53,
5068858,4993021,5108904,5020156,4689215,4390278,-155,55,1350,-261,-539,872,12,10,-8,-105,-113,1301,-179,-578,935,-15,22,-53,
5068858,4993021,5108904,5020156,4689215,4390278,-166,57,1358,-263,-538,868,3,9,-8,-111,-109,1317,-174,-575,935,-12,25,-51,
5086019,4993021,5108904,5020156,4689215,4390278,-151,57,1344,-263,-538,868,11,4,-10,-116,-112,1308,-176,-580,928,-13,25,-53,
5086019,4977535,5108904,5020156,4689215,4390278,-159,69,1332,-265,-530,875,11,-3,-16,-104,-117,1310,-176,-580,928,-8,28,-51,
5086019,4977535,5108081,5020156,4689215,4390278,-147,72,1322,-261,-536,879,8,3,-19,-107,-99,1302,-175,-579,932,-18,20,-52,
5086019,4977535,5108081,5028646,4689215,4390278,-138,65,1316,-261,-536,879,5,10,-24,-105,-117,1307,-175,-579,932,-17,22,-57,
5086019,4977535,5108081,5028646,4683428,4390278,-129,60,1308,-260,-536,870,10,7,-19,-108,-107,1309,-173,-578,940,-7,19,-53,
5086019,4977535,5108081,5028646,4683428,4310851,-148,72,1340,-260,-536,870,4,7,-9,-113,-125,1308,-173,-578,940,-8,16,-52,
5086019,4977535,5108081,5028646,4683428,4310851,-157,65,1351,-261,-540,875,-2,7,-12,-107,-114,1311,-174,-570,936,-11,26,-53,
5086019,4977535,5108081,5028646,4683428,4310851,-143,65,1326,-261,-540,875,0,10,-15,-114,-118,1317,-178,-579,925,-15,32,-55,
5094622,4977535,5108081,5028646,4683428,4310851,-158,47,1378,-262,-535,876,0,11,-22,-107,-109,1299,-178,-579,925,-16,17,-51,
5094622,4971272,5108081,5028646,4683428,4310851,-152,54,1350,-262,-535,876,4,9,-15,-118,-115,1303,-172,-578,937,-9,27,-50,
5094622,4971272,5111718,5028646,4683428,4310851,-174,69,1348,-264,-538,872,0,9,-11,-111,-111,1302,-172,-578,937,-11,25,-57,
5094622,4971272,5111718,5044503,4683428,4310851,-148,52,1345,-263,-539,870,5,7,-17,-110,-116,1305,-176,-578,932,-16,27,-56,
5094622,4971272,5111718,5044503,4667854,4310851,-156,62,1321,-263,-539,870,10,1,-12,-112,-107,1312,-176,-578,932,-16,25,-50,
5094622,4971272,5111718,5044503,4667854,4244111,-155,62,1315,-260,-541,876,13,0,-10,-107,-107,1299,-177,-582,933,-13,25,-59,
5094622,4971272,5111718,5044503,4667854,4244111,-156,60,1345,-260,-541,876,4,1,-20,-117,-95,1309,-175,-580,933,-12,21,-56,
5094622,4971272,5111718,5044503,4667854,4244111,-146,63,1311,-262,-538,859,6,5,-18,-106,-117,1299,-175,-580,933,-12,38,-51,
5103062,4971272,5111718,5044503,4667854,4244111,-148,80,1315,-262,-538,859,6,7,-16,-121,-109,1310,-175,-578,923,-17,30,-54,
5103062,4957057,5111718,5044503,4667854,4244111,-164,68,1338,-260,-535,872,4,6,-22,-115,-108,1315,-175,-578,923,-19,23,-53,
5103062,4957057,5114140,5044503,4667854,4244111,-153,65,1322,-260,-536,868,8,5,-21,-112,-105,1317,-175,-575,933,-13,18,-51,
5103062,4957057,5114140,5054876,4667854,4244111,-150,61,1323,-260,-536,868,10,6,-14,-116,-115,1307,-176,-574,922,-15,32,-49,
5103062,4957057,5114140,5054876,4661441,4244111,-163,65,1350,-260,-540,868,6,6,-14,-110,-113,1306,-176,-574,922,-12,25,-50,
5103062,4957057,5114140,5054876,4661441,4170837,-166,66,1334,-260,-540,868,3,2,-19,-110,-108,1310,-173,-578,925,-11,30,-55,
5103062,4957057,5114140,5054876,4661441,4170837,-160,51,1345,-262,-529,877,8,7,-20,-108,-109,1302,-173,-578,925,-11,33,-48,
5103062,4957057,5114140,5054876,4661441,4170837,-165,58,1341,-262,-529,877,2,12,-14,-116,-105,1297,-178,-575,932,-9,36,-52,
5107100,4957057,5114140,5054876,4661441,4170837,-152,57,1333,-263,-533,872,8,8,-14,-120,-104,1317,-178,-575,932,-12,32,-49,
5107100,4957172,5114140,5054876,4661441,4170837,-167,57,1323,-263,-538,867,11,10,-15,-114,-117,1308,-177,-570,939,-12,33,-51,
5107100,4957172,5117723,5054876,4661441,4170837,-157,46,1329,-263,-538,867,4,12,-16,-111,-118,1305,-176,-580,923,-12,33,-54,
5107100,4957172,5117723,5055418,4661441,4170837,-125,70,1308,-258,-539,869,0,16,-18,-116,-120,1303,-176,-580,923,-12,28,-51,
5107100,4957172,5117723,5055418,4653954,4170837,-174,62,1332,-258,-539,869,-4,10,-18,-108,-115,1309,-173,-583,928,-16,26,-59,
5107100,4957172,5117723,5055418,4653954,4158666,-158,45,1344,-263,-539,867,4,4,-16,-122,-106,1294,-173,-583,928,-15,22,-50,
5107100,4957172,5117723,5055418,4653954,4158666,-153,53,1322,-263,-539,867,3,5,-11,-109,-113,1305,-178,-574,938,-15,35,-53,
5107100,4957172,5117723,5055418,4653954,4158666,-161,64,1325,-263,-531,864,5,10,-12,-109,-118,1307,-178,-574,938,-13,36,-52,
5109645,4957172,5117723,5055418,4653954,4158666,-159,59,1334,-263,-533,869,2,6,-14,-116,-106,1301,-174,-577,931,-9,28,-54,
5109645,4956480,5117723,5055418,4653954,4158666,-153,71,1323,-263,-533,869,-7,6,-11,-120,-116,1316,-175,-581,924,-13,35,-47,
5109645,4956480,5120126,5055418,4653954,4158666,-163,53,1363,-258,-541,869,-1,5,-9,-103,-109,1314,-175,-581,924,-12,25,-52,
5109645,4956480,5120126,5054425,4653954,4158666,-163,43,1340,-258,-541,869,4,6,-14,-113,-122,1320,-177,-579,932,-16,23,-49,
5109645,4956480,5120126,5054425,4647410,4158666,-147,60,1327,-263,-539,871,9,1,-14,-104,-117,1308,-177,-579,932,-12,24,-51,
5109645,4956480,5120126,5054425,4647410,4110898,-177,51,1369,-263,-539,871,7,6,-14,-97,-109,1309,-173,-572,940,-8,26,-52,
5109645,4956480,5120126,5054425,4647410,4110898,-151,51,1346,-262,-540,872,1,8,-15,-115,-111,1309,-173,-572,940,-9,19,-54,
5109645,4956480,5120126,5054425,4647410,4110898,-165,56,1364,-262,-540,872,5,7,-14,-108,-112,1315,-182,-581,932,-12,28,-55,
5111103,4956480,5120126,5054425,4647410,4110898,-149,54,1323,-259,-536,877,1,4,-17,-104,-101,1298,-180,-581,939,-12,22,-55,
5111103,4955044,5120126,5054425,4647410,4110898,-160,66,1342,-261,-540,871,16,0,-26,-105,-104,1302,-180,-581,939,-9,34,-51,
5111103,4955044,5122453,5054425,4647410,4110898,-161,74,1326,-261,-540,871,3,4,-16,-92,-110,1298,-177,-576,931,-14,19,-48,
5111103,4955044,5122453,5046843,4647410,4110898,-153,51,1337,-260,-539,874,1,9,-12,-111,-111,1308,-177,-576,931,-17,19,-51,
5111103,4955044,5122453,5046843,4614720,4110898,-147,57,1330,-260,-539,874,0,18,-15,-111,-116,1298,-177,-571,939,-12,19,-56,
5111103,4955044,5122453,5046843,4614720,4051566,-162,66,1341,-261,-535,863,7,11,-17,-107,-117,1324,-176,-579,927,-16,22,-55,
5111103,4955044,5122453,5046843,4614720,4051566,-164,52,1342,-261,-535,863,5,7,-12,-99,-104,1295,-176,-579,927,-17,23,-55,
5111103,4955044,5122453,5046843,4614720,4051566,-168,60,1326,-261,-537,866,4,5,-15,-111,-111,1302,-179,-577,934,-16,24,-54,
5119106,4955044,5122453,5046843,4614720,4051566,-157,73,1354,-260,-538,868,6,8,-17,-108,-105,1313,-179,-577,934,-14,25,-57,
5119106,4953314,5122453,5046843,4614720,4051566,-154,67,1333,-260,-538,868,10,4,-15,-104,-109,1308,-180,-576,930,-9,18,-59,
5119106,4953314,5125904,5046843,4614720,4051566,-179,55,1348,-258,-541,870,12,2,-15,-109,-114,1303,-180,-576,930,-7,15,-54,
