0,0,0,0,0,0,-138,60,1316,225,-456,684,15,1,-16,-106,-83,1311,316,-422,804,-13,25,-78,
5047364,0,0,0,0,0,-135,45,1331,224,-455,693,8,4,-18,-107,-93,1305,316,-422,804,-9,28,-71,
5047364,4968924,0,0,0,0,-136,53,1322,224,-455,693,10,4,-15,-110,-92,1315,318,-426,801,-10,31,-76,
5047364,4968924,4977192,0,0,0,-139,60,1318,223,-453,686,6,6,-10,-129,-93,1320,318,-426,801,-18,35,-71,
5047364,4968924,4977192,4931690,0,0,-154,46,1343,223,-453,686,7,-1,-7,-107,-88,1291,315,-413,808,-14,35,-71,
5047364,4968924,4977192,4931690,5179334,0,-157,45,1353,221,-453,686,4,-1,-13,-129,-97,1320,317,-421,810,-16,26,-68,
5047364,4968924,4977192,4931690,5179334,4825670,-147,53,1352,225,-458,688,5,-3,-13,-115,-95,1313,317,-421,810,-8,35,-66,
5047364,4968924,4977192,4931690,5179334,4825670,-152,40,1369,225,-458,688,4,-5,-14,-110,-79,1284,316,-421,795,-17,30,-67,
5047364,4968924,4977192,4931690,5179334,4825670,-138,38,1339,225,-453,691,-4,-6,-12,-119,-93,1322,316,-421,795,-16,26,-71,
5115068,4968924,4977192,4931690,5179334,4825670,-144,56,1335,225,-453,691,-4,-1,-16,-118,-85,1316,315,-421,806,-7,35,-70,
5115068,4818723,4977192,4931690,5179334,4825670,-140,47,1338,225,-453,682,-3,3,-17,-102,-78,1283,315,-421,806,-9,26,-63,
5115068,4818723,4931620,4931690,5179334,4825670,-138,47,1352,225,-453,682,-2,-1,-16,-120,-85,1312,314,-416,809,-11,32,-68,
5115068,4818723,4931620,4962490,5179334,4825670,-144,49,1365,223,-448,683,-3,-1,-16,-120,-94,1301,316,-424,805,-15,25,-70,
5115068,4818723,4931620,4962490,5162295,4825670,-148,56,1340,224,-453,686,0,1,-19,-102,-90,1314,316,-424,805,-5,25,-69,
5115068,4818723,4931620,4962490,5162295,4820420,-141,46,1349,224,-453,686,2,1,-17,-104,-93,1314,319,-429,790,-2,19,-67,
5115068,4818723,4931620,4962490,5162295,4820420,-123,52,1344,227,-461,688,-1,-3,-15,-108,-88,1322,319,-429,790,4,17,-67,
5115068,4818723,4931620,4962490,5162295,4820420,-150,50,1364,227,-461,688,-2,0,-10,-121,-85,1300,315,-416,804,3,25,-70,
5169942,4818723,4931620,4962490,5162295,4820420,-145,34,1358,225,-453,687,-4,-2,-12,-107,-91,1298,315,-416,804,10,16,-65,
5169942,3919566,4931620,4962490,5162295,4820420,-153,47,1343,225,-453,687,-5,-5,-12,-112,-88,1312,314,-417,801,26,9,-61,
5169942,3919566,4843374,4962490,5162295,4820420,-129,48,1342,224,-451,692,-8,-7,-8,-122,-88,1319,315,-425,800,18,4,-60,
5169942,3919566,4843374,5030066,5162295,4820420,-143,48,1363,223,-450,685,-13,-5,-13,-101,-95,1323,315,-425,800,26,9,-62,
5169942,3919566,4843374,5030066,4978264,4820420,-140,52,1339,223,-450,685,-9,3,-20,-109,-76,1312,318,-425,810,28,11,-60,
5169942,3919566,4843374,5030066,4978264,4809813,-140,47,1348,224,-455,691,-3,0,-13,-124,-88,1319,318,-425,810,36,4,-57,
5169942,3919566,4843374,5030066,4978264,4809813,-134,41,1343,224,-455,691,-3,4,-19,-107,-82,1321,314,-423,805,35,-6,-56,
5169942,3919566,4843374,5030066,4978264,4809813,-143,49,1337,225,-456,693,3,8,-19,-109,-77,1324,314,-423,797,34,-8,-57,
5189713,3919566,4843374,5030066,4978264,4809813,-135,52,1323,225,-456,693,-3,5,-16,-120,-83,1314,315,-423,797,31,-6,-57,
5189713,3550013,4843374,5030066,4978264,4809813,-131,64,1352,222,-448,688,7,4,-15,-108,-72,1325,314,-426,783,37,3,-51,
5189713,3550013,4779445,5030066,4978264,4809813,-141,48,1366,222,-448,681,6,4,-13,-104,-78,1329,314,-426,783,36,-5,-43,
5189713,3550013,4779445,5095391,4978264,4809813,-127,62,1326,220,-455,681,7,8,-15,-98,-69,1294,314,-427,802,32,2,-43,
5189713,3550013,4779445,5095391,4358953,4809813,-140,44,1346,227,-450,690,1,5,-10,-128,-74,1327,314,-427,802,32,-6,-45,
5189713,3550013,4779445,5095391,4358953,4808102,-141,44,1337,227,-450,690,-1,10,-16,-109,-84,1314,311,-424,801,31,-7,-46,
5189713,3550013,4779445,5095391,4358953,4808102,-140,43,1342,226,-455,696,5,8,-16,-95,-82,1313,314,-424,792,39,-5,-46,
5189713,3550013,4779445,5095391,4358953,4808102,-139,54,1344,226,-455,696,2,7,-18,-109,-78,1319,314,-424,792,35,-9,-45,
5172782,3550013,4779445,5095391,4358953,4808102,-157,57,1336,224,-453,680,6,12,-13,-114,-75,1312,315,-431,800,38,-9,-39,
5172782,4355278,4779445,5095391,4358953,4808102,-142,55,1342,224,-453,680,-14,7,-8,-117,-91,1320,315,-431,800,41,-2,-42,
5172782,4355278,4789989,5095391,4358953,4808102,-146,64,1350,223,-452,690,-22,4,-13,-94,-64,1310,310,-429,803,46,-5,-50,
5172782,4355278,4789989,4986618,4358953,4808102,-143,61,1340,224,-456,685,-25,-5,-9,-114,-59,1322,310,-429,803,44,0,-49,
5172782,4355278,4789989,4986618,3651299,4808102,-146,47,1352,224,-456,685,-29,-7,-7,-112,-70,1315,309,-430,797,42,6,-45,
5172782,4355278,4789989,4986618,3651299,4889856,-140,41,1351,222,-454,691,-22,-7,-10,-106,-72,1316,313,-434,808,34,22,-56,
5172782,4355278,4789989,4986618,3651299,4889856,-146,45,1362,222,-454,691,-20,-4,-10,-113,-57,1316,313,-434,808,-7,27,-65,
5172782,4355278,4789989,4986618,3651299,4889856,-143,36,1345,223,-451,678,-19,5,-9,-122,-65,1320,309,-432,804,-19,25,-63,
4948272,4355278,4789989,4986618,3651299,4889856,-133,53,1349,223,-451,678,-17,1,-3,-115,-69,1319,309,-432,804,-24,32,-59,
4948272,4574222,4789989,4986618,3651299,4889856,-143,40,1335,221,-445,682,-22,0,-1,-115,-79,1323,309,-429,801,-22,45,-60,
4948272,4574222,4914348,4986618,3651299,4889856,-147,44,1352,222,-449,687,-34,10,-2,-106,-69,1334,309,-429,801,-23,52,-61,
4948272,4574222,4914348,3342235,3651299,4889856,-130,37,1347,222,-449,687,-48,7,3,-109,-57,1306,312,-429,800,-39,57,-45,
4948272,4574222,4914348,3342235,3866764,4889856,-151,44,1339,223,-454,696,-55,-2,8,-135,-85,1323,314,-433,810,-48,67,-44,
4948272,4574222,4914348,3342235,3866764,5055600,-135,41,1344,223,-454,696,-47,-9,14,-122,-67,1303,314,-433,810,-57,75,-51,
4948272,4574222,4914348,3342235,3866764,5055600,-159,40,1351,221,-455,680,-44,-15,20,-120,-68,1306,312,-432,794,-49,71,-62,
4948272,4574222,4914348,3342235,3866764,5055600,-147,28,1347,221,-455,680,-33,-9,25,-112,-64,1308,312,-432,794,-39,55,-77,
3776010,4574222,4914348,3342235,3866764,5055600,-143,25,1344,223,-447,688,18,17,25,-110,-67,1317,312,-422,803,-35,67,-84,
3776010,4600984,4914348,3342235,3866764,5055600,-132,28,1337,223,-446,692,34,30,27,-113,-76,1334,312,-422,790,-30,69,-88,
3776010,4600984,5134816,3342235,3866764,5055600,-146,25,1342,221,-446,692,38,43,41,-96,-39,1345,313,-427,790,-23,92,-96,
3776010,4600984,5134816,165099,3866764,5055600,-143,-124,1356,223,-453,690,33,35,122,-108,20,1427,319,-429,799,43,137,-117,
3776010,4600984,5134816,165099,3735107,5055600,-143,-72,1557,223,-453,690,93,28,211,-101,9,1636,319,-429,799,160,238,-197,
3776010,4600984,5134816,165099,3735107,5155620,-139,20,1835,224,-459,691,119,174,293,-155,-57,1777,328,-427,797,73,376,-255,
3776010,4600984,5134816,165099,3735107,5155620,-159,31,1673,224,-459,691,78,497,309,-179,93,1888,328,-427,797,-93,633,-307,
3776010,4600984,5134816,165099,3735107,5155620,-155,34,1904,231,-463,691,79,713,297,-222,214,2211,344,-416,777,-136,1342,-419,
204780,4600984,5134816,165099,3735107,5155620,-151,120,2046,231,-463,691,89,992,284,-188,77,2414,384,-404,762,-45,1870,-514,
204780,4931684,5134816,165099,3735107,5155620,-93,219,1989,248,-466,683,140,1327,221,-18,-325,2153,384,-404,762,-50,2366,-409,
204780,4931684,5170043,165099,3735107,5155620,-116,153,1805,289,-480,669,201,1631,131,-75,-288,2051,427,-399,733,-128,2778,-242,
204780,4931684,5170043,165454,3735107,5155620,-180,140,1749,289,-480,669,243,1830,64,-126,-264,2023,427,-399,733,-81,3143,-165,
204780,4931684,5170043,165454,4137553,5155620,-240,112,1574,331,-492,659,274,1990,27,-86,-454,1768,482,-380,687,-36,3419,-60,
204780,4931684,5170043,165454,4137553,4536293,-241,116,1333,331,-492,659,277,2138,21,-156,-336,1647,482,-380,687,-64,3574,79,
204780,4931684,5170043,165454,4137553,4536293,-311,17,1184,370,-496,646,311,2239,5,-240,-292,1670,541,-377,631,-67,3661,171,
204780,4931684,5170043,165454,4137553,4536293,-383,-2,1228,370,-496,646,348,2134,33,-266,-266,1642,597,-378,573,-38,3733,239,
165198,4931684,5170043,165454,4137553,4536293,-403,-10,1291,408,-508,620,460,2084,70,-271,-274,1576,597,-378,573,-26,3824,294,
165198,5269231,5170043,165454,4137553,4536293,-432,-60,1455,449,-527,593,500,2118,121,-303,-259,1221,647,-376,511,-59,3946,369,
165198,5269231,4827153,165454,4137553,4536293,-458,18,1642,449,-527,593,561,2233,169,-431,-252,1278,647,-376,511,-95,4049,453,
165198,5269231,4827153,165382,4137553,4536293,-496,-11,1769,488,-542,556,653,2403,215,-462,-223,1261,693,-377,442,-107,4107,520,
165198,5269231,4827153,165382,4403959,4536293,-486,18,1540,488,-542,556,742,2588,258,-482,-187,1238,693,-377,442,-147,4152,577,
165198,5269231,4827153,165382,4403959,3962021,-537,5,1464,524,-565,516,845,2743,296,-543,-240,1401,739,-378,377,-193,4238,635,
165198,5269231,4827153,165382,4403959,3962021,-542,53,1375,524,-565,516,900,2851,342,-572,-254,1485,770,-394,291,-281,4366,701,
165198,5269231,4827153,165382,4403959,3962021,-546,99,1271,569,-576,465,923,2948,375,-537,-199,1343,770,-394,291,-425,4563,856,
165686,5269231,4827153,165382,4403959,3962021,-600,127,1296,603,-604,414,949,3036,389,-551,-385,1288,800,-402,195,-686,4988,980,
165686,5319526,4827153,165382,4403959,3962021,-618,148,1201,603,-604,414,945,3116,392,-694,-569,1389,800,-402,195,-747,5143,1163,
165686,5319526,4582600,165382,4403959,3962021,-642,182,1187,638,-629,350,932,3186,406,-862,-626,1693,815,-422,93,-691,5206,1404,
165686,5319526,4582600,165504,4403959,3962021,-727,177,1085,638,-629,350,941,3251,414,-1065,-750,1719,815,-463,-19,-617,5174,1638,
165686,5319526,4582600,165504,3968871,3962021,-821,78,1038,663,-649,300,960,3297,422,-845,-617,1560,811,-463,-19,-616,5133,1860,
165686,5319526,4582600,165504,3968871,3041887,-865,50,940,663,-649,300,1015,3318,442,-510,-141,1253,792,-507,-108,-422,5162,2011,
165686,5319526,4582600,165504,3968871,3041887,-979,87,942,685,-661,219,985,3279,582,-368,-199,1123,792,-507,-108,-229,5201,2091,
165686,5319526,4582600,165504,3968871,3041887,-963,-36,696,685,-661,219,960,3179,682,-256,279,650,755,-556,-220,-113,5285,2189,
165262,5319526,4582600,165504,3968871,3041887,-914,-150,416,694,-685,143,888,3044,808,-263,895,320,755,-556,-220,273,5260,2184,
165262,5303296,4582600,165504,3968871,3041887,-965,-247,231,698,-716,82,671,2913,962,-267,924,-22,703,-593,-332,716,5079,1964,
165262,5303296,4173068,165504,3968871,3041887,-975,-29,171,698,-716,82,460,2745,1089,-311,933,-951,652,-624,-416,911,4757,1657,
165262,5303296,4173068,1237153,3968871,3041887,-1016,257,165,690,-738,43,312,2548,1158,-376,793,-547,652,-624,-416,1026,4198,1325,
165262,5303296,4173068,1237153,2031071,3041887,-1006,495,199,690,-738,43,126,2396,1171,-531,534,-765,604,-634,-499,1068,3892,1038,
165262,5303296,4173068,1237153,2031071,1402694,-1071,653,283,673,-762,-4,-13,2259,1140,-475,484,-927,604,-634,-499,863,3591,813,
165262,5303296,4173068,1237153,2031071,1402694,-1104,752,383,673,-762,-4,-96,2144,1055,-494,447,-1093,562,-638,-558,640,3381,654,
165262,5303296,4173068,1237153,2031071,1402694,-1129,853,445,659,-781,-41,-209,2062,935,-544,496,-1240,562,-638,-558,426,3241,532,
165161,5303296,4173068,1237153,2031071,1402694,-1048,1087,486,651,-800,-70,-304,2039,779,-635,562,-1392,515,-645,-624,287,2899,391,
165161,5334547,4173068,1237153,2031071,1402694,-970,1392,476,651,-800,-70,-257,2017,565,-589,554,-1592,470,-657,-649,253,2952,340,
165161,5334547,4254360,1237153,2031071,1402694,-1038,1438,-220,643,-800,-100,-43,1962,304,-1373,425,1578,470,-657,-649,-88,3198,188,
165161,5334547,4254360,4752053,2031071,1402694,-304,2080,-728,643,-800,-100,52,1866,11,-1985,4955,-5424,429,-669,-687,-661,2821,-549,
165161,5334547,4254360,4752053,165161,1402694,-1932,1004,1299,648,-788,-126,-40,1573,-402,-1406,1719,-6379,429,-669,-687,1215,1256,-1559,
165161,5334547,4254360,4752053,165161,164032,-2807,-813,970,648,-788,-126,390,1362,-527,21,-313,-5345,448,-616,-703,1059,-715,-2061,
165161,5334547,4254360,4752053,165161,164032,-1804,-217,-751,656,-776,-149,-370,834,-139,1009,-287,-3264,448,-616,-703,1084,-999,-1948,
165161,5334547,4254360,4752053,165161,164032,-666,-145,-1886,658,-788,-130,-435,43,113,1815,-2211,-2418,487,-568,-706,1777,-342,-1501,
165059,5334547,4254360,4752053,165161,164032,-76,35,-2069,658,-788,-130,-699,-516,180,2005,-3674,-2090,496,-553,-716,1165,-200,-385,
165059,5214973,4254360,4752053,165161,164032,-36,763,-1853,656,-795,-111,-703,-942,114,130,-141,-1077,496,-553,-716,-516,-394,724,
165059,5214973,3765493,4752053,165161,164032,-1130,47,-931,656,-795,-111,-310,-1531,56,-1339,1026,-1907,478,-595,-696,-1006,85,1461,
165059,5214973,3765493,556656,165161,164032,-1775,-459,-578,658,-799,-72,-507,-2001,103,-1768,483,-1191,478,-595,-696,30,-54,1454,
165059,5214973,3765493,556656,165078,164032,-3074,1222,-341,658,-799,-72,-1507,-1889,254,-1479,518,-855,464,-596,-706,224,-492,1145,
165059,5214973,3765493,556656,165078,854918,-3526,3276,44,646,-801,-24,-1452,-927,550,-1560,1540,41,468,-600,-700,-82,-630,625,
165059,5214973,3765493,556656,165078,854918,-3356,2097,685,646,-801,-24,151,-42,618,-1873,1893,729,468,-600,-700,16,-142,-354,
165059,5214973,3765493,556656,165078,854918,-3613,1206,900,638,-814,-34,786,528,682,-1507,1434,374,485,-568,-728,603,538,-1425,
165292,5214973,3765493,556656,165078,854918,-3289,1391,935,627,-829,-74,651,1319,855,-1655,22,236,485,-568,-728,875,846,-2036,
165292,168552,3765493,556656,165078,854918,-2942,1545,999,627,-829,-74,876,2105,1021,-1760,187,219,494,-530,-735,698,552,-1823,
165292,168552,2585072,556656,165078,854918,-639,-239,467,606,-838,-176,2008,3046,1110,-1903,470,330,494,-530,-735,305,556,-1732,
165292,168552,2585072,165466,165078,854918,-1866,-331,1429,606,-838,-176,2481,2788,657,-1981,460,348,510,-489,-760,456,492,-1665,
165292,168552,2585072,165466,165127,854918,-2809,906,1384,597,-840,-214,1140,1559,173,-2051,58,246,513,-468,-749,461,485,-1409,
165292,168552,2585072,165466,165127,163999,-2878,1321,1500,597,-840,-214,557,2318,-118,-1848,-280,-172,513,-468,-749,218,489,-1012,
165292,168552,2585072,165466,165127,163999,-2506,807,1287,592,-828,-246,732,2869,-369,-1780,-86,-507,512,-463,-767,-221,458,-606,
165292,168552,2585072,165466,165127,163999,-2272,478,1320,583,-831,-308,578,3276,-383,-1915,216,-548,512,-463,-767,-537,498,-343,
165211,168552,2585072,165466,165127,163999,-2079,630,1415,583,-831,-308,558,3625,-281,-1816,368,-636,508,-470,-772,-602,704,-285,
165211,166578,2585072,165466,165127,163999,-1804,719,1377,563,-820,-384,728,3822,-198,-1593,275,-725,508,-470,-772,-533,925,-384,
165211,166578,1870861,165466,165127,163999,-1225,459,1455,563,-820,-384,906,3855,-136,-1301,145,-806,496,-465,-767,-514,1033,-505,
165211,166578,1870861,165325,165127,163999,-893,188,1364,528,-810,-441,953,3683,-77,-1149,24,-894,486,-479,-785,-603,995,-581,
165211,166578,1870861,165325,165165,163999,-695,147,1215,528,-810,-441,774,3306,11,-1167,210,-855,486,-479,-785,-804,904,-597,
165211,166578,1870861,165325,165165,164078,-634,220,1148,496,-799,-487,614,2871,136,-1064,567,-754,478,-483,-778,-751,909,-600,
165211,166578,1870861,165325,165165,164078,-542,304,1009,466,-801,-540,614,2527,249,-843,395,-766,478,-483,-778,-408,998,-561,
165211,166578,1870861,165325,165165,164078,-486,333,904,466,-801,-540,767,2278,329,-609,174,-823,460,-479,-792,-82,998,-429,
165238,166578,1870861,165325,165165,164078,-461,275,760,431,-793,-576,979,2110,386,-441,36,-750,460,-479,-793,86,845,-186,
165238,166577,1870861,165325,165165,164078,-363,66,533,431,-793,-576,1113,1986,441,-330,-43,-644,448,-480,-793,80,663,135,
165238,166577,851968,165325,165165,164078,-329,-1,439,393,-784,-610,1102,1900,512,-129,-29,-516,435,-493,-800,-12,507,791,
165238,166577,851968,165442,165165,164078,-284,3,306,393,-784,-610,993,1813,695,66,256,-391,435,-493,-800,-122,155,939,
165238,166577,851968,165442,165260,164078,-214,-5,150,353,-770,-645,607,1603,760,406,489,-342,422,-508,-799,-44,-249,852,
165238,166577,851968,165442,165260,164003,-117,40,-12,353,-770,-666,394,1463,811,427,574,-263,422,-508,-799,189,-639,558,
165238,166577,851968,165442,165260,164003,-11,99,-152,317,-777,-666,153,1318,832,471,494,-326,431,-502,-805,424,-997,163,
165238,166577,851968,165442,165260,164003,98,193,-340,289,-784,-671,-76,1150,787,454,359,-412,455,-488,-775,556,-1333,-235,
165186,166577,851968,165442,165260,164003,185,312,-606,289,-784,-671,-301,969,701,280,170,-464,455,-488,-775,596,-1616,-502,
165186,166794,851968,165442,165260,164003,274,589,-676,262,-796,-667,-519,772,559,154,8,-578,489,-480,-766,545,-1772,-587,
165186,166794,746894,165442,165260,164003,273,793,-695,262,-796,-667,-668,576,354,-11858,-2572,1364,489,-480,-766,237,-1060,-588,
165186,166794,746894,1027409,165260,164003,269,955,-756,245,-810,-654,-676,388,89,1768,-1099,-5601,464,-502,-782,-1653,2731,-81,
165186,166794,746894,1027409,164902,164003,259,1035,-795,245,-810,-654,-534,203,-190,-3218,1368,-903,464,-502,-782,-2382,2274,851,
165186,166794,746894,1027409,164902,164049,237,1040,-819,253,-809,-645,-296,29,-453,-1953,1504,-1557,430,-536,-792,-1329,953,221,
165186,166794,746894,1027409,164902,164049,193,926,-880,270,-808,-646,-20,-162,-672,-2096,1086,-1002,427,-518,-781,499,555,-164,
165186,166794,746894,1027409,164902,164049,109,754,-921,270,-808,-646,250,-386,-784,-1554,-231,-885,427,-518,-781,1524,112,-522,
165218,166794,746894,1027409,164902,164049,19,330,-909,297,-796,-649,417,-606,-763,-1154,-758,-495,435,-493,-799,1358,-163,-499,
165218,390048,746894,1027409,164902,164049,-239,282,-896,297,-796,-649,420,-810,-593,-1035,-429,-446,435,-493,-799,803,-226,-298,
165218,390048,739854,1027409,164902,164049,-339,352,-909,320,-785,-639,281,-987,-104,-1000,-119,-533,435,-484,-804,302,-134,-90,
165218,390048,739854,168116,164902,164049,-483,475,-870,320,-785,-639,-8,-1262,72,-1064,-52,-649,435,-484,-804,118,30,106,
165218,390048,739854,168116,165106,164049,-687,644,-781,333,-790,-630,-16,-1217,167,-1094,-61,-718,437,-485,-789,107,277,176,
165218,390048,739854,168116,165106,163770,-908,746,-744,343,-794,-625,53,-968,158,-1155,-121,-748,428,-489,-803,113,352,265,
165218,390048,739854,168116,165106,163770,-1026,883,-753,343,-794,-625,195,-607,96,-1121,-257,-775,428,-489,-803,-7,373,396,
165218,390048,739854,168116,165106,163770,-1070,951,-792,349,-787,-633,442,-275,21,-1245,-110,-837,418,-503,-813,-227,345,510,
165213,390048,739854,168116,165106,163770,-945,792,-775,349,-787,-633,656,-65,-43,-1304,85,-867,418,-503,-813,-399,272,551,
165213,166696,739854,168116,165106,163770,-889,785,-775,354,-772,-631,792,-4,-51,-1314,286,-877,404,-511,-805,-443,157,529,
165213,166696,402014,168116,165106,163770,-841,720,-720,354,-772,-631,929,-68,-42,-1278,447,-827,404,-529,-807,-391,66,451,
165213,166696,402014,165400,165106,163770,-817,646,-735,346,-756,-661,1015,-127,-62,-1228,495,-798,398,-529,-807,-286,33,356,
165213,166696,402014,165400,165206,163770,-854,619,-800,346,-738,-672,982,-211,-121,-1195,506,-758,392,-538,-822,-195,50,255,
165213,166696,402014,165400,165206,164061,-890,681,-792,357,-738,-672,899,-328,-250,-1178,540,-743,392,-538,-822,-140,99,148,
165213,166696,402014,165400,165206,164061,-918,750,-831,371,-722,-671,914,-421,-428,-1144,514,-763,387,-544,-808,-88,158,38,
165213,166696,402014,165400,165206,164061,-1055,791,-906,371,-722,-671,1098,-504,-610,-1145,455,-765,387,-544,-808,-4,221,-67,
165163,166696,402014,165400,165206,164061,-1465,423,-895,394,-687,-700,1355,-559,-765,-1156,351,-795,386,-539,-807,84,283,-155,
165163,166510,402014,165400,165206,164061,-1675,254,-943,394,-687,-700,1487,-488,-818,-1166,263,-825,383,-534,-827,142,328,-216,
165163,166510,166923,165400,165206,164061,-1738,169,-1001,411,-654,-713,1322,-270,-727,-1174,209,-882,383,-534,-827,148,336,-254,
165163,166510,166923,165299,165206,164061,-1784,167,-1065,411,-654,-713,1186,-168,-599,-1180,211,-994,380,-530,-811,96,306,-285,
165163,166510,166923,165299,165286,164061,-1813,215,-1027,421,-622,-718,1104,-53,-489,-1221,298,-976,380,-530,-811,51,240,-352,
165163,166510,166923,165299,165286,164357,-1791,155,-1035,430,-602,-735,1018,82,-405,-1215,216,-922,381,-514,-819,208,116,-398,
165163,166510,166923,165299,165286,164357,-1828,249,-1065,430,-602,-735,954,198,-368,-1184,116,-885,381,-514,-819,199,74,-443,
165163,166510,166923,165299,165286,164357,-1858,320,-976,423,-583,-754,908,413,-372,-1151,106,-874,385,-508,-823,120,51,-481,
165099,166510,166923,165299,165286,164357,-1612,298,-1033,423,-583,-754,913,661,-370,-1131,182,-904,392,-510,-815,83,30,-520,
165099,166585,166923,165299,165286,164357,-1421,169,-1133,416,-557,-779,972,801,-360,-1151,224,-914,392,-510,-815,143,37,-561,
165099,166585,166852,165299,165286,164357,-1248,-63,-1241,416,-557,-779,970,770,-337,-1119,116,-920,393,-496,-826,265,50,-598,
165099,166585,166852,165383,165286,164357,-1192,-291,-1320,403,-538,-791,803,570,-274,-1078,37,-937,393,-496,-826,321,59,-630,
165099,166585,166852,165383,165249,164357,-1282,-448,-1272,403,-542,-795,453,311,-154,-1025,4,-968,401,-482,-831,289,69,-650,
165099,166585,166852,165383,165249,164175,-1407,-425,-1207,403,-542,-795,-35,82,53,-1022,11,-990,401,-482,-831,230,77,-686,
165099,166585,166852,165383,165249,164175,-1510,-142,-1103,402,-555,-782,-525,-95,289,-1001,60,-973,405,-466,-838,206,89,-703,
165099,166585,166852,165383,165249,164175,-1593,556,-919,402,-555,-782,-805,-138,446,-1012,86,-967,413,-459,-843,245,107,-701,
165366,166585,166852,165383,165249,164175,-1548,694,-874,394,-572,-779,-866,-29,456,-1016,27,-972,413,-459,-843,307,133,-693,
165366,166580,166852,165383,165249,164175,-1437,829,-922,394,-572,-779,-722,503,70,-1002,43,-982,415,-446,-845,315,157,-681,
165366,166580,167026,165383,165249,164175,-1285,923,-982,383,-580,-757,-525,670,-212,-1056,76,-914,415,-446,-845,278,172,-658,
165366,166580,167026,165397,165249,164175,-1221,968,-1015,374,-578,-763,-192,730,-492,-1141,66,-788,414,-426,-855,305,183,-651,
165366,166580,167026,165397,165185,164175,-1101,800,-993,374,-578,-763,167,794,-682,-1173,34,-750,414,-411,-852,352,215,-622,
165366,166580,167026,165397,165185,164208,-1053,484,-963,373,-570,-785,410,805,-737,-1215,-15,-668,415,-411,-852,377,239,-504,
165366,166580,167026,165397,165185,164208,-968,-59,-859,373,-570,-785,453,748,-675,-1228,-52,-664,418,-407,-854,284,219,-414,
165366,166580,167026,165397,165185,164208,-860,-139,-727,364,-553,-800,352,606,-509,-1301,24,-632,418,-407,-854,244,213,-318,
165243,166580,167026,165397,165185,164208,-819,-143,-681,364,-553,-800,184,425,-291,-1309,40,-664,416,-404,-860,264,218,-256,
165243,166450,167026,165397,165185,164208,-908,-88,-564,357,-550,-806,62,222,-71,-1328,56,-707,416,-404,-860,307,209,-237,
165243,166450,166931,165397,165185,164208,-935,-54,-446,357,-550,-806,-31,71,77,-1301,65,-713,413,-388,-864,355,194,-260,
165243,166450,166931,165394,165185,164208,-976,92,-496,358,-550,-802,-115,-4,139,-1268,53,-751,416,-380,-889,391,183,-312,
165243,166450,166931,165394,165202,164208,-1090,279,-464,360,-557,-796,-119,-57,74,-1247,1,-763,416,-380,-889,416,178,-360,
165243,166450,166931,165394,165202,164157,-1125,502,-526,360,-557,-796,7,-60,-96,-1203,-85,-822,414,-371,-880,417,167,-375,
165243,166450,166931,165394,165202,164157,-1080,290,-775,365,-544,-803,249,-67,-306,-1167,-192,-784,414,-371,-880,378,153,-347,
165243,166450,166931,165394,165202,164157,-1086,129,-815,365,-544,-803,405,-125,-538,-1178,-166,-781,415,-355,-883,283,135,-303,
165372,166450,166931,165394,165202,164157,-1120,160,-845,376,-531,-791,48,-273,-680,-1202,-132,-766,415,-355,-883,199,117,-286,
165372,166530,166931,165394,165202,164157,-1204,292,-834,376,-531,-791,-50,-310,-608,-1230,-94,-752,413,-351,-884,157,102,-280,
165372,166530,166684,165394,165202,164157,-1794,502,-741,385,-523,-798,-129,-193,-507,-1222,-79,-747,414,-352,-886,177,107,-280,
165372,166530,166684,165353,165202,164157,-3350,885,-488,380,-528,-799,-127,658,-82,-1201,-108,-751,414,-352,-886,232,124,-283,
165372,166530,166684,165353,165148,164157,-970,370,-1988,380,-528,-799,-304,819,-106,-1186,-274,-840,416,-338,-887,293,136,-282,
165372,166530,166684,165353,165148,164225,-1190,895,-909,372,-537,-793,-586,471,-425,-1138,-310,-848,416,-338,-887,288,124,-276,
165372,166530,166684,165353,165148,164225,-1059,1164,-933,372,-537,-793,-54,192,-805,-1106,-314,-863,415,-331,-889,229,112,-213,
165372,166530,166684,165353,165148,164225,-1066,597,-874,384,-515,-799,598,19,-1005,-1108,-338,-842,415,-331,-889,103,87,-170,
165364,166530,166684,165353,165148,164225,-1090,102,-820,384,-515,-799,805,-60,-1017,-1089,-367,-830,414,-330,-892,32,87,-102,
165364,166597,166684,165353,165148,164225,-1089,-105,-791,395,-488,-814,629,-39,-838,-1082,-359,-813,415,-331,-886,-53,98,-19,
165364,166597,166873,165353,165148,164225,-1060,-17,-782,397,-482,-816,347,37,-560,-1098,-63,-838,415,-331,-886,-139,99,47,
165364,166597,166873,165284,165148,164225,-1021,251,-800,397,-482,-816,195,112,-342,-1150,-138,-854,411,-335,-893,-208,86,82,
165364,166597,166873,165284,165102,164225,-988,287,-854,399,-478,-817,260,173,-272,-1162,-24,-882,411,-335,-893,-226,86,89,
165364,166597,166873,165284,165102,164183,-1270,92,-903,399,-478,-817,362,208,-291,-1183,52,-881,409,-332,-898,-178,88,63,
165364,166597,166873,165284,165102,164183,-1223,-81,-922,395,-466,-826,391,209,-367,-1171,98,-872,405,-342,-893,-106,89,14,
165364,166597,166873,165284,165102,164183,-1188,-131,-984,395,-466,-826,318,213,-330,-1164,134,-894,405,-342,-893,-5,101,-49,
165395,166597,166873,165284,165102,164183,-1162,-140,-950,392,-452,-828,84,200,-248,-1158,136,-923,406,-348,-884,98,99,-120,
165395,166621,166873,165284,165102,164183,-1157,-126,-965,392,-452,-832,-10,182,-167,-1170,58,-873,406,-348,-884,182,95,-191,
165395,166621,253595,165284,165102,164183,-1167,-60,-967,396,-459,-832,-84,161,-100,-1157,12,-844,402,-333,-896,249,102,-255,
165395,166621,253595,165278,165102,164183,-1156,-11,-973,393,-461,-828,-111,133,-45,-1133,-58,-864,402,-333,-896,278,110,-301,
165395,166621,253595,165278,165107,164183,-1129,47,-992,393,-461,-828,-111,110,2,-1118,-68,-849,406,-322,-897,266,116,-338,
165395,166621,253595,165278,165107,164135,-1085,56,-968,392,-463,-828,-99,78,45,-1121,-76,-831,404,-322,-894,231,120,-361,
165395,166621,253595,165278,165107,164135,-1084,67,-966,392,-463,-828,-94,57,76,-1109,-81,-855,404,-322,-894,219,132,-383,
165395,166621,253595,165278,165107,164135,-1123,63,-926,392,-462,-823,-100,45,114,-1110,-115,-876,405,-309,-907,232,147,-399,
165419,166621,253595,165278,165107,164135,-1127,102,-939,392,-462,-823,-110,29,142,-1113,-171,-891,405,-309,-907,279,168,-394,
165419,166719,253595,165278,165107,164135,-1113,145,-915,384,-462,-823,-132,26,171,-1107,-210,-867,407,-292,-910,291,179,-377,
165419,166719,529198,165278,165107,164135,-1092,175,-873,385,-475,-824,-139,28,190,-1095,-223,-797,407,-292,-910,298,198,-360,
165419,166719,529198,165549,165107,164135,-1081,183,-835,385,-475,-824,-126,51,192,-1061,-246,-804,404,-280,-913,311,235,-327,
165419,166719,529198,165549,165244,164135,-1072,225,-840,380,-481,-837,-121,85,194,-1058,-296,-818,399,-282,-933,304,275,-281,
165419,166719,529198,165549,165244,164156,-1086,274,-841,380,-481,-837,-99,115,182,-1080,-341,-831,399,-282,-933,261,307,-214,
165419,166719,529198,165549,165244,164156,-1067,279,-838,375,-479,-816,-91,144,148,-1007,-309,-784,394,-275,-920,194,353,-154,
165419,166719,529198,165549,165244,164156,-1068,320,-832,375,-479,-816,-48,209,117,-997,-285,-781,394,-275,-920,138,412,-94,
165429,166719,529198,165549,165244,164156,-1081,428,-875,369,-480,-827,32,202,73,-1021,-252,-801,388,-273,-931,104,492,-42,
165429,178004,529198,165549,165244,164156,-1090,481,-962,365,-482,-835,184,149,17,-1053,-212,-835,388,-273,-950,83,564,-14,
165429,178004,1556811,165549,165244,164156,-1087,417,-1017,365,-482,-835,304,100,-40,-1077,-206,-883,373,-273,-950,100,608,2,
165429,178004,1556811,165519,165244,164156,-1110,288,-1042,368,-477,-836,316,59,-75,-1106,-224,-897,366,-269,-924,120,615,3,
165429,178004,1556811,165519,165222,164156,-1070,161,-956,368,-477,-836,232,49,-93,-1114,-264,-1006,366,-269,-924,132,595,5,
165429,178004,1556811,165519,165222,164078,-1069,194,-912,362,-470,-826,129,64,-105,-1157,-254,-1064,350,-269,-939,126,545,7,
165429,178004,1556811,165519,165222,164078,-1070,219,-897,362,-470,-826,56,90,-108,-1158,-272,-1074,350,-269,-939,93,462,9,
165429,178004,1556811,165519,165222,164078,-1058,241,-915,362,-461,-845,37,111,-129,-1138,-248,-1098,342,-262,-952,36,353,9,
165264,178004,1556811,165519,165222,164078,-1068,246,-907,362,-463,-836,39,127,-143,-1118,-205,-1083,343,-272,-946,-37,244,-3,
165264,166888,1556811,165519,165222,164078,-1100,222,-886,361,-463,-836,73,144,-150,-1097,-140,-1067,343,-272,-946,-76,73,-19,
165264,166888,2681369,165519,165222,164078,-1121,168,-886,361,-461,-841,105,137,-156,-1078,-71,-1027,340,-276,-955,-53,35,-52,
165264,166888,2681369,165584,165222,164078,-1108,114,-976,361,-461,-841,100,127,-145,-1081,-13,-948,340,-276,-955,1,27,-107,
165264,166888,2681369,165584,165267,164078,-1125,21,-994,363,-462,-848,93,115,-126,-1087,-4,-935,340,-272,-947,60,39,-168,
165264,166888,2681369,165584,165267,164115,-1119,3,-1004,363,-462,-848,55,96,-46,-1085,-38,-903,340,-272,-947,129,69,-229,
165264,166888,2681369,165584,165267,164115,-1105,6,-988,359,-459,-853,-53,47,3,-1077,-69,-942,342,-268,-953,178,77,-273,
165264,166888,2681369,165584,165267,164115,-1106,-8,-963,359,-459,-853,-110,39,53,-1065,-120,-963,339,-263,-946,211,75,-307,
165206,166888,2681369,165584,165267,164115,-1108,25,-943,361,-458,-848,-164,39,114,-1057,-127,-975,339,-263,-946,214,63,-331,
165206,172205,2681369,165584,165267,164115,-1094,45,-951,358,-469,-838,-194,45,163,-1057,-159,-996,341,-256,-956,236,54,-350,
165206,172205,2625246,165584,165267,164115,-1115,64,-902,358,-469,-838,-208,54,197,-1055,-197,-968,341,-256,-956,247,43,-365,
165206,172205,2625246,165477,165267,164115,-1105,94,-973,352,-473,-844,-227,57,234,-1047,-220,-953,343,-244,-964,261,31,-378,
165206,172205,2625246,165477,165178,164115,-1084,78,-945,352,-473,-844,-252,54,277,-1062,-224,-916,343,-244,-964,270,24,-380,
165206,172205,2625246,165477,165178,164070,-1085,114,-985,343,-480,-829,-280,57,302,-1060,-192,-924,347,-229,-958,282,22,-381,
165206,172205,2625246,165477,165178,164070,-1068,151,-971,343,-480,-829,-315,54,337,-1049,-201,-902,349,-222,-981,325,35,-382,
165206,172205,2625246,165477,165178,164070,-1080,164,-948,342,-485,-827,-323,51,362,-1022,-262,-903,349,-222,-981,398,67,-391,
165060,172205,2625246,165477,165178,164070,-1073,209,-943,337,-502,-831,-331,58,373,-999,-388,-898,348,-216,-961,421,91,-371,
165060,179534,2625246,165477,165178,164070,-1063,212,-917,337,-502,-831,-343,63,387,-1016,-419,-888,348,-216,-961,387,98,-312,
165060,179534,2487305,165477,165178,164070,-1056,227,-923,329,-515,-828,-358,81,388,-1023,-401,-914,349,-195,-959,257,95,-272,
165060,179534,2487305,165482,165178,164070,-1045,282,-947,329,-515,-828,-375,81,407,-1040,-385,-923,349,-195,-952,202,93,-238,
165060,179534,2487305,165482,165406,164070,-1041,309,-940,327,-527,-812,-381,80,398,-1035,-367,-907,346,-197,-952,166,84,-217,
165060,179534,2487305,165482,165406,164152,-1045,317,-933,327,-527,-812,-360,73,397,-1043,-327,-905,350,-196,-958,129,80,-204,
165060,179534,2487305,165482,165406,164152,-1021,300,-934,321,-530,-825,-349,71,389,-1029,-271,-912,350,-196,-958,102,82,-200,
165060,179534,2487305,165482,165406,164152,-1045,274,-959,321,-548,-814,-358,76,387,-1038,-231,-929,347,-189,-968,102,92,-207,
165103,179534,2487305,165482,165406,164152,-1044,276,-948,310,-548,-814,-375,84,401,-1052,-230,-913,347,-189,-968,126,112,-227,
165103,550231,2487305,165482,165406,164152,-1043,269,-949,304,-559,-813,-398,82,412,-1058,-241,-917,344,-180,-980,172,122,-241,
165103,550231,2576856,165482,165406,164152,-1041,277,-969,304,-559,-813,-419,76,431,-1041,-284,-941,345,-178,-969,213,124,-260,
165103,550231,2576856,165560,165406,164152,-1047,311,-959,300,-573,-820,-429,75,448,-1011,-324,-968,345,-178,-969,209,121,-264,
165103,550231,2576856,165560,164718,164152,-1051,322,-943,300,-573,-820,-440,66,464,-1025,-331,-962,345,-175,-971,188,108,-264,
165103,550231,2576856,165560,164718,164068,-1024,347,-943,289,-581,-809,-435,58,481,-1007,-328,-976,345,-175,-971,164,89,-265,
165103,550231,2576856,165560,164718,164068,-1038,382,-939,289,-581,-809,-424,47,492,-1015,-327,-953,344,-161,-973,155,77,-269,
165103,550231,2576856,165560,164718,164068,-1012,409,-946,282,-590,-800,-419,44,496,-996,-330,-957,344,-161,-973,143,57,-264,
165287,550231,2576856,165560,164718,164068,-1009,428,-897,277,-608,-787,-401,34,495,-1016,-330,-937,342,-158,-981,140,50,-265,
165287,789472,2576856,165560,164718,164068,-1002,436,-919,277,-608,-787,-380,30,494,-1003,-355,-950,346,-158,-978,152,54,-267,
165287,789472,2478931,165560,164718,164068,-1004,471,-910,268,-617,-790,-373,39,481,-1022,-362,-933,346,-158,-978,164,50,-257,
165287,789472,2478931,165331,164718,164068,-1008,484,-921,268,-617,-790,-372,47,467,-1009,-373,-928,346,-152,-979,142,38,-247,
165287,789472,2478931,165331,165293,164068,-1009,522,-932,258,-624,-791,-365,40,447,-1018,-358,-925,346,-152,-979,130,27,-238,
165287,789472,2478931,165331,165293,164023,-992,531,-912,258,-624,-791,-375,30,425,-1019,-383,-908,345,-146,-979,129,38,-227,
165287,789472,2478931,165331,165293,164023,-982,550,-897,245,-631,-780,-373,23,394,-1032,-398,-897,345,-146,-979,108,37,-221,
165287,789472,2478931,165331,165293,164023,-1001,574,-900,241,-651,-780,-362,30,365,-1009,-403,-921,346,-140,-965,72,22,-214,
165189,789472,2478931,165331,165293,164023,-986,599,-881,241,-651,-780,-340,38,338,-1023,-368,-917,350,-140,-979,49,20,-206,
165189,913926,2478931,165331,165293,164023,-995,604,-871,237,-654,-762,-316,40,307,-1023,-367,-922,350,-140,-979,49,14,-200,
165189,913926,2331028,165331,165293,164023,-974,634,-905,237,-654,-762,-276,33,277,-1021,-383,-898,347,-140,-964,50,19,-201,
165189,913926,2331028,165278,165293,164023,-975,652,-904,235,-657,-766,-242,19,237,-1013,-392,-925,347,-140,-964,51,21,-199,
165189,913926,2331028,165278,165256,164023,-959,636,-906,235,-657,-766,-196,17,201,-1005,-432,-892,345,-136,-969,27,22,-184,
165189,913926,2331028,165278,165256,164218,-958,641,-905,228,-660,-760,-157,13,172,-1008,-405,-913,345,-138,-975,-28,9,-165,
165189,913926,2331028,165278,165256,164218,-976,639,-903,230,-666,-757,-115,5,140,-1010,-374,-918,347,-138,-975,-64,13,-158,
165189,913926,2331028,165278,165256,164218,-989,626,-877,230,-666,-757,-73,3,106,-1014,-332,-930,351,-138,-982,-70,6,-164,
165365,913926,2331028,165278,165256,164218,-991,593,-898,229,-670,-761,-36,0,78,-1026,-338,-941,351,-138,-982,-56,5,-175,
165365,685225,2331028,165278,165256,164218,-1001,579,-934,229,-670,-761,-26,-2,62,-1010,-370,-977,346,-139,-971,-25,0,-176,
165365,685225,1635982,165278,165256,164218,-981,586,-923,228,-673,-773,-36,1,51,-1009,-385,-979,346,-139,-971,-1,-3,-179,
165365,685225,1635982,165231,165256,164218,-983,564,-923,228,-673,-773,-7,-13,29,-1011,-385,-970,346,-133,-961,0,-31,-180,
165365,685225,1635982,165231,165237,164218,-985,542,-928,225,-664,-747,9,-16,21,-1012,-417,-938,351,-128,-978,0,-34,-166,
165365,685225,1635982,165231,165237,164258,-1005,512,-912,225,-664,-1003,-7,-19,23,-1006,-443,-934,351,-128,-978,-21,-41,-146,
165365,685225,1635982,165231,165237,164258,-981,519,-947,226,-671,-770,-26,-20,24,-999,-451,-915,355,-132,-980,-69,-51,-129,
165365,685225,1635982,165231,165237,164258,-973,514,-932,225,-673,-759,-41,-15,22,-1005,-435,-905,355,-132,-980,-110,-54,-106,
165391,685225,1635982,165231,165237,164258,-1001,512,-911,225,-673,-759,-46,-17,31,-1013,-435,-924,355,-133,-965,-138,-53,-88,
165391,498561,1635982,165231,165237,164258,-982,535,-919,227,-675,-767,-44,-18,41,-1023,-408,-915,355,-133,-965,-157,-56,-63,
165391,498561,1359549,165231,165237,164258,-975,527,-917,227,-675,-767,-44,-25,47,-1024,-388,-946,356,-139,-973,-176,-71,-51,
165391,498561,1359549,165516,165237,164258,-991,528,-927,223,-678,-760,-36,-26,54,-1023,-354,-922,359,-147,-969,-172,-77,-48,
165391,498561,1359549,165516,165175,164258,-984,510,-924,223,-678,-760,-37,-27,57,-1024,-336,-914,359,-147,-969,-158,-71,-56,
165391,498561,1359549,165516,165175,164118,-998,518,-895,222,-669,-750,-52,-25,66,-1051,-302,-906,359,-150,-964,-125,-62,-69,
165391,498561,1359549,165516,165175,164118,-1007,538,-879,222,-680,-756,-68,-17,74,-1026,-285,-904,359,-150,-964,-92,-52,-80,
165391,498561,1359549,165516,165175,164118,-970,561,-901,222,-680,-756,-78,-15,74,-1013,-294,-892,359,-146,-968,-50,-38,-107,
165461,498561,1359549,165516,165175,164118,-983,565,-877,223,-681,-749,-83,1,72,-1027,-294,-888,359,-146,-968,-13,-18,-133,
165461,666014,1359549,165516,165175,164118,-970,588,-888,223,-681,-749,-80,7,66,-1005,-296,-901,360,-143,-973,28,0,-146,
165461,666014,1165213,165516,165175,164118,-987,573,-861,220,-676,-751,-71,10,46,-1008,-296,-900,359,-139,-970,52,31,-164,
165461,666014,1165213,165491,165175,164118,-985,586,-889,220,-676,-751,-62,16,38,-1023,-341,-925,359,-139,-970,93,55,-187,
165461,666014,1165213,165491,165352,164118,-970,588,-899,221,-676,-751,-70,21,35,-1017,-374,-908,364,-140,-969,125,67,-194,
165461,666014,1165213,165491,165352,164034,-959,583,-891,217,-685,-759,-76,32,30,-998,-405,-903,364,-140,-969,172,66,-188,
165461,666014,1165213,165491,165352,164034,-994,590,-879,217,-685,-759,-54,27,17,-1006,-425,-923,359,-124,-959,172,75,-161,
165461,666014,1165213,165491,165352,164034,-984,594,-895,221,-690,-745,-31,22,5,-1014,-462,-930,359,-128,-961,147,67,-141,
165482,666014,1165213,165491,165352,164034,-974,596,-932,221,-690,-745,-25,23,-2,-1008,-446,-919,359,-128,-961,106,48,-120,
165482,363639,1165213,165491,165352,164034,-967,570,-916,217,-688,-737,-19,22,-14,-1016,-445,-921,364,-130,-960,73,25,-104,
165482,363639,1347242,165491,165352,164034,-976,575,-887,217,-688,-737,-12,17,-14,-1003,-410,-905,364,-130,-960,57,20,-92,
165482,363639,1347242,165605,165352,164034,-965,570,-878,219,-679,-756,-14,25,-23,-1012,-402,-894,364,-128,-966,53,20,-68,
165482,363639,1347242,165605,165291,164034,-987,571,-910,219,-679,-750,-8,26,-21,-1008,-406,-895,364,-128,-966,39,29,-59,
165482,363639,1347242,165605,165291,164331,-993,553,-918,220,-692,-750,-11,23,-18,-1012,-400,-902,363,-121,-985,33,37,-58,
165482,363639,1347242,165605,165291,164331,-1001,579,-899,219,-687,-750,-21,24,-19,-1024,-398,-920,364,-127,-972,21,40,-47,
165482,363639,1347242,165605,165291,164331,-975,596,-867,219,-687,-750,-18,12,-25,-1009,-384,-897,364,-127,-972,24,37,-37,
165320,363639,1347242,165605,165291,164331,-964,615,-890,219,-690,-747,-14,6,-21,-1029,-376,-894,362,-127,-973,50,44,-38,
165320,805944,1347242,165605,165291,164331,-982,609,-871,219,-690,-747,-5,22,-50,-1001,-392,-932,362,-127,-973,66,64,-35,
165320,805944,1501808,165605,165291,164331,-973,580,-882,215,-689,-745,19,28,-58,-1008,-416,-907,357,-118,-969,66,68,-32,
165320,805944,1501808,165567,165291,164331,-986,576,-886,215,-689,-745,24,35,-63,-1000,-401,-923,357,-118,-969,48,67,-30,
165320,805944,1501808,165567,165376,164331,-983,555,-879,219,-681,-757,25,36,-64,-1011,-390,-922,359,-123,-973,24,56,-25,
165320,805944,1501808,165567,165376,164285,-979,554,-928,223,-684,-748,25,37,-56,-1023,-371,-924,357,-124,-968,3,49,-34,
165320,805944,1501808,165567,165376,164285,-995,538,-900,223,-684,-748,17,36,-48,-1012,-348,-922,357,-124,-968,-25,45,-50,
165320,805944,1501808,165567,165376,164285,-970,558,-900,220,-688,-754,8,29,-46,-1024,-329,-935,359,-125,-967,-23,44,-64,
165245,805944,1501808,165567,165376,164285,-980,548,-925,220,-688,-754,8,37,-39,-1031,-325,-917,359,-125,-967,-25,41,-100,
165245,879685,1501808,165567,165376,164285,-1001,516,-908,218,-677,-751,-4,30,-36,-1029,-328,-924,356,-126,-968,-11,31,-120,
165245,879685,1617732,165567,165376,164285,-975,546,-928,218,-677,-751,-4,32,-30,-1027,-340,-923,356,-126,-968,3,27,-135,
165245,879685,1617732,165675,165376,164285,-973,550,-925,217,-678,-744,-10,30,-26,-1024,-342,-909,354,-124,-970,22,28,-141,
165245,879685,1617732,165675,165259,164285,-994,551,-875,213,-684,-750,-17,24,-21,-1014,-355,-913,357,-125,-973,42,16,-155,
165245,879685,1617732,165675,165259,164308,-977,566,-900,213,-684,-750,-13,18,-20,-1014,-368,-907,357,-125,-973,68,31,-169,
165245,879685,1617732,165675,165259,164308,-990,554,-898,216,-689,-746,-13,26,-18,-997,-429,-910,352,-122,-975,79,26,-165,
165245,879685,1617732,165675,165259,164308,-985,564,-888,216,-689,-746,-3,29,-9,-1006,-443,-908,352,-122,-975,82,29,-157,
165303,879685,1617732,165675,165259,164308,-990,553,-886,217,-688,-740,-9,32,-19,-1013,-455,-894,355,-109,-972,55,29,-138,
165303,749257,1617732,165675,165259,164308,-978,567,-881,217,-688,-740,-11,38,-13,-1013,-451,-878,359,-111,-965,26,29,-116,
165303,749257,1699812,165675,165259,164308,-970,581,-861,214,-687,-759,-14,50,-24,-1014,-432,-894,359,-111,-965,5,31,-90,
165303,749257,1699812,165453,165259,164308,-956,577,-863,214,-685,-750,-4,84,-31,-1004,-415,-904,356,-118,-977,-14,44,-77,
165303,749257,1699812,165453,165265,164308,-967,585,-830,212,-685,-750,6,111,-33,-1028,-397,-905,356,-118,-977,-24,41,-71,
165303,749257,1699812,165453,165265,164131,-944,583,-877,212,-685,-750,10,120,-46,-1014,-392,-922,358,-118,-973,-31,37,-63,
165303,749257,1699812,165453,165265,164131,-958,592,-918,212,-685,-750,-2,131,-53,-1016,-371,-920,358,-118,-973,-26,42,-62,
165303,749257,1699812,165453,165265,164131,-968,599,-901,209,-690,-760,-9,131,-56,-1024,-375,-924,353,-112,-973,-9,40,-67,
165316,749257,1699812,165453,165265,164131,-961,614,-915,209,-690,-760,-7,134,-70,-1011,-356,-926,356,-117,-971,21,36,-83,
165316,2155373,1699812,165453,165265,164131,-959,609,-923,205,-685,-751,9,124,-88,-1028,-374,-915,356,-117,-971,55,37,-87,
165316,2155373,2115188,165453,165265,164131,-951,609,-927,205,-685,-751,33,126,-104,-1018,-422,-918,356,-115,-976,62,33,-90,
165316,2155373,2115188,165661,165265,164131,-981,571,-920,208,-685,-757,50,117,-110,-1014,-441,-920,356,-115,-976,44,32,-78,
165316,2155373,2115188,165661,165346,164131,-958,577,-936,210,-687,-757,57,105,-121,-997,-421,-896,358,-112,-980,18,24,-71,
165316,2155373,2115188,165661,165346,164213,-957,554,-928,210,-687,-757,64,99,-124,-1036,-408,-909,358,-112,-980,4,28,-58,
165316,2155373,2115188,165661,165346,164213,-955,552,-896,209,-683,-764,65,109,-123,-1006,-397,-884,353,-111,-977,-20,39,-51,
165316,2155373,2115188,165661,165346,164213,-937,541,-936,209,-683,-764,73,123,-113,-1007,-418,-896,353,-118,-976,-25,49,-50,
165482,2155373,2115188,165661,165346,164213,-963,530,-919,207,-680,-768,82,143,-115,-1018,-395,-928,353,-118,-976,-37,41,-49,
165482,2370269,2115188,165661,165346,164213,-971,536,-968,207,-680,-768,90,138,-111,-1012,-359,-917,355,-116,-965,-42,40,-57,
165482,2370269,2322161,165661,165346,164213,-975,521,-955,204,-671,-774,76,123,-96,-1020,-368,-903,355,-116,-965,-31,37,-63,
165482,2370269,2322161,165533,165346,164213,-973,531,-969,205,-673,-760,72,120,-97,-1026,-381,-910,353,-118,-978,-23,37,-69,
165482,2370269,2322161,165533,165340,164213,-981,522,-970,205,-673,-760,68,108,-96,-1014,-378,-921,353,-118,-972,-26,36,-73,
165482,2370269,2322161,165533,165340,164226,-987,503,-968,207,-676,-760,56,93,-88,-1028,-378,-929,353,-118,-972,-17,33,-88,
165482,2370269,2322161,165533,165340,164226,-975,477,-960,207,-676,-760,42,77,-80,-994,-361,-949,356,-117,-976,-14,30,-91,
165482,2370269,2322161,165533,165340,164226,-958,483,-955,205,-671,-767,34,67,-70,-1021,-372,-890,356,-117,-976,-14,36,-112,
165380,2370269,2322161,165533,165340,164226,-962,482,-930,205,-671,-767,18,66,-57,-1025,-371,-909,356,-120,-977,14,34,-117,
165380,2590266,2322161,165533,165340,164226,-963,495,-955,200,-666,-764,14,74,-42,-1010,-400,-893,356,-120,-977,3,34,-117,
165380,2590266,2553828,165533,165340,164226,-964,520,-923,203,-669,-757,11,77,-30,-1022,-414,-909,353,-108,-976,6,40,-114,
165380,2590266,2553828,165327,165340,164226,-954,526,-945,203,-669,-757,19,81,-18,-1020,-409,-900,357,-115,-979,-2,34,-109,
165380,2590266,2553828,165327,165331,164226,-955,518,-943,204,-675,-765,27,79,-17,-1016,-411,-907,357,-115,-979,-3,34,-107,
165380,2590266,2553828,165327,165331,164194,-964,526,-955,204,-675,-765,31,69,-18,-1025,-398,-900,356,-118,-982,-10,43,-101,
165380,2590266,2553828,165327,165331,164194,-955,518,-956,202,-673,-771,22,63,-15,-1023,-413,-911,356,-118,-982,0,43,-88,
165380,2590266,2553828,165327,165331,164194,-977,526,-964,202,-673,-771,22,65,-11,-1016,-424,-922,353,-110,-974,-7,45,-88,
165413,2590266,2553828,165327,165331,164194,-955,536,-946,195,-668,-762,22,58,-12,-1000,-404,-918,353,-110,-974,-11,52,-73,
165413,2860988,2553828,165327,165331,164194,-954,526,-933,195,-668,-1018,21,65,-17,-1015,-403,-897,352,-114,-981,-12,54,-66,
165413,2860988,2594166,165327,165331,164194,-941,538,-932,199,-672,-771,21,79,-19,-1010,-404,-901,357,-117,-980,-25,49,-68,
165413,2860988,2594166,165616,165331,164194,-909,559,-918,195,-670,-765,25,92,-23,-1001,-414,-903,357,-117,-980,-37,51,-65,
165413,2860988,2594166,165616,165151,164194,-927,569,-914,195,-670,-765,44,112,-29,-1009,-407,-908,353,-116,-966,-40,56,-48,
165413,2860988,2594166,165616,165151,164168,-924,563,-927,200,-672,-770,63,120,-37,-1018,-410,-899,353,-116,-966,-54,56,-52,
165413,2860988,2594166,165616,165151,164168,-928,569,-934,200,-672,-770,70,134,-56,-986,-408,-889,354,-120,-974,-50,63,-44,
165413,2860988,2594166,165616,165151,164168,-906,578,-931,196,-664,-772,80,140,-68,-992,-425,-888,354,-120,-974,-39,75,-36,
165377,2860988,2594166,165616,165151,164168,-922,595,-940,196,-664,-772,100,151,-88,-1014,-425,-902,353,-115,-967,-45,94,-14,
165377,3294286,2594166,165616,165151,164168,-929,579,-955,194,-663,-768,113,150,-99,-1006,-434,-912,348,-124,-976,-74,91,3,
165377,3294286,2524612,165616,165151,164168,-932,563,-971,194,-664,-779,129,145,-120,-1014,-455,-920,348,-124,-976,-83,89,25,
165377,3294286,2524612,165571,165151,164168,-942,557,-990,194,-664,-779,129,147,-136,-1004,-414,-917,350,-126,-969,-86,82,42,
165377,3294286,2524612,165571,165471,164168,-942,546,-992,192,-656,-783,129,135,-159,-1011,-409,-926,350,-126,-969,-97,82,52,
165377,3294286,2524612,165571,165471,163994,-931,514,-984,192,-656,-783,145,125,-182,-1012,-393,-917,349,-128,-979,-94,79,64,
165377,3294286,2524612,165571,165471,163994,-941,509,-984,192,-650,-777,158,109,-181,-1012,-390,-929,349,-128,-980,-100,80,58,
165377,3294286,2524612,165571,165471,163994,-923,484,-1010,192,-650,-777,164,106,-182,-1030,-381,-905,346,-130,-980,-113,85,61,
165402,3294286,2524612,165571,165471,163994,-961,460,-999,190,-644,-792,155,101,-173,-1031,-367,-911,347,-135,-978,-113,81,60,
165402,3407064,2524612,165571,165471,163994,-931,441,-997,189,-640,-785,147,92,-162,-1022,-348,-927,347,-135,-978,-115,80,57,
165402,3407064,2718496,165571,165471,163994,-964,427,-1001,189,-640,-785,134,87,-144,-1021,-342,-932,344,-140,-973,-116,81,56,
165402,3407064,2718496,165592,165471,163994,-932,428,-1020,195,-646,-785,110,86,-131,-1030,-334,-925,344,-140,-973,-116,80,51,
165402,3407064,2718496,165592,165466,163994,-961,409,-1035,195,-646,-785,87,84,-105,-1017,-323,-945,340,-141,-979,-110,77,42,
165402,3407064,2718496,165592,165466,164215,-949,410,-1029,195,-639,-802,72,76,-90,-1030,-309,-961,341,-149,-969,-109,71,28,
165402,3407064,2718496,165592,165466,164215,-964,415,-1028,195,-639,-802,50,62,-72,-1024,-283,-950,341,-149,-969,-92,65,14,
165402,3407064,2718496,165592,165466,164215,-949,399,-1007,191,-630,-800,32,58,-52,-1033,-285,-926,342,-148,-968,-78,59,-7,
165250,3407064,2718496,165592,165466,164215,-953,431,-1003,191,-630,-798,11,58,-28,-1025,-300,-953,342,-148,-968,-57,63,-32,
165250,3361134,2718496,165592,165466,164215,-956,428,-1026,190,-638,-798,6,47,-11,-1034,-308,-947,340,-143,-974,-46,58,-70,
165250,3361134,2821868,165592,165466,164215,-958,441,-1008,191,-643,-785,2,40,3,-1030,-324,-959,340,-143,-974,-27,48,-79,
165250,3361134,2821868,165593,165466,164215,-937,441,-780,191,-643,-785,-2,21,21,-1017,-333,-939,339,-146,-970,-21,38,-100,
165250,3361134,2821868,165593,165479,164215,-931,453,-985,189,-642,-798,-13,16,31,-1013,-320,-936,339,-148,-982,-24,37,-116,
165250,3361134,2821868,165593,165479,164326,-938,474,-995,189,-642,-798,-30,13,31,-1015,-323,-942,339,-148,-982,-14,41,-119,
165250,3361134,2821868,165593,165479,164326,-944,486,-970,191,-643,-775,-33,16,39,-770,-350,-955,340,-148,-986,-9,47,-129,
165250,3361134,2821868,165593,165479,164326,-938,486,-976,191,-643,-775,-33,14,40,-1021,-364,-939,340,-148,-986,-10,42,-128,
165303,3361134,2821868,165593,165479,164326,-920,514,-984,187,-639,-792,-31,17,32,-1020,-347,-911,340,-149,-985,-10,35,-129,
165303,3491805,2821868,165593,165479,164326,-933,532,-976,189,-648,-783,-25,23,22,-1012,-342,-945,340,-149,-985,-12,31,-132,
165303,3491805,2856154,165593,165479,164326,-926,536,-991,189,-648,-783,-19,22,9,-1012,-362,-930,339,-143,-987,7,34,-130,
165303,3491805,2856154,165585,165479,164326,-927,510,-985,187,-648,-793,-11,20,-3,-1015,-376,-948,338,-147,-977,15,27,-127,
165303,3491805,2856154,165585,165441,164326,-930,498,-980,187,-648,-793,-2,20,-16,-1004,-388,-940,338,-147,-977,11,26,-116,
165303,3491805,2856154,165585,165441,164368,-945,497,-1001,187,-642,-776,0,17,-18,-1007,-367,-926,339,-148,-981,-9,20,-111,
165303,3491805,2856154,165585,165441,164368,-943,486,-980,187,-642,-776,-1,18,-27,-995,-363,-938,339,-148,-981,-16,31,-97,
165303,3491805,2856154,165585,165441,164368,-936,488,-978,187,-641,-791,-2,17,-28,-1003,-352,-931,338,-141,-980,-16,37,-90,
165019,3491805,2856154,165585,165441,164368,-946,474,-995,190,-643,-793,-1,14,-22,-1021,-371,-922,338,-144,-980,-16,41,-85,
165019,3260143,2856154,165585,165441,164368,-944,476,-1001,190,-643,-793,-9,3,-22,-1003,-360,-940,338,-144,-980,-22,49,-82,
165019,3260143,2869633,165585,165441,164368,-933,468,-987,191,-645,-789,-12,5,-20,-1017,-364,-921,339,-150,-976,-18,38,-75,
165019,3260143,2869633,165569,165441,164368,-930,469,-1001,191,-645,-789,-15,4,-16,-1020,-344,-937,339,-150,-976,-19,34,-79,
165019,3260143,2869633,165569,165409,164368,-920,477,-1007,186,-648,-794,-17,7,-5,-1011,-338,-925,337,-147,-973,-18,27,-88,
165019,3260143,2869633,165569,165409,164317,-938,454,-1002,186,-648,-794,-24,5,-5,-1027,-341,-923,337,-147,-973,-13,36,-91,
165019,3260143,2869633,165569,165409,164317,-946,456,-968,182,-641,-799,-33,1,14,-1011,-357,-930,337,-143,-980,-3,42,-84,
165019,3260143,2869633,165569,165409,164317,-940,472,-998,182,-645,-790,-36,1,22,-1011,-352,-934,337,-145,-978,-6,29,-88,
165367,3260143,2869633,165569,165409,164317,-926,470,-1012,186,-645,-790,-47,0,30,-1008,-340,-940,337,-145,-978,-12,19,-84,
165367,3090806,2869633,165569,165409,164317,-934,475,-1005,186,-650,-786,-54,-8,31,-1027,-342,-925,340,-150,-978,-6,17,-96,
165367,3090806,2794947,165569,165409,164317,-934,483,-1000,186,-650,-786,-47,-13,33,-1013,-331,-942,340,-150,-978,-1,6,-97,
165367,3090806,2794947,165474,165409,164317,-941,475,-1012,187,-653,-793,-43,-12,33,-1020,-331,-941,339,-141,-977,5,8,-105,
165367,3090806,2794947,165474,165215,164317,-940,468,-999,187,-653,-793,-53,-20,42,-1022,-320,-937,339,-141,-977,-2,14,-120,
165367,3090806,2794947,165474,165215,164458,-932,490,-991,185,-653,-794,-56,-20,47,-1033,-343,-926,337,-140,-972,12,0,-128,
165367,3090806,2794947,165474,165215,164458,-933,483,-975,185,-653,-794,-67,-17,51,-1032,-346,-909,342,-144,-980,19,4,-135,
165367,3090806,2794947,165474,165215,164458,-926,500,-986,189,-645,-777,-66,-12,50,-1020,-333,-941,342,-144,-980,27,2,-143,
165407,3090806,2794947,165474,165215,164458,-926,509,-996,186,-655,-781,-66,-15,53,-1005,-384,-947,339,-145,-977,36,11,-147,
165407,2730864,2794947,165474,165215,164458,-924,531,-999,186,-655,-781,-60,-10,44,-1026,-387,-926,339,-145,-977,32,12,-145,
165407,2730864,2610309,165474,165215,164458,-906,511,-977,185,-656,-784,-43,-12,40,-1009,-383,-924,342,-139,-977,31,2,-138,
165407,2730864,2610309,165516,165215,164458,-934,491,-975,185,-656,-784,-37,-10,28,-1002,-372,-943,342,-139,-977,17,0,-125,
165407,2730864,2610309,165516,165397,164458,-936,489,-1010,187,-657,-788,-32,-9,31,-1019,-378,-935,341,-136,-981,12,9,-113,
165407,2730864,2610309,165516,165397,164304,-941,512,-983,187,-657,-788,-38,-12,30,-1008,-383,-931,343,-139,-973,3,9,-114,
165407,2730864,2610309,165516,165397,164304,-940,500,-998,184,-652,-776,-38,-22,31,-1025,-368,-916,343,-139,-973,-9,3,-105,
165407,2730864,2610309,165516,165397,164304,-925,504,-996,184,-660,-785,-32,-32,29,-1003,-378,-914,344,-140,-972,-13,0,-102,
165517,2730864,2610309,165516,165397,164304,-942,494,-999,184,-660,-785,-28,-28,29,-1021,-358,-916,344,-140,-972,-17,8,-94,
165517,2328438,2610309,165516,165397,164304,-927,487,-990,183,-657,-782,-37,-24,36,-1027,-354,-925,339,-135,-985,-12,16,-95,
165517,2328438,2452607,165516,165397,164304,-927,476,-985,183,-657,-782,-39,-21,45,-1004,-360,-926,339,-133,-980,-14,16,-100,
165517,2328438,2452607,165447,165397,164304,-928,477,-986,184,-660,-773,-54,-31,58,-1008,-350,-938,341,-133,-980,-10,15,-102,
165517,2328438,2452607,165447,165204,164304,-935,488,-992,184,-660,-773,-56,-32,68,-1015,-353,-933,342,-142,-963,-4,11,-100,
165517,2328438,2452607,165447,165204,164389,-940,484,-991,180,-658,-776,-66,-36,77,-1019,-346,-918,342,-142,-963,-9,19,-99,
165517,2328438,2452607,165447,165204,164389,-931,492,-989,180,-660,-781,-75,-36,87,-1023,-350,-922,342,-136,-969,0,19,-95,
165517,2328438,2452607,165447,165204,164389,-936,491,-981,184,-660,-781,-84,-33,102,-1026,-365,-927,342,-136,-969,5,15,-117,
165560,2328438,2452607,165447,165204,164389,-933,502,-994,181,-667,-764,-89,-33,111,-1015,-354,-919,341,-134,-979,2,20,-109,
165560,1894089,2452607,165447,165204,164389,-936,762,-974,181,-667,-764,-87,-37,114,-1029,-357,-924,344,-138,-979,4,16,-114,
165560,1894089,2235782,165447,165204,164389,-934,525,-966,179,-670,-776,-94,-34,120,-1009,-352,-911,344,-138,-979,8,15,-119,
165560,1894089,2235782,165618,165204,164389,-913,536,-976,179,-670,-776,-95,-27,117,-1016,-358,-917,347,-139,-974,16,17,-117,
165560,1894089,2235782,165618,165254,164389,-923,564,-978,178,-668,-767,-94,-27,113,-1021,-376,-916,347,-139,-974,15,15,-127,
165560,1894089,2235782,165618,165254,164208,-933,574,-968,178,-668,-767,-91,-26,110,-1013,-372,-905,347,-127,-971,0,19,-127,
165560,1894089,2235782,165618,165254,164208,-924,580,-965,176,-673,-777,-82,-30,100,-1009,-380,-915,347,-127,-971,-1,18,-120,
165560,1894089,2235782,165618,165254,164208,-926,584,-969,176,-676,-765,-73,-27,83,-1035,-371,-906,346,-133,-974,-11,26,-114,
165490,1894089,2235782,165618,165254,164208,-918,562,-956,176,-676,-765,-57,-20,77,-1011,-372,-925,347,-137,-969,-1,22,-115,
165490,1917033,2235782,165618,165254,164208,-906,612,-948,179,-678,-761,-41,-15,66,-1010,-369,-923,347,-137,-969,-3,19,-120,
165490,1917033,2063530,165618,165254,164208,-919,607,-953,179,-678,-761,-28,-4,49,-1011,-375,-923,344,-134,-971,-5,15,-113,
165490,1917033,2063530,165679,165254,164208,-927,612,-924,172,-679,-762,-7,-1,27,-1010,-371,-913,344,-134,-971,-7,20,-113,
165490,1917033,2063530,165679,165371,164208,-913,622,-965,172,-679,-762,4,1,12,-1008,-365,-929,345,-133,-986,-8,23,-113,
165490,1917033,2063530,165679,165371,164299,-916,608,-944,173,-672,-763,16,-3,-2,-1013,-378,-919,345,-133,-986,4,24,-106,
165490,1917033,2063530,165679,165371,164299,-900,608,-936,174,-675,-765,31,3,-28,-1007,-377,-926,347,-129,-961,-3,34,-107,
165490,1917033,2063530,165679,165371,164299,-919,599,-929,174,-675,-765,62,3,-48,-1009,-378,-922,348,-133,-980,-12,34,-108,
165574,1917033,2063530,165679,165371,164299,-927,576,-970,175,-675,-773,93,8,-64,-1027,-385,-918,348,-133,-980,-9,40,-110,
165574,2158681,2063530,165679,165371,164299,-924,525,-971,175,-675,-773,98,8,-63,-1025,-381,-927,345,-132,-975,-17,45,-102,
165574,2158681,2227925,165679,165371,164299,-934,489,-963,173,-671,-772,83,5,-60,-1011,-369,-919,345,-132,-975,-19,42,-101,
165574,2158681,2227925,165644,165371,164299,-922,497,-948,173,-671,-772,78,14,-51,-1014,-365,-914,347,-126,-980,-19,47,-93,
165574,2158681,2227925,165644,165347,164299,-931,505,-970,172,-667,-765,67,21,-38,-996,-381,-912,350,-130,-962,-25,50,-86,
165574,2158681,2227925,165644,165347,164290,-926,517,-965,175,-664,-780,58,25,-32,-1023,-377,-915,350,-130,-962,-21,45,-88,
165574,2158681,2227925,165644,165347,164290,-943,518,-976,175,-664,-780,52,23,-24,-1014,-386,-911,346,-131,-979,-14,53,-88,
165574,2158681,2227925,165644,165347,164290,-932,516,-992,178,-669,-772,27,18,-21,-1000,-385,-925,346,-131,-979,-16,42,-82,
165447,2158681,2227925,165644,165347,164290,-932,542,-979,178,-669,-772,17,13,-20,-1016,-393,-931,345,-132,-975,-12,40,-75,
165447,2593222,2227925,165644,165347,164290,-947,529,-978,180,-669,-776,17,13,-19,-1016,-408,-914,345,-132,-975,-18,41,-68,
165447,2593222,2289414,165644,165347,164290,-926,545,-980,180,-669,-776,16,14,-23,-1003,-382,-934,342,-132,-974,-31,33,-57,
165447,2593222,2289414,165698,165347,164290,-922,533,-973,173,-666,-775,11,20,-24,-1004,-370,-925,345,-135,-975,-43,23,-53,
165447,2593222,2289414,165698,165473,164290,-923,557,-976,173,-666,-775,15,19,-24,-1012,-368,-916,345,-135,-975,-45,22,-51,
165447,2593222,2289414,165698,165473,164233,-935,558,-984,178,-670,-776,8,14,-22,-1009,-362,-917,343,-136,-969,-39,19,-54,
165447,2593222,2289414,165698,165473,164233,-924,547,-977,177,-669,-773,10,13,-33,-1031,-375,-924,343,-136,-969,-41,26,-55,
165447,2593222,2289414,165698,165473,164233,-924,542,-989,177,-669,-773,25,15,-40,-1023,-371,-925,343,-137,-982,-48,24,-56,
165450,2593222,2289414,165698,165473,164233,-923,526,-968,177,-670,-772,30,12,-40,-1024,-356,-925,343,-137,-982,-53,23,-45,
165450,2590273,2289414,165698,165473,164233,-924,521,-972,177,-670,-772,12,23,-42,-1028,-355,-920,344,-132,-983,-57,26,-54,
165450,2590273,2307857,165698,165473,164233,-921,524,-948,176,-666,-775,12,21,-37,-1019,-349,-932,346,-139,-970,-54,24,-67,
165450,2590273,2307857,164610,165473,164233,-926,542,-970,176,-666,-775,8,12,-39,-1009,-339,-915,346,-139,-970,-44,34,-70,
165450,2590273,2307857,164610,165440,164233,-912,536,-1000,177,-664,-778,2,15,-36,-1032,-350,-916,346,-138,-971,-42,41,-76,
165450,2590273,2307857,164610,165440,164228,-935,530,-972,178,-668,-778,-1,12,-33,-1020,-348,-914,346,-138,-971,-38,33,-84,
165450,2590273,2307857,164610,165440,164228,-933,518,-993,178,-668,-778,8,9,-32,-1020,-347,-930,346,-140,-969,-27,41,-99,
165450,2590273,2307857,164610,165440,164228,-927,521,-966,179,-669,-779,5,3,-26,-1015,-375,-934,346,-140,-982,-11,32,-97,
165368,2590273,2307857,164610,165440,164228,-928,502,-973,179,-669,-779,-2,10,-33,-1011,-382,-925,343,-138,-982,-22,23,-86,
165368,2563620,2307857,164610,165440,164228,-919,501,-995,179,-663,-777,-3,6,-21,-1015,-387,-920,346,-138,-976,-25,30,-86,
165368,2563620,2374619,164610,165440,164228,-930,515,-978,179,-663,-777,-6,7,-6,-1023,-373,-925,346,-138,-976,-24,30,-77,
165368,2563620,2374619,165550,165440,164228,-929,530,-987,178,-665,-775,-12,14,-8,-1009,-363,-927,344,-140,-983,-9,39,-74,
165368,2563620,2374619,165550,165393,164228,-921,542,-985,177,-663,-784,-19,7,-3,-1013,-374,-926,344,-140,-983,-1,44,-69,
165368,2563620,2374619,165550,165393,164227,-932,528,-980,177,-663,-784,-12,-1,4,-1019,-376,-921,341,-136,-978,9,42,-70,
165368,2563620,2374619,165550,165393,164227,-935,520,-962,178,-666,-781,-7,-1,1,-1016,-385,-923,346,-135,-981,-1,51,-58,
165368,2563620,2374619,165550,165393,164227,-932,523,-970,178,-666,-781,-10,0,5,-1008,-382,-906,346,-135,-981,-5,56,-55,
165369,2563620,2374619,165550,165393,164227,-940,528,-970,176,-670,-771,-11,-4,12,-1005,-384,-920,343,-139,-976,-14,59,-49,
165369,2584384,2374619,165550,165393,164227,-930,545,-986,176,-670,-771,-14,5,6,-1014,-357,-940,343,-139,-976,-28,60,-43,
165369,2584384,2403127,165550,165393,164227,-932,529,-989,176,-661,-761,-9,5,-1,-1020,-355,-927,341,-137,-977,-30,43,-44,
165369,2584384,2403127,165575,165393,164227,-921,530,-967,176,-661,-774,-13,-3,3,-1023,-367,-929,341,-137,-977,-33,40,-38,
165369,2584384,2403127,165575,165531,164227,-923,542,-962,175,-673,-774,-2,4,4,-1017,-368,-925,341,-139,-978,-33,48,-39,
165369,2584384,2403127,165575,165531,164290,-931,526,-965,177,-669,-773,9,7,-7,-1016,-352,-933,344,-143,-979,-36,42,-41,
165369,2584384,2403127,165575,165531,164290,-937,516,-969,177,-669,-773,-2,3,4,-1015,-332,-940,344,-143,-979,-47,39,-44,
165369,2584384,2403127,165575,165531,164290,-921,533,-973,176,-673,-781,0,-1,2,-1025,-323,-934,344,-144,-970,-42,33,-59,
165432,2584384,2403127,165575,165531,164290,-923,545,-986,176,-673,-781,3,-2,2,-1021,-328,-937,344,-144,-970,-20,31,-70,
165432,2714746,2403127,165575,165531,164290,-914,547,-965,173,-670,-765,15,-11,10,-1004,-319,-949,343,-138,-971,-6,29,-86,
165432,2714746,2312850,165575,165531,164290,-932,539,-957,173,-670,-765,52,-10,12,-1029,-338,-927,343,-138,-971,-7,27,-91,
165432,2714746,2312850,165653,165531,164290,-929,506,-969,176,-661,-790,83,-11,12,-1023,-345,-942,341,-140,-984,-9,24,-101,
165432,2714746,2312850,165653,165476,164290,-927,484,-979,177,-669,-763,82,-10,15,-1027,-343,-937,342,-146,-977,-9,24,-102,
165432,2714746,2312850,165653,165476,164301,-927,500,-1001,177,-669,-763,72,-17,36,-1018,-339,-914,342,-146,-977,-7,22,-109,
165432,2714746,2312850,165653,165476,164301,-933,533,-978,177,-669,-779,71,-19,67,-1021,-357,-934,345,-145,-974,-2,10,-104,
165432,2714746,2312850,165653,165476,164301,-920,559,-970,177,-669,-779,144,-39,69,-1018,-364,-930,345,-145,-974,-1,2,-103,
165350,2714746,2312850,165653,165476,164301,-915,538,-985,174,-661,-781,207,-49,73,-1016,-369,-915,341,-139,-975,8,4,-106,
165350,3673566,2312850,165653,165476,164301,-947,449,-988,174,-661,-781,224,-58,92,-1018,-377,-920,341,-139,-965,1,9,-110,
165350,3673566,1928318,165653,165476,164301,-965,409,-987,174,-655,-778,172,-48,110,-1027,-370,-925,344,-141,-965,-8,12,-103,
165350,3673566,1928318,165196,165476,164301,-939,445,-986,173,-655,-777,97,-35,136,-1013,-369,-920,344,-143,-980,-23,15,-102,
165350,3673566,1928318,165196,165245,164301,-926,518,-964,173,-655,-777,65,-24,149,-1000,-357,-908,344,-143,-980,-26,12,-96,
165350,3673566,1928318,165196,165245,164275,-926,544,-958,172,-660,-778,56,-28,154,-1010,-365,-929,344,-143,-975,-17,20,-90,
165350,3673566,1928318,165196,165245,164275,-943,486,-979,172,-660,-778,-10,-15,149,-1034,-376,-894,344,-143,-975,-20,31,-94,
165350,3673566,1928318,165196,165245,164275,-910,654,-950,165,-665,-773,-138,14,135,-1020,-402,-908,346,-140,-965,-14,28,-98,
165093,3673566,1928318,165196,165245,164275,-867,791,-918,165,-665,-773,-183,30,105,-992,-435,-934,343,-136,-988,-13,16,-63,
165093,4158981,1928318,165196,165245,164275,-874,786,-932,161,-653,-779,-87,20,49,-999,-421,-917,343,-136,-988,-86,13,-41,
165093,4158981,1242449,165196,165245,164275,-891,712,-940,161,-662,-784,38,5,-19,-999,-410,-923,344,-145,-978,-104,16,-25,
165093,4158981,1242449,165488,165245,164275,-904,641,-942,169,-662,-784,89,9,-75,-1017,-413,-911,344,-145,-978,-118,17,-15,
165093,4158981,1242449,165488,165478,164275,-901,616,-963,171,-662,-781,105,15,-116,-1009,-383,-922,345,-143,-974,-143,13,12,
165093,4158981,1242449,165488,165478,164365,-900,596,-958,171,-662,-781,109,21,-141,-1010,-353,-936,345,-143,-974,-159,17,16,
165093,4158981,1242449,165488,165478,164365,-912,547,-984,171,-659,-775,161,15,-167,-1026,-335,-948,341,-153,-964,-155,18,19,
165093,4158981,1242449,165488,165478,164365,-933,498,-972,171,-659,-775,174,16,-172,-1018,-314,-939,343,-158,-973,-150,20,12,
165542,4158981,1242449,165488,165478,164365,-946,453,-990,172,-654,-791,165,13,-163,-1023,-305,-921,343,-158,-973,-134,27,-9,
165542,4285470,1242449,165488,165478,164365,-956,414,-983,172,-654,-791,115,20,-142,-1035,-293,-926,346,-160,-979,-117,29,-20,
165542,4285470,1275381,165488,165478,164365,-952,415,-996,175,-649,-794,49,27,-117,-1022,-283,-939,346,-160,-979,-98,27,-26,
165542,4285470,1275381,165627,165478,164365,-938,439,-1003,173,-651,-778,-1,23,-92,-1020,-279,-951,346,-164,-973,-94,26,-36,
165542,4285470,1275381,165627,165400,164365,-937,488,-1004,173,-651,-778,-15,27,-76,-1057,-282,-930,346,-164,-973,-75,26,-52,
165542,4285470,1275381,165627,165400,164261,-939,487,-989,176,-652,-785,-12,18,-71,-1030,-278,-937,341,-157,-964,-51,18,-62,
165542,4285470,1275381,165627,165400,164261,-924,489,-990,176,-652,-785,-8,19,-60,-1029,-290,-931,343,-163,-978,-35,19,-82,
165542,4285470,1275381,165627,165400,164261,-934,485,-988,174,-650,-791,-15,25,-56,-1027,-303,-936,343,-163,-978,-19,27,-101,
165527,4285470,1275381,165627,165400,164261,-923,504,-988,174,-650,-791,-32,25,-51,-1024,-332,-941,344,-164,-966,-10,24,-111,
165527,4347313,1275381,165627,165400,164261,-917,534,-986,176,-646,-785,-49,26,-42,-1019,-336,-951,344,-164,-966,-11,13,-117,
165527,4347313,1274751,165627,165400,164261,-925,535,-978,177,-647,-782,-40,25,-42,-1010,-345,-913,339,-159,-968,-17,17,-115,
165527,4347313,1274751,165576,165400,164261,-933,522,-982,177,-647,-782,-15,22,-46,-1025,-354,-922,339,-160,-982,-24,17,-110,
165527,4347313,1274751,165576,165494,164261,-924,515,-979,179,-651,-781,-12,14,-50,-1022,-352,-928,341,-160,-982,-20,10,-98,
165527,4347313,1274751,165576,165494,164228,-917,542,-979,179,-651,-781,-32,18,-60,-1005,-350,-931,347,-164,-964,-25,15,-92,
165527,4347313,1274751,165576,165494,164228,-917,562,-982,176,-656,-785,0,16,-67,-1028,-344,-916,347,-164,-964,-35,10,-90,
165527,4347313,1274751,165576,165494,164228,-941,524,-977,176,-656,-785,31,6,-66,-1005,-331,-928,345,-165,-974,-28,14,-90,
165557,4347313,1274751,165576,165494,164228,-930,503,-998,176,-645,-788,41,5,-66,-1022,-338,-912,345,-165,-974,-26,20,-81,
165557,4333127,1274751,165576,165494,164228,-950,461,-981,178,-647,-791,47,1,-57,-1015,-331,-915,342,-159,-981,-24,21,-84,
165557,4333127,1232219,165576,165494,164228,-933,425,-987,178,-647,-791,26,-2,-44,-1030,-328,-918,342,-165,-975,-25,34,-79,
165557,4333127,1232219,165683,165494,164228,-943,420,-988,179,-652,-781,-25,10,-20,-1017,-337,-931,342,-165,-975,-24,42,-77,
165557,4333127,1232219,165683,165412,164228,-938,515,-985,179,-652,-781,-64,16,-2,-1013,-327,-935,346,-167,-966,-22,38,-80,
165557,4333127,1232219,165683,165412,164414,-916,539,-986,183,-651,-790,-60,16,0,-1009,-328,-953,346,-167,-966,-22,45,-82,
165557,4333127,1232219,165683,165412,164414,-920,531,-970,183,-651,-790,-50,14,-8,-1027,-318,-949,345,-159,-977,-19,40,-92,
165557,4333127,1232219,165683,165412,164414,-932,523,-966,180,-650,-788,-50,15,-12,-1022,-323,-950,345,-159,-977,-12,35,-90,
165546,4333127,1232219,165683,165412,164414,-936,539,-977,180,-650,-788,-51,16,-18,-1011,-339,-942,344,-158,-963,-10,31,-98,
165546,4344032,1232219,165683,165412,164414,-922,534,-961,178,-651,-784,-63,16,-24,-1027,-332,-926,344,-166,-982,-21,29,-99,
165546,4344032,1261314,165683,165412,164414,-918,570,-963,179,-657,-783,-61,16,-29,-1015,-319,-924,344,-166,-982,-20,24,-104,
165546,4344032,1261314,165661,165412,164414,-921,561,-960,179,-657,-783,-33,12,-44,-1026,-323,-918,343,-163,-971,-25,28,-110,
165546,4344032,1261314,165661,165390,164414,-938,532,-981,183,-653,-786,-18,26,-67,-1024,-331,-932,343,-163,-971,-19,29,-113,
165546,4344032,1261314,165661,165390,164417,-906,549,-977,183,-653,-786,-35,27,-84,-1031,-324,-924,343,-161,-971,-14,27,-112,
165546,4344032,1261314,165661,165390,164417,-910,551,-966,179,-655,-784,-25,19,-91,-1017,-339,-933,343,-161,-971,-10,23,-110,
165546,4344032,1261314,165661,165390,164417,-932,526,-964,179,-655,-784,-17,19,-102,-1019,-344,-930,348,-162,-982,-12,27,-106,
165422,4344032,1261314,165661,165390,164417,-927,523,-957,182,-657,-779,-25,24,-111,-1026,-344,-931,345,-164,-976,-21,23,-106,
165422,4333239,1261314,165661,165390,164417,-929,518,-1001,182,-659,-786,-37,34,-118,-1011,-349,-945,345,-164,-976,-25,23,-100,
165422,4333239,1295230,165661,165390,164417,-940,531,-1024,182,-659,-786,-32,26,-122,-1014,-330,-931,344,-163,-975,-23,22,-106,
165422,4333239,1295230,165735,165390,164417,-927,530,-992,184,-656,-787,-19,6,-126,-1026,-321,-913,344,-163,-975,-22,24,-104,
165422,4333239,1295230,165735,165457,164417,-930,482,-1006,184,-656,-787,-4,4,-123,-1019,-334,-949,345,-155,-979,-16,25,-113,
165422,4333239,1295230,165735,165457,164333,-933,468,-957,185,-653,-779,-11,10,-121,-1033,-332,-944,346,-161,-962,-8,24,-114,
165422,4333239,1295230,165735,165457,164333,-933,486,-994,185,-653,-779,-32,15,-109,-1023,-345,-937,346,-161,-962,-13,31,-116,
165422,4333239,1295230,165735,165457,164333,-937,493,-1018,186,-654,-797,-41,19,-100,-1025,-343,-937,346,-164,-979,-24,33,-115,
165432,4333239,1295230,165735,165457,164333,-942,491,-1015,188,-654,-775,-47,17,-95,-1028,-331,-945,346,-164,-979,-22,23,-115,
165432,4379260,1295230,165735,165457,164333,-928,506,-1004,188,-654,-775,-66,4,-98,-1026,-331,-935,347,-163,-970,-24,24,-113,
165432,4379260,1636789,165735,165457,164333,-933,505,-983,189,-656,-785,-51,-3,-93,-1016,-325,-926,347,-163,-970,-11,25,-106,
165432,4379260,1636789,165734,165457,164333,-946,474,-955,189,-656,-785,-47,-3,-77,-1024,-345,-927,345,-160,-961,-10,29,-115,
165432,4379260,1636789,165734,165449,164333,-938,482,-963,188,-661,-780,-68,7,-74,-1002,-362,-933,345,-160,-969,-2,25,-107,
165432,4379260,1636789,165734,165449,164366,-942,481,-986,188,-661,-780,-86,17,-74,-1015,-356,-917,345,-160,-969,-19,16,-101,
165432,4379260,1636789,165734,165449,164366,-934,493,-983,193,-659,-788,-93,14,-69,-1033,-336,-934,347,-160,-972,-23,20,-109,
165432,4379260,1636789,165734,165449,164366,-930,523,-981,193,-659,-778,-108,18,-79,-1033,-330,-938,347,-160,-972,-16,26,-103,
165580,4379260,1636789,165734,165449,164366,-939,532,-964,191,-662,-778,-113,16,-80,-1016,-317,-948,347,-160,-975,-12,24,-102,
165580,4441185,1636789,165734,165449,164366,-927,546,-961,191,-664,-775,-96,16,-89,-1027,-323,-921,347,-160,-975,-9,29,-113,
165580,4441185,1696400,165734,165449,164366,-929,557,-949,191,-664,-775,-85,21,-98,-1023,-319,-933,348,-161,-976,12,22,-121,
165580,4441185,1696400,165705,165449,164366,-925,539,-956,197,-664,-769,-68,24,-109,-1020,-347,-926,343,-161,-968,18,29,-120,
165580,4441185,1696400,165705,165424,164366,-941,514,-962,197,-664,-769,-65,30,-113,-1006,-354,-943,343,-161,-968,3,28,-120,
165580,4441185,1696400,165705,165424,164297,-931,531,-949,194,-663,-778,-63,34,-124,-1010,-339,-951,348,-160,-972,-2,28,-112,
165580,4441185,1696400,165705,165424,164297,-938,537,-953,194,-663,-778,-55,47,-133,-1017,-363,-936,348,-160,-972,11,23,-108,
165580,4441185,1696400,165705,165424,164297,-948,518,-962,192,-660,-768,-43,46,-135,-1027,-356,-915,346,-160,-967,17,27,-96,
165460,4441185,1696400,165705,165424,164297,-943,534,-958,200,-666,-773,-32,48,-138,-1022,-349,-926,346,-160,-982,20,25,-99,
165460,4464115,1696400,165705,165424,164297,-931,511,-968,200,-666,-773,-9,48,-138,-1021,-349,-916,348,-159,-982,30,25,-92,
165460,4464115,1944095,165705,165424,164297,-946,492,-986,197,-664,-780,18,46,-137,-1016,-366,-916,348,-158,-960,27,30,-93,
165460,4464115,1944095,165566,165424,164297,-939,438,-1011,197,-664,-780,3,47,-119,-1021,-352,-912,348,-158,-960,24,30,-75,
165460,4464115,1944095,165566,165453,164297,-957,459,-980,197,-656,-768,-28,46,-107,-1012,-352,-913,346,-159,-967,19,42,-71,
165460,4464115,1944095,165566,165453,164286,-943,478,-978,197,-656,-768,-35,57,-97,-1016,-347,-929,346,-159,-967,10,44,-68,
165460,4464115,1944095,165566,165453,164286,-934,497,-966,201,-659,-776,-28,60,-93,-1023,-353,-916,348,-149,-974,21,59,-60,
165460,4464115,1944095,165566,165453,164286,-935,491,-984,200,-662,-773,-23,57,-85,-1015,-351,-918,347,-153,-973,23,59,-57,
165512,4464115,1944095,165566,165453,164286,-950,482,-966,200,-662,-773,-23,60,-87,-1015,-349,-927,347,-153,-973,26,63,-53,
165512,4452006,1944095,165566,165453,164286,-933,472,-964,199,-664,-771,-8,58,-76,-1009,-357,-929,343,-157,-965,37,68,-49,
165512,4452006,2060711,165566,165453,164286,-929,491,-974,199,-664,-771,-1,56,-72,-1015,-395,-919,343,-157,-965,10,84,-37,
165512,4452006,2060711,165563,165453,164286,-937,500,-973,200,-670,-776,16,59,-74,-1013,-380,-949,346,-157,-974,-25,87,-27,
165512,4452006,2060711,165563,165355,164286,-922,501,-1005,200,-670,-776,40,56,-68,-1006,-360,-939,346,-157,-974,-43,83,-17,
165512,4452006,2060711,165563,165355,164316,-940,453,-978,195,-650,-772,60,51,-69,-1018,-347,-925,344,-155,-975,-51,82,-12,
165512,4452006,2060711,165563,165355,164316,-941,474,-982,195,-650,-771,52,60,-65,-1004,-323,-920,339,-156,-976,-54,87,-12,
165512,4452006,2060711,165563,165355,164316,-931,486,-987,198,-654,-771,44,61,-63,-1000,-332,-897,339,-156,-976,-43,94,-10,
165332,4452006,2060711,165563,165355,164316,-944,475,-981,201,-659,-777,48,68,-58,-1004,-331,-921,338,-164,-970,-41,117,-15,
165332,4392168,2060711,165563,165355,164316,-931,509,-1011,201,-659,-777,49,68,-70,-1014,-350,-926,338,-164,-970,-34,132,-19,
165332,4392168,2619651,165563,165355,164316,-913,525,-994,198,-655,-783,81,57,-78,-992,-353,-932,338,-160,-977,-39,127,-15,
165332,4392168,2619651,165487,165355,164316,-935,482,-984,198,-655,-783,117,55,-80,-1012,-350,-942,338,-160,-977,-49,125,-12,
165332,4392168,2619651,165487,165304,164316,-937,407,-1006,198,-649,-787,95,58,-78,-1036,-328,-947,337,-158,-972,-75,116,-6,
165332,4392168,2619651,165487,165304,164051,-940,434,-996,198,-649,-787,35,69,-60,-1039,-281,-982,333,-165,-963,-73,96,-17,
165332,4392168,2619651,165487,165304,164051,-950,493,-1009,198,-651,-777,7,65,-61,-1046,-269,-937,333,-165,-963,-29,87,-34,
165332,4392168,2619651,165487,165304,164051,-932,514,-1021,200,-651,-783,14,55,-71,-1020,-286,-957,334,-165,-987,-13,80,-46,
165365,4392168,2619651,165487,165304,164051,-908,530,-987,200,-651,-783,41,50,-80,-993,-305,-950,334,-165,-987,-4,79,-58,
165365,4278059,2619651,165487,165304,164051,-938,453,-987,196,-657,-779,74,37,-87,-1007,-318,-963,329,-166,-984,-9,74,-65,
165365,4278059,2488124,165487,165304,164051,-937,425,-1003,196,-657,-779,71,45,-87,-1018,-322,-945,329,-168,-983,-26,75,-85,
165365,4278059,2488124,165698,165304,164051,-943,438,-1013,200,-644,-789,49,52,-83,-1006,-324,-957,331,-168,-983,-26,73,-80,
165365,4278059,2488124,165698,165505,164051,-931,479,-1025,200,-644,-789,31,59,-77,-1004,-333,-981,331,-169,-977,-35,66,-80,
165365,4278059,2488124,165698,165505,164500,-933,475,-998,198,-643,-784,31,51,-70,-1009,-309,-951,331,-169,-977,-49,60,-83,
165365,4278059,2488124,165698,165505,164500,-927,497,-1013,200,-651,-785,41,42,-73,-1015,-297,-947,328,-172,-983,-46,53,-92,
165365,4278059,2488124,165698,165505,164500,-914,472,-1014,200,-651,-785,69,34,-76,-1016,-292,-941,328,-172,-983,-35,48,-105,
165519,4278059,2488124,165698,165505,164500,-933,449,-1273,199,-646,-782,91,31,-66,-1020,-303,-953,324,-167,-979,-23,47,-113,
165519,4024869,2488124,165698,165505,164500,-948,408,-1018,199,-646,-782,64,24,-54,-1013,-313,-938,327,-168,-974,-22,45,-122,
165519,4024869,2213693,165698,165505,164500,-942,410,-1010,194,-639,-771,33,24,-44,-1017,-316,-964,327,-168,-974,-13,43,-125,
165519,4024869,2213693,165593,165505,164500,-932,450,-990,194,-639,-771,0,25,-37,-1021,-335,-942,329,-169,-979,-15,43,-124,
165519,4024869,2213693,165593,165578,164500,-938,494,-1013,200,-634,-773,-2,27,-40,-993,-353,-946,329,-169,-979,-11,44,-121,
165519,4024869,2213693,165593,165578,164302,-933,501,-1009,200,-638,-796,7,23,-48,-1010,-350,-957,330,-164,-978,-20,43,-113,
165519,4024869,2213693,165593,165578,164302,-931,490,-993,200,-638,-796,15,18,-54,-1032,-338,-955,330,-164,-978,-34,35,-96,
165519,4024869,2213693,165593,165578,164302,-914,460,-1006,202,-645,-798,36,22,-60,-1011,-307,-958,327,-166,-975,-42,34,-100,
165427,4024869,2213693,165593,165578,164302,-932,432,-989,202,-645,-798,52,14,-60,-1020,-308,-925,331,-168,-965,-39,41,-110,
165427,3615531,2213693,165593,165578,164302,-940,437,-1035,201,-643,-787,54,20,-57,-1035,-302,-939,331,-168,-965,-26,39,-118,
165427,3615531,2217150,165593,165578,164302,-944,407,-1032,201,-643,-787,44,13,-53,-1018,-313,-962,332,-167,-977,-27,42,-128,
165427,3615531,2217150,165678,165578,164302,-950,399,-1038,199,-640,-780,26,11,-39,-1016,-304,-950,332,-167,-977,-19,35,-137,
165427,3615531,2217150,165678,165496,164302,-956,391,-1015,199,-640,-780,11,12,-24,-1018,-294,-949,324,-167,-978,-13,34,-151,
165427,3615531,2217150,165678,165496,164413,-937,400,-1013,199,-640,-791,-14,2,-5,-1017,-298,-953,324,-167,-978,-7,32,-152,
165427,3615531,2217150,165678,165496,164413,-935,452,-993,201,-644,-789,-43,-1,7,-1025,-299,-934,326,-163,-983,16,35,-174,
165427,3615531,2217150,165678,165496,164413,-929,470,-1002,201,-644,-789,-56,10,1,-1005,-303,-945,328,-165,-983,15,40,-182,
165392,3615531,2217150,165678,165496,164413,-923,500,-990,199,-644,-779,-26,6,-2,-1001,-331,-963,328,-165,-983,35,29,-187,
165392,3505776,2217150,165678,165496,164413,-924,454,-1013,199,-644,-779,-7,7,-18,-995,-344,-947,329,-166,-980,43,32,-189,
165392,3505776,1287968,165678,165496,164413,-933,446,-1005,199,-644,-786,-1,7,-24,-1012,-347,-941,329,-166,-980,37,40,-184,
165392,3505776,1287968,165573,165496,164413,-943,425,-997,199,-644,-786,-13,14,-15,-998,-342,-936,328,-152,-977,40,34,-183,
165392,3505776,1287968,165573,165478,164413,-935,446,-1007,201,-639,-786,-19,17,-8,-992,-327,-953,330,-152,-976,32,36,-185,
165392,3505776,1287968,165573,165478,164437,-934,458,-1010,198,-643,-786,-27,7,-10,-1006,-345,-948,330,-152,-976,38,42,-184,
165392,3505776,1287968,165573,165478,164437,-941,466,-1013,198,-643,-786,-16,13,-16,-1000,-361,-963,330,-159,-971,40,36,-175,
165392,3505776,1287968,165573,165478,164437,-938,455,-1002,200,-648,-787,-14,10,-18,-989,-367,-959,330,-159,-971,33,22,-165,
165296,3505776,1287968,165573,165478,164437,-932,481,-997,200,-648,-787,-22,13,-19,-992,-364,-948,326,-155,-982,25,31,-156,
165296,3639971,1287968,165573,165478,164437,-936,473,-1007,200,-644,-792,-23,18,-24,-994,-362,-933,326,-155,-982,12,25,-150,
165296,3639971,1343302,165573,165478,164437,-936,463,-1008,200,-644,-792,-16,19,-25,-995,-352,-951,329,-150,-985,20,24,-153,
165296,3639971,1343302,165626,165478,164437,-924,451,-987,200,-638,-790,-8,11,-14,-993,-355,-940,329,-156,-981,19,20,-146,
165296,3639971,1343302,165626,165414,164437,-928,452,-1002,201,-639,-791,-9,11,-13,-986,-369,-949,329,-156,-981,11,13,-139,
165296,3639971,1343302,165626,165414,164409,-947,433,-1018,201,-639,-791,-4,15,-11,-998,-341,-936,331,-154,-982,4,16,-138,
165296,3639971,1343302,165626,165414,164409,-944,429,-1016,198,-649,-782,-6,19,10,-992,-352,-955,331,-154,-982,3,10,-136,
165296,3639971,1343302,165626,165414,164409,-951,412,-1021,198,-649,-782,-43,9,21,-1006,-347,-950,331,-146,-975,-2,11,-132,
165550,3639971,1343302,165626,165414,164409,-920,463,-1016,199,-648,-787,-67,9,39,-1001,-350,-954,331,-146,-975,5,13,-145,
165550,3934681,1343302,165626,165414,164409,-926,492,-998,199,-648,-787,-66,2,42,-990,-348,-955,335,-147,-989,2,15,-140,
165550,3934681,1571314,165626,165414,164409,-923,487,-987,197,-642,-782,-48,-3,31,-999,-354,-955,333,-151,-973,-2,11,-133,
165550,3934681,1571314,165650,165414,164409,-914,502,-989,197,-642,-782,-47,0,25,-1001,-359,-938,333,-151,-973,-1,17,-135,
165550,3934681,1571314,165650,165440,164409,-916,492,-1008,197,-649,-784,-37,-2,19,-1013,-361,-930,329,-151,-988,-7,17,-140,
165550,3934681,1571314,165650,165440,164405,-924,488,-994,197,-653,-784,-27,-2,13,-1000,-369,-958,329,-151,-988,-13,15,-134,
165550,3934681,1571314,165650,165440,164405,-924,498,-998,197,-653,-784,-22,-4,6,-990,-369,-936,328,-142,-992,-8,17,-134,
165550,3934681,1571314,165650,165440,164405,-929,475,-993,200,-650,-770,-6,-8,-3,-1007,-358,-933,328,-142,-990,-10,16,-131,
165585,3934681,1571314,165650,165440,164405,-936,446,-992,200,-650,-770,8,-11,1,-988,-355,-951,332,-145,-990,15,14,-133,
165585,3889051,1571314,165650,165440,164405,-923,459,-1005,197,-647,-778,0,-11,1,-994,-366,-955,332,-148,-992,26,18,-126,
165585,3889051,1640164,165650,165440,164405,-948,451,-1003,197,-647,-778,0,-5,5,-1006,-372,-949,332,-148,-992,14,21,-118,
165585,3889051,1640164,165581,165440,164405,-927,458,-988,196,-648,-782,-11,-11,7,-999,-371,-938,333,-145,-978,16,14,-114,
165585,3889051,1640164,165581,165358,164405,-935,454,-1011,197,-652,-784,-31,-12,13,-1000,-390,-924,333,-145,-978,9,22,-105,
165585,3889051,1640164,165581,165358,164476,-938,486,-999,197,-652,-784,-36,-7,18,-986,-371,-952,330,-137,-981,-3,21,-107,
165585,3889051,1640164,165581,165358,164476,-920,487,-1000,195,-650,-786,-15,-6,16,-990,-373,-944,332,-142,-981,-3,20,-103,
165585,3889051,1640164,165581,165358,164476,-923,470,-986,195,-650,-786,-11,-4,16,-1000,-372,-923,332,-142,-981,3,19,-105,
165562,3889051,1640164,165581,165358,164476,-942,457,-997,197,-649,-783,-11,-6,20,-996,-387,-925,330,-145,-986,-9,10,-92,
165562,3797144,1640164,165581,165358,164476,-931,460,-1002,197,-649,-783,-17,-3,17,-984,-370,-955,330,-145,-986,-16,10,-78,
165562,3797144,1716829,165581,165358,164476,-917,486,-988,193,-648,-785,-20,-2,17,-998,-370,-935,333,-144,-984,-19,10,-82,
165562,3797144,1716829,165500,165358,164476,-930,484,-980,198,-654,-777,-14,-1,10,-1011,-367,-932,333,-144,-984,-11,19,-84,
165562,3797144,1716829,165500,165362,164476,-928,476,-1000,198,-654,-777,-5,-8,17,-985,-344,-947,332,-140,-984,-7,24,-74,
165562,3797144,1716829,165500,165362,164376,-924,489,-1014,196,-655,-783,-4,1,6,-1012,-362,-942,332,-146,-992,-1,23,-80,
165562,3797144,1716829,165500,165362,164376,-923,486,-985,196,-655,-783,-7,1,-1,-994,-361,-956,332,-146,-992,-7,35,-92,
165562,3797144,1716829,165500,165362,164376,-934,501,-984,191,-652,-786,-3,2,-1,-993,-370,-945,337,-145,-979,-12,28,-83,
165580,3797144,1716829,165500,165362,164376,-932,484,-994,191,-652,-786,8,3,-7,-1004,-360,-930,337,-145,-979,-13,24,-81,
165580,3717189,1716829,165500,165362,164376,-917,475,-997,195,-648,-771,3,-2,1,-1017,-356,-934,335,-140,-984,-29,20,-87,
165580,3717189,1710046,165500,165362,164376,-936,492,-973,195,-648,-782,-6,-1,-11,-1000,-346,-931,335,-140,-984,-26,35,-94,
165580,3717189,1710046,165766,165362,164376,-922,501,-985,193,-652,-782,-7,1,-15,-1007,-347,-932,333,-138,-989,-13,39,-91,
165580,3717189,1710046,165766,165193,164376,-938,505,-989,196,-655,-779,2,7,-20,-1018,-352,-925,333,-145,-984,-15,29,-97,
165580,3717189,1710046,165766,165193,164266,-933,504,-987,196,-655,-779,14,10,-42,-1003,-379,-942,333,-145,-984,-10,35,-94,
165580,3717189,1710046,165766,165193,164266,-921,474,-1003,197,-656,-786,14,13,-43,-1004,-366,-926,331,-144,-977,-7,36,-93,
165580,3717189,1710046,165766,165193,164266,-928,484,-986,197,-656,-786,9,16,-45,-996,-369,-952,331,-144,-977,-19,30,-95,
165601,3717189,1710046,165766,165193,164266,-935,469,-1009,195,-654,-783,18,13,-43,-1013,-374,-924,330,-142,-984,-18,28,-89,
165601,3687688,1710046,165766,165193,164266,-943,456,-992,195,-654,-783,36,9,-40,-1015,-357,-939,330,-142,-975,-18,34,-90,
165601,3687688,1970796,165766,165193,164266,-947,432,-975,197,-649,-779,35,11,-30,-1003,-360,-932,333,-141,-975,-19,36,-88,
165601,3687688,1970796,165706,165193,164266,-942,453,-1011,198,-656,-780,15,17,-18,-1020,-374,-915,335,-147,-971,-19,36,-92,
165601,3687688,1970796,165706,165473,164266,-928,467,-997,198,-656,-780,4,17,-12,-993,-358,-941,335,-147,-971,-22,35,-85,
165601,3687688,1970796,165706,165473,164316,-914,473,-1008,198,-653,-770,10,13,-13,-1008,-350,-937,334,-144,-977,-17,37,-86,
165601,3687688,1970796,165706,165473,164316,-937,471,-999,198,-653,-770,6,11,-20,-984,-357,-940,334,-144,-977,-11,39,-88,
165601,3687688,1970796,165706,165473,164316,-928,472,-1006,195,-648,-780,15,12,-16,-1005,-368,-944,331,-140,-991,-11,48,-99,
165488,3687688,1970796,165706,165473,164316,-929,465,-1011,195,-648,-780,4,8,-14,-1003,-380,-964,333,-146,-969,-16,42,-82,
165488,3694968,1970796,165706,165473,164316,-935,482,-984,195,-643,-787,-11,9,-11,-991,-376,-951,333,-146,-969,-17,35,-69,
165488,3694968,2063667,165706,165473,164316,-935,486,-993,195,-651,-782,-11,9,-19,-996,-381,-949,333,-143,-964,-28,37,-76,
165488,3694968,2063667,165783,165473,164316,-924,497,-997,195,-651,-782,2,9,-22,-1004,-362,-924,333,-143,-964,-22,27,-73,
165488,3694968,2063667,165783,165510,164316,-934,482,-999,199,-653,-780,8,12,-25,-992,-353,-943,329,-140,-983,-22,37,-67,
165488,3694968,2063667,165783,165510,164303,-927,486,-1012,199,-653,-780,8,14,-30,-999,-353,-927,329,-140,-983,-24,32,-71,
165488,3694968,2063667,165783,165510,164303,-938,480,-1000,195,-652,-775,8,13,-28,-1006,-354,-951,329,-142,-977,-23,36,-74,
165488,3694968,2063667,165783,165510,164303,-935,473,-985,195,-652,-775,11,10,-25,-995,-344,-948,331,-147,-983,-11,35,-73,
165510,3694968,2063667,165783,165510,164303,-942,454,-992,195,-643,-787,12,7,-23,-1013,-362,-944,331,-147,-983,-15,31,-86,
165510,3687460,2063667,165783,165510,164303,-924,461,-1025,195,-651,-777,10,9,-26,-1000,-363,-942,334,-147,-976,-11,31,-81,
165510,3687460,2092915,165783,165510,164303,-936,459,-989,193,-651,-777,-2,5,-19,-995,-352,-943,334,-147,-976,-13,28,-81,
165510,3687460,2092915,165754,165510,164303,-939,463,-1010,195,-653,-785,-3,6,-13,-1018,-346,-949,331,-146,-982,-13,30,-86,
165510,3687460,2092915,165754,165518,164303,-927,468,-991,195,-653,-785,-3,2,-10,-984,-353,-958,331,-146,-982,-11,30,-86,
165510,3687460,2092915,165754,165518,164373,-929,486,-1000,199,-656,-779,-1,3,-2,-999,-371,-956,330,-142,-973,-13,28,-86,
165510,3687460,2092915,165754,165518,164373,-949,475,-1008,199,-656,-779,4,3,-4,-1002,-370,-945,332,-147,-972,-15,30,-89,
165510,3687460,2092915,165754,165518,164373,-919,458,-988,195,-652,-790,-2,-1,1,-1003,-367,-932,332,-147,-972,-16,31,-87,
165333,3687460,2092915,165754,165518,164373,-922,483,-993,195,-652,-790,-19,2,-1,-993,-354,-931,332,-149,-984,-10,33,-87,
165333,3660000,2092915,165754,165518,164373,-927,501,-998,198,-647,-771,-17,-1,-5,-988,-353,-921,332,-149,-984,-19,23,-93,
165333,3660000,2098618,165754,165518,164373,-931,481,-995,194,-655,-786,-8,3,-3,-1003,-356,-941,331,-142,-980,-16,24,-87,
165333,3660000,2098618,165652,165518,164373,-921,487,-998,194,-655,-786,3,6,-6,-1010,-360,-935,331,-146,-967,0,33,-94,
165333,3660000,2098618,165652,165604,164373,-945,476,-1002,197,-656,-778,-3,7,-13,-999,-368,-935,328,-146,-967,-1,31,-86,
165333,3660000,2098618,165652,165604,164252,-929,468,-1010,197,-656,-778,-5,4,-15,-992,-369,-956,332,-142,-971,-12,27,-75,
165333,3660000,2098618,165652,165604,164252,-931,466,-1005,193,-649,-776,-6,2,-4,-1008,-349,-949,332,-142,-971,-15,26,-83,
165333,3660000,2098618,165652,165604,164252,-924,468,-990,193,-649,-776,-5,1,-6,-978,-360,-941,332,-147,-979,-12,30,-85,
165181,3660000,2098618,165652,165604,164252,-949,458,-997,196,-649,-778,-7,-1,0,-988,-361,-946,332,-147,-979,-13,22,-89,
165181,3643809,2098618,165652,165604,164252,-935,464,-1011,195,-651,-782,-13,-4,4,-984,-344,-948,334,-141,-996,-18,23,-88,
165181,3643809,2119273,165652,165604,164252,-938,465,-995,195,-651,-782,-20,-4,7,-997,-360,-938,333,-148,-973,-14,24,-85,
165181,3643809,2119273,164955,165604,164252,-938,479,-994,197,-656,-780,-14,-5,4,-987,-352,-956,333,-148,-973,-11,28,-94,
165181,3643809,2119273,164955,164006,164252,-931,476,-979,197,-656,-780,-19,-3,0,-1007,-355,-929,332,-146,-988,1,30,-93,
165181,3643809,2119273,164955,164006,164306,-923,487,-998,196,-655,-776,-21,-11,0,-991,-369,-945,332,-146,-988,-13,10,-94,
165181,3643809,2119273,164955,164006,164306,-926,487,-999,196,-655,-776,-7,-3,-4,-995,-366,-944,331,-140,-978,-11,18,-90,
165181,3643809,2119273,164955,164006,164306,-940,472,-999,193,-652,-784,-7,-3,-4,-996,-349,-946,331,-140,-978,-11,20,-94,
165502,3643809,2119273,164955,164006,164306,-935,486,-1010,193,-649,-783,-10,0,-1,-990,-348,-947,334,-141,-993,-16,12,-93,
165502,3625369,2119273,164955,164006,164306,-921,487,-988,195,-649,-783,-10,2,-1,-1004,-341,-934,333,-144,-978,-12,12,-94,
165502,3625369,2088624,164955,164006,164306,-940,498,-996,196,-658,-778,-4,2,-8,-999,-366,-931,333,-144,-978,-13,17,-95,
165502,3625369,2088624,165418,164006,164306,-932,504,-1011,196,-658,-778,0,1,-15,-1007,-356,-943,333,-145,-977,-11,24,-104,
165502,3625369,2088624,165418,165488,164306,-938,480,-994,194,-659,-781,0,-3,-19,-992,-358,-933,333,-145,-977,-9,23,-98,
165502,3625369,2088624,165418,165488,164246,-921,488,-1017,194,-659,-781,8,-2,-13,-997,-371,-947,334,-141,-984,-11,25,-91,
165502,3625369,2088624,165418,165488,164246,-931,479,-991,198,-657,-772,10,9,-17,-993,-370,-950,334,-141,-984,-12,33,-92,
165502,3625369,2088624,165418,165488,164246,-936,463,-989,198,-657,-772,18,7,-18,-1009,-369,-945,334,-139,-976,-19,25,-95,
165344,3625369,2088624,165418,165488,164246,-923,463,-990,193,-650,-774,10,2,-16,-1006,-366,-927,336,-145,-977,-19,30,-94,
165344,3614523,2088624,165418,165488,164246,-936,477,-983,197,-657,-776,2,6,-14,-999,-362,-949,336,-145,-977,-15,30,-87,
165344,3614523,2083616,165418,165488,164246,-916,482,-997,197,-657,-776,-1,5,-13,-1008,-354,-939,339,-146,-984,-14,26,-91,
165344,3614523,2083616,165555,165488,164246,-937,480,-986,197,-656,-781,0,8,-14,-1009,-354,-923,339,-146,-984,-11,28,-96,
165344,3614523,2083616,165555,165461,164246,-933,483,-1012,197,-656,-781,5,5,-8,-998,-374,-945,331,-139,-982,-5,26,-98,
165344,3614523,2083616,165555,165461,164365,-935,485,-998,198,-648,-780,7,4,-8,-1011,-373,-931,331,-145,-982,-10,28,-93,
165344,3614523,2083616,165555,165461,164365,-927,476,-1002,198,-648,-780,14,5,-12,-1003,-371,-930,338,-145,-982,-19,32,-89,
165344,3614523,2083616,165555,165461,164365,-931,477,-999,196,-654,-778,9,7,-18,-1002,-350,-944,335,-146,-988,-23,28,-98,
165488,3614523,2083616,165555,165461,164365,-930,465,-1001,197,-659,-775,8,4,-11,-1003,-366,-938,335,-146,-988,-15,26,-96,
165488,3604525,2083616,165555,165461,164365,-910,484,-1019,197,-659,-775,-7,255,-8,-988,-362,-942,335,-148,-977,0,26,-83,
165488,3604525,2082589,165555,165461,164365,-953,474,-989,198,-656,-780,-11,12,-6,-994,-360,-947,335,-148,-977,-11,27,-88,
165488,3604525,2082589,165327,165461,164365,-930,486,-980,198,-656,-780,-6,12,-12,-996,-362,-940,333,-141,-972,-22,30,-88,
165488,3604525,2082589,165327,165416,164365,-934,480,-991,195,-653,-780,-2,0,-8,-984,-371,-924,335,-144,-975,-18,38,-87,
165488,3604525,2082589,165327,165416,164362,-937,467,-1014,195,-653,-780,-7,-8,-13,-989,-365,-950,335,-144,-975,-22,29,-81,
165488,3604525,2082589,165327,165416,164362,-939,467,-996,197,-656,-783,-10,-2,-7,-996,-362,-944,336,-148,-986,-24,24,-77,
165488,3604525,2082589,165327,165416,164362,-931,456,-992,196,-652,-772,-9,-4,-9,-1016,-367,-942,336,-148,-986,-16,28,-85,
165517,3604525,2082589,165327,165416,164362,-939,473,-997,196,-652,-772,-18,-4,4,-997,-361,-942,336,-141,-969,-21,29,-80,
165517,3568230,2082589,165327,165416,164362,-938,477,-1007,197,-658,-779,-33,4,3,-1008,-370,-921,336,-141,-969,-27,23,-84,
165517,3568230,2095366,165327,165416,164362,-929,514,-994,197,-658,-779,-29,-3,6,-1004,-344,-943,333,-142,-971,-23,24,-81,
165517,3568230,2095366,165609,165416,164362,-925,489,-972,196,-656,-766,-14,1,-4,-1014,-377,-912,337,-145,-980,-29,36,-89,
165517,3568230,2095366,165609,165653,164362,-930,491,-969,196,-656,-766,-4,4,0,-989,-376,-925,337,-145,-980,-41,43,-88,
165517,3568230,2095366,165609,165653,164355,-929,495,-1008,193,-650,-793,-12,7,-3,-1007,-369,-943,334,-147,-973,-50,42,-83,
165517,3568230,2095366,165609,165653,164355,-924,531,-987,193,-650,-793,-16,17,-17,-1019,-367,-933,334,-147,-973,-39,33,-78,
165517,3568230,2095366,165609,165653,164355,-915,518,-994,196,-658,-782,3,14,-31,-999,-367,-932,333,-144,-990,-35,27,-80,
165555,3568230,2095366,165609,165653,164355,-949,470,-984,197,-657,-779,25,13,-41,-1009,-355,-939,333,-144,-990,-35,22,-77,
165555,3551936,2095366,165609,165653,164355,-948,454,-999,197,-657,-779,16,7,-31,-1006,-343,-945,335,-150,-989,-29,22,-78,
165555,3551936,2105732,165609,165653,164355,-929,457,-1023,200,-655,-781,6,5,-18,-994,-344,-939,335,-150,-977,-24,23,-86,
165555,3551936,2105732,165674,165653,164355,-938,454,-980,200,-655,-781,-2,2,-11,-990,-357,-944,335,-150,-977,-19,34,-87,
165555,3551936,2105732,165674,165473,164355,-937,476,-981,198,-656,-764,4,5,-11,-1003,-351,-940,339,-147,-980,-12,35,-88,
165555,3551936,2105732,165674,165473,164077,-940,464,-996,198,-656,-764,0,1,-6,-1002,-342,-953,339,-147,-980,-9,26,-97,
165555,3551936,2105732,165674,165473,164077,-911,492,-1000,196,-651,-776,-9,5,-7,-990,-360,-941,332,-142,-974,1,24,-88,
165555,3551936,2105732,165674,165473,164077,-941,489,-989,196,-658,-782,-6,3,-3,-997,-357,-939,335,-141,-975,-1,26,-100,
165619,3551936,2105732,165674,165473,164077,-924,493,-998,196,-658,-782,-14,-4,5,-1010,-366,-937,335,-141,-975,0,23,-104,
165619,3522295,2105732,165674,165473,164077,-938,473,-992,198,-658,-780,-15,1,-7,-1002,-371,-940,336,-150,-973,-2,17,-103,
165619,3522295,2091457,165674,165473,164077,-942,481,-983,198,-658,-780,-11,-1,-7,-1015,-374,-929,336,-150,-973,-16,22,-91,
165619,3522295,2091457,165719,165473,164077,-934,481,-987,195,-660,-782,-11,-2,-2,-998,-354,-965,334,-145,-977,-20,18,-87,
165619,3522295,2091457,165719,165450,164077,-927,488,-998,195,-660,-782,-11,-2,-1,-1000,-348,-944,334,-145,-977,-16,22,-91,
165619,3522295,2091457,165719,165450,164507,-937,485,-990,195,-654,-766,-7,1,-8,-1000,-356,-938,334,-145,-972,-5,29,-92,
165619,3522295,2091457,165719,165450,164507,-918,489,-1007,196,-653,-780,-7,0,-6,-1002,-365,-940,335,-148,-982,-10,33,-93,
165619,3522295,2091457,165719,165450,164507,-942,490,-993,196,-653,-780,-4,-5,2,-992,-349,-948,335,-148,-982,-7,21,-98,
165598,3522295,2091457,165719,165450,164507,-918,488,-998,197,-656,-779,1,-2,1,-1002,-350,-941,335,-145,-975,-4,15,-99,
165598,3499138,2091457,165719,165450,164507,-932,449,-1011,197,-656,-779,-2,1,8,-1004,-361,-948,335,-145,-975,-1,11,-106,
165598,3499138,2025270,165719,165450,164507,-938,470,-1018,198,-657,-776,-16,-7,12,-1016,-354,-938,334,-146,-978,-15,22,-112,
165598,3499138,2025270,165707,165450,164507,-939,473,-983,198,-657,-776,-32,-3,20,-999,-361,-923,334,-146,-978,-13,18,-109,
165598,3499138,2025270,165707,165501,164507,-923,492,-1004,196,-659,-783,-28,-4,21,-994,-366,-934,336,-142,-973,-10,25,-108,
165598,3499138,2025270,165707,165501,164419,-940,480,-991,196,-659,-774,-24,-12,21,-999,-367,-939,334,-148,-974,-2,20,-107,
165598,3499138,2025270,165707,165501,164419,-930,480,-994,195,-662,-774,-27,-19,24,-996,-361,-927,334,-148,-974,-6,20,-110,
165598,3499138,2025270,165707,165501,164419,-929,478,-986,198,-662,-772,-33,-15,19,-991,-378,-937,337,-145,-977,-13,21,-112,
165533,3499138,2025270,165707,165501,164419,-930,482,-981,198,-662,-772,-36,-15,20,-996,-371,-935,337,-145,-977,-15,21,-107,
165533,3483512,2025270,165707,165501,164419,-929,508,-971,199,-660,-767,-31,-8,27,-1002,-362,-937,334,-144,-979,-10,12,-110,
165533,3483512,1929554,165707,165501,164419,-931,528,-982,199,-660,-767,-26,0,14,-990,-368,-949,334,-144,-972,-12,15,-111,
165533,3483512,1929554,165789,165501,164419,-943,513,-969,193,-661,-771,-16,-2,16,-1000,-369,-932,336,-142,-972,0,24,-100,
165533,3483512,1929554,165789,165390,164419,-943,496,-1000,193,-661,-771,-15,-5,13,-1005,-362,-937,338,-143,-958,2,21,-103,
165533,3483512,1929554,165789,165390,164442,-930,496,-983,196,-658,-786,-16,-3,9,-997,-391,-909,338,-143,-958,3,21,-111,
165533,3483512,1929554,165789,165390,164442,-928,486,-982,194,-661,-778,-15,-12,-2,-992,-357,-929,336,-141,-969,-3,25,-109,
165533,3483512,1929554,165789,165390,164442,-936,499,-977,194,-661,-778,-24,0,2,-1008,-366,-932,336,-141,-969,-10,21,-108,
165404,3483512,1929554,165789,165390,164442,-919,503,-993,198,-661,-781,-13,3,-4,-1011,-361,-919,334,-139,-986,-12,30,-104,
165404,3476850,1929554,165789,165390,164442,-936,498,-970,198,-661,-781,-4,0,-8,-995,-362,-933,340,-141,-970,-9,31,-103,
165404,3476850,1922264,165789,165390,164442,-939,489,-994,196,-662,-758,-6,-1,-7,-994,-357,-945,340,-141,-970,-3,27,-112,
165404,3476850,1922264,165705,165390,164442,-936,485,-1001,196,-662,-758,-14,-5,-2,-1004,-363,-924,339,-143,-982,4,20,-106,
165404,3476850,1922264,165705,165542,164442,-931,492,-989,194,-661,-762,-20,-3,4,-1001,-362,-941,339,-143,-982,-3,18,-106,
165404,3476850,1922264,165705,165542,164391,-940,487,-974,195,-661,-768,-24,0,5,-1009,-367,-932,336,-143,-981,-12,23,-101,
165404,3476850,1922264,165705,165542,164391,-943,501,-998,195,-661,-768,-22,0,-5,-997,-361,-942,336,-143,-981,-8,21,-101,
165404,3476850,1922264,165705,165542,164391,-945,490,-976,196,-669,-765,-16,-8,-3,-1013,-351,-915,337,-135,-983,-2,17,-108,
165569,3476850,1922264,165705,165542,164391,-936,494,-999,196,-669,-765,-18,-9,-4,-1006,-359,-939,338,-138,-978,11,14,-111,
165569,3359534,1922264,165705,165542,164391,-935,480,-971,194,-664,-770,-12,-1,3,-1007,-361,-934,338,-138,-978,17,16,-117,
165569,3359534,1744600,165705,165542,164391,-925,496,-996,194,-664,-770,-26,-3,1,-1006,-386,-936,339,-140,-981,18,20,-118,
165569,3359534,1744600,165794,165542,164391,-924,503,-979,193,-661,-765,-37,2,7,-1008,-388,-929,339,-140,-981,7,19,-116,
165569,3359534,1744600,165794,165453,164391,-933,508,-964,193,-661,-777,-48,2,7,-994,-367,-924,337,-139,-978,0,29,-111,
165569,3359534,1744600,165794,165453,164323,-927,517,-998,194,-668,-777,-44,-1,-255,-999,-386,-952,337,-139,-978,-10,30,-99,
165569,3359534,1744600,165794,165453,164323,-934,528,-1001,195,-672,-767,-50,-2,-13,-1004,-389,-942,341,-134,-982,-13,28,-88,
165569,3359534,1744600,165794,165453,164323,-928,523,-978,195,-672,-767,-71,-6,-23,-1002,-378,-957,337,-141,-985,-18,27,-91,
165627,3359534,1744600,165794,165453,164323,-955,489,-989,196,-670,-760,-93,-12,-21,-1004,-373,-934,337,-141,-985,-17,16,-91,
165627,2819613,1744600,165794,165453,164323,-942,485,-1006,196,-670,-760,-139,-7,-26,-1010,-367,-923,339,-139,-972,-11,14,-91,
165627,2819613,1270027,165794,165453,164323,-952,496,-1013,193,-672,-763,-197,-4,-34,-1015,-367,-943,339,-139,-972,-7,22,-98,
165627,2819613,1270027,165701,165453,164323,-943,503,-1015,193,-672,-763,-243,-4,-33,-1002,-346,-937,337,-135,-981,-6,17,-104,
165627,2819613,1270027,165701,165465,164323,-958,528,-967,197,-672,-763,-285,-3,-38,-1006,-348,-937,337,-135,-983,5,8,-112,
165627,2819613,1270027,165701,165465,164398,-944,554,-986,198,-682,-762,-298,-9,-52,-1010,-357,-929,337,-133,-983,13,12,-112,
165627,2819613,1270027,165701,165465,164398,-944,576,-971,198,-682,-762,-280,-14,-71,-1011,-365,-932,340,-141,-982,10,13,-118,
165627,2819613,1270027,165701,165465,164398,-938,577,-949,199,-691,-754,-263,-20,-82,-1011,-363,-937,340,-141,-982,23,1,-125,
165495,2819613,1270027,165701,165465,164398,-954,569,-948,199,-691,-754,-245,-19,-105,-975,-350,-946,339,-136,-975,41,0,-139,
165495,1919146,1270027,165701,165465,164398,-946,541,-935,202,-691,-749,-221,-22,-119,-1000,-349,-927,339,-136,-975,53,3,-145,
165495,1919146,821327,165701,165465,164398,-951,516,-960,202,-691,-749,-195,-13,-123,-1003,-357,-935,339,-123,-982,86,9,-156,
165495,1919146,821327,165690,165465,164398,-938,527,-931,203,-689,-754,-221,-12,-132,-1005,-356,-926,340,-127,-980,120,17,-158,
165495,1919146,821327,165690,165551,164398,-957,555,-973,208,-701,-737,-260,-4,-145,-1013,-382,-917,340,-127,-980,168,18,-160,
165495,1919146,821327,165690,165551,164341,-975,571,-977,208,-701,-737,-317,2,-205,-1010,-426,-924,342,-128,-967,191,18,-141,
165495,1919146,821327,165690,165551,164341,-962,620,-989,213,-708,-734,-384,-6,-239,-973,-472,-943,342,-128,-967,176,3,-119,
165495,1919146,821327,165690,165551,164341,-941,694,-971,213,-708,-734,-382,-23,-286,-981,-468,-925,339,-114,-978,157,4,-90,
165497,1919146,821327,165690,165551,164341,-938,716,-950,214,-711,-731,-340,-46,-344,-1000,-472,-895,339,-114,-978,130,5,-55,
165497,1245437,821327,165690,165551,164341,-953,673,-917,214,-711,-731,-247,-70,-406,-999,-453,-895,338,-112,-981,106,10,-30,
165497,1245437,247039,165690,165551,164341,-958,636,-898,219,-711,-722,-181,-76,-452,-994,-452,-896,347,-119,-987,77,3,-7,
165497,1245437,247039,165635,165551,164341,-942,579,-870,219,-706,-723,-131,-70,-473,-1005,-457,-900,347,-119,-987,41,2,19,
165497,1245437,247039,165635,165466,164341,-940,552,-870,231,-706,-723,-81,-49,-483,-1027,-412,-890,344,-122,-979,13,5,36,
165497,1245437,247039,165635,165466,164398,-946,536,-866,238,-710,-718,-56,-31,-477,-1019,-397,-913,344,-122,-979,-4,2,51,
165497,1245437,247039,165635,165466,164398,-941,536,-915,238,-710,-718,-30,-12,-466,-1023,-373,-909,343,-123,-981,-11,10,49,
