0,0,0,0,0,0,-164,39,1354,-483,-99,895,8,11,-26,-112,-109,1253,-581,-289,894,-14,36,-62,
5151825,0,0,0,0,0,-145,43,1318,-486,-99,895,-2,8,-10,-107,-111,1266,-582,-292,897,-18,29,-63,
5151825,4714775,0,0,0,0,-153,46,1344,-481,-104,889,-2,7,-10,-119,-103,1304,-582,-292,897,-14,38,-68,
5151825,4714775,5133607,0,0,0,-154,34,1343,-481,-104,889,13,10,-17,-105,-101,1307,-585,-282,904,-14,26,-69,
5151825,4714775,5133607,5061371,0,0,-157,55,1318,-485,-103,885,8,7,-19,-109,-107,1307,-585,-287,903,-18,36,-63,
5151825,4714775,5133607,5061371,4066740,0,-162,51,1348,-485,-103,885,-4,5,-17,-105,-112,1305,-585,-287,903,-13,28,-69,
5151825,4714775,5133607,5061371,4066740,3231716,-158,37,1354,-484,-102,889,0,8,-16,-107,-105,1300,-579,-292,907,-12,35,-59,
5151825,4714775,5133607,5061371,4066740,3231716,-150,58,1328,-484,-102,889,-5,12,-16,-106,-100,1314,-579,-292,907,-8,28,-65,
5151825,4714775,5133607,5061371,4066740,3231716,-166,36,1362,-484,-97,886,-2,10,-15,-112,-111,1308,-580,-288,899,-10,28,-71,
5161400,4714775,5133607,5061371,4066740,3231716,-151,44,1347,-483,-105,892,-3,2,-8,-107,-110,1316,-580,-288,899,-16,34,-67,
5161400,4110724,5133607,5061371,4066740,3231716,-146,62,1311,-483,-105,892,4,6,-12,-111,-111,1316,-582,-282,896,-17,39,-67,
5161400,4110724,5143380,5061371,4066740,3231716,-151,48,1342,-481,-103,890,1,8,-14,-108,-109,1301,-581,-293,892,-15,34,-67,
5161400,4110724,5143380,5034405,4066740,3231716,-144,29,1340,-481,-103,890,4,9,-14,-110,-114,1292,-581,-293,892,-11,30,-67,
5161400,4110724,5143380,5034405,3997968,3231716,-164,45,1349,-482,-95,904,-3,13,-21,-99,-109,1306,-585,-290,900,-12,25,-73,
5161400,4110724,5143380,5034405,3997968,3165926,-160,42,1337,-482,-95,904,-9,3,-19,-115,-105,1307,-585,-290,900,-16,27,-68,
5161400,4110724,5143380,5034405,3997968,3165926,-161,40,1343,-485,-96,881,-17,11,-15,-100,-101,1315,-583,-290,898,-19,23,-69,
5161400,4110724,5143380,5034405,3997968,3165926,-150,55,1321,-485,-100,891,-22,6,-15,-105,-108,1308,-583,-290,898,-15,23,-72,
5181480,4110724,5143380,5034405,3997968,3165926,-180,45,1356,-485,-100,891,-26,-2,-15,-109,-95,1302,-582,-288,904,-8,18,-70,
5181480,179994,5143380,5034405,3997968,3165926,-148,37,1342,-483,-102,899,-35,-2,-17,-107,-109,1303,-587,-292,899,-12,19,-77,
5181480,179994,5172210,5034405,3997968,3165926,-169,45,1353,-483,-102,899,-42,-2,-16,-107,-106,1316,-587,-292,899,-5,16,-77,
5181480,179994,5172210,4949330,3997968,3165926,-170,35,1324,-484,-102,897,-38,-1,-19,-95,-98,1294,-586,-292,899,2,10,-80,
5181480,179994,5172210,4949330,3580767,3165926,-164,37,1341,-484,-102,897,-33,2,-19,-111,-112,1305,-586,-292,899,4,5,-75,
5181480,179994,5172210,4949330,3580767,3009700,-150,30,1339,-489,-91,893,-38,0,-21,-99,-93,1312,-584,-291,902,1,8,-75,
5181480,179994,5172210,4949330,3580767,3009700,-155,42,1326,-489,-91,886,-45,-5,-14,-106,-108,1299,-584,-291,899,-7,4,-70,
5181480,179994,5172210,4949330,3580767,3009700,-166,45,1330,-484,-91,886,-54,-9,-20,-104,-108,1310,-581,-290,899,-5,12,-75,
5201613,179994,5172210,4949330,3580767,3009700,-166,27,1385,-481,-101,894,-60,-10,-14,-112,-98,1308,-585,-296,909,-1,7,-76,
5201613,167034,5172210,4949330,3580767,3009700,-157,39,1304,-481,-101,894,-75,-17,-18,-102,-98,1311,-585,-296,909,-2,8,-77,
5201613,167034,5195728,4949330,3580767,3009700,-153,39,1340,-483,-96,894,-92,-27,-15,-110,-106,1309,-586,-292,895,-5,9,-82,
5201613,167034,5195728,4756496,3580767,3009700,-158,30,1348,-483,-96,894,-102,-26,-12,-107,-103,1308,-586,-292,895,4,8,-74,
5201613,167034,5195728,4756496,2465119,3009700,-162,24,1359,-487,-89,896,-89,-31,-17,-102,-97,1307,-586,-286,898,-2,9,-74,
5201613,167034,5195728,4756496,2465119,2801870,-160,13,1353,-487,-89,896,-66,-25,-15,-90,-109,1299,-587,-291,893,1,5,-70,
5201613,167034,5195728,4756496,2465119,2801870,-146,18,1340,-486,-90,894,-51,-21,-19,-96,-108,1309,-587,-291,893,-1,11,-78,
5201613,167034,5195728,4756496,2465119,2801870,-142,19,1328,-486,-92,887,-26,-10,-19,-100,-103,1306,-586,-296,898,5,2,-75,
5212070,167034,5195728,4756496,2465119,2801870,-161,15,1349,-486,-92,887,1,1,-20,-97,-106,1322,-586,-296,898,7,-1,-80,
5212070,167134,5195728,4756496,2465119,2801870,-159,24,1363,-485,-95,897,28,16,-26,-109,-115,1303,-585,-290,900,22,-20,-90,
5212070,167134,5197263,4756496,2465119,2801870,-152,19,1350,-485,-95,897,62,19,-29,-98,-106,1301,-585,-290,900,40,-14,-89,
5212070,167134,5197263,4500636,2465119,2801870,-143,36,1308,-489,-90,896,57,22,-22,-96,-110,1308,-586,-294,903,43,-13,-81,
5212070,167134,5197263,4500636,165740,2801870,-175,26,1359,-489,-90,896,47,22,-26,-99,-101,1320,-589,-298,892,53,-23,-85,
5212070,167134,5197263,4500636,165740,2902831,-165,34,1347,-487,-86,890,43,22,-30,-93,-100,1320,-589,-298,892,61,-30,-103,
5212070,167134,5197263,4500636,165740,2902831,-157,35,1342,-483,-97,887,35,25,-28,-77,-118,1319,-587,-299,898,69,-28,-139,
5212070,167134,5197263,4500636,165740,2902831,-152,35,1335,-483,-97,887,38,26,-27,-65,-121,1309,-587,-299,898,91,-29,-186,
5185003,167134,5197263,4500636,165740,2902831,-167,30,1344,-485,-99,893,53,25,-28,-52,-128,1351,-589,-298,895,117,-19,-258,
5185003,2533337,5197263,4500636,165740,2902831,-159,32,1353,-485,-99,893,52,18,-21,-23,-170,1353,-589,-298,895,229,20,-363,
5185003,2533337,5085811,4500636,165740,2902831,-156,28,1383,-489,-95,894,51,4,-13,2,-166,1344,-586,-312,902,347,63,-567,
5185003,2533337,5085811,2267988,165740,2902831,-157,42,1335,-489,-95,894,42,0,-11,28,-189,1368,-582,-335,888,436,82,-859,
5185003,2533337,5085811,2267988,165712,2902831,-163,30,1331,-490,-86,893,39,0,-9,56,-246,1342,-582,-335,888,586,92,-1195,
5185003,2533337,5085811,2267988,165712,2443472,-165,22,1350,-487,-96,893,60,17,-13,411,-1661,1106,-575,-362,894,639,133,-1508,
5185003,2533337,5085811,2267988,165712,2443472,-146,46,1334,-487,-96,893,108,43,-16,273,-2151,1266,-575,-362,894,369,101,-1540,
5185003,2533337,5085811,2267988,165712,2443472,-160,54,1335,-482,-103,888,117,38,-17,145,-1476,1616,-563,-357,895,-481,236,-1329,
5028749,2533337,5085811,2267988,165712,2443472,-175,36,1356,-482,-103,888,107,33,-22,615,-11,1169,-563,-357,919,-1062,496,-1182,
5028749,5180243,5085811,2267988,165712,2443472,-161,55,1325,-483,-107,890,116,27,-18,434,-1189,1203,-549,-360,919,-344,391,-1226,
5028749,5180243,4947780,2267988,165712,2443472,-164,62,1336,-483,-107,890,113,18,-15,171,-1128,1309,-537,-360,916,-520,374,-726,
5028749,5180243,4947780,1735497,165712,2443472,-157,64,1362,-485,-100,897,85,1,-8,252,-577,1126,-537,-360,916,-364,260,-111,
5028749,5180243,4947780,1735497,804808,2443472,-163,42,1335,-485,-100,898,77,-6,-3,72,-342,1193,-541,-347,913,-306,207,593,
5028749,5180243,4947780,1735497,804808,2313833,-167,51,1343,-484,-107,898,97,4,-1,35,-187,1162,-541,-347,913,-288,124,1332,
5028749,5180243,4947780,1735497,804808,2313833,-165,53,1350,-479,-108,897,100,-5,6,-380,331,1532,-550,-312,925,-123,32,1999,
5028749,5180243,4947780,1735497,804808,2313833,-164,59,1352,-479,-108,897,82,-15,4,-821,624,1478,-561,-294,930,190,136,2337,
5059863,5180243,4947780,1735497,804808,2313833,-157,62,1307,-484,-114,903,70,-17,7,-1008,821,1801,-561,-294,930,393,316,2408,
5059863,5286642,4947780,1735497,804808,2313833,-159,77,1341,-484,-114,903,110,5,9,-888,1026,1743,-561,-279,935,509,601,2306,
5059863,5286642,4698747,1735497,804808,2313833,-160,71,1361,-484,-114,885,116,1,4,-488,1275,1360,-561,-279,935,569,819,2010,
5059863,5286642,4698747,1448782,804808,2313833,-168,64,1333,-484,-114,885,104,-8,8,-124,1209,1051,-552,-268,943,507,928,1617,
5059863,5286642,4698747,1448782,1143586,2313833,-152,56,1314,-485,-111,883,102,-15,23,-15,1486,1201,-552,-268,943,340,836,1120,
5059863,5286642,4698747,1448782,1143586,4904545,-149,42,1320,-484,-115,889,140,-9,28,-103,1122,1370,-542,-257,946,310,723,451,
5059863,5286642,4698747,1448782,1143586,4904545,-179,29,1395,-484,-115,889,206,-8,46,-211,-49,1144,-522,-270,944,237,718,-121,
5059863,5286642,4698747,1448782,1143586,4904545,-163,21,1391,-485,-129,891,324,-39,134,-214,220,1111,-522,-270,944,-119,622,-220,
5097321,5286642,4698747,1448782,1143586,4904545,-155,60,1393,-485,-129,891,759,-30,192,-232,-173,1232,-509,-269,945,-196,530,-330,
5097321,5337586,4698747,1448782,1143586,4904545,-166,50,1421,-488,-140,893,1001,-19,231,-285,-360,1136,-509,-269,945,-92,498,-368,
5097321,5337586,3409997,1448782,1143586,4904545,-186,61,1452,-488,-140,893,1300,-30,291,-268,-243,1219,-505,-271,960,54,388,-125,
5097321,5337586,3409997,1898550,1143586,4904545,-192,128,1410,-486,-162,888,1572,-28,388,-239,-201,1549,-505,-271,960,413,392,-25,
5097321,5337586,3409997,1898550,1856990,4904545,-169,169,1404,-489,-202,874,1768,-21,494,-232,-102,1835,-494,-278,966,555,604,39,
5097321,5337586,3409997,1898550,1856990,5226204,-173,170,1379,-489,-202,874,1914,-24,561,-259,-115,1769,-475,-292,961,609,910,84,
5097321,5337586,3409997,1898550,1856990,5226204,-154,214,1374,-492,-239,873,2053,-34,610,-270,-32,1639,-475,-292,961,570,1130,107,
5097321,5337586,3409997,1898550,1856990,5226204,-178,304,1357,-492,-239,873,2251,-36,739,-294,53,1239,-448,-305,978,520,1235,85,
5106350,5337586,3409997,1898550,1856990,5226204,-234,284,1433,-502,-283,860,2499,-51,901,-313,54,1130,-448,-305,978,487,1223,54,
5106350,5347239,3409997,1898550,1856990,5226204,-141,331,1372,-502,-283,860,2785,-82,1033,-344,14,1145,-426,-310,967,467,1133,20,
5106350,5347239,3220039,1898550,1856990,5226204,-107,353,1341,-512,-332,838,3069,-106,1104,-375,18,1075,-426,-310,978,480,1042,11,
5106350,5347239,3220039,2222391,1856990,5226204,-22,431,1204,-512,-387,812,3254,-103,1121,-384,-53,1194,-403,-323,978,511,952,21,
5106350,5347239,3220039,2222391,490889,5226204,31,566,1132,-523,-387,812,3197,-60,1028,-391,14,1306,-381,-334,987,536,931,55,
5106350,5347239,3220039,2222391,490889,5258920,61,609,1022,-521,-434,797,2951,-14,890,-399,1,1499,-381,-334,987,604,977,59,
5106350,5347239,3220039,2222391,490889,5258920,15,671,1063,-521,-434,797,2621,33,648,-437,37,1433,-359,-348,980,683,1087,77,
5106350,5347239,3220039,2222391,490889,5258920,-30,735,1071,-533,-468,775,2251,78,665,-464,-127,1556,-359,-348,980,823,1233,96,
5068673,5347239,3220039,2222391,490889,5258920,-34,754,1133,-533,-468,775,2204,98,702,-443,-118,1614,-330,-362,993,1013,1403,165,
5068673,5357573,3220039,2222391,490889,5258920,-20,748,1131,-541,-499,750,2208,95,701,-469,-68,1546,-294,-398,994,1268,1608,279,
5068673,5357573,2911110,2222391,490889,5258920,-60,738,1184,-541,-499,750,2383,76,763,-457,19,1523,-294,-398,994,1503,1801,374,
5068673,5357573,2911110,2548015,490889,5258920,-119,744,1241,-546,-535,719,2671,64,834,-482,-19,1459,-254,-437,973,1693,2135,509,
5068673,5357573,2911110,2548015,165229,5258920,-58,807,1181,-551,-578,696,3014,48,931,-478,63,1401,-254,-437,973,2070,2289,629,
5068673,5357573,2911110,2548015,165229,5328462,0,845,1091,-551,-578,696,3364,68,1045,-502,204,1502,-211,-480,958,2225,2443,679,
5068673,5357573,2911110,2548015,165229,5328462,17,951,1008,-568,-624,647,3613,73,1120,-488,384,1349,-211,-480,958,2326,2588,653,
5068673,5357573,2911110,2548015,165229,5328462,72,970,963,-568,-624,647,3855,60,1188,-606,10,1442,-158,-524,941,2434,2725,656,
4967190,5357573,2911110,2548015,165229,5328462,90,943,933,-585,-662,589,4144,58,1249,-621,36,1223,-106,-587,909,2568,2811,786,
4967190,5308543,2911110,2548015,165229,5328462,-11,937,987,-585,-662,589,4424,28,1262,-639,-105,961,-106,-587,909,2744,2819,984,
4967190,5308543,2933980,2548015,165229,5328462,9,982,899,-604,-705,527,4697,-51,1226,-707,-230,815,-67,-652,879,3000,2759,1231,
4967190,5308543,2933980,2842083,165229,5328462,60,1003,770,-625,-757,429,5057,-131,1242,-687,-211,276,-67,-652,879,3188,2697,1543,
4967190,5308543,2933980,2842083,179638,5328462,94,1003,629,-625,-757,429,5466,-169,1299,-820,-411,593,-43,-719,816,3330,2504,1935,
4967190,5308543,2933980,2842083,179638,5334596,161,1180,542,-651,-791,340,5671,-202,1173,-774,-197,513,-43,-719,816,3494,2361,2426,
4967190,5308543,2933980,2842083,179638,5334596,313,1404,75,-651,-791,340,5090,-361,989,-691,-320,344,-50,-792,752,3730,2309,2940,
4967190,5308543,2933980,2842083,179638,5334596,440,1850,-554,-672,-811,240,4170,-426,783,-785,-542,241,-82,-877,696,3965,2292,3616,
4724452,5308543,2933980,2842083,179638,5334596,142,1445,-710,-672,-811,240,2326,-497,473,-398,328,255,-82,-877,696,4314,2242,4571,
4724452,4928669,2933980,2842083,179638,5334596,205,1348,-292,-684,-809,205,768,-354,277,-90,469,869,-174,-970,576,5533,2032,5574,
4724452,4928669,2134829,2842083,179638,5334596,286,1387,107,-693,-804,203,431,-305,237,-1012,-217,820,-174,-970,576,6384,1937,6267,
4724452,4928669,2134829,2600682,179638,5334596,147,1388,180,-693,-804,203,599,-365,219,-662,538,918,-288,-1026,451,6138,1870,5956,
4724452,4928669,2134829,2600682,165498,5334596,139,1441,181,-697,-809,180,589,-374,163,-97,1249,174,-288,-1026,339,5547,2120,4815,
4724452,4928669,2134829,2600682,165498,5162899,255,2259,692,-697,-809,180,468,-291,86,534,2922,-1403,-379,-1070,339,5652,2069,3843,
4724452,4928669,2134829,2600682,165498,5162899,423,1615,334,-694,-821,174,887,-147,-195,1693,5305,-3011,-416,-1096,232,4595,1536,1504,
4724452,4928669,2134829,2600682,165498,5162899,196,983,22,-694,-821,174,1468,-55,-492,277,1604,-133,-416,-1096,232,3575,1437,-10,
2802316,4928669,2134829,2600682,165498,5162899,-14,733,-216,-689,-828,149,1372,148,-416,-398,948,-912,-402,-1109,177,3003,1763,-427,
2802316,4841504,2134829,2600682,165498,5162899,-103,787,-299,-689,-828,149,904,482,-139,-349,1975,-759,-402,-1109,177,2149,1844,-584,
2802316,4841504,1100305,2600682,165498,5162899,-40,1057,-35,-685,-829,144,333,797,165,-419,2703,326,-377,-1107,162,952,1946,-1279,
2802316,4841504,1100305,2058554,165498,5162899,58,1043,-137,-690,-822,172,38,1143,401,168,1678,-100,-323,-1116,150,880,2105,-1819,
2802316,4841504,1100305,2058554,165142,5162899,141,1035,-98,-690,-822,172,-215,1526,844,356,973,-752,-323,-1116,150,964,1766,-1696,
2802316,4841504,1100305,2058554,165142,3309169,709,1955,122,-700,-805,208,-316,2015,552,238,855,-987,-285,-1132,132,669,1367,-1449,
2802316,4841504,1100305,2058554,165142,3309169,732,1400,-513,-700,-805,208,-191,1740,263,-454,946,-765,-285,-1132,132,392,1120,-1241,
2802316,4841504,1100305,2058554,165142,3309169,1201,1368,-322,-690,-804,235,-699,1052,176,-717,426,-758,-263,-1128,125,209,970,-1033,
3282401,4841504,1100305,2058554,165142,3309169,897,1476,-199,-690,-804,235,-956,408,90,-769,241,-814,-263,-1128,125,-83,917,-653,
3282401,167647,1100305,2058554,165142,3309169,412,1735,116,-693,-789,268,-1584,154,126,-672,384,-847,-255,-1125,139,-532,911,-207,
3282401,167647,999584,2058554,165142,3309169,404,1599,290,-700,-768,304,-2472,70,409,-546,558,-801,-260,-1126,162,-876,774,132,
3282401,167647,999584,1604311,165142,3309169,479,1567,379,-700,-768,304,-3058,104,818,-368,772,-805,-260,-1126,162,-1135,475,387,
3282401,167647,999584,1604311,165404,3309169,429,1546,755,-721,-715,377,-3367,259,1406,-239,1070,-627,-278,-1119,207,-1427,88,614,
3282401,167647,999584,1604311,165404,2968965,424,3514,824,-721,-715,377,-3046,471,1789,-408,1268,-235,-278,-1119,207,-1861,-322,1065,
3282401,167647,999584,1604311,165404,2968965,633,3461,742,-745,-665,411,-1879,609,1657,-503,1455,-10,-313,-1103,257,-2061,-86,1104,
3282401,167647,999584,1604311,165404,2968965,691,2581,472,-745,-665,411,-377,463,1267,-479,1632,10,-313,-1103,257,-1811,404,1018,
856660,167647,999584,1604311,165404,2968965,737,1720,350,-761,-647,400,515,134,994,-349,1744,-85,-335,-1081,301,-1545,935,840,
856660,178038,999584,1604311,165404,2968965,698,1361,402,-783,-625,396,505,-278,1008,-158,1832,-248,-343,-1074,346,-1306,1316,589,
856660,178038,601417,1604311,165404,2968965,605,1415,487,-783,-625,396,165,-675,1200,31,1967,-233,-343,-1074,346,-939,1486,268,
856660,178038,601417,965502,165404,2968965,452,1627,487,-811,-606,374,-30,-894,1419,583,1743,-323,-335,-1073,362,-417,1398,-15,
856660,178038,601417,965502,165521,2968965,435,1813,516,-811,-606,374,1,-820,1374,799,1321,-499,-335,-1073,362,29,980,-86,
856660,178038,601417,965502,165521,1694645,446,1752,605,-837,-575,360,141,-782,1285,762,933,-418,-335,-1069,357,85,358,112,
856660,178038,601417,965502,165521,1694645,430,1599,693,-837,-575,360,264,-755,1170,686,838,-338,-335,-1069,366,-350,-249,411,
856660,178038,601417,965502,165521,1694645,471,1534,790,-863,-549,351,249,-718,1044,547,849,-216,-353,-1063,366,-1016,-682,657,
165510,178038,601417,965502,165521,1694645,539,1670,879,-863,-549,321,194,-770,912,374,1001,-109,-383,-1045,408,-1740,-936,842,
165510,166800,601417,965502,165521,1694645,592,1849,886,-877,-540,321,265,-891,749,190,1556,332,-383,-1045,408,-2406,-1052,975,
165510,166800,831348,965502,165521,1694645,568,1921,826,-890,-533,300,422,-986,560,113,1750,415,-417,-1006,458,-2801,-999,1094,
165510,166800,831348,165693,165521,1694645,477,1848,836,-890,-533,300,504,-963,379,175,1982,431,-417,-1006,458,-2986,-822,1234,
165510,166800,831348,165693,165724,1694645,346,1848,753,-898,-525,275,491,-822,279,219,2334,474,-459,-957,507,-3093,-652,1280,
165510,166800,831348,165693,165724,221895,332,1893,786,-898,-525,275,496,-663,257,292,2730,532,-485,-914,567,-3029,-600,1137,
165510,166800,831348,165693,165724,221895,267,1813,893,-903,-522,256,603,-533,275,314,2925,535,-485,-914,567,-2547,-1043,425,
165510,166800,831348,165693,165724,221895,269,1640,845,-903,-522,256,737,-425,352,272,2844,603,-511,-903,572,-1037,-1417,149,
165552,166800,831348,165693,165724,221895,300,1558,820,-909,-513,239,756,-329,515,106,2273,745,-511,-903,572,-378,-1691,90,
165552,174706,831348,165693,165724,221895,370,1573,732,-920,-504,217,661,-298,687,-16,2083,751,-541,-894,552,-62,-1895,151,
165552,174706,1062730,165693,165724,221895,363,1635,736,-920,-504,217,583,-350,828,-189,1999,801,-541,-894,552,-36,-2042,196,
165552,174706,1062730,165533,165724,221895,348,1771,677,-931,-489,213,561,-479,834,-383,2113,916,-572,-893,528,-32,-2101,279,
165552,174706,1062730,165533,165616,221895,272,1759,597,-931,-489,213,576,-518,741,-515,2365,1025,-603,-899,493,328,-1979,451,
165552,174706,1062730,165533,165616,164385,237,1759,521,-944,-471,185,655,-580,641,-556,2608,1030,-603,-899,493,1016,-1702,547,
165552,174706,1062730,165533,165616,164385,153,1696,545,-944,-471,185,797,-645,542,-561,2191,1073,-625,-918,449,1800,-1369,444,
165552,174706,1062730,165533,165616,164385,67,1633,602,-951,-459,168,951,-672,440,-552,1817,1078,-625,-918,449,2308,-1123,310,
165371,174706,1062730,165533,165616,164385,7,1570,522,-952,-461,150,1113,-670,336,-492,1554,1077,-643,-928,389,2464,-945,241,
165371,176597,1062730,165533,165616,164385,-73,1472,439,-952,-461,150,1339,-678,252,-388,1469,1030,-643,-928,389,2389,-833,219,
165371,176597,561701,165533,165616,164385,-191,1406,385,-957,-467,120,1649,-652,187,-343,1547,998,-652,-949,335,2237,-762,153,
165371,176597,561701,165210,165616,164385,-396,1068,557,-957,-467,120,2029,-568,151,-331,1637,946,-651,-970,275,2202,-751,-54,
165371,176597,561701,165210,165452,164385,-352,839,634,-958,-472,92,2441,-404,112,-253,1634,908,-651,-970,275,2357,-780,-401,
165371,176597,561701,165210,165452,164218,-270,613,547,-958,-472,92,2795,-164,59,-161,1364,865,-637,-998,196,2711,-799,-807,
165371,176597,561701,165210,165452,164218,-189,415,440,-959,-473,53,3013,61,-44,-134,1047,829,-637,-998,196,3206,-782,-1188,
165371,176597,561701,165210,165452,164218,-141,241,406,-959,-487,32,3064,251,-162,-93,693,725,-613,-1013,115,3652,-738,-1563,
164802,176597,561701,165210,165452,164218,-69,149,313,-954,-487,32,2927,426,-300,-61,378,590,-613,-1013,32,3751,-744,-1522,
164802,168739,561701,165210,165452,164218,-3,107,214,-947,-509,21,2663,588,-430,-46,144,442,-580,-1039,32,3423,-758,-1346,
164802,168739,166408,165210,165452,164218,36,95,150,-947,-509,21,2115,871,-663,-53,-35,286,-553,-1056,-56,2924,-752,-1058,
164802,168739,166408,164973,165452,164218,43,240,120,-936,-524,22,1931,1008,-751,2,-83,32,-553,-1056,-56,2285,-722,-711,
164802,168739,166408,164973,164539,164218,32,258,117,-936,-524,22,1857,1122,-809,58,116,-66,-542,-1051,-109,1602,-694,-420,
164802,168739,166408,164973,164539,163720,-6,223,166,-931,-539,18,1825,1235,-807,82,310,-133,-542,-1051,-109,1078,-674,-245,
164802,168739,166408,164973,164539,163720,32,228,202,-931,-539,18,1790,1365,-754,116,505,-174,-537,-1043,-133,763,-635,-158,
164802,168739,166408,164973,164539,163720,140,273,243,-919,-556,25,1824,1485,-653,142,659,-217,-531,-1042,-148,687,-578,-144,
165111,168739,166408,164973,164539,163720,256,267,301,-914,-576,42,1928,1602,-558,211,711,-250,-531,-1042,-148,820,-509,-183,
165111,188623,166408,164973,164539,163720,386,177,270,-914,-576,42,2033,1715,-453,253,644,-294,-526,-1042,-165,1032,-446,-226,
165111,188623,291408,164973,164539,163720,742,-113,237,-908,-587,48,2084,1833,-306,367,305,-388,-526,-1042,-165,1190,-410,-243,
165111,188623,291408,165021,164539,163720,717,-221,179,-908,-587,48,2040,1967,-135,403,115,-407,-521,-1035,-205,1267,-406,-196,
165111,188623,291408,165021,165018,163720,806,-278,86,-907,-585,64,1916,2073,53,384,1,-418,-521,-1035,-205,1238,-431,-84,
165111,188623,291408,165021,165018,163481,873,-312,77,-907,-585,64,1734,2150,224,395,-17,-398,-521,-1019,-234,1117,-472,91,
165111,188623,291408,165021,165018,163481,903,-272,76,-908,-581,95,1513,2213,355,387,76,-404,-524,-1016,-254,937,-516,272,
165111,188623,291408,165021,165018,163481,1022,-193,102,-907,-581,133,1262,2265,424,386,233,-386,-524,-1016,-254,744,-577,378,
165026,188623,291408,165021,165018,163481,1181,-65,102,-907,-581,133,1055,2312,388,371,368,-403,-535,-1006,-277,650,-772,379,
165026,627430,291408,165021,165018,163481,1403,73,67,-900,-587,167,984,2270,47,288,462,-352,-535,-1006,-277,572,-885,283,
165026,627430,166694,165021,165018,163481,1751,94,-98,-900,-587,167,1022,2156,-215,227,484,-284,-533,-999,-299,643,-921,143,
165026,627430,166694,165045,165018,163481,1866,47,-129,-891,-599,190,933,2028,-497,194,412,-270,-533,-999,-299,749,-924,-3,
165026,627430,166694,165045,164769,163481,1930,23,-156,-891,-599,190,756,1895,-776,152,316,-314,-526,-988,-321,789,-918,-127,
165026,627430,166694,165045,164769,163828,1988,-7,-180,-871,-617,223,536,1762,-1052,129,248,-339,-517,-983,-346,784,-944,-214,
165026,627430,166694,165045,164769,163828,2018,14,-154,-871,-650,251,290,1624,-1289,97,174,-328,-517,-983,-346,665,-997,-257,
165026,627430,166694,165045,164769,163828,2055,73,-112,-841,-650,251,104,1483,-1501,-49,156,-425,-502,-978,-358,415,-1069,-276,
544767,627430,166694,165045,164769,163828,2093,145,-92,-809,-689,285,34,1342,-1692,-80,320,-505,-502,-978,-358,89,-1196,-274,
544767,596691,166694,165045,164769,163828,2154,163,-169,-809,-689,285,-31,1216,-1854,-136,459,-573,-490,-975,-372,-118,-1382,-236,
544767,596691,228612,165045,164769,163828,2209,258,-122,-769,-728,290,-264,1118,-1952,-292,550,-567,-490,-975,-369,-208,-1571,-161,
544767,596691,228612,165344,164769,163828,2225,430,-113,-769,-728,290,-615,1043,-1993,-484,599,-529,-475,-974,-369,-265,-1683,-33,
544767,596691,228612,165344,165097,163828,2198,522,-65,-725,-751,338,-872,932,-2016,-633,581,-482,-464,-967,-395,-311,-1696,90,
544767,596691,228612,165344,165097,333925,2162,594,-88,-725,-751,338,-1031,762,-2010,-737,381,-353,-464,-967,-395,-382,-1607,230,
544767,596691,228612,165344,165097,333925,2139,655,-157,-687,-780,366,-1137,488,-1989,-857,239,-549,-462,-953,-368,-507,-1438,440,
544767,596691,228612,165344,165097,333925,2026,678,-153,-653,-803,386,-1142,94,-1964,-931,431,-942,-462,-953,-368,-932,-1289,670,
325603,596691,228612,165344,165097,333925,1869,636,-166,-653,-803,386,-1049,-869,-1947,-1083,1215,-1098,-472,-952,-323,-2011,-1174,877,
325603,385278,228612,165344,165097,333925,1440,438,-206,-625,-822,385,-914,-1188,-1914,-1522,2334,-1567,-483,-950,-242,-3341,-887,879,
325603,385278,644064,165344,165097,333925,1165,433,-114,-625,-822,385,-1155,-1424,-1866,-1650,3991,-2386,-483,-950,-242,-7331,-1569,-106,
325603,385278,644064,164950,165097,333925,897,515,18,-610,-830,397,-1598,-1503,-1770,-1932,6445,-1534,-455,-976,-78,-7902,-1923,-1338,
325603,385278,644064,164950,165191,333925,646,620,104,-610,-830,397,-2016,-1471,-1632,-2925,9699,1064,-455,-976,-78,-3212,-1083,-2039,
325603,385278,644064,164950,165191,828890,415,867,182,-599,-826,423,-2381,-1412,-1514,-1691,5484,288,-411,-988,-105,3390,385,-2194,
325603,385278,644064,164950,165191,828890,236,1265,300,-583,-821,437,-2569,-1332,-1458,-1487,2315,581,-411,-988,-105,6417,1185,-1714,
325603,385278,644064,164950,165191,828890,142,1619,267,-583,-821,437,-2320,-1296,-1468,-1090,220,416,-375,-977,-252,6357,1416,-938,
164794,385278,644064,164950,165191,828890,59,1735,162,-574,-823,464,-1761,-1365,-1494,-747,-614,-125,-379,-973,-337,4682,1260,-139,
164794,321297,644064,164950,165191,828890,-180,1664,223,-574,-823,464,-1304,-1476,-1536,-542,-686,-322,-379,-973,-337,2724,872,551,
164794,321297,720279,164950,165191,828890,-261,1652,203,-564,-824,449,-1151,-1535,-1541,-561,-273,213,-405,-962,-343,1244,593,1050,
164794,321297,720279,165392,165191,828890,-344,1588,185,-564,-824,449,-1123,-1569,-1469,-640,-83,228,-405,-962,-343,345,532,1361,
164794,321297,720279,165392,165258,828890,-403,1528,223,-558,-822,445,-1115,-1581,-1299,-543,4,37,-445,-943,-341,-87,567,1530,
164794,321297,720279,165392,165258,451306,-482,1604,285,-561,-819,450,-1173,-1570,-1028,-454,16,-105,-445,-943,-341,-284,526,1579,
164794,321297,720279,165392,165258,451306,-499,1707,333,-561,-819,450,-1239,-1558,-802,-326,61,-216,-480,-939,-336,-469,398,1511,
164794,321297,720279,165392,165258,451306,-455,1735,337,-567,-816,463,-1205,-1545,-626,-251,124,-256,-507,-938,-312,-708,275,1296,
165318,321297,720279,165392,165258,451306,-454,1623,256,-567,-816,463,-900,-1562,-610,-134,182,-280,-507,-938,-312,-985,184,973,
165318,344492,720279,165392,165258,451306,-637,1719,314,-576,-807,462,-935,-1542,-656,35,440,-425,-523,-937,-277,-1290,122,603,
165318,344492,415809,165392,165258,451306,-632,1823,406,-576,-807,462,-1006,-1406,-752,88,627,-523,-523,-937,-277,-1626,-27,-167,
165318,344492,415809,165445,165258,451306,-629,1906,406,-576,-804,448,-956,-1169,-870,120,905,-583,-523,-945,-238,-2502,-146,-578,
165318,344492,415809,165445,165208,451306,-617,1868,422,-576,-804,448,-827,-927,-982,119,1310,-553,-523,-945,-168,-2954,-302,-1032,
165318,344492,415809,165445,165208,164170,-620,1756,397,-571,-812,457,-705,-720,-1044,78,1736,-498,-503,-964,-168,-3224,-480,-1496,
165318,344492,415809,165445,165208,164170,-596,1623,385,-559,-815,466,-638,-585,-1024,1,2244,-350,-466,-981,-114,-3054,-603,-1888,
165318,344492,415809,165445,165208,164170,-581,1475,374,-559,-815,466,-599,-505,-908,-77,2837,-203,-466,-981,-114,-2343,-671,-2197,
165290,344492,415809,165445,165208,164170,-520,1181,330,-552,-819,472,-609,-460,-693,-131,2663,-169,-422,-993,-87,-1362,-747,-2392,
165290,329603,415809,165445,165208,164170,-545,1155,387,-552,-819,472,-738,-459,-423,-1185,3888,8,-422,-993,-87,-462,-798,-2268,
165290,329603,167428,165445,165208,164170,-520,1267,426,-553,-807,488,-959,-443,-175,-192,1599,98,-394,-996,-109,969,-407,-779,
165290,329603,167428,165244,165208,164170,-522,1391,463,-553,-807,488,-1166,-394,-12,-395,1291,-386,-386,-997,-126,1255,-344,-445,
165290,329603,167428,165244,165148,164170,-483,1526,436,-560,-789,494,-1255,-329,45,-230,817,-316,-386,-997,-126,145,-474,187,
165290,329603,167428,165244,165148,163917,-1990,6310,1013,-583,-782,494,-1259,-239,62,-203,1206,17,-395,-998,-109,-744,-529,597,
165290,329603,167428,165244,165148,163917,83,2388,1320,-583,-782,494,688,-300,2202,-272,1642,133,-395,-998,-109,-786,-446,574,
165290,329603,167428,165244,165148,163917,896,223,-437,-636,-767,463,1290,-939,2589,-204,1589,56,-404,-996,-110,-345,-304,401,
165595,329603,167428,165244,165148,163917,521,8089,1812,-636,-767,463,810,-478,1704,-144,1312,-84,-404,-996,-110,205,-200,121,
165595,310923,167428,165244,165148,163917,718,1401,116,-662,-762,425,2204,-434,89,-97,1018,-183,-403,-995,-126,499,-193,-197,
165595,310923,166833,165244,165148,163917,598,1143,-216,-662,-762,425,1362,-674,-77,-119,897,-238,-385,-997,-127,474,-282,-454,
165595,310923,166833,165037,165148,163917,22,1353,381,-671,-775,395,718,-639,-26,-146,855,-275,-385,-997,-127,308,-523,-784,
165595,310923,166833,165037,165154,163917,309,1513,-17,-671,-770,399,72,-195,-10,-463,915,-299,-368,-999,-129,-175,-623,-885,
165595,310923,166833,165037,165154,164018,290,1438,68,-671,-770,399,-424,77,-48,-1125,2018,-37,-368,-999,-129,-237,-615,-695,
165595,310923,166833,165037,165154,164018,254,1357,305,-666,-772,422,-799,294,-55,-688,1816,-160,-359,-1000,-141,465,-233,-12,
165595,310923,166833,165037,165154,164018,384,1308,244,-666,-772,422,-1029,509,-33,-576,1189,-587,-359,-1000,-141,617,-153,-7,
165359,310923,166833,165037,165154,164018,365,1309,340,-659,-760,443,-1094,619,-6,-516,975,-376,-359,-992,-153,-65,-284,186,
165359,290114,166833,165037,165154,164018,263,1313,397,-659,-760,443,-1066,643,6,-478,1168,-189,-358,-1001,-145,-605,-380,142,
165359,290114,166954,165037,165154,164018,235,1300,345,-656,-738,471,-956,637,6,-571,1494,-89,-358,-1001,-145,-617,-380,-38,
165359,290114,166954,165508,165154,164018,220,1307,307,-656,-738,481,-789,595,19,-548,1612,-117,-355,-1003,-141,-139,-288,-210,
165359,290114,166954,165508,165080,164018,240,1347,251,-650,-739,481,-605,502,32,-566,1330,-103,-355,-1003,-141,339,-230,-368,
165359,290114,166954,165508,165080,163957,187,1327,333,-645,-734,492,-423,378,13,-550,1153,-99,-349,-997,-154,484,-211,-458,
165359,290114,166954,165508,165080,163957,199,1321,320,-645,-734,492,-82,161,11,-572,1103,-109,-349,-996,-165,418,-195,-458,
165359,290114,166954,165508,165080,163957,222,1325,311,-637,-738,495,83,56,6,-571,1042,-128,-340,-996,-165,301,-154,-371,
165214,290114,166954,165508,165080,163957,227,1325,323,-637,-738,495,234,-26,4,-595,1078,-147,-337,-1002,-145,133,-122,-236,
165214,166576,166954,165508,165080,163957,234,1325,350,-645,-740,491,348,-76,1,-588,1246,-170,-337,-1002,-145,-20,-72,-129,
165214,166576,166739,165508,165080,163957,234,1319,356,-645,-740,491,446,-94,10,-590,1275,-172,-336,-1004,-157,-99,-12,-93,
165214,166576,166739,165383,165080,163957,229,1333,329,-646,-743,483,503,-101,13,-577,1312,-168,-336,-1004,-157,-141,26,-82,
165214,166576,166739,165383,165379,163957,252,1351,305,-648,-748,467,528,-107,5,-535,1302,-179,-337,-998,-156,-134,55,-92,
165214,166576,166739,165383,165379,163597,235,1344,301,-648,-748,467,538,-107,13,-512,1301,-165,-335,-999,-141,-89,60,-89,
165214,166576,166739,165383,165379,163597,240,1361,250,-648,-756,454,544,-99,10,-488,1290,-169,-335,-999,-141,-82,57,-78,
165214,166576,166739,165383,165379,163597,250,1339,249,-648,-756,454,520,-94,16,-453,1293,-177,-334,-1001,-145,-71,53,-65,
165295,166576,166739,165383,165379,163597,251,1359,240,-652,-752,443,488,-85,13,-436,1293,-157,-334,-1001,-145,-81,51,-43,
165295,177613,166739,165383,165379,163597,233,1359,221,-652,-752,443,445,-75,8,-416,1301,-150,-337,-1001,-148,-87,55,-24,
165295,177613,166784,165383,165379,163597,242,1366,216,-653,-755,444,398,-63,5,-404,1319,-156,-337,-1001,-148,-88,60,-20,
165295,177613,166784,165239,165379,163597,262,1370,196,-652,-768,434,342,-49,2,-387,1341,-174,-338,-997,-147,-90,62,-34,
165295,177613,166784,165239,165077,163597,270,1373,169,-652,-768,434,280,-40,4,-387,1364,-156,-341,-1007,-144,-88,64,-49,
165295,177613,166784,165239,165077,163975,241,1377,174,-651,-770,435,137,-12,-2,-395,1394,-170,-341,-1007,-144,-66,50,-73,
165295,177613,166784,165239,165077,163975,240,1378,185,-651,-770,435,61,8,-19,-399,1369,-183,-342,-1003,-139,-38,37,-111,
165295,177613,166784,165239,165077,163975,249,1364,196,-654,-769,431,-10,18,-21,-398,1357,-194,-342,-1003,-139,-2,17,-135,
165222,177613,166784,165239,165077,163975,260,1370,189,-654,-769,431,-63,22,-21,-398,1318,-187,-338,-1002,-141,18,3,-157,
165222,210202,166784,165239,165077,163975,262,1367,217,-655,-762,429,-103,38,-21,-389,1292,-201,-338,-1002,-141,30,-7,-160,
165222,210202,166940,165239,165077,163975,236,1365,227,-655,-760,441,-136,47,-25,-417,1277,-170,-337,-998,-151,28,-22,-154,
165222,210202,166940,165397,165077,163975,241,1363,239,-655,-760,441,-145,44,-30,-435,1274,-173,-333,-1007,-147,11,-25,-136,
165222,210202,166940,165397,165293,163975,230,1350,239,-653,-763,443,-138,42,-32,-446,1260,-156,-333,-1007,-147,5,-28,-117,
165222,210202,166940,165397,165293,163946,238,1358,257,-653,-763,443,-119,39,-31,-513,1324,-166,-334,-1005,-144,-9,12,-75,
165222,210202,166940,165397,165293,163946,242,1350,246,-652,-765,437,-97,34,-29,-493,1336,-181,-334,-1005,-144,-1,33,-84,
165222,210202,166940,165397,165293,163946,240,1359,249,-652,-765,437,-72,23,-28,-491,1326,-159,-339,-1001,-139,-10,38,-90,
165154,210202,166940,165397,165293,163946,236,1357,263,-652,-759,443,-33,23,-25,-488,1342,-157,-339,-1001,-140,0,31,-106,
165154,301712,166940,165397,165293,163946,234,1351,261,-652,-759,443,-17,20,-22,-478,1315,-154,-338,-1001,-140,20,23,-123,
165154,301712,166887,165397,165293,163946,243,1354,249,-654,-757,439,-6,17,-17,-474,1302,-161,-332,-1005,-151,34,27,-120,
165154,301712,166887,165243,165293,163946,233,1351,248,-653,-766,443,17,13,-14,-446,1251,-174,-332,-1005,-151,25,27,-104,
165154,301712,166887,165243,165284,163946,253,1364,246,-653,-766,443,23,12,-15,-450,1273,-190,-336,-1003,-147,-2,36,-77,
165154,301712,166887,165243,165284,164038,239,1350,243,-653,-760,442,18,10,-17,-451,1309,-184,-336,-1003,-147,-44,38,-46,
165154,301712,166887,165243,165284,164038,247,1365,239,-653,-760,442,5,15,-16,-448,1325,-171,-338,-998,-144,-59,36,-41,
165154,301712,166887,165243,165284,164038,245,1355,239,-653,-760,436,-5,16,-12,-441,1313,-186,-337,-1003,-159,-50,30,-39,
494551,301712,166887,165243,165284,164038,244,1352,235,-653,-760,436,-1,18,-20,-440,1324,-157,-337,-1003,-159,-50,22,-42,
494551,317105,166887,165243,165284,164038,245,1354,241,-654,-754,442,-15,17,-26,-434,1349,-158,-333,-1007,-156,-50,15,-43,
494551,317105,284024,165243,165284,164038,250,1361,250,-649,-764,441,-23,21,-22,-440,1373,-153,-333,-1007,-156,-41,27,-60,
494551,317105,284024,165395,165284,164038,258,1353,236,-649,-764,441,-29,16,-24,-431,1353,-151,-337,-998,-145,-33,36,-84,
494551,317105,284024,165395,165391,164038,254,1344,6,-652,-762,452,-21,11,-16,-428,1347,-149,-337,-998,-145,-8,30,-109,
494551,317105,284024,165395,165391,164124,240,1353,245,-652,-762,452,-8,18,-24,-426,1337,-164,-338,-999,-150,9,31,-125,
494551,317105,284024,165395,165391,164124,242,1363,228,-653,-764,446,-1,11,-19,-445,1328,-160,-335,-1006,-149,23,27,-142,
494551,317105,284024,165395,165391,164124,247,1354,253,-653,-764,446,18,18,-17,-454,1298,-167,-335,-1006,-149,17,28,-135,
506765,317105,284024,165395,165391,164124,228,1363,261,-654,-754,447,30,12,-19,-460,1279,-165,-336,-1007,-147,7,32,-121,
506765,350490,284024,165395,165391,164124,241,1365,251,-649,-757,458,49,9,-14,-472,1303,-161,-336,-1007,-147,6,38,-105,
506765,350490,284898,165395,165391,164124,256,1360,243,-649,-757,458,57,9,-13,-464,1318,-169,-336,-1003,-150,-10,39,-103,
506765,350490,284898,165375,165391,164124,236,1362,242,-650,-760,444,61,3,-15,-460,1336,-176,-336,-1003,-150,-8,32,-108,
506765,350490,284898,165375,165371,164124,235,1350,221,-650,-760,444,57,4,-15,-442,1308,-169,-334,-1002,-145,-6,37,-115,
506765,350490,284898,165375,165371,164175,245,1344,242,-649,-764,436,57,4,-16,-455,1304,-171,-337,-1006,-155,-15,46,-104,
506765,350490,284898,165375,165371,164175,242,1358,241,-649,-764,436,48,9,-16,-441,1309,-160,-337,-1006,-155,-22,37,-97,
506765,350490,284898,165375,165371,164175,245,1356,222,-652,-760,449,45,11,-17,-437,1312,-177,-334,-1001,-148,-22,40,-103,
610084,350490,284898,165375,165371,164175,246,1348,236,-652,-760,449,27,9,-14,-443,1318,-167,-334,-1001,-148,-16,21,-107,
610084,338133,284898,165375,165371,164175,262,1361,240,-655,-762,443,21,10,-18,-444,1317,-170,-336,-1005,-149,-11,30,-100,
610084,338133,265840,165375,165371,164175,254,1357,214,-649,-764,444,14,16,-17,-451,1323,-158,-336,-998,-134,-16,30,-101,
610084,338133,265840,165271,165371,164175,234,1363,249,-649,-764,444,5,14,-22,-444,1325,-165,-334,-998,-134,-12,35,-96,
610084,338133,265840,165271,165300,164175,240,1362,231,-646,-764,440,13,14,-22,-450,1320,-164,-335,-1005,-138,-9,36,-102,
610084,338133,265840,165271,165300,164183,244,1362,247,-646,-764,440,16,17,-22,-438,1319,-153,-335,-1005,-138,-4,26,-102,
610084,338133,265840,165271,165300,164183,242,1367,214,-654,-764,428,18,20,-18,-446,1313,-163,-336,-1005,-149,3,27,-111,
610084,338133,265840,165271,165300,164183,252,1354,228,-654,-764,428,11,17,-19,-456,1313,-175,-336,-1005,-149,12,26,-116,
621886,338133,265840,165271,165300,164183,241,1353,231,-653,-759,444,11,18,-19,-440,1318,-178,-337,-999,-163,-15,34,-112,
621886,369560,265840,165271,165300,164183,252,1361,231,-650,-761,445,3,14,-19,-448,1330,-179,-333,-1004,-152,-4,32,-114,
621886,369560,252939,165271,165300,164183,246,1343,224,-650,-761,445,9,11,-18,-447,1319,-173,-333,-1004,-152,-8,29,-111,
621886,369560,252939,165088,165300,164183,232,1358,242,-648,-764,449,16,15,-20,-464,1306,-176,-333,-1002,-149,-7,23,-114,
621886,369560,252939,165088,165166,164183,252,1351,238,-648,-764,449,0,11,-17,-452,1306,-177,-333,-1002,-149,-14,24,-104,
621886,369560,252939,165088,165166,164253,252,1346,217,-653,-762,445,11,16,-24,-451,1320,-162,-334,-999,-158,-13,26,-93,
621886,369560,252939,165088,165166,164253,245,1338,243,-653,-762,445,12,13,-23,-446,1309,-175,-334,-999,-158,-26,40,-97,
621886,369560,252939,165088,165166,164253,255,1355,212,-655,-755,441,10,9,-18,-449,1310,-164,-334,-1000,-159,-26,31,-92,
842249,369560,252939,165088,165166,164253,239,1361,244,-650,-758,444,16,3,-18,-427,1303,-190,-334,-1002,-148,-16,27,-94,
842249,374761,252939,165088,165166,164253,241,1363,225,-650,-758,444,25,-1,-10,-437,1321,-164,-334,-1002,-148,-17,27,-80,
842249,374761,279899,165088,165166,164253,246,1364,245,-650,-766,435,24,2,-15,-448,1338,-166,-337,-1003,-148,-15,27,-79,
842249,374761,279899,165413,165166,164253,244,1363,226,-650,-766,435,15,5,-14,-462,1336,-148,-337,-1003,-148,-21,31,-81,
842249,374761,279899,165413,165325,164253,253,1349,238,-654,-769,448,17,9,-17,-440,1331,-163,-335,-1004,-143,-16,28,-93,
842249,374761,279899,165413,165325,164161,249,1358,201,-654,-769,448,19,7,-17,-459,1309,-143,-335,-1004,-143,-10,27,-113,
842249,374761,279899,165413,165325,164161,231,1352,245,-655,-766,441,16,6,-17,-448,1307,-155,-334,-1002,-149,-14,15,-100,
842249,374761,279899,165413,165325,164161,275,1362,205,-655,-766,447,10,8,-17,-451,1312,-168,-336,-1005,-160,-10,25,-100,
919636,374761,279899,165413,165325,164161,247,1361,248,-654,-761,447,21,8,-23,-448,1321,-161,-336,-1005,-160,-11,29,-92,
919636,365581,279899,165413,165325,164161,220,1342,283,-650,-770,440,21,16,-18,-458,1337,-166,-334,-1001,-143,-11,29,-114,
919636,365581,267929,165413,165325,164161,239,1362,221,-650,-770,440,38,6,-15,-451,1311,-174,-334,-1001,-143,-1,36,-108,
919636,365581,267929,165544,165325,164161,243,1352,247,-650,-768,438,44,10,-15,-447,1303,-183,-335,-1001,-144,-4,39,-116,
919636,365581,267929,165544,165155,164161,247,1364,204,-650,-768,438,40,9,-12,-448,1306,-184,-335,-999,-143,-11,37,-106,
919636,365581,267929,165544,165155,163971,220,1358,232,-651,-766,438,39,6,-17,-447,1317,-168,-333,-999,-143,-18,25,-107,
919636,365581,267929,165544,165155,163971,238,1354,225,-651,-766,438,38,7,-14,-433,1318,-170,-332,-1005,-145,-13,32,-108,
919636,365581,267929,165544,165155,163971,246,1366,225,-650,-766,421,49,9,-18,-450,1328,-161,-332,-1005,-145,-14,23,-105,
900213,365581,267929,165544,165155,163971,255,1358,227,-651,-770,432,34,4,-14,-454,1324,-174,-336,-1004,-150,-15,19,-105,
900213,237591,267929,165544,165155,163971,238,1348,220,-651,-770,432,23,6,-22,-449,1312,-175,-336,-1004,-150,-6,28,-114,
900213,237591,271010,165544,165155,163971,242,1361,210,-651,-772,439,15,2,-11,-448,1306,-163,-332,-1001,-147,-13,29,-124,
900213,237591,271010,165458,165155,163971,245,1365,228,-651,-772,439,23,4,-13,-451,1303,-171,-333,-1000,-155,-12,34,-105,
900213,237591,271010,165458,165366,163971,238,1360,231,-655,-761,442,23,5,-15,-452,1308,-156,-333,-1000,-155,-14,35,-100,
900213,237591,271010,165458,165366,164092,235,1356,225,-655,-761,442,23,-2,-10,-446,1302,-165,-332,-1003,-157,-21,32,-104,
900213,237591,271010,165458,165366,164092,238,1354,212,-655,-759,438,27,0,-15,-470,1307,-158,-332,-1003,-157,-15,39,-98,
900213,237591,271010,165458,165366,164092,240,1363,224,-653,-770,439,28,0,-15,-449,1311,-156,-333,-999,-150,-19,38,-90,
930200,237591,271010,165458,165366,164092,243,1361,219,-653,-770,439,34,6,-13,-447,1312,-177,-333,-999,-150,-25,36,-94,
930200,268874,271010,165458,165366,164092,237,1360,233,-653,-770,427,37,0,-14,-445,1319,-175,-333,-997,-153,-22,45,-87,
930200,268874,278616,165458,165366,164092,244,1365,214,-653,-770,427,42,1,-15,-460,1319,-174,-333,-1005,-157,-22,34,-97,
930200,268874,278616,165565,165366,164092,228,1361,228,-654,-772,444,47,2,-15,-448,1313,-167,-333,-1005,-157,-19,33,-98,
930200,268874,278616,165565,165260,164092,241,1366,224,-654,-772,444,41,5,-16,-440,1311,-160,-333,-1005,-150,-8,25,-91,
930200,268874,278616,165565,165260,164216,247,1356,215,-657,-761,436,36,6,-10,-443,1329,-174,-333,-1005,-150,-16,30,-92,
930200,268874,278616,165565,165260,164216,249,1357,210,-657,-767,436,25,4,-14,-442,1324,-173,-330,-1003,-153,-8,24,-97,
930200,268874,278616,165565,165260,164216,250,1370,214,-651,-767,436,24,5,-18,-440,1324,-156,-330,-1003,-153,-13,29,-106,
963719,268874,278616,165565,165260,164216,246,1359,214,-655,-770,428,24,7,-12,-449,1325,-167,-334,-1002,-148,-13,29,-107,
963719,340256,278616,165565,165260,164216,245,1353,203,-655,-770,428,15,7,-19,-452,1321,-162,-331,-1003,-149,-4,32,-111,
963719,340256,281095,165565,165260,164216,242,1372,210,-653,-770,432,12,7,-19,-455,1313,-167,-331,-1003,-149,-4,23,-117,
963719,340256,281095,240661,165260,164216,244,1354,212,-653,-770,432,8,9,-21,-457,1305,-181,-333,-1002,-154,7,15,-104,
963719,340256,281095,240661,165343,164216,252,1359,212,-652,-769,435,1,4,-19,-462,1306,-158,-333,-1002,-154,-9,20,-106,
963719,340256,281095,240661,165343,164168,237,1362,220,-652,-769,435,0,6,-15,-453,1297,-171,-333,-998,-153,-14,18,-103,
963719,340256,281095,240661,165343,164168,254,1365,210,-656,-769,433,6,11,-16,-472,1305,-173,-333,-1001,-156,-11,26,-96,
963719,340256,281095,240661,165343,164168,247,1362,201,-651,-767,435,16,11,-21,-470,1309,-169,-332,-1001,-156,-10,30,-88,
1015209,340256,281095,240661,165343,164168,251,1377,214,-651,-767,435,14,12,-18,-462,1312,-170,-333,-1006,-155,-20,27,-95,
1015209,334636,281095,240661,165343,164168,241,1360,215,-654,-769,431,22,7,-12,-449,1311,-173,-333,-1006,-155,-21,33,-85,
1015209,334636,283719,240661,165343,164168,246,1359,208,-654,-769,431,18,1,-14,-463,1313,-161,-335,-1004,-155,-15,28,-96,
1015209,334636,283719,439994,165343,164168,238,1363,233,-648,-766,433,22,5,-17,-441,1321,-172,-335,-1004,-155,-14,28,-95,
1015209,334636,283719,439994,165257,164168,246,1363,228,-648,-766,433,21,1,-18,-454,1324,-169,-332,-999,-155,-9,30,-104,
1015209,334636,283719,439994,165257,164044,249,1360,203,-650,-764,425,19,4,-20,-460,1319,-165,-328,-1003,-156,-12,36,-99,
1015209,334636,283719,439994,165257,164044,241,1369,205,-651,-766,430,21,-4,-11,-458,1319,-159,-328,-1003,-156,-13,30,-110,
1015209,334636,283719,439994,165257,164044,240,1373,199,-651,-766,430,22,5,-14,-451,1317,-150,-331,-1005,-147,-11,29,-111,
974157,334636,283719,439994,165257,164044,249,1353,213,-654,-769,433,22,0,-11,-458,1291,-154,-331,-1005,-147,-8,35,-108,
974157,296483,283719,439994,165257,164044,250,1357,220,-654,-769,433,24,-2,-15,-462,1310,-172,-335,-1001,-148,1,31,-101,
974157,296483,279890,439994,165257,164044,243,1350,207,-653,-770,432,24,1,-14,-452,1300,-177,-335,-1001,-148,0,33,-89,
974157,296483,279890,471758,165257,164044,253,1372,210,-653,-770,432,23,6,-17,-462,1309,-178,-331,-1001,-160,-15,27,-96,
974157,296483,279890,471758,165254,164044,246,1363,224,-652,-762,436,21,4,-20,-456,1311,-173,-329,-1003,-147,-16,30,-98,
974157,296483,279890,471758,165254,164072,233,1360,217,-652,-764,433,19,7,-22,-446,1326,-168,-329,-1003,-147,-10,25,-94,
974157,296483,279890,471758,165254,164072,237,1353,235,-652,-764,433,18,3,-18,-456,1319,-175,-335,-1005,-163,-7,22,-94,
974157,296483,279890,471758,165254,164072,255,1362,200,-651,-771,418,21,5,-18,-460,1319,-169,-335,-1005,-163,-14,27,-93,
993041,296483,279890,471758,165254,164072,244,1370,201,-651,-771,418,21,5,-15,-436,1318,-172,-329,-1003,-156,-18,28,-100,
993041,367737,279890,471758,165254,164072,242,1369,214,-651,-773,426,19,0,-12,-449,1322,-159,-329,-1003,-156,-15,31,-96,
993041,367737,167143,471758,165254,164072,247,1368,199,-651,-773,426,20,2,-6,-456,1303,-173,-332,-1004,-156,-12,32,-98,
993041,367737,167143,472173,165254,164072,244,1369,201,-657,-774,428,19,7,-9,-461,1310,-172,-336,-1001,-146,-17,36,-89,
993041,367737,167143,472173,165423,164072,253,1360,201,-657,-774,428,16,3,-9,-458,1312,-186,-336,-1001,-146,-13,40,-82,
993041,367737,167143,472173,165423,164164,247,1355,216,-656,-769,425,15,4,-9,-455,1319,-175,-331,-1005,-156,-24,29,-89,
993041,367737,167143,472173,165423,164164,248,1375,209,-651,-773,430,21,8,-23,-450,1332,-172,-331,-1005,-156,-19,20,-99,
993041,367737,167143,472173,165423,164164,259,1357,221,-651,-773,430,14,11,-27,-442,1300,-165,-335,-1001,-148,-6,16,-97,
1000411,367737,167143,472173,165423,164164,248,1358,226,-656,-775,429,23,4,-22,-454,1297,-172,-331,-999,-153,-7,21,-91,
1000411,425302,167143,472173,165423,164164,245,1355,200,-656,-775,429,20,4,-18,-461,1305,-155,-331,-999,-153,-12,27,-84,
1000411,425302,166914,472173,165423,164164,245,1365,179,-651,-773,426,13,13,-16,-447,1306,-175,-332,-1003,-162,-20,30,-79,
1000411,425302,166914,471890,165423,164164,240,1358,211,-651,-773,426,6,10,-17,-447,1317,-162,-332,-1003,-162,-18,33,-81,
1000411,425302,166914,471890,165271,164164,250,1362,195,-656,-765,433,3,6,-18,-455,1330,-181,-333,-1005,-152,-12,34,-79,
1000411,425302,166914,471890,165271,164141,232,1356,207,-657,-774,434,8,7,-18,-454,1331,-178,-333,-1005,-152,-18,34,-88,
1000411,425302,166914,471890,165271,164141,253,1361,186,-657,-774,434,1,11,-18,-455,1337,-161,-333,-1005,-147,-19,33,-94,
1000411,425302,166914,471890,165271,164141,246,1365,200,-654,-774,424,5,14,-22,-435,1318,-162,-332,-1003,-149,-16,28,-98,
1051295,425302,166914,471890,165271,164141,234,1363,193,-654,-774,424,7,12,-24,-440,1316,-161,-332,-1003,-149,-1,28,-105,
1051295,363492,166914,471890,165271,164141,250,1379,193,-656,-767,430,9,8,-23,-451,1302,-170,-332,-1005,-147,-4,33,-101,
1051295,363492,167115,471890,165271,164141,259,1358,208,-656,-767,430,10,9,-17,-458,1313,-174,-332,-1005,-147,-8,28,-97,
1051295,363492,167115,471449,165271,164141,245,1357,218,-657,-765,429,21,0,-14,-456,1306,-182,-331,-1004,-151,-13,33,-93,
1051295,363492,167115,471449,165246,164141,245,1364,216,-656,-764,434,18,1,-15,-457,1327,-176,-331,-1004,-151,-21,40,-87,
1051295,363492,167115,471449,165246,164208,237,1360,199,-656,-764,434,24,0,-12,-445,1338,-175,-329,-1000,-161,-19,30,-98,
1051295,363492,167115,471449,165246,164208,245,1363,203,-652,-772,427,28,0,-12,-447,1332,-179,-330,-1005,-147,-11,33,-111,
1051295,363492,167115,471449,165246,164208,255,1360,223,-652,-772,427,22,2,-5,-448,1323,-176,-330,-1005,-147,-6,33,-114,
1076074,363492,167115,471449,165246,164208,259,1374,180,-658,-773,428,25,4,-19,-455,1307,-167,-331,-1010,-156,0,30,-109,
1076074,303957,167115,471449,165246,164208,255,1367,211,-658,-773,428,27,1,-15,-454,1298,-160,-331,-1010,-156,-5,24,-102,
1076074,303957,167176,471449,165246,164208,246,1373,194,-657,-770,421,27,0,-15,-455,1310,-172,-334,-1004,-152,-3,31,-103,
1076074,303957,167176,471751,165246,164208,252,1375,190,-657,-770,422,16,3,-19,-461,1310,-173,-334,-1004,-152,-15,35,-93,
1076074,303957,167176,471751,165375,164208,258,1376,196,-655,-769,422,10,4,-20,-454,1314,-168,-333,-1004,-143,-13,39,-87,
1076074,303957,167176,471751,165375,164189,252,1372,192,-654,-774,424,12,8,-16,-454,1336,-178,-332,-1006,-153,-18,38,-85,
1076074,303957,167176,471751,165375,164189,240,1368,210,-654,-774,424,13,11,-16,-454,1333,-165,-332,-1006,-153,-19,37,-93,
1076074,303957,167176,471751,165375,164189,249,1362,198,-653,-773,427,19,6,-16,-446,1324,-170,-330,-1005,-154,-14,28,-101,
1069603,303957,167176,471751,165375,164189,246,1361,199,-653,-773,427,22,4,-16,-456,1309,-177,-330,-1005,-154,-4,26,-117,
1069603,208781,167176,471751,165375,164189,248,1365,207,-651,-770,423,22,6,-15,-448,1309,-161,-335,-996,-157,-1,27,-113,
1069603,208781,167099,471751,165375,164189,244,1360,189,-651,-770,423,11,7,-19,-454,1301,-171,-329,-999,-153,-4,19,-104,
1069603,208781,167099,471104,165375,164189,253,1368,196,-659,-772,424,1,7,-19,-454,1311,-173,-329,-999,-153,-17,25,-100,
1069603,208781,167099,471104,165394,164189,254,1374,204,-653,-777,416,-14,2,-17,-470,1301,-163,-331,-1006,-155,-15,26,-90,
1069603,208781,167099,471104,165394,164249,251,1360,211,-653,-777,416,-12,2,-14,-458,1313,-160,-331,-1006,-155,-13,34,-87,
1069603,208781,167099,471104,165394,164249,252,1364,201,-655,-775,427,-8,3,-14,-463,1318,-175,-334,-1002,-151,-20,33,-84,
1069603,208781,167099,471104,165394,164249,253,1354,204,-655,-775,427,-9,-1,-19,-470,1328,-172,-334,-1002,-151,-21,34,-84,
1099149,208781,167099,471104,165394,164249,249,1358,213,-653,-779,423,-5,-3,-20,-457,1328,-164,-334,-1000,-151,-13,32,-91,
1099149,263312,167099,471104,165394,164249,255,1371,183,-653,-779,423,-3,3,-20,-451,1330,-167,-334,-1000,-160,-20,30,-104,
1099149,263312,167195,471104,165394,164249,255,1367,184,-655,-764,426,8,5,-18,-454,1317,-158,-334,-1000,-160,-19,31,-103,
1099149,263312,167195,472105,165394,164249,244,1362,206,-654,-775,431,6,7,-12,-438,1295,-172,-331,-1009,-155,-19,35,-99,
1099149,263312,167195,472105,165382,164249,257,1361,190,-654,-775,431,9,3,-20,-446,1313,-161,-331,-1009,-155,-22,37,-92,
1099149,263312,167195,472105,165382,164297,242,1361,215,-655,-776,426,13,-1,-14,-455,1336,-177,-329,-1003,-155,-16,36,-92,
1099149,263312,167195,472105,165382,164297,249,1351,196,-655,-776,426,18,5,-16,-457,1336,-172,-329,-1003,-155,-11,33,-102,
1099149,263312,167195,472105,165382,164297,240,1359,195,-656,-775,412,25,6,-20,-450,1318,-170,-328,-1003,-164,-15,24,-102,
1138950,263312,167195,472105,165382,164297,237,1360,200,-656,-775,412,26,4,-14,-447,1302,-170,-330,-1008,-149,-2,15,-106,
1138950,250986,167195,472105,165382,164297,243,1368,210,-658,-767,429,29,10,-14,-447,1321,-155,-330,-1008,-149,-3,24,-111,
1138950,250986,272424,472105,165382,164297,252,1362,203,-658,-769,418,21,7,-17,-444,1319,-172,-332,-1006,-158,-12,32,-101,
1138950,250986,272424,472067,165382,164297,242,1359,196,-656,-769,418,8,8,-17,-462,1321,-162,-332,-1006,-158,-12,30,-94,
1138950,250986,272424,472067,165371,164297,242,1363,201,-654,-777,423,18,10,-17,-454,1336,-159,-332,-1006,-158,-20,28,-95,
1138950,250986,272424,472067,165371,164260,243,1365,203,-654,-777,423,13,11,-17,-449,1334,-168,-332,-1006,-158,-17,25,-93,
1138950,250986,272424,472067,165371,164260,245,1368,201,-656,-775,416,5,14,-18,-440,1325,-175,-333,-1001,-153,-16,22,-111,
1138950,250986,272424,472067,165371,164260,252,1370,173,-656,-775,416,-9,6,-20,-451,1328,-162,-329,-1009,-159,1,22,-114,
1164557,250986,272424,472067,165371,164260,252,1373,211,-654,-771,431,-6,9,-17,-453,1304,-165,-329,-1009,-159,6,14,-107,
1164557,259585,272424,472067,165371,164260,248,1364,185,-654,-771,431,-2,7,-21,-462,1318,-167,-329,-1008,-150,-11,20,-111,
1164557,259585,269514,472067,165371,164260,240,1368,194,-655,-774,415,1,7,-19,-466,1309,-157,-329,-1008,-150,-13,31,-106,
1164557,259585,269514,471589,165371,164260,246,1362,199,-655,-775,424,-2,5,-11,-459,1310,-160,-331,-997,-148,-2,30,-98,
1164557,259585,269514,471589,165331,164260,240,1362,203,-655,-775,424,10,10,-11,-462,1305,-165,-328,-1002,-159,-11,30,-100,
1164557,259585,269514,471589,165331,164334,243,1373,190,-657,-778,424,10,14,-20,-455,1314,-176,-328,-1002,-159,-6,34,-102,
1164557,259585,269514,471589,165331,164334,240,1365,210,-657,-778,424,10,9,-20,-450,1320,-172,-327,-1008,-151,-9,23,-105,
1164557,259585,269514,471589,165331,164334,255,1367,188,-654,-771,416,8,10,-21,-451,1319,-174,-327,-1008,-151,-10,17,-98,
1191752,259585,269514,471589,165331,164334,244,1361,211,-654,-771,416,3,7,-20,-454,1306,-167,-333,-1006,-151,0,16,-99,
1191752,250717,269514,471589,165331,164334,239,1353,197,-654,-764,420,13,12,-17,-467,1308,-162,-333,-1006,-151,-11,23,-104,
1191752,250717,284636,471589,165331,164334,251,1373,207,-657,-775,427,11,12,-18,-453,1320,-190,-332,-999,-141,-5,29,-104,
1191752,250717,284636,471208,165331,164334,253,1357,198,-657,-775,427,8,13,-13,-470,1317,-149,-332,-1000,-153,-12,29,-102,
1191752,250717,284636,471208,165334,164334,251,1357,207,-655,-775,424,2,7,-19,-455,1305,-167,-332,-1000,-153,-11,27,-101,
1191752,250717,284636,471208,165334,164063,257,1372,185,-655,-775,424,-3,1,-16,-463,1313,-178,-327,-1005,-154,-16,22,-104,
1191752,250717,284636,471208,165334,164063,243,1368,208,-654,-773,427,-2,6,-19,-462,1312,-155,-327,-1005,-154,-11,35,-98,
1191752,250717,284636,471208,165334,164063,253,1362,177,-654,-773,427,-7,11,-19,-461,1314,-181,-329,-1004,-155,-14,31,-90,
1232244,250717,284636,471208,165334,164063,242,1363,194,-652,-767,428,9,7,-19,-457,1318,-180,-329,-1004,-155,-27,36,-101,
1232244,260807,284636,471208,165334,164063,249,1363,194,-656,-769,412,7,8,-20,-439,1321,-179,-332,-1000,-156,-20,32,-105,
1232244,260807,283915,471208,165334,164063,243,1372,178,-656,-769,412,8,9,-17,-458,1307,-178,-327,-1006,-148,-17,40,-102,
1232244,260807,283915,471333,165334,164063,255,1358,185,-653,-775,415,19,7,-20,-463,1311,-167,-327,-1006,-148,-15,32,-95,
1232244,260807,283915,471333,165235,164063,242,1357,193,-653,-775,415,20,10,-22,-459,1304,-164,-329,-1005,-154,-14,34,-89,
1232244,260807,283915,471333,165235,164202,250,1370,192,-654,-778,411,10,7,-19,-455,1307,-172,-329,-1005,-154,-20,36,-80,
1232244,260807,283915,471333,165235,164202,268,1357,180,-654,-778,411,3,8,-21,-461,1302,-168,-331,-1005,-158,-15,43,-82,
1232244,260807,283915,471333,165235,164202,255,1363,196,-658,-767,417,4,13,-18,-459,1316,-161,-331,-1005,-158,-20,32,-80,
1114817,260807,283915,471333,165235,164202,253,1357,189,-658,-767,417,11,9,-18,-456,1315,-172,-330,-1002,-150,-21,34,-79,
1114817,261067,283915,471333,165235,164202,254,1376,196,-659,-778,418,13,7,-26,-455,1321,-170,-331,-1005,-150,-15,33,-82,
1114817,261067,281498,471333,165235,164202,238,1366,200,-656,-777,420,12,7,-24,-473,1331,-181,-331,-1005,-150,-15,31,-94,
1114817,261067,281498,471129,165235,164202,249,1354,188,-656,-777,420,15,5,-17,-451,1320,-158,-332,-1004,-147,-7,28,-99,
1114817,261067,281498,471129,165258,164202,240,1362,212,-656,-775,426,21,5,-17,-449,1321,-157,-332,-1004,-147,-5,32,-100,
1114817,261067,281498,471129,165258,164137,259,1366,179,-656,-775,426,17,7,-14,-438,1304,-163,-329,-1002,-160,-12,37,-100,
1114817,261067,281498,471129,165258,164137,246,1363,206,-657,-774,425,9,7,-19,-453,1303,-160,-326,-1004,-157,-5,34,-92,
1114817,261067,281498,471129,165258,164137,253,1363,196,-657,-774,425,5,10,-19,-467,1314,-151,-326,-1004,-157,-9,23,-99,
1121176,261067,281498,471129,165258,164137,246,1363,179,-657,-769,414,4,10,-23,-452,1312,-180,-324,-1006,-152,-17,30,-97,
1121176,265136,281498,471129,165258,164137,246,1365,208,-653,-777,417,-5,5,-15,-453,1310,-174,-324,-1006,-152,-15,33,-91,
1121176,265136,279681,471129,165258,164137,236,1354,223,-653,-777,417,5,14,-21,-458,1307,-178,-330,-1007,-151,-12,30,-93,
1121176,265136,279681,471488,165258,164137,247,1373,185,-656,-776,424,2,6,-22,-452,1326,-167,-330,-1007,-151,-4,29,-90,
1121176,265136,279681,471488,165336,164137,244,1371,192,-656,-776,424,1,2,-21,-477,1309,-166,-329,-1007,-156,-9,34,-95,
1121176,265136,279681,471488,165336,164230,253,1361,196,-657,-775,415,-2,-1,-20,-457,1314,-182,-328,-1007,-158,-16,36,-97,
1121176,265136,279681,471488,165336,164230,246,1360,194,-657,-775,415,8,2,-16,-456,1306,-157,-328,-1007,-158,-18,36,-88,
1121176,265136,279681,471488,165336,164230,256,1368,184,-657,-764,418,12,9,-20,-456,1314,-166,-327,-1006,-147,-14,38,-96,
1122705,265136,279681,471488,165336,164230,237,1366,186,-656,-771,428,4,5,-18,-451,1303,-173,-327,-1006,-147,-18,36,-98,
1122705,271473,279681,471488,165336,164230,242,1376,181,-656,-771,428,3,-1,-13,-464,1306,-180,-329,-1001,-143,-10,21,-86,
1122705,271473,281255,471488,165336,164230,251,1369,197,-657,-774,421,9,3,-19,-457,1319,-169,-329,-1001,-143,-13,21,-82,
1122705,271473,281255,471198,165336,164230,508,1359,199,-657,-774,421,-4,-2,-18,-452,1316,-161,-325,-1002,-152,-19,28,-85,
1122705,271473,281255,471198,165040,164230,266,1368,177,-655,-778,416,1,0,-19,-453,1316,-161,-327,-1006,-151,-17,35,-87,
1122705,271473,281255,471198,165040,164077,238,1362,199,-655,-778,416,6,2,-13,-465,1319,-164,-327,-1006,-151,-16,23,-93,
1122705,271473,281255,471198,165040,164077,244,1372,184,-659,-771,409,8,7,-16,-449,1302,-163,-331,-1005,-152,-18,31,-96,
1122705,271473,281255,471198,165040,164077,250,1385,191,-659,-771,418,4,11,-17,-457,1296,-166,-331,-1005,-152,-16,36,-101,
1121900,271473,281255,471198,165040,164077,260,1370,199,-657,-773,418,8,9,-17,-453,1312,-166,-330,-1007,-151,-16,30,-100,
1121900,272745,281255,471198,165040,164077,235,1359,196,-657,-775,420,8,5,-20,-449,1315,-168,-330,-1007,-151,-13,33,-91,
1121900,272745,287557,471198,165040,164077,249,1366,181,-657,-775,420,8,2,-17,-468,1324,-174,-330,-1003,-152,-18,35,-89,
1121900,272745,287557,471187,165040,164077,243,1355,203,-657,-775,414,12,4,-17,-456,1329,-176,-325,-1008,-161,-15,35,-102,
1121900,272745,287557,471187,165462,164077,254,1356,203,-657,-775,414,11,5,-19,-457,1331,-158,-325,-1008,-161,-11,37,-106,
1121900,272745,287557,471187,165462,162825,250,1371,196,-656,-775,420,10,7,-20,-454,1319,-172,-329,-1007,-153,-11,30,-115,
1121900,272745,287557,471187,165462,162825,251,1362,184,-656,-776,422,9,7,-20,-467,1313,-162,-329,-1006,-140,-1,21,-112,
1121900,272745,287557,471187,165462,162825,258,1358,189,-656,-776,422,14,12,-20,-454,1303,-177,-329,-1006,-140,0,31,-111,
1132527,272745,287557,471187,165462,162825,249,1368,192,-654,-774,413,5,8,-17,-458,1286,-178,-330,-1005,-152,-9,37,-102,
1132527,276455,287557,471187,165462,162825,242,1373,190,-654,-774,413,3,4,-14,-459,1322,-179,-330,-1005,-152,-10,36,-86,
1132527,276455,287900,471187,165462,162825,244,1360,195,-658,-768,417,5,2,-12,-452,1313,-161,-327,-1005,-154,-15,35,-81,
1132527,276455,287900,471098,165462,162825,243,1368,197,-658,-768,417,10,6,-12,-465,1317,-179,-327,-1005,-154,-8,29,-95,
1132527,276455,287900,471098,165390,162825,253,1368,178,-661,-765,413,8,5,-25,-463,1326,-176,-332,-1002,-147,-3,30,-100,
1132527,276455,287900,471098,165390,164073,244,1365,199,-656,-774,416,7,13,-22,-456,1306,-167,-328,-1003,-159,-8,39,-91,
1132527,276455,287900,471098,165390,164073,236,1369,213,-656,-774,416,4,7,-20,-467,1314,-163,-328,-1003,-159,-18,30,-101,
1132527,276455,287900,471098,165390,164073,242,1365,188,-654,-777,421,10,8,-17,-457,1313,-165,-326,-1001,-160,-14,41,-93,
1177943,276455,287900,471098,165390,164073,251,1365,199,-654,-777,421,12,7,-21,-456,1314,-166,-326,-1001,-160,-5,40,-97,
1177943,271412,287900,471098,165390,164073,234,1368,197,-658,-778,424,10,6,-21,-461,1310,-166,-328,-1004,-153,-16,30,-99,
1177943,271412,288118,471098,165390,164073,251,1366,185,-658,-778,424,18,4,-21,-463,1317,-173,-328,-1004,-153,-10,28,-92,
1177943,271412,288118,454821,165390,164073,259,1364,175,-657,-771,409,15,2,-19,-453,1306,-172,-328,-998,-155,-4,47,-95,
1177943,271412,288118,454821,165412,164073,254,1368,180,-657,-773,420,8,2,-14,-455,1312,-166,-326,-1005,-167,-3,34,-98,
1177943,271412,288118,454821,165412,164295,250,1363,200,-658,-773,420,10,-2,-20,-456,1318,-172,-326,-1005,-167,-6,29,-85,
1177943,271412,288118,454821,165412,164295,258,1370,204,-658,-777,417,19,7,-19,-445,1314,-170,-329,-1006,-153,-10,31,-87,
1177943,271412,288118,454821,165412,164295,245,1360,174,-658,-777,417,13,12,-19,-455,1317,-166,-329,-1006,-153,-13,26,-89,
1162089,271412,288118,454821,165412,164295,252,1364,182,-656,-774,415,11,11,-24,-458,1326,-178,-329,-1006,-159,-18,32,-89,
1162089,264746,288118,454821,165412,164295,239,1365,183,-656,-774,415,4,8,-16,-458,1323,-179,-329,-1006,-159,-13,31,-87,
1162089,264746,288263,454821,165412,164295,241,1364,200,-657,-778,425,8,3,-20,-471,1314,-176,-328,-1001,-154,0,23,-94,
1162089,264746,288263,489969,165412,164295,227,1360,187,-657,-778,425,8,1,-18,-465,1316,-179,-325,-1004,-150,-4,17,-91,
1162089,264746,288263,489969,165476,164295,241,1364,194,-654,-776,415,13,7,-22,-448,1308,-170,-325,-1004,-150,-21,30,-89,
1162089,264746,288263,489969,165476,164309,250,1359,186,-656,-781,420,2,4,-18,-472,1315,-176,-328,-1003,-162,-9,41,-94,
1162089,264746,288263,489969,165476,164309,248,1369,182,-656,-781,420,9,7,-19,-472,1319,-172,-328,-1003,-162,-17,24,-93,
1162089,264746,288263,489969,165476,164309,243,1359,188,-658,-775,423,7,10,-19,-458,1297,-170,-330,-1009,-151,-11,41,-87,
1174564,264746,288263,489969,165476,164309,260,1366,174,-658,-775,423,7,8,-20,-470,1307,-172,-330,-1004,-169,-14,39,-79,
1174564,272129,288263,489969,165476,164309,243,1365,187,-655,-772,410,11,5,-14,-454,1316,-168,-332,-1004,-169,-15,42,-79,
1174564,272129,167149,489969,165476,164309,240,1363,202,-655,-772,410,14,7,-22,-444,1322,-185,-328,-1002,-157,-9,35,-83,
1174564,272129,167149,462772,165476,164309,251,1373,169,-656,-770,407,16,4,-23,-455,1314,-164,-328,-1002,-157,-6,35,-97,
1174564,272129,167149,462772,165388,164309,242,1372,191,-658,-778,412,11,3,-20,-455,1311,-164,-329,-1006,-146,-20,36,-91,
1174564,272129,167149,462772,165388,164305,267,1369,181,-658,-778,412,11,9,-22,-454,1312,-163,-329,-1006,-146,-16,41,-91,
1174564,272129,167149,462772,165388,164305,260,1379,144,-657,-778,422,7,12,-19,-456,1314,-171,-329,-1001,-161,-7,34,-96,
1174564,272129,167149,462772,165388,164305,249,1364,189,-657,-778,422,1,8,-21,-454,1323,-188,-327,-1000,-152,-8,30,-102,
1167975,272129,167149,462772,165388,164305,244,1363,194,-659,-776,412,-2,2,-15,-455,1296,-164,-327,-1000,-152,-8,22,-97,
1167975,267921,167149,462772,165388,164305,260,1376,191,-659,-776,412,-2,-1,-25,-444,1305,-166,-329,-1004,-150,-5,23,-88,
1167975,267921,167073,462772,165388,164305,256,1368,180,-657,-777,419,-1,7,-27,-449,1318,-171,-329,-1004,-150,-19,31,-86,
1167975,267921,167073,165556,165388,164305,244,1368,193,-660,-771,422,10,8,-23,-459,1326,-160,-328,-999,-159,-25,35,-87,
1167975,267921,167073,165556,165360,164305,240,1367,186,-660,-771,422,0,0,-16,-459,1327,-165,-328,-999,-159,-17,41,-86,
1167975,267921,167073,165556,165360,164363,226,1360,233,-655,-777,404,7,10,-21,-462,1312,-165,-328,-1001,-157,-15,33,-90,
1167975,267921,167073,165556,165360,164363,247,1377,154,-655,-777,404,6,9,-19,-450,1312,-187,-328,-1005,-151,-16,30,-98,
1167975,267921,167073,165556,165360,164363,250,1375,183,-657,-779,425,10,9,-13,-455,1316,-162,-328,-1005,-151,-12,39,-88,
1178446,267921,167073,165556,165360,164363,248,1362,186,-657,-779,425,15,10,-13,-457,1331,-170,-329,-1005,-155,-15,25,-93,
1178446,274787,167073,165556,165360,164363,238,1357,200,-658,-773,424,12,8,-16,-453,1324,-166,-329,-1005,-155,-8,36,-95,
1178446,274787,277420,165556,165360,164363,223,1366,214,-658,-773,424,11,5,-15,-440,1324,-180,-330,-1004,-146,-10,33,-110,
1178446,274787,277420,165310,165360,164363,259,1364,177,-654,-777,422,12,7,-14,-452,1300,-182,-330,-1004,-146,-16,24,-110,
1178446,274787,277420,165310,165377,164363,248,1364,183,-655,-778,419,11,8,-19,-444,1301,-166,-327,-1005,-149,-10,31,-105,
1178446,274787,277420,165310,165377,164283,238,1363,179,-655,-778,419,8,10,-14,-455,1303,-178,-330,-1008,-150,-5,29,-96,
1178446,274787,277420,165310,165377,164283,250,1366,169,-659,-779,411,9,13,-20,-460,1305,-172,-330,-1008,-150,1,23,-96,
1178446,274787,277420,165310,165377,164283,260,1362,184,-659,-779,411,4,11,-23,-438,1313,-184,-330,-1003,-148,-12,25,-96,
1204798,274787,277420,165310,165377,164283,234,1360,198,-658,-777,422,4,6,-19,-453,1326,-170,-330,-1003,-148,-15,24,-90,
1204798,276854,277420,165310,165377,164283,240,1372,171,-658,-777,422,-3,7,-15,-451,1322,-172,-327,-1003,-170,-13,27,-93,
1204798,276854,284455,165310,165377,164283,246,1377,175,-657,-772,415,0,12,-18,-464,1309,-185,-327,-1002,-149,-15,31,-88,
1204798,276854,284455,165557,165377,164283,240,1356,201,-654,-779,416,1,3,-22,-466,1318,-162,-330,-1002,-149,-16,22,-93,
1204798,276854,284455,165557,165244,164283,245,1365,178,-654,-779,416,4,11,-15,-458,1329,-169,-329,-1006,-156,-20,33,-102,
1204798,276854,284455,165557,165244,164259,236,1358,167,-655,-776,421,-4,8,-20,-459,1306,-170,-329,-1006,-156,-18,35,-99,
1204798,276854,284455,165557,165244,164259,216,1359,223,-655,-776,421,1,12,-19,-458,1306,-175,-330,-1001,-155,-12,24,-105,
1204798,276854,284455,165557,165244,164259,248,1360,206,-659,-772,418,-1,7,-13,-460,1307,-172,-330,-1001,-155,-11,21,-107,
1265483,276854,284455,165557,165244,164259,247,1360,186,-659,-772,418,-8,5,-17,-467,1302,-168,-329,-1002,-156,-8,24,-75,
1265483,274937,284455,165557,165244,164259,245,1370,209,-658,-772,417,-4,4,-15,-459,1319,-176,-329,-1003,-156,-24,29,-88,
1265483,274937,270656,165557,165244,164259,248,1360,200,-659,-775,415,2,7,-15,-454,1335,-173,-329,-1003,-156,-23,28,-89,
1265483,274937,270656,184381,165244,164259,258,1365,183,-659,-775,415,2,4,-11,-465,1323,-169,-331,-1009,-137,-14,34,-98,
1265483,274937,270656,184381,165095,164259,254,1364,183,-657,-777,420,11,8,-17,-475,1323,-165,-331,-1009,-137,-13,31,-104,
1265483,274937,270656,184381,165095,164092,493,1366,180,-657,-777,420,17,8,-23,-454,1317,-179,-327,-1005,-155,-22,33,-104,
1265483,274937,270656,184381,165095,164092,249,1367,185,-656,-781,420,18,11,-22,-442,1312,-171,-327,-1005,-155,-21,31,-105,
1265483,274937,270656,184381,165095,164092,252,1370,199,-656,-781,420,15,9,-19,-450,1316,-171,-331,-1001,-151,-19,28,-116,
1239221,274937,270656,184381,165095,164092,254,1358,175,-659,-776,417,15,8,-20,-460,1304,-177,-326,-1008,-167,-4,28,-106,
1239221,276470,270656,184381,165095,164092,256,1361,175,-659,-776,419,13,11,-6,-453,1303,-169,-326,-1008,-167,-13,32,-103,
1239221,276470,280863,184381,165095,164092,250,1357,192,-655,-778,419,10,11,-15,-463,1313,-177,-329,-1002,-154,-14,35,-90,
1239221,276470,280863,237329,165095,164092,253,1368,172,-654,-778,412,14,6,-9,-466,1316,-171,-329,-1002,-154,-17,33,-85,
1239221,276470,280863,237329,165350,164092,253,1368,180,-654,-778,412,10,8,-11,-464,1313,-168,-327,-1006,-160,-17,30,-101,
1239221,276470,280863,237329,165350,164083,255,1362,196,-657,-776,407,11,10,-23,-473,1327,-160,-327,-1006,-160,-16,31,-114,
1239221,276470,280863,237329,165350,164083,239,1377,204,-657,-776,407,8,10,-17,-468,1313,-180,-328,-1002,-156,-7,43,-115,
1239221,276470,280863,237329,165350,164083,249,1368,176,-655,-777,424,8,7,-12,-458,1307,-169,-327,-1007,-146,-9,30,-103,
1178009,276470,280863,237329,165350,164083,237,1363,200,-655,-777,424,1,9,-16,-468,1306,-167,-327,-1007,-146,-12,40,-101,
1178009,273561,280863,237329,165350,164083,247,1369,199,-657,-771,415,-6,2,-18,-454,1311,-177,-328,-1007,-157,-16,37,-85,
1178009,273561,280493,237329,165350,164083,251,1377,171,-659,-777,425,-3,6,-21,-452,1328,-169,-328,-1007,-157,-14,28,-88,
1178009,273561,280493,269380,165350,164083,242,1356,211,-659,-777,425,2,6,-27,-461,1317,-164,-329,-1002,-154,-13,30,-95,
1178009,273561,280493,269380,165010,164083,243,1361,186,-657,-777,412,2,6,-22,-447,1307,-160,-329,-996,-162,2,23,-92,
1178009,273561,280493,269380,165010,163904,254,1369,199,-657,-777,412,-2,5,-15,-449,1306,-177,-326,-996,-162,-4,23,-98,
1178009,273561,280493,269380,165010,163904,245,1368,168,-660,-770,415,-3,3,-14,-468,1309,-166,-327,-1007,-159,-7,25,-88,
1178009,273561,280493,269380,165010,163904,250,1365,195,-660,-770,415,3,2,-18,-464,1330,-157,-327,-1007,-159,-20,29,-84,
1123579,273561,280493,269380,165010,163904,264,1375,197,-659,-766,406,2,5,-17,-462,1324,-165,-329,-1005,-156,-23,35,-96,
1123579,269608,280493,269380,165010,163904,261,1372,157,-656,-771,414,-5,8,-21,-458,1314,-180,-329,-1005,-156,-16,26,-100,
1123579,269608,281600,269380,165010,163904,245,1374,174,-656,-771,414,-5,6,-24,-450,1311,-177,-332,-998,-159,-14,29,-88,
1123579,269608,281600,268786,165010,163904,253,1374,157,-655,-780,416,3,14,-21,-445,1298,-182,-326,-1000,-152,-14,34,-97,
1123579,269608,281600,268786,165436,163904,253,1361,178,-655,-780,416,2,14,-18,-455,1298,-164,-326,-1000,-152,-26,34,-95,
1123579,269608,281600,268786,165436,164239,270,1366,172,-657,-778,415,5,6,-22,-455,1322,-160,-327,-1007,-153,-30,30,-82,
1123579,269608,281600,268786,165436,164239,240,1364,208,-657,-778,415,7,11,-20,-456,1330,-169,-327,-1007,-153,-27,35,-83,
1123579,269608,281600,268786,165436,164239,252,1377,171,-658,-773,412,17,8,-20,-465,1317,-176,-329,-1002,-145,-26,41,-83,
1153111,269608,281600,268786,165436,164239,254,1363,194,-658,-770,411,23,11,-20,-465,1331,-174,-329,-1002,-145,-24,33,-90,
1153111,321625,281600,268786,165436,164239,249,1371,189,-660,-770,411,23,12,-21,-450,1340,-181,-330,-1009,-159,-24,32,-94,
1153111,321625,276588,268786,165436,164239,247,1375,180,-656,-781,417,32,7,-13,-437,1322,-176,-324,-1007,-151,-15,31,-107,
1153111,321625,276588,169273,165436,164239,257,1366,166,-656,-781,417,36,9,-19,-450,1321,-167,-324,-1007,-151,-20,30,-102,
1153111,321625,276588,169273,165455,164239,250,1366,204,-656,-780,413,38,7,-14,-447,1306,-157,-327,-1005,-154,-10,36,-88,
1153111,321625,276588,169273,165455,164238,250,1369,181,-656,-780,413,40,2,-17,-458,1295,-160,-327,-1005,-154,-17,34,-89,
1153111,321625,276588,169273,165455,164238,235,1358,193,-659,-778,409,42,2,-18,-445,1316,-155,-328,-1002,-156,-17,33,-101,
1153111,321625,276588,169273,165455,164238,252,1362,184,-659,-778,409,42,5,-13,-463,1313,-171,-328,-1002,-156,-9,28,-99,
1118498,321625,276588,169273,165455,164238,251,1362,174,-657,-776,419,41,3,-19,-459,1317,-167,-329,-1000,-156,-7,32,-102,
1118498,277721,276588,169273,165455,164238,244,1360,178,-655,-783,414,37,2,-18,-467,1317,-177,-328,-1004,-156,-13,37,-96,
1118498,277721,274785,169273,165455,164238,240,1377,164,-655,-783,414,37,4,-22,-456,1322,-170,-328,-1004,-156,-18,33,-95,
1118498,277721,274785,167159,165455,164238,239,1364,178,-658,-780,415,29,5,-19,-459,1322,-164,-328,-1007,-156,-12,40,-104,
1118498,277721,274785,167159,165169,164238,247,1368,159,-658,-780,415,16,8,-25,-468,1312,-187,-328,-1007,-156,-11,33,-106,
1118498,277721,274785,167159,165169,164211,248,1373,170,-656,-776,410,8,7,-18,-459,1308,-164,-327,-1000,-156,-9,27,-109,
1118498,277721,274785,167159,165169,164211,259,1370,156,-656,-776,410,-1,7,-15,-463,1302,-162,-327,-1002,-163,-14,26,-107,
1118498,277721,274785,167159,165169,164211,242,1365,183,-658,-772,403,-6,9,-18,-463,1302,-168,-330,-1002,-163,-12,30,-106,
1163994,277721,274785,167159,165169,164211,245,1360,178,-656,-782,408,-7,10,-23,-462,1307,-160,-325,-1007,-156,-21,31,-100,
1163994,285702,274785,167159,165169,164211,250,1370,189,-656,-782,408,-8,13,-23,-456,1310,-166,-325,-1007,-156,-16,27,-90,
1163994,285702,276442,167159,165169,164211,242,1360,182,-654,-779,415,-11,11,-22,-450,1308,-176,-325,-1003,-150,-3,20,-95,
1163994,285702,276442,169655,165169,164211,264,1378,168,-654,-779,415,-7,11,-18,-445,1304,-173,-325,-1003,-150,-14,32,-90,
1163994,285702,276442,169655,165536,164211,248,1371,185,-658,-779,413,-8,4,-11,-464,1308,-172,-330,-998,-157,-14,29,-84,
1163994,285702,276442,169655,165536,164181,261,1374,184,-658,-779,413,-2,10,-14,-455,1323,-165,-328,-1005,-165,-17,31,-77,
1163994,285702,276442,169655,165536,164181,247,1370,196,-658,-776,417,9,11,-25,-464,1320,-183,-328,-1005,-165,-10,35,-93,
1163994,285702,276442,169655,165536,164181,238,1362,199,-656,-767,403,16,8,-20,-460,1324,-170,-328,-1003,-158,-8,25,-97,
1197677,285702,276442,169655,165536,164181,250,1372,181,-656,-767,403,22,8,-17,-461,1309,-169,-328,-1003,-158,-10,33,-101,
1197677,311945,276442,169655,165536,164181,242,1360,192,-657,-782,414,10,3,-14,-445,1300,-170,-325,-1001,-162,-7,38,-90,
1197677,311945,278365,169655,165536,164181,253,1362,190,-657,-782,414,8,3,-11,-446,1294,-179,-325,-1001,-162,-8,39,-85,
1197677,311945,278365,184749,165536,164181,245,1359,193,-658,-781,400,6,1,-10,-460,1304,-161,-327,-1003,-172,-20,38,-90,
1197677,311945,278365,184749,165419,164181,250,1360,189,-658,-781,400,2,0,-14,-443,1323,-173,-327,-1007,-167,-21,22,-87,
1197677,311945,278365,184749,165419,164295,260,1366,167,-661,-777,406,5,9,-18,-464,1320,-170,-327,-1007,-167,-13,23,-86,
1197677,311945,278365,184749,165419,164295,253,1365,176,-661,-777,406,2,11,-21,-466,1316,-165,-328,-1008,-149,-13,32,-101,
1197677,311945,278365,184749,165419,164295,256,1372,173,-657,-780,418,0,8,-16,-446,1320,-171,-328,-1008,-149,-6,28,-99,
1107210,311945,278365,184749,165419,164295,245,1368,177,-655,-781,409,-4,3,-17,-460,1296,-159,-332,-1003,-159,-17,23,-97,
1107210,312547,278365,184749,165419,164295,238,1368,184,-655,-781,409,-4,5,-15,-462,1309,-169,-332,-1003,-159,-17,30,-103,
1107210,312547,279822,184749,165419,164295,257,1364,178,-655,-781,420,-7,6,-16,-457,1301,-166,-329,-1004,-165,-16,33,-94,
1107210,312547,279822,274289,165419,164295,252,1363,172,-655,-781,420,-9,6,-24,-471,1304,-180,-329,-1008,-151,-27,35,-80,
1107210,312547,279822,274289,165480,164295,258,1370,176,-656,-780,421,-3,9,-26,-462,1316,-158,-329,-1008,-151,-25,32,-79,
1107210,312547,279822,274289,165480,164262,262,1377,182,-656,-780,421,7,13,-19,-466,1308,-169,-330,-1008,-150,-14,35,-84,
1107210,312547,279822,274289,165480,164262,253,1365,159,-658,-773,402,5,14,-21,-457,1334,-175,-330,-1008,-150,-9,39,-87,
1107210,312547,279822,274289,165480,164262,251,1369,161,-655,-780,411,4,4,-21,-457,1317,-172,-331,-997,-151,-14,32,-96,
1134214,312547,279822,274289,165480,164262,247,1370,199,-655,-780,411,8,1,-18,-468,1322,-161,-329,-1002,-161,-7,38,-95,
1134214,278729,279822,274289,165480,164262,256,1376,164,-656,-779,410,4,4,-19,-450,1318,-191,-329,-1002,-161,-11,32,-97,
1134214,278729,287621,274289,165480,164262,255,1369,163,-656,-779,410,15,8,-17,-448,1314,-189,-329,-1005,-165,-10,41,-96,
1134214,278729,287621,344442,165480,164262,252,1361,172,-660,-776,414,16,8,-20,-453,1317,-165,-329,-1005,-165,-12,35,-90,
1134214,278729,287621,344442,165189,164262,254,1364,166,-660,-776,414,7,4,-17,-452,1319,-171,-327,-1003,-154,-10,35,-95,
1134214,278729,287621,344442,165189,164240,239,1372,195,-658,-768,408,12,4,-16,-461,1300,-158,-327,-1003,-154,-14,33,-98,
1134214,278729,287621,344442,165189,164240,252,1378,182,-655,-777,403,9,1,-19,-460,1311,-163,-330,-998,-142,-8,33,-106,
1134214,278729,287621,344442,165189,164240,260,1378,156,-655,-777,403,0,0,-20,-463,1312,-176,-326,-1011,-154,-3,28,-93,
1166053,278729,287621,344442,165189,164240,243,1372,177,-657,-779,412,4,6,-15,-471,1314,-166,-326,-1011,-154,-13,32,-87,
1166053,274921,287621,344442,165189,164240,260,1367,171,-657,-779,412,4,10,-19,-459,1306,-175,-330,-1004,-160,-27,28,-95,
1166053,274921,289283,344442,165189,164240,245,1374,185,-656,-783,407,4,7,-18,-463,1301,-175,-330,-1004,-160,-22,27,-94,
1166053,274921,289283,315405,165189,164240,262,1378,159,-656,-783,407,-7,4,-16,-452,1306,-162,-330,-1002,-153,-15,35,-104,
1166053,274921,289283,315405,165129,164240,243,1377,175,-658,-776,406,-15,5,-14,-455,1295,-172,-330,-1002,-153,-14,31,-89,
1166053,274921,289283,315405,165129,164264,248,1359,190,-658,-776,407,-2,9,-18,-463,1297,-171,-328,-998,-149,-15,33,-60,
1166053,274921,289283,315405,165129,164264,238,1361,177,-658,-775,407,-3,9,-19,-471,1271,-183,-333,-1007,-143,-46,38,-46,
1166053,274921,289283,315405,165129,164264,244,1351,189,-655,-778,408,-5,6,-21,-460,1276,-169,-333,-1007,-143,-68,34,-33,
1177684,274921,289283,315405,165129,164264,248,1371,168,-655,-778,408,-2,8,-15,-474,1313,-174,-332,-1005,-162,-82,41,-16,
1177684,278352,289283,315405,165129,164264,254,1353,178,-657,-780,420,0,8,-25,-474,1326,-161,-332,-1005,-162,-81,46,-10,
1177684,278352,288074,315405,165129,164264,255,1359,176,-657,-780,420,4,9,-26,-460,1342,-168,-335,-1003,-157,-69,42,-21,
1177684,278352,288074,283355,165129,164264,259,1381,154,-658,-776,408,1,-1,-19,-450,1331,-162,-335,-1003,-137,-63,49,-32,
1177684,278352,288074,283355,165312,164264,241,1369,198,-658,-776,408,-2,4,-18,-455,1342,-160,-336,-1004,-137,-52,56,-42,
1177684,278352,288074,283355,165312,164143,267,1361,162,-656,-780,409,-9,0,-23,-439,1333,-160,-332,-1006,-142,-49,46,-61,
1177684,278352,288074,283355,165312,164143,250,1368,166,-656,-780,408,-13,3,-16,-435,1328,-155,-332,-1006,-142,-36,48,-69,
1177684,278352,288074,283355,165312,164143,238,1365,184,-656,-780,408,-14,4,-23,-432,1318,-154,-335,-1002,-160,-17,39,-83,
1181123,278352,288074,283355,165312,164143,272,1382,150,-657,-780,406,0,1,-22,-422,1321,-157,-335,-1002,-160,-12,38,-88,
1181123,277594,288074,283355,165312,164143,248,1359,185,-657,-780,406,4,6,-18,-426,1319,-154,-334,-995,-141,-18,35,-93,
1181123,277594,281718,283355,165312,164143,246,1358,183,-658,-771,404,4,6,-17,-429,1323,-157,-334,-999,-153,-18,28,-97,
1181123,277594,281718,193574,165312,164143,242,1363,190,-658,-771,404,1,3,-21,-417,1336,-167,-334,-999,-153,-5,23,-101,
1181123,277594,281718,193574,165374,164143,252,1362,159,-661,-775,410,7,8,-23,-440,1326,-158,-333,-1005,-143,3,10,-108,
1181123,277594,281718,193574,165374,164370,253,1377,168,-657,-777,405,12,3,-20,-449,1325,-174,-333,-1005,-143,1,14,-109,
1181123,277594,281718,193574,165374,164370,241,1358,189,-657,-777,405,4,5,-22,-444,1314,-157,-337,-1004,-152,2,16,-112,
1181123,277594,281718,193574,165374,164370,239,1352,186,-659,-778,416,7,5,-17,-454,1315,-174,-337,-1004,-152,1,14,-110,
1160713,277594,281718,193574,165374,164370,255,1381,167,-659,-778,416,11,7,-21,-457,1315,-161,-333,-997,-154,13,17,-111,
1160713,271792,281718,193574,165374,164370,244,1362,186,-655,-781,410,3,1,-16,-455,1316,-165,-335,-1007,-157,7,14,-105,
1160713,271792,272442,193574,165374,164370,255,1371,184,-655,-781,410,12,7,-19,-448,1307,-161,-335,-1007,-157,-2,20,-108,
1160713,271792,272442,179584,165374,164370,251,1371,189,-659,-774,408,16,9,-22,-460,1307,-172,-333,-1006,-158,-9,36,-98,
1160713,271792,272442,179584,165400,164370,233,1360,226,-659,-770,411,10,6,-20,-466,1318,-164,-333,-1006,-158,-16,30,-102,
1160713,271792,272442,179584,165400,164359,245,1370,175,-660,-770,411,7,8,-22,-454,1310,-173,-333,-1005,-160,-5,26,-96,
1160713,271792,272442,179584,165400,164359,248,1366,193,-653,-778,410,4,9,-21,-450,1333,-174,-333,-1005,-160,-9,27,-109,
1160713,271792,272442,179584,165400,164359,263,1373,182,-653,-778,410,5,12,-23,-443,1325,-170,-337,-1002,-150,-9,23,-118,
1161926,271792,272442,179584,165400,164359,251,1367,153,-653,-780,406,7,10,-25,-446,1318,-166,-331,-1005,-148,-10,22,-115,
1161926,293002,272442,179584,165400,164359,251,1370,186,-653,-780,406,6,11,-25,-419,1312,-165,-331,-1005,-148,-4,26,-120,
1161926,293002,267477,179584,165400,164359,256,1367,190,-659,-779,405,4,3,-19,-452,1315,-158,-332,-1009,-146,6,26,-121,
1161926,293002,267477,168038,165400,164359,275,1379,138,-659,-779,405,17,7,-12,-443,1304,-158,-332,-1009,-146,12,22,-113,
1161926,293002,267477,168038,165429,164359,253,1369,187,-656,-779,413,30,0,-12,-444,1301,-172,-333,-1005,-149,18,26,-114,
1161926,293002,267477,168038,165429,164309,238,1372,194,-657,-786,407,24,4,-15,-444,1309,-159,-333,-1005,-159,25,19,-109,
1161926,293002,267477,168038,165429,164309,249,1373,173,-657,-786,407,21,11,-20,-441,1330,-173,-329,-1000,-159,12,21,-99,
1161926,293002,267477,168038,165429,164309,235,1369,172,-656,-785,411,12,9,-23,-448,1317,-172,-332,-1001,-138,9,16,-83,
1175457,293002,267477,168038,165429,164309,266,1380,134,-656,-785,411,8,12,-20,-447,1331,-155,-332,-1001,-138,-10,19,-100,
1175457,304298,267477,168038,165429,164309,253,1364,184,-659,-776,403,-1,10,-19,-451,1321,-170,-333,-1004,-152,2,16,-106,
1175457,304298,266783,168038,165429,164309,263,1388,133,-659,-776,403,-9,12,-19,-459,1315,-167,-333,-1004,-152,12,10,-98,
1175457,304298,266783,171019,165429,164309,239,1355,172,-662,-773,403,-11,10,-19,-465,1303,-171,-333,-995,-150,5,16,-98,
1175457,304298,266783,171019,165340,164309,240,1366,196,-657,-780,414,-6,10,-22,-453,1301,-160,-330,-1006,-138,1,20,-105,
1175457,304298,266783,171019,165340,164314,249,1352,177,-657,-780,414,-3,8,-18,-469,1291,-149,-330,-1006,-138,-6,27,-113,
1175457,304298,266783,171019,165340,164314,247,1369,198,-657,-779,406,-8,6,-16,-464,1293,-167,-335,-1004,-156,-8,30,-92,
1175457,304298,266783,171019,165340,164314,246,1371,169,-657,-779,406,-5,9,-24,-458,1313,-165,-335,-1004,-156,-15,30,-83,
1136032,304298,266783,171019,165340,164314,254,1369,201,-658,-778,410,-1,9,-21,-462,1338,-154,-329,-1000,-154,-30,30,-78,
1136032,299693,266783,171019,165340,164314,264,1361,156,-658,-778,410,10,9,-24,-449,1339,-168,-329,-1000,-154,-18,29,-90,
1136032,299693,270854,171019,165340,164314,258,1373,150,-662,-771,402,19,8,-21,-450,1322,-164,-331,-998,-161,-14,33,-90,
1136032,299693,270854,171586,165340,164314,258,1379,130,-658,-775,403,9,6,-16,-440,1312,-167,-331,-1004,-160,-10,33,-88,
1136032,299693,270854,171586,165445,164314,263,1371,149,-658,-775,403,8,4,-17,-443,1309,-172,-331,-1004,-160,-7,29,-92,
1136032,299693,270854,171586,165445,164273,247,1376,194,-655,-780,409,-8,0,-17,-455,1298,-164,-332,-1007,-162,-6,23,-88,
1136032,299693,270854,171586,165445,164273,250,1360,185,-655,-780,409,-6,1,-18,-448,1298,-163,-332,-1007,-162,-8,33,-77,
1136032,299693,270854,171586,165445,164273,249,1375,160,-659,-778,408,10,4,-23,-446,1309,-169,-332,-1003,-149,-16,30,-73,
1170014,299693,270854,171586,165445,164273,239,1365,187,-659,-778,408,12,4,-21,-447,1318,-165,-332,-1003,-149,-27,29,-77,
1170014,285523,270854,171586,165445,164273,254,1378,194,-660,-777,412,8,8,-22,-460,1331,-156,-330,-1001,-158,-28,26,-80,
1170014,285523,166845,171586,165445,164273,251,1369,181,-660,-777,421,11,7,-26,-463,1338,-166,-329,-1004,-145,-27,15,-91,
1170014,285523,166845,169309,165445,164273,246,1368,188,-661,-777,421,13,6,-20,-451,1331,-168,-329,-1004,-145,-18,20,-103,
1170014,285523,166845,169309,165441,164273,252,1366,170,-659,-782,410,4,6,-18,-438,1314,-160,-332,-1006,-158,-6,29,-112,
1170014,285523,166845,169309,165441,164228,255,1372,163,-659,-782,410,4,8,-22,-440,1296,-177,-332,-1006,-158,-5,38,-116,
1170014,285523,166845,169309,165441,164228,246,1368,187,-656,-784,398,9,11,-18,-447,1289,-169,-336,-1004,-150,-14,29,-101,
1170014,285523,166845,169309,165441,164228,253,1376,179,-656,-784,398,13,8,-18,-440,1300,-174,-336,-1003,-158,-25,34,-94,
1180710,285523,166845,169309,165441,164228,269,1377,160,-656,-779,401,7,5,-18,-446,1325,-174,-334,-1003,-158,-18,30,-95,
1180710,283467,166845,169309,165441,164228,267,1377,184,-656,-779,401,3,7,-20,-463,1318,-168,-331,-1005,-156,-9,29,-91,
1180710,283467,267156,169309,165441,164228,250,1365,189,-655,-782,399,10,11,-23,-469,1325,-155,-331,-1005,-156,-7,31,-89,
1180710,283467,267156,173276,165441,164228,250,1367,176,-654,-780,409,5,7,-27,-458,1326,-167,-332,-1002,-155,-11,41,-89,
1180710,283467,267156,173276,165493,164228,260,1354,173,-654,-780,409,10,11,-22,-457,1307,-168,-332,-1002,-155,-6,36,-99,
1180710,283467,267156,173276,165493,164332,251,1363,155,-657,-782,410,5,3,-18,-461,1304,-168,-335,-1000,-146,-1,37,-96,
1180710,283467,267156,173276,165493,164332,235,1354,209,-657,-782,410,2,4,-17,-444,1299,-165,-333,-1001,-149,-12,38,-100,
1180710,283467,267156,173276,165493,164332,241,1366,183,-659,-774,406,8,1,-20,-455,1303,-151,-333,-1001,-149,-8,33,-88,
1141473,283467,267156,173276,165493,164332,239,1363,190,-659,-774,406,-3,8,-23,-455,1308,-161,-332,-1003,-154,-13,37,-86,
1141473,315637,267156,173276,165493,164332,243,1362,174,-662,-771,404,-1,6,-21,-453,1307,-169,-332,-1003,-154,-17,32,-78,
1141473,315637,266204,173276,165493,164332,256,1368,159,-654,-778,403,-1,6,-18,-452,1319,-169,-334,-999,-154,-16,30,-85,
1141473,315637,266204,167144,165493,164332,255,1362,175,-654,-778,403,7,2,-26,-452,1325,-161,-334,-999,-154,-17,28,-85,
1141473,315637,266204,167144,165139,164332,242,1360,198,-658,-782,405,6,8,-25,-458,1330,-164,-335,-1000,-157,-26,36,-96,
1141473,315637,266204,167144,165139,164095,232,1367,209,-658,-782,405,7,10,-28,-446,1323,-179,-335,-1000,-170,-17,39,-97,
1141473,315637,266204,167144,165139,164095,257,1373,155,-659,-782,400,18,12,-18,-446,1325,-175,-335,-1000,-170,-11,45,-92,
1141473,315637,266204,167144,165139,164095,253,1381,167,-659,-782,400,13,12,-26,-462,1307,-186,-332,-1003,-153,-8,41,-95,
1163374,315637,266204,167144,165139,164095,234,1367,169,-660,-774,396,9,12,-19,-444,1307,-165,-332,-1003,-153,-9,26,-91,
1163374,295584,266204,167144,165139,164095,255,1370,160,-660,-776,407,8,9,-19,-449,1317,-186,-332,-1001,-147,-13,28,-84,
1163374,295584,260811,167144,165139,164095,237,1362,190,-659,-776,407,3,5,-15,-445,1313,-176,-332,-1001,-147,-8,29,-88,
1163374,295584,260811,165637,165139,164095,258,1365,162,-657,-780,406,-1,2,-15,-440,1310,-176,-330,-1005,-160,-11,31,-83,
1163374,295584,260811,165637,165198,164095,249,1370,197,-657,-780,406,4,8,-19,-454,1328,-154,-333,-1002,-149,-16,23,-87,
1163374,295584,260811,165637,165198,163853,253,1369,172,-659,-783,415,1,2,-18,-449,1327,-177,-333,-1002,-149,-19,21,-91,
1163374,295584,260811,165637,165198,163853,246,1354,191,-659,-783,415,1,-2,-14,-449,1314,-158,-334,-1003,-163,-13,19,-89,
1163374,295584,260811,165637,165198,163853,245,1365,189,-657,-778,407,2,0,-16,-455,1318,-174,-334,-1003,-163,-16,22,-84,
1146834,295584,260811,165637,165198,163853,238,1366,187,-657,-778,407,7,8,-21,-455,1316,-156,-340,-1003,-156,-16,21,-90,
1146834,309720,260811,165637,165198,163853,253,1370,175,-658,-778,400,8,8,-25,-438,1308,-171,-340,-1001,-154,-17,29,-93,
1146834,309720,167288,165637,165198,163853,245,1356,207,-658,-783,412,12,7,-23,-448,1326,-163,-332,-1001,-154,-10,24,-90,
1146834,309720,167288,165514,165198,163853,257,1364,153,-658,-783,412,22,3,-24,-454,1306,-166,-331,-1007,-154,-13,27,-95,
1146834,309720,167288,165514,165464,163853,1,1363,200,-657,-779,402,18,-2,-17,-463,1304,-164,-331,-1007,-154,-11,33,-86,
1146834,309720,167288,165514,165464,164132,253,1377,187,-657,-779,402,13,4,-19,-448,1316,-160,-334,-1001,-150,-12,34,-81,
1146834,309720,167288,165514,165464,164132,251,1368,172,-660,-774,406,14,9,-25,-443,1317,-180,-334,-1001,-150,-26,48,-78,
1146834,309720,167288,165514,165464,164132,257,1354,159,-660,-774,406,14,9,-25,-455,1326,-174,-335,-998,-153,-29,41,-70,
1237770,309720,167288,165514,165464,164132,257,1369,175,-662,-771,407,7,6,-20,-455,1338,-168,-332,-1000,-173,-27,36,-75,
1237770,346630,167288,165514,165464,164132,262,1372,158,-658,-782,402,-3,9,-26,-447,1344,-159,-332,-1000,-173,-20,30,-87,
1237770,346630,167108,165514,165464,164132,254,1378,148,-658,-782,402,-2,10,-24,-441,1331,-169,-334,-1005,-166,-9,29,-94,
1237770,346630,167108,165530,165464,164132,244,1364,154,-656,-782,404,-4,9,-22,-450,1302,-158,-334,-1005,-166,-2,28,-116,
1237770,346630,167108,165530,165424,164132,255,1365,175,-656,-782,404,-6,3,-22,-449,1302,-149,-334,-997,-150,-3,31,-106,
1237770,346630,167108,165530,165424,164244,252,1374,193,-657,-780,407,1,6,-22,-435,1312,-180,-334,-997,-150,-8,31,-95,
1237770,346630,167108,165530,165424,164244,247,1364,179,-657,-780,407,3,14,-26,-446,1305,-163,-333,-1000,-143,2,27,-87,
1237770,346630,167108,165530,165424,164244,251,1374,187,-660,-772,398,11,9,-21,-447,1325,-173,-337,-1005,-158,-16,30,-80,
1230840,346630,167108,165530,165424,164244,255,1369,155,-656,-779,404,7,14,-23,-443,1331,-168,-337,-1005,-158,-19,36,-84,
1230840,333545,167108,165530,165424,164244,247,1355,182,-656,-779,404,12,13,-21,-451,1321,-169,-333,-1002,-159,-23,30,-93,
1230840,333545,167302,165530,165424,164244,252,1370,185,-656,-782,410,10,12,-20,-455,1317,-160,-333,-1002,-159,-18,31,-93,
1230840,333545,167302,165704,165424,164244,243,1356,163,-656,-782,410,10,8,-24,-439,1308,-178,-333,-1004,-146,-12,29,-104,
1230840,333545,167302,165704,165495,164244,245,1365,180,-656,-781,406,13,7,-22,-448,1301,-164,-333,-1004,-146,-19,29,-94,
1230840,333545,167302,165704,165495,164364,247,1361,181,-656,-781,406,5,7,-21,-441,1292,-166,-328,-1005,-154,-21,30,-80,
1230840,333545,167302,165704,165495,164364,258,1360,171,-659,-778,403,3,6,-23,-446,1309,-178,-335,-1004,-161,-28,36,-84,
1230840,333545,167302,165704,165495,164364,251,1372,181,-659,-778,403,4,2,-22,-450,1316,-162,-335,-1004,-161,-23,35,-76,
1222868,333545,167302,165704,165495,164364,247,1365,183,-657,-780,413,6,8,-21,-451,1325,-152,-332,-1006,-155,-22,32,-81,
1222868,332073,167302,165704,165495,164364,253,1367,168,-658,-780,405,7,6,-13,-454,1330,-168,-332,-1006,-155,-13,37,-92,
1222868,332073,167164,165704,165495,164364,247,1369,184,-658,-780,405,8,-1,-13,-445,1323,-168,-335,-997,-144,-14,35,-96,
1222868,332073,167164,180957,165495,164364,258,1374,166,-658,-785,411,8,4,-13,-450,1322,-153,-335,-1001,-156,-12,31,-91,
1222868,332073,167164,180957,165411,164364,261,1375,167,-658,-785,411,-1,7,-17,-435,1319,-179,-335,-1001,-156,-15,26,-88,
1222868,332073,167164,180957,165411,164378,256,1377,175,-661,-783,399,-4,2,-17,-442,1321,-173,-332,-1004,-148,-12,28,-96,
1222868,332073,167164,180957,165411,164378,251,1363,162,-661,-783,399,-7,1,-22,-450,1306,-162,-332,-1004,-148,-18,34,-88,
1222868,332073,167164,180957,165411,164378,255,1374,153,-654,-778,405,-10,4,-25,-444,1312,-171,-335,-1006,-157,-13,33,-94,
1216735,332073,167164,180957,165411,164378,259,1381,159,-657,-784,403,-10,4,-25,-441,1325,-177,-335,-1006,-157,-13,22,-87,
1216735,476246,167164,180957,165411,164378,234,1367,189,-657,-784,403,-9,3,-24,-452,1313,-161,-334,-1005,-150,-15,32,-87,
1216735,476246,167144,180957,165411,164378,240,1361,180,-659,-786,420,-10,8,-18,-452,1320,-172,-336,-1000,-144,-15,33,-93,
1216735,476246,167144,184221,165411,164378,262,1359,168,-659,-786,420,-10,4,-24,-452,1325,-164,-336,-1000,-144,-10,26,-99,
1216735,476246,167144,184221,165447,164378,239,1366,188,-658,-775,403,-2,2,-18,-447,1310,-161,-334,-1003,-159,-9,27,-105,
1216735,476246,167144,184221,165447,164366,240,1351,183,-658,-775,403,2,5,-11,-438,1325,-176,-334,-1003,-159,-20,34,-108,
1216735,476246,167144,184221,165447,164366,259,1371,168,-660,-778,406,2,3,-16,-448,1308,-160,-331,-996,-156,-20,30,-106,
1216735,476246,167144,184221,165447,164366,229,1366,208,-658,-778,404,19,5,-20,-456,1325,-158,-331,-996,-156,-20,35,-103,
1252109,476246,167144,184221,165447,164366,264,1368,175,-658,-778,404,20,9,-17,-430,1320,-186,-335,-996,-158,-11,29,-93,
1252109,497115,167144,184221,165447,164366,249,1369,175,-655,-783,407,17,7,-13,-447,1312,-165,-334,-1003,-145,-19,29,-102,
1252109,497115,166902,184221,165447,164366,263,1369,153,-655,-783,407,8,8,-22,-455,1322,-160,-334,-1003,-145,-10,35,-97,
1252109,497115,166902,179093,165447,164366,278,1382,163,-661,-780,396,7,9,-21,-451,1309,-168,-330,-1001,-155,-13,35,-102,
1252109,497115,166902,179093,165383,164366,249,1363,177,-661,-780,396,16,8,-24,-442,1310,-159,-330,-1001,-155,-6,36,-89,
1252109,497115,166902,179093,165383,164414,253,1367,157,-660,-776,407,10,13,-21,-448,1298,-169,-335,-1004,-146,-6,30,-93,
1252109,497115,166902,179093,165383,164414,247,1372,179,-660,-776,411,13,10,-19,-443,1304,-166,-335,-1004,-146,-14,37,-98,
1252109,497115,166902,179093,165383,164414,250,1372,161,-661,-778,411,6,13,-17,-448,1324,-152,-332,-998,-149,-13,30,-88,
1201042,497115,166902,179093,165383,164414,245,1365,160,-658,-782,412,-5,5,-19,-442,1321,-189,-336,-1004,-161,-17,30,-92,
1201042,484255,166902,179093,165383,164414,256,1375,160,-658,-782,412,-9,1,-22,-447,1335,-177,-336,-1004,-161,-8,27,-98,
1201042,484255,167244,179093,165383,164414,243,1366,171,-659,-784,408,-10,-1,-16,-455,1315,-161,-334,-1002,-148,-14,33,-111,
1201042,484255,167244,180443,165383,164414,253,1364,179,-659,-784,408,-9,6,-18,-439,1306,-148,-334,-1002,-148,-9,29,-101,
1201042,484255,167244,180443,165446,164414,255,1357,175,-660,-780,405,-5,3,-14,-455,1303,-181,-336,-998,-156,0,30,-95,
1201042,484255,167244,180443,165446,164338,251,1359,187,-660,-780,405,5,2,-11,-458,1313,-152,-333,-996,-157,-4,35,-82,
1201042,484255,167244,180443,165446,164338,256,1367,181,-661,-780,408,8,5,-14,-455,1325,-172,-333,-996,-157,-22,34,-85,
1201042,484255,167244,180443,165446,164338,259,1366,186,-659,-785,414,11,8,-18,-446,1324,-167,-332,-1005,-154,-14,37,-89,
1196822,484255,167244,180443,165446,164338,245,1378,181,-659,-785,414,11,3,-12,-446,1313,-176,-332,-1005,-154,-20,37,-97,
1196822,481938,167244,180443,165446,164338,242,1363,156,-658,-783,406,15,6,-19,-444,1325,-159,-335,-1007,-153,-19,33,-96,
1196822,481938,167168,180443,165446,164338,246,1362,175,-658,-783,406,15,11,-16,-441,1319,-156,-335,-1007,-153,-10,25,-89,
1196822,481938,167168,180390,165446,164338,236,1355,186,-660,-775,418,9,7,-16,-436,1315,-169,-332,-1000,-165,-4,31,-94,
1196822,481938,167168,180390,165104,164338,258,1381,147,-660,-775,418,1,2,-18,-449,1310,-180,-332,-999,-152,-10,32,-93,
1196822,481938,167168,180390,165104,164272,259,1367,149,-658,-776,409,-3,8,-18,-429,1311,-181,-332,-999,-152,-20,30,-104,
1196822,481938,167168,180390,165104,164272,254,1376,144,-656,-779,405,2,10,-22,-447,1320,-173,-332,-1005,-148,-12,25,-99,
1196822,481938,167168,180390,165104,164272,245,1364,200,-656,-779,405,-6,0,-18,-450,1312,-173,-332,-1005,-148,-20,25,-89,
1163065,481938,167168,180390,165104,164272,238,1363,180,-658,-784,409,-9,0,-14,-462,1333,-164,-336,-1003,-152,-17,30,-80,
1163065,478334,167168,180390,165104,164272,245,1369,169,-658,-784,409,-3,10,-19,-458,1316,-166,-336,-1003,-152,-18,32,-88,
1163065,478334,167194,180390,165104,164272,240,1367,204,-660,-784,401,4,7,-17,-451,1322,-173,-334,-997,-158,-14,30,-90,
1163065,478334,167194,176657,165104,164272,263,1377,161,-660,-784,401,20,4,-14,-459,1310,-160,-335,-1005,-142,-13,36,-98,
1163065,478334,167194,176657,165499,164272,268,1379,174,-661,-772,403,15,7,-15,-454,1309,-163,-335,-1005,-142,-1,41,-94,
1163065,478334,167194,176657,165499,163905,239,1364,174,-661,-777,402,8,8,-19,-441,1304,-161,-333,-1008,-157,-13,37,-86,
1163065,478334,167194,176657,165499,163905,244,1364,172,-659,-777,402,3,13,-21,-433,1313,-161,-333,-1008,-157,-25,38,-86,
1163065,478334,167194,176657,165499,163905,248,1382,169,-657,-781,408,9,10,-17,-424,1325,-175,-334,-1007,-152,-11,36,-87,
1165418,478334,167194,176657,165499,163905,246,1367,190,-657,-781,408,6,10,-24,-438,1323,-171,-334,-1007,-152,-17,30,-93,
1165418,488585,167194,176657,165499,163905,252,1368,171,-655,-784,394,-2,5,-26,-444,1319,-169,-334,-1005,-157,-11,28,-87,
1165418,488585,166941,176657,165499,163905,246,1360,184,-655,-784,394,-5,5,-19,-448,1331,-199,-334,-1004,-155,-9,23,-89,
1165418,488585,166941,175315,165499,163905,248,1351,169,-658,-774,398,0,6,-23,-441,1305,-156,-334,-1004,-155,-8,29,-94,
1165418,488585,166941,175315,165254,163905,251,1378,176,-658,-774,398,0,9,-20,-441,1313,-168,-333,-1005,-155,-16,37,-106,
1165418,488585,166941,175315,165254,164314,253,1365,154,-656,-779,404,5,11,-21,-462,1324,-161,-333,-1005,-155,-10,39,-96,
1165418,488585,166941,175315,165254,164314,248,1358,181,-658,-780,404,6,9,-16,-450,1304,-174,-336,-997,-153,-15,23,-90,
1165418,488585,166941,175315,165254,164314,244,1373,170,-658,-780,404,6,9,-17,-447,1332,-170,-336,-998,-159,-12,30,-81,
1178410,488585,166941,175315,165254,164314,251,1362,180,-657,-780,401,4,10,-18,-462,1326,-169,-336,-998,-159,-16,29,-78,
1178410,490268,166941,175315,165254,164314,239,1363,191,-657,-780,401,6,12,-20,-445,1326,-161,-337,-1004,-154,-14,35,-89,
1178410,490268,167061,175315,165254,164314,251,1359,168,-661,-776,401,-3,21,-23,-443,1310,-168,-337,-1004,-154,-11,22,-99,
1178410,490268,167061,178664,165254,164314,241,1375,175,-661,-776,401,-1,7,-19,-444,1318,-161,-334,-997,-154,-7,31,-92,
1178410,490268,167061,178664,165188,164314,238,1371,167,-659,-772,412,-1,9,-22,-433,1315,-188,-334,-997,-154,-7,32,-89,
1178410,490268,167061,178664,165188,164164,259,1375,173,-657,-781,410,0,9,-24,-445,1318,-167,-334,-999,-151,-14,35,-90,
1178410,490268,167061,178664,165188,164164,258,1384,162,-657,-781,410,-2,4,-21,-444,1322,-167,-330,-1003,-157,-11,34,-88,
1178410,490268,167061,178664,165188,164164,248,1362,179,-658,-781,413,2,3,-16,-465,1337,-165,-330,-1003,-157,-4,27,-97,
1216861,490268,167061,178664,165188,164164,252,1371,167,-658,-781,413,7,8,-20,-451,1328,-163,-335,-1002,-156,-17,39,-111,
1216861,491358,167061,178664,165188,164164,267,1377,161,-658,-777,408,9,7,-16,-455,1314,-166,-335,-1002,-156,-20,35,-106,
1216861,491358,167199,178664,165188,164164,267,1364,146,-658,-777,408,6,6,-23,-448,1306,-168,-332,-1003,-154,-17,30,-104,
1216861,491358,167199,175115,165188,164164,250,1373,150,-660,-772,406,10,11,-21,-452,1312,-156,-332,-1003,-154,-7,34,-106,
1216861,491358,167199,175115,165451,164164,250,1369,156,-660,-774,404,8,7,-16,-453,1307,-169,-333,-1003,-165,-16,38,-101,
1216861,491358,167199,175115,165451,164167,244,1366,177,-660,-774,404,-3,-2,-19,-444,1312,-155,-334,-1005,-147,-20,38,-94,
1216861,491358,167199,175115,165451,164167,254,1371,164,-655,-784,410,1,6,-22,-447,1309,-173,-334,-1005,-147,-24,38,-93,
1216861,491358,167199,175115,165451,164167,252,1369,166,-655,-784,410,5,7,-20,-456,1333,-167,-331,-1000,-156,-22,32,-88,
1183316,491358,167199,175115,165451,164167,243,1372,154,-658,-783,413,2,1,-16,-455,1345,-162,-331,-1000,-156,-21,31,-100,
1183316,484711,167199,175115,165451,164167,242,1356,182,-658,-783,413,-2,13,-21,-446,1323,-146,-336,-998,-150,-15,33,-109,
1183316,484711,167024,175115,165451,164167,234,1374,160,-661,-780,414,1,2,-21,-447,1284,-163,-336,-998,-160,-5,44,-104,
1183316,484711,167024,176997,165451,164167,255,1365,166,-661,-780,409,3,8,-16,-450,1299,-172,-336,-1003,-160,1,37,-109,
1183316,484711,167024,176997,165425,164167,255,1372,162,-659,-782,409,2,13,-18,-447,1302,-152,-335,-1002,-164,-11,28,-105,
1183316,484711,167024,176997,165425,164218,257,1371,162,-660,-781,407,4,5,-17,-443,1333,-167,-335,-1002,-164,-18,33,-95,
1183316,484711,167024,176997,165425,164218,253,1366,184,-660,-781,407,1,7,-13,-450,1329,-152,-335,-1003,-152,-18,30,-92,
1183316,484711,167024,176997,165425,164218,259,1365,157,-658,-784,400,3,12,-24,-463,1320,-159,-335,-1003,-152,-8,37,-97,
1168218,484711,167024,176997,165425,164218,242,1372,185,-658,-784,400,-1,6,-17,-453,1314,-161,-333,-997,-157,-9,36,-113,
1168218,487274,167024,176997,165425,164218,250,1364,159,-659,-782,405,-2,6,-18,-440,1308,-169,-333,-1001,-153,-5,26,-113,
1168218,487274,167091,176997,165425,164218,259,1373,156,-659,-782,405,1,1,-15,-448,1312,-173,-333,-1001,-153,-7,27,-98,
1168218,487274,167091,172767,165425,164218,248,1369,156,-658,-778,401,3,11,-23,-450,1309,-178,-332,-1005,-156,-8,27,-90,
1168218,487274,167091,172767,165309,164218,249,1364,171,-660,-782,410,4,11,-17,-446,1303,-170,-332,-1005,-156,-16,31,-86,
1168218,487274,167091,172767,165309,163989,246,1360,170,-660,-782,410,3,8,-17,-450,1307,-168,-333,-1000,-153,-17,36,-83,
1168218,487274,167091,172767,165309,163989,251,1368,154,-658,-785,416,2,12,-29,-453,1312,-174,-333,-1000,-153,-11,32,-87,
