0,0,0,0,0,0,-28,-140,1352,303,3,924,-48,-1,-34,-48,21,1328,296,177,907,2,2,-36,
4768054,0,0,0,0,0,-44,-142,1277,303,3,924,-49,-5,-44,-42,18,1283,298,183,889,-1,0,-30,
4768054,3985336,0,0,0,0,-36,-151,1335,308,1,921,-44,-2,-39,-51,17,1322,298,183,889,6,-7,-29,
4768054,3985336,3339351,0,0,0,-54,-140,1328,308,1,921,-50,3,-31,-34,11,1313,294,181,889,4,-3,-34,
4768054,3985336,3339351,4354191,0,0,-41,-146,1286,303,4,920,-57,2,-38,-44,22,1297,298,182,896,5,0,-29,
4768054,3985336,3339351,4354191,3460463,0,-39,-139,1328,303,4,920,-59,-1,-34,-39,28,1334,298,182,896,-1,6,-29,
4768054,3985336,3339351,4354191,3460463,3770263,-23,-143,1304,305,12,915,-52,-3,-32,-50,17,1329,298,177,901,10,7,-29,
4768054,3985336,3339351,4354191,3460463,3770263,-37,-143,1307,307,1,921,-52,-4,-37,-33,23,1293,298,177,901,4,0,-34,
4768054,3985336,3339351,4354191,3460463,3770263,-58,-138,1343,307,1,921,-49,-4,-37,-49,21,1357,299,176,894,5,-5,-31,
4776020,3985336,3339351,4354191,3460463,3770263,-37,-145,1317,306,-3,924,-45,-4,-36,-34,11,1317,299,176,894,-2,-2,-30,
4776020,3970791,3339351,4354191,3460463,3770263,-52,-151,1281,306,-3,924,-49,-8,-38,-31,20,1296,300,180,892,-8,-1,-37,
4776020,3970791,3278171,4354191,3460463,3770263,-41,-134,1346,305,4,914,-53,-6,-42,-29,10,1305,300,180,885,3,3,-36,
4776020,3970791,3278171,4362170,3460463,3770263,-45,-141,1321,309,5,920,-55,0,-37,-33,20,1287,299,178,885,8,6,-33,
4776020,3970791,3278171,4362170,3448462,3770263,-44,-139,1325,309,5,920,-48,-8,-45,-36,21,1327,299,178,905,13,3,-35,
4776020,3970791,3278171,4362170,3448462,3754296,-52,-148,1324,303,1,917,-52,-6,-47,-18,34,1304,299,178,905,8,9,-31,
4776020,3970791,3278171,4362170,3448462,3754296,-20,-143,1321,303,1,917,-53,-1,-42,-41,24,1310,296,176,889,5,1,-32,
4776020,3970791,3278171,4362170,3448462,3754296,-37,-141,1337,303,1,928,-49,-5,-45,-44,22,1314,296,176,889,-5,8,-35,
4781997,3970791,3278171,4362170,3448462,3754296,-40,-140,1343,303,1,928,-50,-11,-38,-42,27,1299,296,177,906,5,8,-31,
4781997,3945302,3278171,4362170,3448462,3754296,-38,-150,1314,304,14,924,-53,-5,-42,-47,11,1314,296,177,906,8,4,-30,
4781997,3945302,3243072,4362170,3448462,3754296,-39,-146,1329,303,-1,919,-51,-2,-41,-32,16,1307,297,189,894,7,5,-34,
4781997,3945302,3243072,4369532,3448462,3754296,-39,-142,1307,303,-1,919,-43,-4,-41,-38,21,1306,298,178,896,6,1,-33,
4781997,3945302,3243072,4369532,3420233,3754296,-32,-149,1297,306,-2,922,-54,1,-37,-30,8,1330,298,178,896,13,4,-28,
4781997,3945302,3243072,4369532,3420233,3746311,-44,-132,1310,306,-2,922,-55,-2,-33,-43,22,1280,297,179,911,0,8,-34,
4781997,3945302,3243072,4369532,3420233,3746311,-20,-142,1324,303,5,928,-41,4,-35,-58,17,1355,297,179,911,2,-1,-32,
4781997,3945302,3243072,4369532,3420233,3746311,-28,-144,1357,303,0,929,-48,0,-38,-40,22,1286,297,178,899,12,-2,-28,
4789482,3945302,3243072,4369532,3420233,3746311,-43,-149,1291,303,0,929,-53,-3,-40,-38,22,1320,297,178,899,11,4,-30,
4789482,3947010,3243072,4369532,3420233,3746311,-33,-142,1329,303,1,922,-46,-7,-42,-47,21,1333,295,186,895,11,7,-25,
4789482,3947010,3209306,4369532,3420233,3746311,-46,-147,1289,303,1,922,-39,-4,-43,-52,26,1306,297,187,911,14,9,-22,
4789482,3947010,3209306,4372603,3420233,3746311,-36,-144,1346,303,-1,919,-44,-3,-43,-52,11,1356,297,187,911,13,-252,-32,
4789482,3947010,3209306,4372603,3419311,3746311,-45,-142,1322,303,-1,919,-44,-1,-39,-20,28,1288,297,178,899,8,1,-32,
4789482,3947010,3209306,4372603,3419311,3740876,-42,-146,1326,307,5,913,-51,4,-35,-41,31,1296,297,178,899,6,-1,-33,
4789482,3947010,3209306,4372603,3419311,3740876,-25,-143,1328,306,-1,921,-52,-1,-45,-49,24,1338,297,175,894,8,-6,-39,
4789482,3947010,3209306,4372603,3419311,3740876,-52,-148,1331,306,-1,921,-45,-5,-42,-36,28,1300,297,175,894,-2,-6,-35,
4791497,3947010,3209306,4372603,3419311,3740876,-30,-142,1286,304,0,929,-45,-4,-43,-44,19,1291,296,184,895,2,1,-33,
4791497,3948455,3209306,4372603,3419311,3740876,-39,-143,1357,304,0,929,-48,-3,-40,-39,25,1293,296,184,895,3,-1,-32,
4791497,3948455,3198895,4372603,3419311,3740876,-29,-162,1310,300,1,925,-45,-2,-38,-36,9,1322,298,183,904,-5,5,-35,
4791497,3948455,3198895,4374688,3419311,3740876,-28,-150,1342,307,1,919,-51,-1,-37,-47,18,1309,299,175,916,2,1,-31,
4791497,3948455,3198895,4374688,3419088,3740876,-38,-136,1316,307,1,919,-53,1,-41,-50,23,1332,299,175,916,7,-4,-36,
4791497,3948455,3198895,4374688,3419088,3734644,-41,-150,1294,306,2,915,-48,-2,-37,-25,22,1325,300,175,902,10,3,-32,
4791497,3948455,3198895,4374688,3419088,3734644,-31,-150,1319,306,2,915,-52,-1,-41,-38,22,1319,300,175,902,4,5,-26,
4791497,3948455,3198895,4374688,3419088,3734644,-33,-153,1339,304,3,916,-51,1,-38,-42,14,1325,299,183,898,6,-2,-29,
4792996,3948455,3198895,4374688,3419088,3734644,-28,-139,1330,304,3,916,-52,-5,-37,-47,15,1322,299,183,898,11,6,-34,
4792996,3943655,3198895,4374688,3419088,3734644,-48,-146,1303,304,5,924,-57,-3,-36,-51,15,1323,296,186,899,12,12,-30,
4792996,3943655,3200779,4374688,3419088,3734644,-25,-151,1321,303,1,924,-60,-6,-34,-53,29,1316,294,178,899,6,2,-32,
4792996,3943655,3200779,4376577,3419088,3734644,-24,-165,1318,303,1,924,-54,3,-39,-43,21,1312,294,178,899,0,5,-30,
4792996,3943655,3200779,4376577,3427128,3734644,-49,-140,1315,300,0,928,-50,1,-36,-41,32,1311,295,176,897,6,2,-33,
4792996,3943655,3200779,4376577,3427128,3736441,-21,-148,1322,300,0,928,-49,-3,-43,-30,15,1323,295,176,897,1,6,-34,
4792996,3943655,3200779,4376577,3427128,3736441,-46,-144,1301,303,2,930,-51,-4,-40,-45,29,1352,299,176,900,7,9,-28,
4792996,3943655,3200779,4376577,3427128,3736441,-16,-136,1336,305,2,920,-48,-3,-35,-44,14,1303,299,176,900,0,-1,-37,
4795319,3943655,3200779,4376577,3427128,3736441,-37,-146,1329,305,2,920,-43,-2,-44,-28,21,1318,299,180,895,8,0,-33,
4795319,3931967,3200779,4376577,3427128,3736441,-12,-143,1324,305,-3,915,-46,0,-42,-29,17,1315,299,180,879,0,6,-33,
4795319,3931967,3186318,4376577,3427128,3736441,-57,-141,1309,305,-3,915,-47,-2,-35,-23,24,1304,294,180,879,-1,1,-31,
4795319,3931967,3186318,4380794,3427128,3736441,-7,-148,1322,302,0,915,-50,-2,-41,-38,19,1307,302,181,899,2,5,-35,
4795319,3931967,3186318,4380794,3455206,3736441,-44,-131,1330,302,0,915,-51,-2,-43,-59,12,1326,302,181,899,6,2,-28,
4795319,3931967,3186318,4380794,3455206,3749431,-22,-150,1326,303,2,927,-53,-2,-42,-50,20,1344,298,176,909,5,-4,-31,
4795319,3931967,3186318,4380794,3455206,3749431,-21,-154,1322,307,-3,919,-55,0,-34,-43,24,1344,298,176,909,8,3,-34,
4795319,3931967,3186318,4380794,3455206,3749431,-26,-142,1308,307,-3,919,-50,3,-43,-27,29,1279,297,184,911,11,12,-34,
4799417,3931967,3186318,4380794,3455206,3749431,-32,-141,1291,302,-2,926,-52,-3,-39,-33,21,1299,297,184,911,13,4,-29,
4799417,3922648,3186318,4380794,3455206,3749431,-19,-149,1331,302,-2,926,-53,-1,-38,-40,22,1337,295,183,884,9,0,-26,
4799417,3922648,3149147,4380794,3455206,3749431,-26,-149,1315,303,3,918,-48,1,-44,-65,21,1334,294,176,880,10,5,-22,
4799417,3922648,3149147,4384039,3455206,3749431,-27,-153,1340,302,1,923,-45,-4,-39,-32,23,1284,294,176,880,8,1,-26,
4799417,3922648,3149147,4384039,3459727,3749431,-25,-142,1340,302,1,923,-42,2,-36,-36,30,1325,299,178,898,2,1,-26,
4799417,3922648,3149147,4384039,3459727,3758465,-29,-146,1295,306,0,929,-46,-8,-38,-49,18,1299,299,178,898,0,2,-33,
4799417,3922648,3149147,4384039,3459727,3758465,-37,-159,1314,306,0,929,-50,1,-39,-22,22,1290,296,182,899,8,2,-30,
4799417,3922648,3149147,4384039,3459727,3758465,-18,-137,1341,303,3,918,-50,-3,-35,-47,20,1297,296,182,899,7,2,-30,
4804263,3922648,3149147,4384039,3459727,3758465,-32,-144,1326,303,3,921,-45,0,-34,-55,25,1345,295,182,913,7,8,-30,
4804263,3920407,3149147,4384039,3459727,3758465,-32,-147,1316,303,1,921,-45,1,-34,-41,15,1312,295,176,907,14,0,-24,
4804263,3920407,3141537,4384039,3459727,3758465,-57,-147,1294,302,0,925,-42,4,-36,-23,26,1306,297,176,907,14,5,-33,
4804263,3920407,3141537,4384259,3459727,3758465,-29,-147,1311,302,0,925,-52,-5,-42,-39,35,1309,297,178,884,10,0,-27,
4804263,3920407,3141537,4384259,3459650,3758465,-1,-136,1348,301,-2,925,-42,-1,-45,-52,12,1322,297,178,884,2,7,-35,
4804263,3920407,3141537,4384259,3459650,3756177,-20,-155,1290,301,-2,925,-50,-1,-40,-26,28,1298,299,177,911,1,0,-31,
4804263,3920407,3141537,4384259,3459650,3756177,-25,-144,1351,304,4,917,-51,-2,-38,-50,17,1321,299,177,911,13,-8,-27,
4804263,3920407,3141537,4384259,3459650,3756177,-35,-145,1322,305,2,922,-54,-4,-41,-47,9,1342,294,177,889,10,-3,-32,
4811901,3920407,3141537,4384259,3459650,3756177,-37,-147,1320,305,2,922,-54,-2,-40,-47,21,1324,294,177,889,4,-3,-32,
4811901,3917228,3141537,4384259,3459650,3756177,-31,-159,1329,305,-2,920,-50,-6,-45,-34,24,1312,296,185,894,7,4,-30,
4811901,3917228,3144058,4384259,3459650,3756177,-37,-142,1333,305,-2,920,-48,-7,-39,-35,26,1312,294,176,913,8,-4,-37,
4811901,3917228,3144058,4384878,3459650,3756177,-53,-150,1321,301,3,930,-50,-1,-41,-30,22,1302,294,176,913,1,11,-31,
4811901,3917228,3144058,4384878,3450573,3756177,-18,-134,1323,301,0,927,-50,-6,-46,-60,23,1312,299,179,901,-4,8,-35,
4811901,3917228,3144058,4384878,3450573,3741669,-46,-144,1352,305,0,927,-49,-6,-38,-56,15,1330,299,179,901,-3,6,-35,
4811901,3917228,3144058,4384878,3450573,3741669,-29,-155,1338,302,-2,926,-47,-2,-38,-31,43,1305,297,179,905,9,12,-32,
4811901,3917228,3144058,4384878,3450573,3741669,-34,-158,1297,302,-2,926,-53,-5,-40,-16,37,1289,297,179,905,14,12,-31,
4818554,3917228,3144058,4384878,3450573,3741669,-22,-138,1310,304,4,917,-52,-8,-35,-29,30,1309,296,189,898,7,5,-24,
4818554,3903493,3144058,4384878,3450573,3741669,-22,-154,1321,304,4,917,-53,-5,-34,-37,24,1327,296,178,902,3,3,-32,
4818554,3903493,3133391,4384878,3450573,3741669,-39,-147,1325,303,6,927,-49,-3,-44,-30,16,1352,296,178,902,5,-4,-37,
4818554,3903493,3133391,4384853,3450573,3741669,-29,-151,1328,303,-2,924,-46,-7,-42,-34,27,1299,299,175,892,9,-4,-36,
4818554,3903493,3133391,4384853,3431295,3741669,-39,-145,1313,303,-2,924,-53,-8,-46,-31,18,1359,299,175,892,8,3,-32,
4818554,3903493,3133391,4384853,3431295,3732236,-35,-151,1317,305,0,922,-48,-4,-39,-33,29,1284,297,176,891,2,2,-35,
4818554,3903493,3133391,4384853,3431295,3732236,-38,-146,1294,305,0,922,-46,-8,-38,-48,19,1327,297,176,891,8,8,-37,
4818554,3903493,3133391,4384853,3431295,3732236,-41,-147,1333,304,9,934,-57,-4,-41,-58,17,1329,296,185,900,3,7,-31,
4827517,3903493,3133391,4384853,3431295,3732236,-20,-144,1343,304,9,923,-45,0,-39,-36,12,1320,296,185,900,11,3,-28,
4827517,3895167,3133391,4384853,3431295,3732236,-36,-147,1327,303,9,923,-49,-6,-39,-44,22,1336,294,180,918,15,13,-32,
4827517,3895167,3121397,4384853,3431295,3732236,-32,-148,1317,301,1,922,-55,-4,-45,-26,32,1286,297,179,892,15,10,-34,
4827517,3895167,3121397,4379190,3431295,3732236,-24,-145,1316,301,1,922,-45,-7,-47,-43,19,1320,297,179,892,7,6,-28,
4827517,3895167,3121397,4379190,3419529,3732236,-34,-142,1315,301,3,924,-48,-3,-42,-46,21,1329,301,176,907,6,9,-30,
4827517,3895167,3121397,4379190,3419529,3730118,-24,-143,1351,301,3,924,-48,-3,-40,-45,16,1330,301,176,907,16,10,-26,
4827517,3895167,3121397,4379190,3419529,3730118,-39,-148,1270,304,6,919,-48,-5,-38,-36,31,1315,298,182,887,10,7,-25,
4827517,3895167,3121397,4379190,3419529,3730118,-30,-146,1353,306,-1,920,-52,-1,-43,-46,16,1325,298,182,887,3,8,-34,
4837649,3895167,3121397,4379190,3419529,3730118,-32,-142,1311,306,-1,920,-51,-9,-39,-31,22,1328,296,184,912,-2,9,-35,
4837649,3880258,3121397,4379190,3419529,3730118,-16,-148,1317,306,5,922,-47,1,-38,-36,21,1312,295,179,898,2,7,-30,
4837649,3880258,3082617,4379190,3419529,3730118,-13,-159,1292,306,5,922,-48,-1,-41,-32,15,1294,295,179,898,4,6,-29,
4837649,3880258,3082617,4373456,3419529,3730118,-27,-152,1327,303,9,916,-46,-1,-40,-39,28,1305,300,178,918,6,11,-25,
4837649,3880258,3082617,4373456,3420327,3730118,-29,-136,1322,302,-3,923,-50,-5,-44,-24,38,1304,300,178,918,10,6,-29,
4837649,3880258,3082617,4373456,3420327,3730964,-36,-145,1331,302,-3,923,-47,-1,-45,-35,25,1306,295,177,898,2,1,-29,
4837649,3880258,3082617,4373456,3420327,3730964,-17,-148,1304,305,5,926,-48,0,-45,-36,18,1301,295,177,898,0,6,-32,
4837649,3880258,3082617,4373456,3420327,3730964,-19,-158,1324,305,5,926,-52,-2,-41,-40,25,1306,295,188,911,3,-4,-26,
4844135,3880258,3082617,4373456,3420327,3730964,-25,-153,1309,299,4,921,-52,1,-36,-50,22,1331,295,179,906,2,3,-29,
4844135,3868678,3082617,4373456,3420327,3730964,-34,-151,1301,299,4,921,-52,-2,-38,-46,23,1324,294,179,906,5,4,-28,
4844135,3868678,3089215,4373456,3420327,3730964,-19,-140,1324,299,12,916,-48,-7,-43,-45,29,1323,298,176,907,8,7,-27,
4844135,3868678,3089215,4365845,3420327,3730964,-30,-145,1310,305,5,919,-47,-4,-45,-46,26,1321,298,176,907,8,0,-30,
4844135,3868678,3089215,4365845,3419351,3730964,-16,-157,1319,305,5,919,-49,-2,-40,-44,18,1332,300,177,886,-2,-2,-27,
4844135,3868678,3089215,4365845,3419351,3719588,-21,-148,1315,303,-2,926,-50,-5,-39,-35,26,1313,300,177,886,-3,3,-24,
4844135,3868678,3089215,4365845,3419351,3719588,-38,-152,1304,303,-2,926,-47,-3,-44,-38,17,1311,297,182,888,0,10,-29,
4844135,3868678,3089215,4365845,3419351,3719588,-25,-139,1314,300,10,926,-48,-3,-42,-36,19,1316,297,182,888,3,1,-30,
4856919,3868678,3089215,4365845,3419351,3719588,-16,-139,1337,302,6,913,-49,-3,-42,-39,24,1328,294,185,915,-6,3,-34,
4856919,3872792,3089215,4365845,3419351,3719588,-32,-155,1304,302,6,913,-52,-3,-42,-39,20,1315,297,175,910,4,1,-29,
4856919,3872792,3097917,4365845,3419351,3719588,-19,-145,1310,301,3,915,-52,-7,-41,-45,15,1324,297,175,910,10,6,-35,
4856919,3872792,3097917,4361605,3419351,3719588,-23,-148,1318,301,3,915,-46,-5,-41,-46,26,1302,297,180,906,7,4,-33,
4856919,3872792,3097917,4361605,3348638,3719588,-18,-145,1353,302,7,921,-48,3,-40,-59,19,1314,297,180,906,3,-1,-31,
4856919,3872792,3097917,4361605,3348638,3473647,-35,-133,1302,302,7,921,-47,4,-48,-31,34,1297,299,177,898,-2,-9,-30,
4856919,3872792,3097917,4361605,3348638,3473647,-24,-147,1321,298,10,927,-50,5,-36,-38,20,1310,299,177,898,6,2,-31,
4856919,3872792,3097917,4361605,3348638,3473647,-41,-143,1348,305,5,921,-44,0,-39,-42,20,1318,296,188,915,8,5,-30,
4853733,3872792,3097917,4361605,3348638,3473647,-29,-143,1320,305,5,921,-50,2,-40,-31,23,1311,299,183,884,12,-2,-32,
4853733,3917817,3097917,4361605,3348638,3473647,-1,-150,1317,300,1,925,-46,13,-42,-26,26,1313,299,183,884,9,14,-31,
4853733,3917817,3261113,4361605,3348638,3473647,-29,-145,1354,300,1,925,-45,15,-40,-42,25,1324,299,177,897,4,18,-27,
4853733,3917817,3261113,4340743,3348638,3473647,-22,-155,1312,303,10,917,-44,13,-35,-49,22,1318,299,177,897,3,22,-24,
4853733,3917817,3261113,4340743,3286332,3473647,-12,-145,1315,302,4,925,-45,14,-33,-39,18,1326,299,179,892,-2,15,-28,
4853733,3917817,3261113,4340743,3286332,3354895,-34,-151,1352,302,4,925,-46,16,-36,-34,23,1308,299,179,892,-4,20,-30,
4853733,3917817,3261113,4340743,3286332,3354895,-19,-151,1271,304,-3,929,-42,19,-35,-44,25,1313,298,180,903,-12,26,-35,
4853733,3917817,3261113,4340743,3286332,3354895,-52,-145,1347,304,-3,929,-41,21,-25,-40,29,1333,298,180,903,-11,24,-30,
4813086,3917817,3261113,4340743,3286332,3354895,-24,-147,1325,303,2,909,-40,19,-25,-27,23,1315,300,181,901,-11,35,-32,
4813086,4039115,3261113,4340743,3286332,3354895,-34,-142,1311,303,2,909,-40,23,-29,-62,23,1302,301,178,914,-15,41,-39,
4813086,4039115,3642622,4340743,3286332,3354895,-30,-151,1291,306,10,924,-42,27,-28,-32,25,1323,301,178,914,-9,51,-35,
4813086,4039115,3642622,4095603,3286332,3354895,-38,-138,1332,307,0,923,-39,27,-21,-63,26,1347,305,181,894,-31,67,-40,
4813086,4039115,3642622,4095603,3347668,3354895,-45,-139,1315,307,0,923,-37,27,-17,-53,27,1294,305,181,894,-37,83,-39,
4813086,4039115,3642622,4095603,3347668,3466739,-40,-143,1341,305,1,922,-33,33,-18,-34,39,1315,304,184,895,-51,98,-52,
4813086,4039115,3642622,4095603,3347668,3466739,-39,-152,1314,305,1,922,-31,44,-17,-38,31,1327,304,184,895,-67,115,-61,
4813086,4039115,3642622,4095603,3347668,3466739,-36,-142,1328,306,6,928,-29,48,-22,-55,26,1327,305,188,909,-78,143,-64,
4644695,4039115,3642622,4095603,3347668,3466739,-35,-149,1322,309,1,922,-25,54,-16,-81,4,1328,308,186,905,-74,171,-58,
4644695,4267429,3642622,4095603,3347668,3466739,-34,-143,1315,309,1,922,-29,56,-12,-48,7,1304,308,186,905,-66,196,-49,
4644695,4267429,3934461,4095603,3347668,3466739,-44,-149,1325,311,1,912,-27,57,-13,-84,15,1331,316,187,891,-71,205,-46,
4644695,4267429,3934461,3502261,3347668,3466739,-56,-149,1310,311,1,912,-17,69,-11,-94,16,1317,316,187,891,-69,224,-49,
4644695,4267429,3934461,3502261,3290095,3466739,-54,-151,1350,307,0,921,-15,74,-1,-95,15,1298,319,192,894,-59,240,-47,
4644695,4267429,3934461,3502261,3290095,3742104,-55,-151,1357,307,0,921,-19,80,0,-94,26,1308,319,192,894,-54,236,-40,
4644695,4267429,3934461,3502261,3290095,3742104,-51,-143,1308,310,-1,908,-16,86,-3,-101,9,1305,324,198,889,-52,239,-39,
4644695,4267429,3934461,3502261,3290095,3742104,-59,-143,1336,315,-4,917,-14,96,3,-94,12,1309,324,198,883,-58,248,-41,
3949444,4267429,3934461,3502261,3290095,3742104,-82,-150,1335,315,-4,917,-5,114,0,-121,21,1306,331,191,883,-57,262,-32,
3949444,4505747,3934461,3502261,3290095,3742104,-56,-128,1377,316,-10,922,5,142,4,-123,14,1302,337,194,897,-55,277,-37,
3949444,4505747,4169223,3502261,3290095,3742104,-80,-141,1302,316,-10,922,11,150,0,-122,28,1322,337,194,897,-54,286,-46,
3949444,4505747,4169223,2341019,3290095,3742104,-73,-139,1311,319,3,915,7,162,-2,-155,30,1335,343,196,891,-50,307,-58,
3949444,4505747,4169223,2341019,3592210,3742104,-100,-129,1344,323,-16,911,2,171,5,-131,45,1317,343,196,891,-33,298,-79,
3949444,4505747,4169223,2341019,3592210,3923326,-88,-133,1314,323,-16,911,-4,176,0,-141,40,1342,350,199,872,-39,311,-84,
3949444,4505747,4169223,2341019,3592210,3923326,-85,-138,1345,330,-14,911,1,196,2,-138,41,1369,350,199,872,-65,335,-98,
3949444,4505747,4169223,2341019,3592210,3923326,-101,-110,1297,330,-14,911,-1,193,4,-159,37,1377,360,207,874,-102,358,-115,
2608384,4505747,4169223,2341019,3592210,3923326,-95,-138,1331,335,-8,913,2,198,-1,-153,62,1354,367,204,871,-117,384,-132,
2608384,4608526,4169223,2341019,3592210,3923326,-98,-145,1300,335,-8,911,4,202,-1,-165,49,1350,367,204,871,-120,387,-155,
2608384,4608526,4317876,2341019,3592210,3923326,-85,-135,1318,339,-14,911,20,218,-1,-158,60,1329,377,208,883,-117,373,-182,
2608384,4608526,4317876,343588,3592210,3923326,-109,-129,1315,344,-18,910,25,219,1,-173,29,1330,377,208,883,-128,363,-208,
2608384,4608526,4317876,343588,3775382,3923326,-113,-140,1298,344,-18,910,38,202,1,-186,26,1351,383,216,864,-123,372,-223,
2608384,4608526,4317876,343588,3775382,4024059,-112,-156,1365,345,-22,903,32,179,9,-194,19,1350,383,216,864,-114,371,-234,
2608384,4608526,4317876,343588,3775382,4024059,-131,-120,1346,345,-22,903,10,178,10,-205,33,1326,387,226,853,-93,370,-247,
2608384,4608526,4317876,343588,3775382,4024059,-118,-129,1344,349,-15,902,-31,181,18,-191,-7,1350,387,223,840,-80,373,-260,
1549557,4608526,4317876,343588,3775382,4024059,-132,-97,1359,357,-19,898,-69,186,21,-214,19,1336,394,223,840,-76,377,-269,
1549557,4680999,4317876,343588,3775382,4024059,-132,-94,1377,357,-19,898,-66,195,9,-218,-8,1306,405,232,852,-80,380,-274,
1549557,4680999,4388818,343588,3775382,4024059,-142,-109,1343,361,-23,901,-47,189,5,-210,-19,1342,405,232,852,-72,387,-277,
1549557,4680999,4388818,219340,3775382,4024059,-135,-121,1360,361,-23,901,-31,208,-10,-227,-20,1341,413,233,835,-76,387,-283,
1549557,4680999,4388818,219340,3734886,4024059,-139,-107,1371,367,-15,898,-25,222,-3,-234,-14,1302,413,233,835,-76,397,-273,
1549557,4680999,4388818,219340,3734886,3910785,-140,-134,1363,367,-15,890,-25,240,-2,-257,12,1329,419,243,837,-88,403,-277,
1549557,4680999,4388818,219340,3734886,3910785,-174,-117,1343,372,-20,890,-18,273,-2,-239,-8,1326,419,243,837,-88,414,-289,
1549557,4680999,4388818,219340,3734886,3910785,-130,-129,1390,382,-26,888,-18,310,8,-253,-1,1307,428,252,820,-80,427,-286,
1322351,4680999,4388818,219340,3734886,3910785,-160,-116,1436,382,-26,888,-18,338,12,-253,4,1290,440,249,836,-80,431,-307,
1322351,4714234,4388818,219340,3734886,3910785,-173,-118,1429,391,-23,885,-14,387,16,-276,-2,1308,440,249,836,-69,422,-316,
1322351,4714234,4390854,219340,3734886,3910785,-167,-123,1466,391,-23,885,-15,447,12,-293,-23,1269,448,255,820,-51,425,-327,
1322351,4714234,4390854,167305,3734886,3910785,-182,-130,1459,399,-24,875,-11,514,26,-279,-32,1322,448,255,820,-44,421,-337,
1322351,4714234,4390854,167305,3526055,3910785,-198,-114,1425,415,-28,875,-4,624,29,-288,-18,1311,453,268,826,-47,418,-344,
1322351,4714234,4390854,167305,3526055,3696048,-181,-124,1390,415,-28,875,2,661,35,-295,-22,1283,453,268,826,-57,420,-353,
1322351,4714234,4390854,167305,3526055,3696048,-218,-103,1370,433,-35,864,6,690,40,-290,9,1267,462,272,795,-57,423,-364,
1322351,4714234,4390854,167305,3526055,3696048,-237,-116,1307,433,-35,864,-3,718,37,-315,1,1275,468,283,815,-37,409,-375,
1051987,4714234,4390854,167305,3526055,3696048,-237,-90,1394,444,-30,853,-18,739,38,-311,-57,1289,468,283,815,-50,398,-390,
1051987,4741412,4390854,167305,3526055,3696048,-233,-102,1362,444,-36,849,-19,755,39,-318,-43,1248,476,281,808,-63,385,-390,
1051987,4741412,4193306,167305,3526055,3696048,-256,-99,1390,466,-36,849,-17,786,46,-332,-33,1246,476,281,808,-42,367,-398,
1051987,4741412,4193306,167254,3526055,3696048,-283,-116,1386,487,-40,827,-21,826,39,-341,-48,1252,480,288,809,-34,359,-401,
1051987,4741412,4193306,167254,3428539,3696048,-292,-93,1421,487,-40,827,-37,873,32,-358,-54,1319,480,288,809,-38,352,-406,
1051987,4741412,4193306,167254,3428539,3441222,-319,-106,1433,510,-33,814,-42,926,40,-327,-71,1302,482,301,797,-43,352,-409,
1051987,4741412,4193306,167254,3428539,3441222,-322,-114,1404,510,-33,814,-23,1022,55,-337,-80,1299,482,301,797,-64,360,-403,
1051987,4741412,4193306,167254,3428539,3441222,-359,-116,1389,531,-38,803,-4,1068,69,-341,-114,1281,493,300,807,-76,371,-383,
715207,4741412,4193306,167254,3428539,3441222,-363,-144,1380,555,-45,782,18,1115,77,-349,-125,1285,497,307,779,-76,389,-355,
715207,4746712,4193306,167254,3428539,3441222,-379,-144,1354,555,-45,782,39,1151,97,-358,-119,1287,497,307,779,-58,410,-326,
715207,4746712,3525130,167254,3428539,3441222,-400,-125,1305,578,-52,766,55,1152,107,-350,-165,1313,502,312,786,-42,432,-297,
715207,4746712,3525130,167198,3428539,3441222,-424,-99,1283,578,-52,766,65,1160,117,-370,-151,1370,502,312,786,-46,445,-258,
715207,4746712,3525130,167198,3626261,3441222,-447,-84,1270,599,-51,732,75,1166,131,-381,-141,1383,515,314,763,-49,464,-176,
715207,4746712,3525130,167198,3626261,3347080,-433,-63,1340,625,-57,718,57,1172,128,-388,-101,1373,515,314,763,-61,543,-161,
715207,4746712,3525130,167198,3626261,3347080,-491,-80,1304,625,-57,718,39,1193,122,-410,-106,1403,523,322,766,-76,586,-146,
715207,4746712,3525130,167198,3626261,3347080,-494,-67,1327,645,-68,694,25,1224,118,-437,-44,1348,537,324,777,-73,643,-137,
443073,4746712,3525130,167198,3626261,3347080,-537,-103,1363,645,-68,694,29,1255,118,-440,-60,1352,537,324,777,-63,695,-149,
443073,4772826,3525130,167198,3626261,3347080,-539,-106,1345,670,-70,677,72,1341,129,-421,-113,1364,554,326,757,-75,726,-135,
443073,4772826,2624834,167198,3626261,3347080,-564,-103,1231,670,-70,677,91,1360,143,-454,-82,1372,554,326,757,-107,758,-124,
443073,4772826,2624834,167151,3626261,3347080,-579,-64,1183,694,-65,638,91,1356,156,-498,-62,1414,571,331,734,-121,808,-120,
443073,4772826,2624834,167151,3663790,3347080,-597,-39,1125,719,-78,626,79,1335,145,-491,-111,1415,571,331,734,-134,861,-128,
443073,4772826,2624834,167151,3663790,3198575,-592,-10,1063,719,-78,626,47,1304,133,-523,-70,1407,587,348,725,-171,924,-123,
443073,4772826,2624834,167151,3663790,3198575,-644,-18,1087,738,-79,598,16,1273,110,-502,-93,1398,587,348,698,-217,980,-129,
443073,4772826,2624834,167151,3663790,3198575,-676,-35,1152,738,-79,598,-2,1245,99,-503,-135,1347,609,346,698,-295,1029,-136,
428956,4772826,2624834,167151,3663790,3198575,-699,-58,1163,757,-76,568,-21,1231,93,-545,-39,1300,635,356,690,-383,1047,-147,
428956,4844453,2624834,167151,3663790,3198575,-714,-101,1124,773,-85,554,-11,1218,97,-548,-86,1256,635,356,690,-411,1068,-176,
428956,4844453,2767258,167151,3663790,3198575,-737,-114,1120,773,-85,554,14,1205,122,-553,-127,1169,657,369,674,-447,1069,-186,
428956,4844453,2767258,167056,3663790,3198575,-765,-128,1143,788,-97,522,60,1181,174,-553,-187,1188,657,369,674,-453,1066,-183,
428956,4844453,2767258,167056,4177406,3198575,-790,-148,1044,788,-97,522,207,1111,216,-588,-144,1228,673,380,651,-468,1063,-170,
428956,4844453,2767258,167056,4177406,2897524,-818,-132,1017,805,-98,506,265,1052,261,-597,-169,1267,673,380,651,-481,1070,-160,
428956,4844453,2767258,167056,4177406,2897524,-815,-115,1062,805,-98,506,329,1002,291,-612,-185,1353,697,400,619,-484,1092,-157,
428956,4844453,2767258,167056,4177406,2897524,-857,-80,1099,818,-109,482,374,967,324,-651,-144,1375,718,405,598,-529,1131,-142,
652261,4844453,2767258,167056,4177406,2897524,-851,-64,1139,827,-127,459,414,957,343,-633,-205,1385,718,405,598,-582,1191,-134,
652261,4905706,2767258,167056,4177406,2897524,-885,-59,1158,827,-127,459,440,974,357,-663,-224,1321,739,421,562,-709,1315,-124,
652261,4905706,2818962,167056,4177406,2897524,-902,-16,1212,834,-144,435,460,1010,376,-685,-176,1273,739,421,562,-765,1383,-119,
652261,4905706,2818962,167136,4177406,2897524,-934,-3,1283,834,-144,435,472,1074,393,-699,-170,1211,763,441,535,-797,1431,-133,
652261,4905706,2818962,167136,4531601,2897524,-930,22,1280,845,-149,413,464,1163,402,-723,-140,1184,763,441,535,-849,1470,-153,
652261,4905706,2818962,167136,4531601,2672354,-949,72,1315,858,-171,382,455,1275,406,-730,-168,1215,785,458,485,-877,1520,-173,
652261,4905706,2818962,167136,4531601,2672354,-943,66,1375,858,-171,382,469,1527,401,-740,-208,1177,805,476,471,-930,1565,-196,
652261,4905706,2818962,167136,4531601,2672354,-965,65,1332,874,-188,343,483,1663,405,-757,-172,1153,805,476,471,-994,1609,-215,
460054,4905706,2818962,167136,4531601,2672354,-1031,40,1298,874,-188,343,504,1787,422,-817,-176,1197,825,486,416,-1063,1659,-250,
460054,4883379,2818962,167136,4531601,2672354,-1027,36,1260,882,-199,295,533,1899,444,-798,-144,1120,825,486,416,-1134,1706,-284,
460054,4883379,2845627,167136,4531601,2672354,-1014,20,1169,882,-199,295,566,2003,465,-813,-231,1057,841,506,373,-1185,1753,-329,
460054,4883379,2845627,167256,4531601,2672354,-1021,82,1131,893,-209,245,576,2102,486,-830,-210,1004,841,506,373,-1243,1788,-359,
460054,4883379,2845627,167256,4828387,2672354,-979,133,1067,906,-233,192,597,2190,493,-885,-205,929,854,528,303,-1279,1835,-391,
460054,4883379,2845627,167256,4828387,2379831,-1019,193,921,906,-233,192,588,2255,476,-880,-221,895,854,528,303,-1307,1852,-432,
460054,4883379,2845627,167256,4828387,2379831,-1034,220,829,910,-243,131,583,2297,449,-895,-226,842,863,549,246,-1325,1852,-469,
460054,4883379,2845627,167256,4828387,2379831,-991,207,770,910,-243,131,582,2324,422,-909,-262,834,871,559,202,-1337,1868,-506,
494134,4883379,2845627,167256,4828387,2379831,-1035,269,795,912,-250,88,562,2364,366,-914,-314,885,871,559,202,-1335,1898,-538,
494134,4856811,2845627,167256,4828387,2379831,-1074,306,796,917,-264,29,532,2445,319,-882,-462,831,877,582,156,-1314,1949,-537,
494134,4856811,2639028,167256,4828387,2379831,-1036,266,714,917,-264,29,527,2488,294,-934,-538,825,877,582,156,-1327,1990,-524,
494134,4856811,2639028,167195,4828387,2379831,-1098,244,717,913,-273,-32,531,2529,272,-994,-556,855,871,595,83,-1309,2034,-498,
494134,4856811,2639028,167195,4946019,2379831,-1246,212,686,913,-273,-32,529,2535,261,-975,-611,779,871,595,83,-1290,2069,-376,
494134,4856811,2639028,167195,4946019,1832233,-1211,203,581,906,-274,-103,520,2534,267,-1001,-781,829,867,607,18,-1215,2187,-280,
494134,4856811,2639028,167195,4946019,1832233,-1229,226,532,906,-274,-103,517,2543,273,-1020,-790,822,865,611,-34,-1210,2233,-168,
494134,4856811,2639028,167195,4946019,1832233,-1223,257,513,894,-280,-149,504,2553,280,-1012,-746,797,865,611,-34,-1219,2273,-72,
501686,4856811,2639028,167195,4946019,1832233,-1236,298,449,883,-288,-219,471,2561,267,-1085,-601,747,862,603,-103,-1207,2312,-19,
501686,4863158,2639028,167195,4946019,1832233,-1249,388,309,883,-288,-219,427,2546,229,-1025,-406,457,862,603,-103,-1199,2314,-12,
501686,4863158,2384532,167195,4946019,1832233,-1242,416,200,868,-295,-267,404,2513,184,-1054,-220,300,852,602,-149,-1204,2325,-53,
501686,4863158,2384532,167134,4946019,1832233,-1177,379,46,868,-295,-267,392,2377,105,-1129,-122,146,852,602,-149,-1198,2281,-152,
501686,4863158,2384532,167134,4800950,1832233,-1163,340,9,852,-280,-319,407,2280,83,-1117,-122,42,837,609,-208,-1160,2188,-282,
501686,4863158,2384532,167134,4800950,745064,-1135,327,-80,830,-288,-365,415,2189,75,-1099,-169,1,837,609,-253,-1112,2091,-418,
501686,4863158,2384532,167134,4800950,745064,-1072,412,-146,830,-288,-365,444,2129,50,-989,-334,-122,815,604,-253,-1047,2015,-519,
501686,4863158,2384532,167134,4800950,745064,-1088,627,19,809,-289,-413,464,2094,-5,-932,-512,-81,790,603,-329,-1018,1952,-560,
448307,4863158,2384532,167134,4800950,745064,-1466,-149,1013,809,-289,-413,541,2076,-74,-862,-676,-149,790,603,-329,-1007,1891,-543,
448307,4766978,2384532,167134,4800950,745064,-3689,-1232,3747,787,-278,-463,658,2343,11,-172,-1837,-895,767,597,-360,-992,1784,-421,
448307,4766978,1963709,167134,4800950,745064,-4975,5,1775,787,-278,-463,404,3082,324,-466,-1864,-276,767,597,-360,-1015,1570,-82,
448307,4766978,1963709,167313,4800950,745064,-1901,190,-750,747,-290,-512,-129,3025,501,-1454,-16,358,756,586,-397,-1281,1365,316,
448307,4766978,1963709,167313,4752176,745064,1536,276,-2656,716,-306,-553,-495,2450,489,-2789,1502,856,756,586,-397,-1242,1402,354,
448307,4766978,1963709,167313,4752176,752063,1677,2356,-3140,716,-306,-553,-624,1958,317,-2677,69,446,735,578,-437,-400,1711,-36,
448307,4766978,1963709,167313,4752176,752063,219,3451,-2184,696,-313,-575,-41,848,-685,-889,-1180,-855,709,586,-470,282,1748,-375,
448307,4766978,1963709,167313,4752176,752063,-906,2257,-1625,696,-313,-575,739,-13,-1332,583,-1588,-1844,709,586,-470,483,1456,-182,
392921,4766978,1963709,167313,4752176,752063,-1493,211,-963,709,-270,-566,911,-630,-1621,836,-2370,-1279,711,579,-460,503,1084,849,
392921,4597914,1963709,167313,4752176,752063,-1587,-1034,-641,733,-237,-560,684,-907,-1428,-718,-2477,-669,711,579,-460,-442,165,1364,
392921,4597914,2485732,167313,4752176,752063,-1707,-1676,-432,733,-237,-560,606,-1048,-863,-999,-1877,-410,730,552,-478,-961,-239,1636,
392921,4597914,2485732,167198,4752176,752063,-2283,-2048,174,749,-227,-543,414,-1088,-197,-999,-756,-319,730,552,-478,-1486,-507,1651,
392921,4597914,2485732,167198,4531982,752063,-2189,-1198,212,749,-227,-543,10,-1034,406,-1290,438,-4,756,508,-494,-1588,-541,1537,
392921,4597914,2485732,167198,4531982,1565114,-2274,-691,236,757,-240,-525,-155,-955,911,-1708,1334,198,1012,478,-488,-1181,-398,1293,
392921,4597914,2485732,167198,4531982,1565114,-2181,-261,306,757,-240,-519,-258,-741,1247,-2148,1473,310,779,478,-488,-532,-227,915,
392921,4597914,2485732,167198,4531982,1565114,-1750,366,319,754,-273,-519,-484,-391,1353,-2148,1011,284,790,465,-485,-50,-100,477,
170473,4597914,2485732,167198,4531982,1565114,-1272,749,276,751,-303,-506,-497,-218,1242,-1869,487,261,790,465,-485,93,-50,97,
170473,4501135,2485732,167198,4531982,1565114,-1179,845,269,751,-303,-506,22,-347,1148,-1585,53,300,788,468,-503,89,18,-171,
170473,4501135,1788719,167198,4531982,1565114,-1260,754,286,744,-319,-500,236,-427,1074,-1526,152,242,788,468,-503,81,146,-356,
170473,4501135,1788719,167256,4531982,1565114,-1354,462,254,744,-319,-500,288,-370,979,-1450,-185,239,782,478,-499,295,388,-432,
170473,4501135,1788719,167256,4269635,1565114,-1410,300,219,737,-331,-502,50,-190,856,-1361,-563,189,782,478,-499,451,600,-456,
170473,4501135,1788719,167256,4269635,1107246,-1342,607,177,729,-353,-508,-269,48,725,-1334,-769,140,767,495,-510,430,705,-465,
170473,4501135,1788719,167256,4269635,1107246,-1245,975,177,729,-353,-508,-248,162,619,-1308,-910,13,755,497,-523,359,728,-413,
170473,4501135,1788719,167256,4269635,1107246,-1404,863,172,724,-365,-511,-29,134,528,-1227,-995,-165,755,497,-523,284,686,-329,
166609,4501135,1788719,167256,4269635,1107246,-1515,624,58,724,-365,-511,162,81,439,-1131,-1057,-503,744,505,-521,250,592,-194,
166609,4215467,1788719,167256,4269635,1107246,-1574,482,-137,717,-367,-518,238,32,377,-847,-1019,-647,744,505,-521,198,446,-46,
166609,4215467,1130161,167256,4269635,1107246,-1640,468,-261,717,-368,-512,236,-32,364,-802,-862,-731,742,507,-521,91,274,100,
166609,4215467,1130161,167285,4269635,1107246,-1800,486,-344,715,-368,-512,303,-22,510,-809,-688,-821,742,507,-521,0,120,232,
166609,4215467,1130161,167285,3705709,1107246,-1889,414,-464,713,-378,-517,584,71,670,-961,-515,-826,742,507,-533,-72,-18,353,
166609,4215467,1130161,167285,3705709,978846,-1626,325,-353,713,-378,-517,627,130,865,-1323,-388,-647,751,497,-503,-100,-77,269,
166609,4215467,1130161,167285,3705709,978846,-1220,220,-374,697,-380,-529,629,164,1091,-1386,-287,-655,751,497,-503,-155,-29,102,
166609,4215467,1130161,167285,3705709,978846,-814,231,-187,697,-380,-529,586,110,1286,-1701,-186,-526,749,491,-524,-103,-1,-37,
166469,4215467,1130161,167285,3705709,978846,-450,330,-643,681,-397,-535,534,-70,1391,-1661,-6,-311,749,491,-524,145,-69,-105,
166469,3172326,1130161,167285,3705709,978846,-543,420,-366,676,-423,-528,353,-394,1278,-1827,-231,-214,752,496,-516,338,-60,-152,
166469,3172326,498899,167285,3705709,978846,-849,500,-76,676,-423,-528,115,-551,975,-1802,-375,-155,752,496,-516,289,132,-238,
166469,3172326,498899,167277,3705709,978846,-1165,640,130,673,-435,-520,-93,-444,725,-1879,-338,-32,746,510,-515,214,200,-246,
166469,3172326,498899,167277,2092373,978846,-1276,907,360,673,-435,-520,-301,-303,563,-1771,-402,35,746,510,-515,200,292,-279,
166469,3172326,498899,167277,2092373,227679,-1438,1080,530,670,-440,-516,-379,-249,442,-1468,-316,-59,739,513,-514,128,411,-219,
166469,3172326,498899,167277,2092373,227679,-1434,1030,583,670,-444,-507,-10,-106,251,-1257,12,-353,732,514,-545,141,642,-134,
166469,3172326,498899,167277,2092373,227679,-1347,785,574,670,-444,-507,24,-66,177,-1087,-105,0,732,514,-545,341,497,-184,
166672,3172326,498899,167277,2092373,227679,-1196,570,417,666,-456,-508,-55,-90,188,-875,-361,-206,725,527,-523,353,442,-299,
166672,2314439,498899,167277,2092373,227679,-763,470,-124,666,-456,-508,-41,-27,199,-816,-196,-271,725,527,-523,262,316,-312,
166672,2314439,173768,167277,2092373,227679,-733,385,5,667,-458,-516,-210,-77,233,-644,-148,-322,718,532,-532,281,259,-269,
166672,2314439,173768,184803,2092373,227679,-1886,1551,257,667,-458,-516,-279,-113,326,-437,-223,-407,718,532,-532,352,269,-264,
166672,2314439,173768,184803,1277407,227679,-569,689,-734,659,-461,-521,201,301,299,-282,-180,-540,709,546,-526,378,236,-227,
166672,2314439,173768,184803,1277407,240481,-1757,1319,198,654,-469,-517,274,131,290,-287,-123,-509,707,549,-531,412,173,-191,
166672,2314439,173768,184803,1277407,240481,-1000,928,-804,654,-469,-517,561,201,63,-172,-173,-520,707,549,-531,461,115,-237,
166672,2314439,173768,184803,1277407,240481,-1342,766,-273,654,-469,-513,210,-201,81,-217,-264,-488,704,557,-506,482,-8,-323,
166532,2314439,173768,184803,1277407,240481,-1237,1069,-435,654,-469,-513,-239,-473,260,-1936,-600,-193,704,557,-506,472,-180,-324,
166532,1832817,173768,184803,1277407,240481,-1191,845,-320,654,-462,-506,174,-109,205,-3486,-1531,1169,692,570,-521,496,1097,-891,
166532,1832817,168806,184803,1277407,240481,-1045,586,-415,655,-470,-504,191,-23,169,-1959,-674,-1607,692,570,-521,-128,716,-1006,
166532,1832817,168806,452546,1277407,240481,-1374,848,-219,655,-470,-504,194,33,85,-1877,-785,175,669,590,-524,474,-234,-1028,
166532,1832817,168806,452546,1542744,240481,-1392,961,-187,653,-470,-516,319,97,-77,-1546,-940,179,669,590,-521,542,-541,-980,
166532,1832817,168806,452546,1542744,174131,-1315,548,-151,653,-470,-516,265,42,-111,-1596,-1181,289,659,608,-521,201,-320,-809,
166532,1832817,168806,452546,1542744,174131,-1249,658,-199,651,-457,-529,132,-23,-19,-1277,-887,0,653,607,-504,-155,160,-412,
166532,1832817,168806,452546,1542744,174131,-1162,765,-178,651,-457,-529,129,-63,89,-757,-165,-236,653,607,-504,50,323,37,
166597,1832817,168806,452546,1542744,174131,-1313,792,-125,651,-461,-526,209,-105,49,-1342,-263,-103,654,613,-496,561,109,118,
166597,2032519,168806,452546,1542744,174131,-1430,524,-163,655,-461,-524,245,-87,-114,-811,-1104,-365,654,613,-496,715,171,-742,
166597,2032519,168888,452546,1542744,174131,-1398,412,-100,655,-461,-524,73,-53,-132,-998,-1243,-187,633,624,-501,244,-47,-1042,
166597,2032519,168888,410137,1542744,174131,-1231,726,-39,656,-463,-518,-103,-58,-48,-1149,-880,-215,633,624,-501,11,-196,-924,
166597,2032519,168888,410137,888287,174131,-1181,688,-53,656,-463,-518,-21,-42,-5,-1084,-786,-244,625,652,-495,132,-195,-826,
166597,2032519,168888,410137,888287,165471,-1247,736,-14,657,-455,-525,-11,-14,-27,-945,-1223,-227,620,651,-485,113,-263,-790,
166597,2032519,168888,410137,888287,165471,-1336,718,-11,654,-454,-527,-25,20,-85,-968,-1102,-238,620,651,-485,-268,-397,-712,
166597,2032519,168888,410137,888287,165471,-1333,646,-88,654,-454,-527,-105,35,-107,-1115,-603,-337,612,654,-498,-453,-424,-659,
439924,2032519,168888,410137,888287,165471,-1293,782,-75,659,-454,-531,-155,24,-121,-1153,-489,-294,612,654,-498,-141,-242,-651,
439924,1911565,168888,410137,888287,165471,-1227,773,-184,659,-454,-531,-123,8,-160,-1039,-905,-262,602,666,-491,362,-4,-659,
439924,1911565,168895,410137,888287,165471,-1223,737,-226,659,-453,-519,-88,4,-183,-957,-1125,-191,602,666,-491,574,114,-619,
439924,1911565,168895,453562,888287,165471,-1193,684,-214,659,-453,-519,-90,32,-193,-968,-1134,-175,590,686,-491,491,96,-537,
439924,1911565,168895,453562,1242303,165471,-1280,636,-174,659,-447,-518,-140,72,-197,-1012,-1112,-136,584,686,-490,350,64,-443,
439924,1911565,168895,453562,1242303,165532,-1294,597,-200,664,-451,-516,-231,91,-203,-1000,-1107,-131,584,686,-490,254,76,-202,
439924,1911565,168895,453562,1242303,165532,-1335,561,-109,664,-451,-516,-493,103,-177,-1015,-1079,-99,583,690,-466,164,124,-100,
439924,1911565,168895,453562,1242303,165532,-1291,665,-132,663,-458,-513,-554,96,-152,-991,-1071,-62,583,690,-466,97,81,-41,
381006,1911565,168895,453562,1242303,165532,-1218,716,-80,663,-458,-513,-504,85,-147,-1017,-1156,-32,586,688,-484,-25,-26,-7,
381006,1862206,168895,453562,1242303,165532,-1277,743,-68,664,-452,-514,-367,59,-149,-1054,-1145,-19,586,688,-484,-265,-162,29,
381006,1862206,168844,453562,1242303,165532,-1315,661,-39,664,-464,-508,-234,33,-148,-1119,-913,-48,584,684,-484,-524,-269,66,
381006,1862206,168844,318914,1242303,165532,-1337,565,-68,664,-464,-508,-162,23,-119,-1160,-678,-93,584,684,-484,-625,-294,65,
381006,1862206,168844,318914,1284739,165532,-1354,517,-77,663,-462,-511,-178,33,-90,-1187,-553,-126,589,684,-488,-561,-246,45,
381006,1862206,168844,318914,1284739,165472,-1331,574,-57,663,-462,-511,-206,48,-50,-1175,-520,-154,591,670,-488,-469,-173,-5,
381006,1862206,168844,318914,1284739,165472,-1256,586,-14,662,-466,-520,-207,80,-14,-1190,-265,-293,591,670,-488,-225,-13,-58,
381006,1862206,168844,318914,1284739,165472,-1323,600,-126,662,-466,-520,-177,82,12,-1266,-854,-175,591,675,-499,289,238,-105,
166764,1862206,168844,318914,1284739,165472,-1337,600,-120,662,-461,-505,-160,73,55,-959,-1111,-163,591,675,-499,469,332,-119,
166764,2214660,168844,318914,1284739,165472,-1339,605,-150,662,-465,-506,-168,9,66,-999,-1017,-172,584,682,-486,244,274,-81,
166764,2214660,168727,318914,1284739,165472,-1300,642,-144,662,-465,-506,-186,-11,78,-1056,-911,-189,584,682,-486,54,202,-22,
166764,2214660,168727,359803,1284739,165472,-1243,670,-155,656,-474,-505,-194,-15,86,-1061,-893,-204,579,680,-494,44,197,26,
166764,2214660,168727,359803,1746196,165472,-1262,710,-120,656,-474,-505,-183,-6,92,-1076,-976,-220,580,683,-485,106,187,70,
166764,2214660,168727,359803,1746196,186068,-1245,715,-118,655,-476,-496,-169,-5,83,-1030,-1036,-235,580,683,-485,76,127,127,
166764,2214660,168727,359803,1746196,186068,-1268,722,-137,659,-474,-504,-167,-13,76,-1032,-939,-232,584,674,-504,-26,49,173,
166764,2214660,168727,359803,1746196,186068,-1280,739,-119,659,-474,-504,-183,-20,63,-1073,-760,-220,584,674,-504,-72,16,212,
166670,2214660,168727,359803,1746196,186068,-1510,826,-98,655,-482,-503,-204,-22,39,-1054,-795,-202,587,671,-503,-33,36,237,
166670,2750484,168727,359803,1746196,186068,-1280,839,-69,655,-482,-503,-199,-11,7,-1077,-810,-218,587,671,-503,-20,61,265,
166670,2750484,169216,359803,1746196,186068,-1249,848,-95,657,-484,-500,-162,9,-18,-1107,-705,-234,585,675,-494,-62,111,277,
166670,2750484,169216,493136,1746196,186068,-1198,848,6,657,-484,-500,-120,28,-88,-1135,-636,-252,585,675,-494,73,180,288,
166670,2750484,169216,493136,1775307,186068,-1240,831,34,659,-481,-499,-73,7,-141,-1116,-792,-190,593,665,-482,128,230,295,
166670,2750484,169216,493136,1775307,194325,-1277,824,35,661,-481,-499,-59,-10,-190,-1072,-878,-165,593,660,-499,45,208,312,
166670,2750484,169216,493136,1775307,194325,-1298,808,90,661,-481,-499,-34,-16,-224,-1084,-843,-174,593,660,-499,-52,195,325,
166670,2750484,169216,493136,1775307,194325,-1304,769,3,662,-477,-500,-15,0,-253,-1111,-729,-229,600,655,-499,-117,196,335,
166493,2750484,169216,493136,1775307,194325,-1295,759,80,662,-477,-500,7,14,-276,-1129,-691,-239,600,655,-499,-157,214,337,
166493,3045136,169216,493136,1775307,194325,-1319,732,-12,667,-464,-502,31,18,-299,-1122,-715,-267,601,646,-498,-153,237,341,
166493,3045136,172894,493136,1775307,194325,-1335,683,22,670,-465,-497,60,19,-318,-1137,-699,-265,601,646,-498,-154,242,339,
166493,3045136,172894,391962,1775307,194325,-1298,627,0,670,-465,-497,71,38,-322,-1152,-653,-264,602,646,-520,-131,263,339,
166493,3045136,172894,391962,2623100,194325,-1291,611,-39,671,-460,-505,59,50,-314,-1151,-653,-248,603,638,-523,-57,301,345,
166493,3045136,172894,391962,2623100,227777,-1311,579,-76,671,-460,-505,57,63,-306,-1157,-710,-230,603,638,-523,8,338,355,
166493,3045136,172894,391962,2623100,227777,-1335,543,-51,677,-451,-505,64,76,-271,-1112,-766,-246,605,635,-529,-13,339,360,
166493,3045136,172894,391962,2623100,227777,-1336,526,-59,677,-451,-505,39,76,-250,-1158,-754,-264,605,635,-529,-90,303,366,
166749,3045136,172894,391962,2623100,227777,-1353,523,-82,673,-447,-505,-3,77,-225,-1207,-729,-277,609,628,-527,-161,245,365,
166749,3223683,172894,391962,2623100,227777,-1376,542,-68,677,-446,-504,-25,62,-203,-1239,-647,-275,609,628,-527,-197,177,364,
166749,3223683,172884,391962,2623100,227777,-1333,580,-72,677,-446,-504,-50,33,-184,-1231,-563,-329,611,632,-523,-186,103,365,
166749,3223683,172884,259153,2623100,227777,-1285,577,-84,680,-440,-500,-45,15,-168,-1227,-502,-295,611,632,-539,-138,57,348,
166749,3223683,172884,259153,3156799,227777,-1281,607,-84,680,-440,-500,-38,29,-143,-1197,-545,-246,616,617,-539,-42,74,326,
166749,3223683,172884,259153,3156799,373905,-1304,625,-111,680,-430,-509,-17,52,-127,-1182,-602,-228,618,612,-520,13,95,271,
166749,3223683,172884,259153,3156799,373905,-1320,617,-84,681,-441,-510,5,61,-120,-1197,-598,-267,618,612,-520,-86,80,237,
166749,3223683,172884,259153,3156799,373905,-1330,596,-71,681,-441,-510,8,61,-122,-1204,-532,-304,628,610,-533,-118,74,203,
229505,3223683,172884,259153,3156799,373905,-1312,600,-135,681,-434,-514,-8,57,-110,-1193,-535,-313,628,610,-533,-139,61,166,
229505,3246887,172884,259153,3156799,373905,-1323,557,-122,681,-434,-514,-1,49,-105,-1200,-527,-330,624,606,-550,-170,45,131,
229505,3246887,169529,259153,3156799,373905,-1347,569,-126,679,-434,-511,-31,44,-95,-1225,-470,-347,624,606,-550,-157,46,97,
229505,3246887,169529,240382,3156799,373905,-1330,605,-106,679,-432,-515,-53,31,-88,-1210,-487,-344,625,603,-550,-108,60,63,
229505,3246887,169529,240382,3189050,373905,-1317,599,-126,685,-432,-515,-37,22,-83,-1237,-475,-331,627,595,-527,-50,65,24,
229505,3246887,169529,240382,3189050,356684,-1311,596,-105,682,-430,-506,-27,18,-73,-1230,-517,-338,627,595,-527,-5,80,-11,
229505,3246887,169529,240382,3189050,356684,-1292,585,-88,682,-430,-506,-19,20,-66,-1211,-559,-288,626,598,-554,8,56,-34,
229505,3246887,169529,240382,3189050,356684,-1353,575,-128,682,-429,-511,5,25,-54,-1238,-595,-296,626,598,-554,24,50,-54,
166578,3246887,169529,240382,3189050,356684,-1343,581,-130,682,-429,-511,3,20,-44,-1231,-633,-290,621,602,-543,67,34,-56,
166578,3340495,169529,240382,3189050,356684,-1360,606,-93,679,-424,-511,5,3,-36,-1186,-676,-295,621,602,-543,85,31,-56,
166578,3340495,187134,240382,3189050,356684,-1370,586,-73,687,-428,-517,26,-15,-29,-1165,-688,-274,623,608,-543,79,13,-57,
166578,3340495,187134,258143,3189050,356684,-1368,597,-99,687,-428,-517,-12,-43,-28,-1167,-704,-281,623,605,-543,41,0,-46,
166578,3340495,187134,258143,3178512,356684,-1288,691,-54,684,-429,-516,-23,-34,-39,-1162,-693,-274,623,605,-543,8,-8,-31,
166578,3340495,187134,258143,3178512,367534,-1306,724,-66,684,-429,-516,8,-16,-53,-1164,-696,-298,625,601,-539,-10,-11,-17,
166578,3340495,187134,258143,3178512,367534,-1298,700,-58,684,-421,-507,40,-4,-79,-1171,-714,-297,625,601,-539,-11,8,4,
166578,3340495,187134,258143,3178512,367534,-1320,673,-51,686,-420,-521,59,7,-90,-1134,-697,-313,625,601,-532,-19,18,14,
166773,3340495,187134,258143,3178512,367534,-1318,654,-66,686,-420,-521,63,23,-106,-1160,-684,-295,625,601,-532,-40,25,31,
166773,3411712,187134,258143,3178512,367534,-1340,628,-65,684,-419,-513,50,34,-114,-1177,-645,-327,621,602,-553,-62,26,72,
166773,3411712,169730,258143,3178512,367534,-1356,596,-78,684,-419,-513,32,39,-132,-1191,-692,-301,621,602,-553,-42,34,81,
166773,3411712,169730,248306,3178512,367534,-1339,614,-53,686,-413,-532,11,42,-133,-1168,-707,-278,627,604,-552,-65,29,90,
166773,3411712,169730,248306,3240262,367534,-1356,591,-61,686,-413,-532,-5,36,-141,-1191,-681,-261,625,594,-568,-89,38,111,
166773,3411712,169730,248306,3240262,333357,-1344,574,-82,688,-407,-510,-10,31,-137,-1179,-664,-285,625,594,-568,-104,49,126,
166773,3411712,169730,248306,3240262,333357,-1349,564,-67,690,-412,-512,-10,31,-126,-1191,-645,-285,626,592,-541,-90,49,139,
166773,3411712,169730,248306,3240262,333357,-1371,546,-82,690,-412,-512,-26,36,-125,-1212,-572,-304,626,592,-541,-70,46,139,
166660,3411712,169730,248306,3240262,333357,-1312,582,-72,690,-411,-511,-30,40,-110,-1206,-576,-332,630,598,-550,-35,62,127,
166660,3437432,169730,248306,3240262,333357,-1310,579,-108,690,-411,-511,-6,42,-96,-1197,-573,-348,630,598,-550,-26,46,123,
166660,3437432,180490,248306,3240262,333357,-1299,578,-114,691,-405,-522,34,44,-88,-1193,-560,-362,630,591,-555,-24,39,106,
166660,3437432,180490,263353,3240262,333357,-1328,528,-124,692,-401,-527,67,56,-71,-1181,-544,-361,628,587,-557,-3,33,90,
166660,3437432,180490,263353,3243793,333357,-1320,515,-156,692,-401,-527,77,65,-45,-1194,-588,-364,628,587,-557,12,38,80,
166660,3437432,180490,263353,3243793,313417,-1341,518,-138,691,-403,-527,84,55,-24,-1182,-590,-342,631,584,-554,-3,25,72,
166660,3437432,180490,263353,3243793,313417,-1359,515,-136,691,-403,-527,66,29,-8,-1189,-643,-310,631,584,-554,-42,10,56,
166660,3437432,180490,263353,3243793,313417,-1316,503,-150,689,-396,-527,59,10,9,-1194,-625,-313,632,582,-546,-75,-1,53,
166615,3437432,180490,263353,3243793,313417,-1333,537,-146,689,-396,-527,46,3,42,-1201,-597,-318,632,582,-546,-91,1,57,
166615,3615913,180490,263353,3243793,313417,-1362,560,-122,689,-401,-527,13,14,55,-1210,-614,-297,627,583,-556,-92,15,59,
166615,3615913,168801,263353,3243793,313417,-1349,560,-71,686,-404,-525,-8,10,57,-1191,-632,-291,627,583,-556,-78,33,66,
166615,3615913,168801,276594,3243793,313417,-1341,549,-123,686,-404,-525,-30,9,57,-1193,-617,-311,635,580,-572,-74,37,73,
166615,3615913,168801,276594,3280969,313417,-1327,561,-107,688,-408,-523,-51,7,66,-1196,-615,-320,636,575,-566,-72,33,88,
166615,3615913,168801,276594,3280969,311981,-1339,601,-154,688,-408,-523,-57,15,79,-1183,-614,-272,636,575,-566,-74,38,98,
166615,3615913,168801,276594,3280969,311981,-1331,597,-138,684,-405,-527,-45,4,82,-1198,-597,-285,637,573,-555,-78,57,95,
166615,3615913,168801,276594,3280969,311981,-1334,610,-120,683,-406,-522,-54,-11,78,-1217,-588,-296,637,573,-555,-88,55,94,
166775,3615913,168801,276594,3280969,311981,-1352,597,-185,683,-406,-522,-68,-25,71,-1219,-573,-329,636,576,-560,-89,47,85,
166775,3684822,168801,276594,3280969,311981,-1342,605,-104,682,-415,-530,-71,-34,71,-1216,-558,-344,636,576,-560,-72,44,90,
166775,3684822,168967,276594,3280969,311981,-1325,618,-99,682,-415,-530,-69,-37,73,-1223,-556,-356,636,570,-578,-47,30,89,
166775,3684822,168967,270181,3280969,311981,-1334,596,-107,683,-411,-526,-42,-40,76,-1199,-556,-374,639,568,-585,-49,5,74,
166775,3684822,168967,270181,3303101,311981,-1319,577,-96,683,-411,-526,-37,-33,85,-1195,-539,-374,639,568,-585,-38,5,57,
166775,3684822,168967,270181,3303101,313802,-1350,621,-75,682,-415,-534,-43,-45,90,-1213,-537,-365,640,564,-569,-35,-2,47,
166775,3684822,168967,270181,3303101,313802,-1320,606,-130,685,-420,-525,-46,-61,97,-1209,-539,-348,640,564,-569,-32,-10,35,
166775,3684822,168967,270181,3303101,313802,-1321,596,-133,685,-420,-525,-51,-62,95,-1214,-523,-323,638,561,-575,-33,-16,20,
166771,3684822,168967,270181,3303101,313802,-1292,631,-128,680,-421,-524,-58,-68,88,-1219,-510,-334,638,561,-575,-29,-20,-6,
166771,3717444,168967,270181,3303101,313802,-1290,656,-130,680,-421,-524,-56,-63,90,-1222,-543,-337,642,566,-573,-19,-9,-13,
166771,3717444,212707,270181,3303101,313802,-1313,674,-62,679,-422,-527,-51,-60,86,-1228,-579,-335,642,566,-573,-15,-14,-24,
166771,3717444,212707,288664,3303101,313802,-1320,668,-71,682,-423,-512,-31,-50,77,-1227,-601,-330,639,565,-570,-13,-24,-33,
166771,3717444,212707,288664,3310962,313802,-1314,625,-63,682,-423,-512,-15,-41,71,-1213,-591,-327,642,563,-549,-25,-34,-45,
166771,3717444,212707,288664,3310962,314068,-1346,648,-30,678,-429,-521,-27,-38,48,-1203,-582,-333,642,563,-549,-25,-37,-36,
166771,3717444,212707,288664,3310962,314068,-1310,685,-105,678,-429,-521,-44,-45,37,-1224,-615,-293,642,565,-562,-5,-31,-23,
166771,3717444,212707,288664,3310962,314068,-1295,680,-98,679,-430,-525,-31,-42,27,-1224,-603,-283,642,565,-562,4,-20,-13,
166568,3717444,212707,288664,3310962,314068,-1293,668,-143,679,-430,-525,-21,-40,17,-1204,-574,-295,642,564,-560,-6,-17,-11,
166568,3701013,212707,288664,3310962,314068,-1273,646,-132,680,-422,-526,-4,-39,7,-1239,-543,-291,642,564,-560,-14,-7,-7,
166568,3701013,168961,288664,3310962,314068,-1321,634,-153,678,-430,-525,-19,-42,7,-1240,-542,-263,642,570,-565,248,20,-19,
166568,3701013,168961,294335,3310962,314068,-1313,580,-139,678,-430,-525,-32,-50,16,-1233,-554,-266,639,563,-576,1,31,-31,
166568,3701013,168961,294335,3307056,314068,-1311,586,-145,678,-429,-514,-46,-43,19,-1202,-556,-279,639,563,-576,-8,43,-40,
166568,3701013,168961,294335,3307056,311451,-1306,592,-83,678,-429,-514,-59,-42,28,-1212,-558,-309,640,565,-560,-18,50,-54,
166568,3701013,168961,294335,3307056,311451,-1326,623,-115,676,-431,-517,-80,-36,29,-1235,-552,-351,640,565,-560,-17,48,-66,
166568,3701013,168961,294335,3307056,311451,-1313,626,-117,677,-431,-514,-92,-31,32,-1210,-582,-362,637,566,-568,-20,23,-81,
166746,3701013,168961,294335,3307056,311451,-1314,626,-97,677,-431,-514,-101,-34,42,-1216,-555,-386,637,566,-568,-32,6,-92,
166746,3697415,168961,294335,3307056,311451,-1327,679,-58,678,-432,-514,-131,-34,39,-1205,-517,-367,635,570,-578,-8,-5,-98,
166746,3697415,169099,294335,3307056,311451,-1286,691,-79,678,-432,-514,-130,-21,29,-1187,-529,-370,635,567,-566,36,-8,-102,
166746,3697415,169099,341095,3307056,311451,-1292,695,-27,675,-436,-499,-110,-13,18,-1190,-581,-352,634,567,-566,66,-10,-105,
166746,3697415,169099,341095,3164961,311451,-1298,696,-27,675,-436,-755,-83,-5,12,-1199,-619,-353,636,570,-568,49,1,-110,
166746,3697415,169099,341095,3164961,308461,-1329,670,-15,678,-436,-513,-63,6,-1,-1207,-643,-330,636,570,-568,38,-13,-101,
166746,3697415,169099,341095,3164961,308461,-1341,692,-56,677,-438,-513,-57,16,-9,-1182,-608,-336,636,567,-556,38,-8,-91,
166746,3697415,169099,341095,3164961,308461,-1310,693,-31,677,-438,-513,-52,14,-16,-1198,-621,-313,636,567,-556,41,1,-91,
166325,3697415,169099,341095,3164961,308461,-1308,690,-68,675,-442,-518,-47,23,-23,-1186,-652,-291,631,571,-564,48,10,-76,
166325,3685619,169099,341095,3164961,308461,-1309,719,-69,675,-442,-518,-49,30,-32,-1178,-656,-310,631,571,-564,42,22,-65,
166325,3685619,192630,341095,3164961,308461,-1284,698,-65,674,-435,-517,-51,28,-52,-1180,-647,-333,633,579,-563,8,15,-39,
166325,3685619,192630,338571,3164961,308461,-1274,701,-106,677,-438,-519,-57,27,-88,-1205,-620,-317,632,573,-556,1,10,-29,
166325,3685619,192630,338571,2856606,308461,-1277,714,-142,677,-438,-519,-59,15,-109,-1192,-630,-354,632,573,-556,14,15,-9,
166325,3685619,192630,338571,2856606,307938,-1277,699,-149,676,-435,-511,-42,20,-124,-1202,-626,-352,632,573,-569,31,-1,3,
166325,3685619,192630,338571,2856606,307938,-1288,680,-74,676,-435,-511,-29,25,-143,-1189,-619,-322,632,573,-569,27,-26,11,
166325,3685619,192630,338571,2856606,307938,-1303,670,-134,674,-430,-512,-27,33,-152,-1183,-608,-346,633,574,-565,18,-22,12,
166515,3685619,192630,338571,2856606,307938,-1287,649,-102,674,-430,-521,-25,27,-156,-1203,-605,-319,633,574,-565,4,-29,14,
166515,3586999,192630,338571,2856606,307938,-1308,646,-109,677,-430,-521,-38,29,-160,-1184,-579,-349,633,580,-578,5,-29,16,
166515,3586999,169164,338571,2856606,307938,-1323,640,-97,682,-428,-519,-46,14,-164,-1221,-578,-329,637,570,-556,4,-35,6,
166515,3586999,169164,363574,2856606,307938,-1306,581,-121,682,-428,-519,-41,7,-174,-1222,-555,-337,637,570,-556,16,-44,-2,
166515,3586999,169164,363574,2435755,307938,-1343,584,-78,682,-423,-521,-40,15,-161,-1245,-566,-339,639,570,-565,25,-65,-14,
166515,3586999,169164,363574,2435755,307604,-1332,572,-56,682,-423,-521,-44,15,-130,-1228,-550,-307,639,570,-565,37,-74,-26,
166515,3586999,169164,363574,2435755,307604,-1335,571,-92,679,-417,-517,-25,26,-110,-1208,-543,-345,637,570,-563,61,-79,-42,
166515,3586999,169164,363574,2435755,307604,-1358,565,-76,684,-421,-518,-24,22,-88,-1218,-548,-326,637,570,-563,69,-92,-64,
166647,3586999,169164,363574,2435755,307604,-1343,556,-100,684,-421,-518,-11,19,-67,-1204,-554,-336,634,578,-562,75,-80,-68,
166647,3561841,169164,363574,2435755,307604,-1349,523,-117,685,-424,-515,-19,12,-49,-1194,-552,-317,634,578,-562,69,-70,-83,
166647,3561841,170607,363574,2435755,307604,-1368,538,-113,685,-424,-515,-29,3,-33,-1189,-564,-331,638,581,-549,73,-62,-100,
166647,3561841,170607,405103,2435755,307604,-1342,541,-124,682,-419,-514,-33,2,-7,-1171,-602,-340,638,579,-561,91,-38,-100,
166647,3561841,170607,405103,1940677,307604,-1348,527,-133,682,-423,-517,-43,-5,13,-1173,-604,-329,638,579,-561,88,-27,-106,
166647,3561841,170607,405103,1940677,292975,-1305,565,-109,680,-423,-517,-49,-7,39,-1199,-613,-318,637,581,-554,64,-27,-106,
166647,3561841,170607,405103,1940677,292975,-1333,580,-138,684,-425,-520,-46,-11,54,-1197,-633,-319,637,581,-554,60,-23,-95,
166647,3561841,170607,405103,1940677,292975,-1330,620,-119,684,-425,-520,-50,-23,69,-1205,-639,-278,634,589,-554,58,-14,-88,
166758,3561841,170607,405103,1940677,292975,-1297,624,-94,678,-425,-522,-48,-22,82,-1188,-665,-311,634,589,-554,57,-11,-82,
166758,3517911,170607,405103,1940677,292975,-1305,629,-121,678,-425,-522,-50,-23,84,-1183,-659,-302,632,588,-561,41,-13,-81,
166758,3517911,169105,405103,1940677,292975,-1314,638,-129,680,-423,-523,-44,-12,90,-1161,-644,-317,635,582,-544,23,-19,-61,
166758,3517911,169105,372455,1940677,292975,-1291,653,-102,678,-432,-520,-39,-4,89,-1174,-658,-281,635,582,-544,14,-10,-35,
166758,3517911,169105,372455,1897958,292975,-1317,651,-116,678,-432,-520,-38,-7,88,-1187,-638,-321,636,586,-547,26,-8,-22,
166758,3517911,169105,372455,1897958,201945,-1332,624,-101,672,-434,-516,-37,-3,88,-1199,-655,-299,636,586,-547,20,-19,-17,
166758,3517911,169105,372455,1897958,201945,-1310,624,-105,672,-434,-516,-63,-13,89,-1188,-645,-310,638,585,-545,16,-25,-7,
166758,3517911,169105,372455,1897958,201945,-1298,627,-94,677,-432,-505,-79,-20,91,-1185,-636,-315,638,585,-545,18,-18,4,
166792,3517911,169105,372455,1897958,201945,-1297,650,-107,677,-434,-518,-82,-14,91,-1168,-629,-298,633,594,-543,11,-13,9,
166792,3559566,169105,372455,1897958,201945,-1313,665,-65,672,-434,-518,-89,-16,86,-1187,-626,-339,633,594,-564,5,-1,17,
166792,3559566,168962,372455,1897958,201945,-1301,659,-85,673,-440,-514,-82,-18,85,-1178,-608,-329,635,583,-564,-16,11,18,
166792,3559566,168962,371529,1897958,201945,-1303,657,-108,673,-440,-514,-64,-30,74,-1191,-611,-297,635,584,-548,-33,5,13,
166792,3559566,168962,371529,1778305,201945,-1315,649,-134,672,-437,-507,-70,-29,73,-1191,-608,-310,635,584,-548,-33,13,15,
166792,3559566,168962,371529,1778305,183018,-1310,684,-48,672,-437,-507,-74,-22,70,-1226,-598,-272,637,582,-557,-21,11,14,
166792,3559566,168962,371529,1778305,183018,-1294,684,-61,672,-442,-514,-72,-31,67,-1224,-590,-299,637,582,-557,-18,14,12,
166792,3559566,168962,371529,1778305,183018,-1298,674,-85,669,-451,-514,-67,-36,65,-1220,-585,-314,634,581,-546,-11,-1,8,
166765,3559566,168962,371529,1778305,183018,-1298,672,-87,669,-451,-514,-71,-28,55,-1191,-556,-307,634,581,-546,-2,-5,2,
166765,3557486,168962,371529,1778305,183018,-1287,687,-107,669,-451,-506,-68,-31,48,-1182,-563,-333,635,587,-568,12,10,-4,
166765,3557486,173488,371529,1778305,183018,-1305,697,-80,669,-451,-506,-71,-26,43,-1191,-599,-310,636,582,-573,19,20,-12,
166765,3557486,173488,402218,1778305,183018,-1294,717,-82,668,-442,-523,-84,-12,31,-1180,-593,-324,636,582,-573,22,20,-21,
166765,3557486,173488,402218,1733822,183018,-1278,734,-41,669,-450,-518,-93,1,20,-1182,-585,-353,634,580,-571,14,21,-19,
166765,3557486,173488,402218,1733822,186645,-1296,728,-87,669,-450,-518,-81,-3,-11,-1205,-604,-318,634,580,-571,16,17,-29,
166765,3557486,173488,402218,1733822,186645,-1268,720,-74,672,-451,-515,-66,1,-26,-1198,-616,-281,632,589,-554,15,14,-33,
166765,3557486,173488,402218,1733822,186645,-1269,690,-85,672,-451,-515,-57,5,-36,-1202,-608,-311,632,589,-554,14,0,-35,
166900,3557486,173488,402218,1733822,186645,-1284,708,-42,666,-450,-519,-58,7,-51,-1188,-613,-306,635,593,-559,12,8,-21,
166900,3572213,173488,402218,1733822,186645,-1296,692,-88,666,-450,-519,-56,1,-66,-1194,-625,-297,635,582,-555,15,14,-23,
166900,3572213,169562,402218,1733822,186645,-1290,683,-100,671,-447,-517,-53,0,-77,-1208,-623,-299,634,582,-555,10,2,-19,
166900,3572213,169562,384988,1733822,186645,-1296,655,-107,670,-450,-511,-52,3,-71,-1192,-620,-312,635,582,-569,8,-6,-24,
166900,3572213,169562,384988,1838037,186645,-1309,664,-72,670,-450,-511,-59,3,-76,-1199,-615,-316,635,582,-569,7,-3,-24,
166900,3572213,169562,384988,1838037,216125,-1321,651,-86,671,-450,-504,-59,4,-72,-1171,-611,-311,635,586,-548,12,0,-24,
166900,3572213,169562,384988,1838037,216125,-1301,639,-102,671,-450,-504,-56,5,-68,-1177,-614,-360,635,586,-548,16,9,-18,
166900,3572213,169562,384988,1838037,216125,-1293,641,-73,668,-443,-507,-54,4,-62,-1181,-611,-318,632,583,-561,7,6,-15,
166676,3572213,169562,384988,1838037,216125,-1291,634,-34,671,-442,-516,-49,8,-54,-1184,-598,-318,632,583,-561,8,2,-15,
166676,3572978,169562,384988,1838037,216125,-1321,657,-97,671,-442,-516,-53,-2,-51,-1207,-613,-291,636,590,-541,10,11,-10,
166676,3572978,169022,384988,1838037,216125,-1318,643,-69,673,-447,-511,-51,1,-48,-1186,-610,-302,634,580,-563,2,13,-15,
166676,3572978,169022,380689,1838037,216125,-1285,636,-76,673,-447,-511,-54,2,-40,-1197,-618,-313,634,580,-563,-5,13,-19,
166676,3572978,169022,380689,1873053,216125,-1315,657,-92,670,-443,-500,-57,-1,-37,-1193,-615,-325,637,583,-543,1,3,-15,
166676,3572978,169022,380689,1873053,218849,-1310,662,-79,670,-443,-500,-60,-2,-29,-1198,-620,-325,637,583,-543,-3,6,-13,
166676,3572978,169022,380689,1873053,218849,-1295,642,-90,671,-444,-508,-62,2,-25,-1200,-623,-288,636,591,-553,2,4,-14,
166676,3572978,169022,380689,1873053,218849,-1298,654,-90,671,-449,-514,-58,-1,-29,-1215,-621,-290,636,591,-553,3,-4,-6,
166867,3572978,169022,380689,1873053,218849,-1305,664,-73,671,-449,-514,-53,-4,-28,-1192,-624,-283,632,591,-541,16,-6,-9,
166867,3565127,169022,380689,1873053,218849,-1284,655,-89,671,-450,-514,-52,-8,-28,-1193,-625,-316,637,588,-541,13,-13,-11,
166867,3565127,171428,380689,1873053,218849,-1298,666,-89,671,-450,-514,-53,0,-28,-1210,-635,-300,637,588,-541,15,-3,4,
166867,3565127,171428,385517,1873053,218849,-1299,659,-84,670,-437,-515,-80,-7,-26,-1190,-660,-261,637,578,-567,12,-13,17,
166867,3565127,171428,385517,1864734,218849,-1319,660,-53,668,-446,-511,-102,-2,-32,-1178,-654,-278,637,578,-567,6,-16,17,
166867,3565127,171428,385517,1864734,179780,-1310,653,-82,668,-446,-511,-126,-7,-35,-1193,-647,-309,635,582,-554,-4,-35,23,
166867,3565127,171428,385517,1864734,179780,-1301,641,-94,669,-454,-516,-153,-10,-38,-1196,-624,-270,635,582,-554,16,-31,32,
166867,3565127,171428,385517,1864734,179780,-1310,694,-53,669,-454,-516,-161,-5,-41,-1197,-640,-294,639,588,-553,38,-20,54,
193122,3565127,171428,385517,1864734,179780,-1304,685,-83,673,-453,-511,-159,-13,-46,-1174,-620,-298,639,588,-553,49,-6,70,
193122,3206331,171428,385517,1864734,179780,-1300,695,-68,673,-453,-511,-146,-11,-51,-1176,-643,-302,637,584,-564,83,26,89,
193122,3206331,169033,385517,1864734,179780,-1283,691,-90,672,-449,-509,-127,-12,-65,-1171,-687,-269,641,580,-557,81,42,108,
193122,3206331,169033,747796,1864734,179780,-1274,698,-55,674,-458,-504,-113,-10,-78,-1161,-700,-295,641,580,-557,45,53,129,
193122,3206331,169033,747796,1360432,179780,-1310,699,-88,674,-458,-504,-105,-11,-87,-1183,-660,-276,642,579,-550,13,68,146,
193122,3206331,169033,747796,1360432,165713,-1285,681,-62,672,-451,-506,-87,-25,-105,-1174,-636,-284,642,579,-550,-14,71,168,
193122,3206331,169033,747796,1360432,165713,-1302,669,-116,672,-451,-506,-66,-15,-107,-1220,-610,-297,643,576,-556,-21,76,180,
193122,3206331,169033,747796,1360432,165713,-1269,682,-85,675,-446,-510,-65,-10,-107,-1204,-608,-304,643,576,-556,-16,83,195,
288040,3206331,169033,747796,1360432,165713,-1259,666,-110,677,-449,-504,-43,1,-109,-1199,-593,-354,643,575,-561,-19,77,198,
288040,2947830,169033,747796,1360432,165713,-1286,656,-101,677,-449,-504,-30,1,-112,-1240,-559,-323,648,573,-550,-23,65,196,
288040,2947830,169015,747796,1360432,165713,-1283,619,-124,676,-452,-511,-16,9,-106,-1209,-545,-352,648,573,-550,-27,55,183,
288040,2947830,169015,895760,1360432,165713,-1310,628,-68,676,-452,-511,-6,7,-96,-1237,-529,-347,648,567,-556,-26,36,161,
288040,2947830,169015,895760,1456913,165713,-1307,603,-110,678,-445,-508,-8,11,-87,-1231,-452,-348,648,567,-556,-39,12,139,
288040,2947830,169015,895760,1456913,165530,-1307,607,-83,678,-445,-508,-15,11,-74,-1246,-426,-354,651,565,-548,-51,6,110,
288040,2947830,169015,895760,1456913,165530,-1306,610,-110,679,-439,-508,-18,11,-65,-1261,-429,-352,651,565,-548,-27,7,35,
288040,2947830,169015,895760,1456913,165530,-1330,609,-74,674,-443,-503,-21,10,-55,-1250,-441,-346,650,573,-556,8,-6,-2,
445798,2947830,169015,895760,1456913,165530,-1308,602,-67,674,-443,-503,-36,7,-31,-1253,-456,-353,650,573,-557,22,-13,-40,
445798,3150973,169015,895760,1456913,165530,-1318,610,-63,677,-444,-514,-41,7,-22,-1258,-463,-337,651,563,-557,46,-14,-72,
445798,3150973,169297,895760,1456913,165530,-1308,603,-92,677,-444,-514,-46,8,-15,-1233,-489,-346,651,565,-550,67,-13,-97,
445798,3150973,169297,862385,1456913,165530,-1317,619,-70,679,-440,-508,-47,16,2,-1230,-543,-317,651,565,-550,58,-21,-112,
445798,3150973,169297,862385,1465239,165530,-1308,618,-48,676,-447,-506,-38,22,15,-1230,-599,-305,654,569,-557,43,-20,-126,
445798,3150973,169297,862385,1465239,166070,-1309,631,-68,676,-447,-506,-42,21,15,-1204,-597,-312,654,569,-557,36,-13,-118,
445798,3150973,169297,862385,1465239,166070,-1332,655,-50,679,-446,-503,-40,13,13,-1183,-627,-301,647,569,-568,27,-22,-120,
445798,3150973,169297,862385,1465239,166070,-1313,668,-79,679,-446,-503,-26,0,17,-1207,-645,-286,647,569,-568,24,-5,-109,
166829,3150973,169297,862385,1465239,166070,-1294,657,-55,671,-447,-512,-1,8,24,-1190,-658,-303,647,579,-540,22,-12,-84,
166829,3417762,169297,862385,1465239,166070,-1326,624,-64,671,-447,-511,30,-4,22,-1191,-642,-288,646,575,-558,13,-16,-61,
166829,3417762,176151,862385,1465239,166070,-1317,614,-61,676,-450,-511,28,-2,36,-1183,-648,-291,646,575,-558,8,-7,-39,
166829,3417762,176151,871128,1465239,166070,-1297,644,-79,672,-450,-506,7,-3,36,-1194,-646,-308,645,570,-559,-4,-5,-21,
166829,3417762,176151,871128,1358148,166070,-1305,670,-42,672,-450,-506,5,-6,37,-1194,-625,-298,645,570,-559,-9,1,-7,
166829,3417762,176151,871128,1358148,165880,-1303,653,-87,670,-448,-501,-5,-7,33,-1191,-613,-310,647,576,-550,-16,8,0,
166829,3417762,176151,871128,1358148,165880,-1300,670,-74,670,-448,-501,-26,-6,25,-1213,-594,-322,647,576,-550,-22,4,10,
166829,3417762,176151,871128,1358148,165880,-1286,682,-61,670,-447,-510,-42,-2,13,-1226,-588,-281,647,575,-559,-18,-3,20,
166766,3417762,176151,871128,1358148,165880,-1309,709,-88,670,-448,-516,-46,-1,13,-1225,-573,-327,649,576,-546,-21,-9,8,
166766,3524414,176151,871128,1358148,165880,-1282,720,-84,670,-448,-516,-41,-6,-2,-1209,-541,-331,649,576,-546,-15,-20,7,
166766,3524414,170504,871128,1358148,165880,-1293,700,-85,674,-447,-505,-33,-7,-8,-1236,-545,-303,649,568,-560,11,-24,-4,
166766,3524414,170504,858464,1358148,165880,-1272,699,-83,674,-447,-505,-32,2,-20,-1215,-572,-322,649,568,-560,19,-19,-12,
166766,3524414,170504,858464,1140393,165880,-1308,687,-86,671,-447,-499,-31,7,-27,-1200,-556,-325,649,574,-550,0,-7,-15,
166766,3524414,170504,858464,1140393,165628,-1289,673,-63,671,-447,-509,-23,6,-45,-1211,-560,-285,649,574,-550,6,4,-23,
166766,3524414,170504,858464,1140393,165628,-1305,663,-81,671,-448,-509,-24,13,-52,-1196,-570,-313,647,576,-544,4,15,-27,
166766,3524414,170504,858464,1140393,165628,-1289,665,-80,672,-447,-511,-25,13,-54,-1224,-581,-312,647,576,-544,2,23,-29,
166769,3524414,170504,858464,1140393,165628,-1299,642,-82,672,-447,-511,-25,10,-52,-1206,-583,-341,649,579,-547,18,15,-27,
166769,3550815,170504,858464,1140393,165628,-1302,647,-70,670,-447,-517,-28,11,-58,-1235,-607,-303,650,573,-536,11,2,-29,
166769,3550815,172905,858464,1140393,165628,-1296,639,-79,670,-447,-517,-39,6,-50,-1187,-585,-358,650,573,-536,1,-11,-36,
166769,3550815,172905,832987,1140393,165628,-1316,638,-92,672,-442,-506,-50,8,-51,-1228,-571,-308,647,570,-560,-9,-21,-36,
166769,3550815,172905,832987,1099467,165628,-1309,640,-64,671,-448,-514,-55,13,-42,-1217,-568,-336,647,570,-560,-7,-24,-36,
166769,3550815,172905,832987,1099467,165647,-1301,637,-114,671,-448,-514,-62,12,-41,-1204,-562,-349,645,573,-547,-18,-9,-38,
166769,3550815,172905,832987,1099467,165647,-1313,650,-119,673,-447,-504,-68,9,-40,-1226,-579,-346,645,573,-547,-23,-14,-49,
166769,3550815,172905,832987,1099467,165647,-1322,650,-49,673,-447,-504,-66,14,-35,-1211,-568,-331,648,574,-551,-34,-29,-67,
166777,3550815,172905,832987,1099467,165647,-1307,659,-69,673,-444,-510,-78,11,-28,-1217,-560,-312,647,576,-566,-51,-28,-77,
166777,3533320,172905,832987,1099467,165647,-1322,661,-94,673,-447,-516,-79,12,-33,-1215,-543,-298,647,576,-566,-66,-30,-86,
166777,3533320,179561,832987,1099467,165647,-1298,649,-75,673,-447,-516,-78,8,-29,-1233,-543,-335,648,572,-559,-56,-36,-99,
166777,3533320,179561,642587,1099467,165647,-1295,661,-106,675,-447,-507,-76,16,-30,-1240,-522,-307,648,572,-559,-44,-41,-115,
166777,3533320,179561,642587,1350555,165647,-1304,659,-50,675,-447,-507,-79,15,-34,-1200,-536,-325,643,575,-547,-18,-37,-125,
166777,3533320,179561,642587,1350555,165685,-1299,674,-93,674,-444,-510,-82,10,-33,-1210,-567,-308,643,575,-547,7,-23,-143,
166777,3533320,179561,642587,1350555,165685,-1313,693,-79,674,-444,-510,-76,15,-33,-1204,-575,-320,642,584,-542,14,-32,-156,
166777,3533320,179561,642587,1350555,165685,-1302,679,-72,669,-442,-514,-57,17,-32,-1203,-567,-311,642,584,-542,15,-26,-163,
166605,3533320,179561,642587,1350555,165685,-1296,663,-52,675,-445,-510,-52,14,-41,-1211,-605,-289,643,578,-548,23,-18,-167,
166605,3525732,179561,642587,1350555,165685,-1303,666,-102,675,-445,-510,-56,13,-33,-1199,-615,-320,641,581,-566,38,-17,-168,
166605,3525732,176173,642587,1350555,165685,-1304,648,-97,675,-451,-513,-61,12,-42,-1211,-647,-253,641,581,-566,29,-8,-152,
166605,3525732,176173,543386,1350555,165685,-1291,649,-87,675,-451,-513,-65,11,-40,-1170,-643,-300,641,579,-558,26,-16,-140,
166605,3525732,176173,543386,1416866,165685,-1281,653,-78,673,-445,-509,-65,8,-41,-1187,-673,-275,641,579,-558,27,-3,-129,
166605,3525732,176173,543386,1416866,165606,-1313,659,-103,671,-442,-505,-60,10,-43,-1185,-681,-296,639,584,-545,24,1,-111,
166605,3525732,176173,543386,1416866,165606,-1303,653,-85,671,-442,-505,-65,9,-40,-1189,-679,-295,639,584,-545,13,-15,-99,
166605,3525732,176173,543386,1416866,165606,-1282,651,-74,676,-449,-508,-56,12,-39,-1180,-671,-285,637,587,-558,3,-10,-82,
166750,3525732,176173,543386,1416866,165606,-1304,656,-38,676,-449,-508,-57,2,-45,-1183,-661,-312,639,587,-551,-6,-13,-63,
166750,3478818,176173,543386,1416866,165606,-1307,671,-80,674,-446,-515,-55,3,-39,-1178,-654,-285,639,587,-551,6,-10,-32,
166750,3478818,174805,543386,1416866,165606,-1299,664,-90,674,-446,-515,-57,5,-37,-1176,-662,-301,636,587,-537,-4,-8,-21,
166750,3478818,174805,550004,1416866,165606,-1311,659,-111,670,-440,-505,-46,11,-47,-1183,-628,-305,636,587,-537,-6,-3,-28,
166750,3478818,174805,550004,1456749,165606,-1280,644,-69,675,-449,-509,-47,10,-37,-1196,-615,-288,636,584,-548,2,7,-12,
166750,3478818,174805,550004,1456749,165735,-1305,652,-100,675,-449,-509,-52,11,-40,-1188,-620,-319,636,584,-548,18,9,3,
166750,3478818,174805,550004,1456749,165735,-1304,645,-77,675,-448,-518,-51,15,-42,-1193,-616,-292,636,598,-555,21,19,-1,
166750,3478818,174805,550004,1456749,165735,-1311,634,-108,675,-448,-518,-56,11,-42,-1178,-604,-316,636,587,-548,10,14,-6,
166864,3478818,174805,550004,1456749,165735,-1312,649,-58,672,-442,-515,-65,21,-41,-1203,-613,-317,635,587,-548,9,15,2,
166864,3475116,174805,550004,1456749,165735,-1306,628,-78,673,-450,-507,-77,26,-32,-1194,-621,-311,637,586,-543,1,12,-2,
166864,3475116,173628,550004,1456749,165735,-1300,633,-78,673,-450,-507,-81,37,-29,-1205,-623,-299,637,586,-543,5,11,2,
166864,3475116,173628,552023,1456749,165735,-1309,628,-87,673,-447,-516,-100,47,-27,-1193,-618,-320,637,586,-558,8,9,18,
166864,3475116,173628,552023,1529017,165735,-1299,628,-57,673,-447,-516,-121,65,-31,-1175,-629,-310,637,586,-558,15,12,23,
166864,3475116,173628,552023,1529017,165792,-1286,686,-59,672,-446,-500,-161,94,-26,-1200,-645,-308,633,586,-560,16,4,22,
166864,3475116,173628,552023,1529017,165792,-1298,737,-102,672,-446,-500,-183,100,-29,-1193,-633,-323,633,586,-560,5,-3,16,
166864,3475116,173628,552023,1529017,165792,-1275,766,-53,671,-445,-515,-152,81,-43,-1194,-624,-300,636,593,-533,13,8,25,
166811,3475116,173628,552023,1529017,165792,-1303,689,-83,670,-453,-512,-49,21,-70,-1190,-630,-312,638,585,-554,9,17,35,
166811,3493830,173628,552023,1529017,165792,-1284,632,-138,670,-453,-512,-65,22,-67,-1200,-649,-310,638,585,-554,3,19,35,
166811,3493830,173341,552023,1529017,165792,-1305,646,-119,670,-451,-520,-71,13,-63,-1177,-631,-311,640,578,-540,-7,21,42,
166811,3493830,173341,546299,1529017,165792,-1289,621,-116,670,-451,-520,-57,-4,-64,-1201,-622,-293,640,578,-540,-6,18,50,
166811,3493830,173341,546299,1539058,165792,-1317,597,-116,674,-445,-514,-54,-11,-58,-1181,-615,-329,640,591,-549,-15,14,58,
166811,3493830,173341,546299,1539058,165633,-1298,603,-111,672,-446,-508,-54,-13,-38,-1209,-616,-300,640,591,-549,-15,9,61,
166811,3493830,173341,546299,1539058,165633,-1316,608,-129,672,-446,-508,-63,-6,-25,-1197,-612,-284,639,585,-573,-13,9,67,
166811,3493830,173341,546299,1539058,165633,-1291,612,-78,672,-447,-512,-73,-14,-14,-1203,-583,-327,643,579,-560,-22,9,62,
166893,3493830,173341,546299,1539058,165633,-1312,632,-83,672,-447,-512,-68,-18,-5,-1215,-568,-289,643,579,-560,-22,18,53,
166893,3506696,173341,546299,1539058,165633,-1288,642,-39,671,-451,-512,-71,-20,1,-1226,-582,-305,642,579,-560,-16,6,51,
166893,3506696,171728,546299,1539058,165633,-1303,637,-74,671,-451,-512,-69,-23,14,-1210,-577,-313,642,579,-560,-7,17,43,
166893,3506696,171728,557771,1539058,165633,-1320,646,-89,671,-447,-513,-65,-10,17,-1219,-565,-280,645,575,-548,-12,22,31,
166893,3506696,171728,557771,1568534,165633,-1294,667,-42,670,-452,-510,-62,-10,16,-1204,-572,-329,645,575,-548,-3,24,22,
166893,3506696,171728,557771,1568534,165691,-1310,660,-98,670,-452,-510,-53,-7,13,-1205,-590,-334,639,580,-541,13,35,14,
166893,3506696,171728,557771,1568534,165691,-1301,697,-67,668,-453,-513,-55,0,12,-1188,-599,-326,639,580,-541,26,23,8,
166893,3506696,171728,557771,1568534,165691,-1280,687,-60,668,-453,-513,-54,4,9,-1190,-595,-324,642,580,-560,17,24,-1,
166759,3506696,171728,557771,1568534,165691,-1298,679,-68,668,-449,-501,-52,0,2,-1194,-606,-290,645,578,-555,22,30,-3,
166759,3583930,171728,557771,1568534,165691,-1279,684,-74,672,-455,-508,-37,18,3,-1204,-599,-335,645,578,-555,23,24,2,
166759,3583930,173848,557771,1568534,165691,-1268,705,-94,672,-455,-508,-28,33,2,-1209,-598,-338,643,575,-546,21,18,1,
166759,3583930,173848,672154,1568534,165691,-1269,692,-91,671,-454,-509,-12,43,-10,-1225,-595,-296,643,575,-546,22,8,4,
166759,3583930,173848,672154,1626110,165691,-1293,690,-24,671,-454,-509,4,60,-10,-1190,-601,-298,640,589,-561,22,5,4,
166759,3583930,173848,672154,1626110,165444,-1360,675,-96,665,-452,-511,12,49,-37,-1200,-594,-322,640,589,-561,6,-5,7,
166759,3583930,173848,672154,1626110,165444,-1333,663,-70,665,-452,-511,-27,17,-49,-1221,-595,-275,642,578,-543,12,3,11,
166759,3583930,173848,672154,1626110,165444,-1300,649,-92,668,-450,-506,-51,-3,-52,-1210,-597,-315,641,579,-563,20,14,2,
166794,3583930,173848,672154,1626110,165444,-1291,661,-97,669,-451,-509,-43,2,-52,-1194,-587,-313,641,579,-563,38,16,2,
166794,3721503,173848,672154,1626110,165444,-1281,652,-122,669,-451,-509,-30,10,-50,-1203,-608,-324,643,579,-542,46,19,5,
166794,3721503,176934,672154,1626110,165444,-1305,659,-99,669,-455,-511,-34,10,-48,-1190,-602,-313,643,579,-542,43,23,11,
166794,3721503,176934,791554,1626110,165444,-1301,652,-68,669,-455,-511,-43,-2,-54,-1177,-589,-337,643,578,-553,21,14,13,
166794,3721503,176934,791554,1599065,165444,-1302,665,-84,665,-450,-517,-45,2,-50,-1223,-604,-265,643,578,-553,12,21,4,
166794,3721503,176934,791554,1599065,165756,-1293,663,-102,667,-452,-519,-34,-4,-52,-1199,-594,-291,643,592,-557,1,18,7,
166794,3721503,176934,791554,1599065,165756,-1293,663,-87,667,-452,-519,-35,3,-46,-1213,-609,-286,643,592,-559,4,7,13,
166794,3721503,176934,791554,1599065,165756,-1296,658,-71,668,-450,-514,-35,0,-43,-1205,-584,-327,643,574,-559,11,-1,14,
166815,3721503,176934,791554,1599065,165756,-1294,657,-34,668,-450,-514,-40,-1,-48,-1208,-582,-320,647,574,-542,12,6,7,
166815,3730201,176934,791554,1599065,165756,-1330,661,-107,670,-446,-515,-44,-3,-47,-1198,-576,-301,647,574,-542,7,4,6,
166815,3730201,172259,791554,1599065,165756,-1310,665,-90,670,-446,-515,-46,-6,-48,-1196,-566,-329,645,575,-555,12,7,0,
166815,3730201,172259,825595,1599065,165756,-1282,661,-93,670,-453,-514,-50,-6,-51,-1201,-561,-303,645,575,-555,9,18,-21,
166815,3730201,172259,825595,1636581,165756,-1288,662,-101,665,-447,-514,-54,2,-54,-1222,-568,-320,646,579,-545,4,14,-28,
166815,3730201,172259,825595,1636581,165543,-1293,673,-69,665,-447,-514,-49,7,-61,-1204,-560,-333,646,579,-545,10,10,-40,
166815,3730201,172259,825595,1636581,165543,-1289,661,-93,669,-449,-520,-43,6,-60,-1191,-579,-306,644,581,-558,11,6,-47,
166815,3730201,172259,825595,1636581,165543,-1310,658,-81,669,-449,-520,-52,9,-66,-1210,-583,-294,644,578,-558,7,0,-49,
166930,3730201,172259,825595,1636581,165543,-1319,679,-102,672,-440,-520,-55,20,-73,-1219,-596,-298,644,578,-558,9,-1,-51,
166930,3715897,172259,825595,1636581,165543,-1317,691,-94,671,-450,-520,-65,15,-84,-1225,-577,-293,641,576,-557,15,4,-57,
166930,3715897,180511,825595,1636581,165543,-1309,671,-70,671,-450,-520,-66,10,-90,-1204,-604,-299,641,576,-557,23,4,-61,
166930,3715897,180511,726297,1636581,165543,-1305,656,-65,672,-449,-516,-65,5,-100,-1210,-620,-315,639,583,-548,14,-5,-50,
166930,3715897,180511,726297,1777759,165543,-1280,665,-101,672,-449,-516,-63,2,-100,-1209,-612,-302,639,583,-548,15,-10,-54,
166930,3715897,180511,726297,1777759,165571,-1286,680,-57,671,-445,-516,-61,-2,-105,-1188,-601,-310,639,583,-541,20,-10,-47,
166930,3715897,180511,726297,1777759,165571,-1299,665,-103,671,-445,-511,-44,-9,-111,-1192,-608,-331,639,583,-556,19,-3,-39,
166930,3715897,180511,726297,1777759,165571,-1300,669,-124,673,-442,-511,-41,-6,-120,-1204,-614,-286,643,583,-556,24,-6,-38,
166845,3715897,180511,726297,1777759,165571,-1280,660,-87,675,-443,-518,-29,-5,-128,-1194,-609,-309,640,577,-557,18,-7,-33,
166845,3575659,180511,726297,1777759,165571,-1312,641,-97,675,-443,-518,-26,8,-129,-1199,-620,-303,640,577,-557,9,2,-33,
166845,3575659,183406,726297,1777759,165571,-1313,626,-122,673,-438,-514,-13,19,-119,-1180,-600,-322,642,578,-561,6,9,-35,
166845,3575659,183406,708606,1777759,165571,-1346,625,-82,673,-438,-514,-10,19,-114,-1219,-612,-282,642,578,-561,4,5,-29,
166845,3575659,183406,708606,1801340,165571,-1311,612,-90,678,-435,-511,-12,19,-108,-1205,-593,-302,640,579,-556,7,11,-15,
166845,3575659,183406,708606,1801340,165653,-1306,609,-56,678,-438,-519,-13,19,-93,-1194,-602,-322,640,579,-556,-5,10,-23,
166845,3575659,183406,708606,1801340,165653,-1335,604,-99,678,-438,-519,-12,24,-86,-1199,-614,-308,640,587,-543,3,5,-27,
166845,3575659,183406,708606,1801340,165653,-1340,573,-141,679,-432,-522,-19,22,-76,-1199,-593,-319,641,576,-549,4,2,-23,
166849,3575659,183406,708606,1801340,165653,-1337,571,-95,679,-432,-522,-31,10,-65,-1190,-617,-328,641,576,-549,0,-4,-20,
166849,3653033,183406,708606,1801340,165653,-1337,572,-99,675,-434,-512,-45,15,-50,-1199,-614,-289,640,579,-558,-5,-1,-16,
166849,3653033,201062,708606,1801340,165653,-1326,586,-100,675,-429,-513,-58,13,-38,-1197,-617,-284,640,579,-558,-1,-6,-13,
166849,3653033,201062,702558,1801340,165653,-1318,597,-82,678,-429,-513,-59,13,-18,-1205,-609,-286,640,579,-552,1,-6,-15,
166849,3653033,201062,702558,1865062,165653,-1342,593,-130,678,-433,-511,-63,14,-17,-1196,-599,-301,640,579,-552,0,0,-13,
166849,3653033,201062,702558,1865062,165714,-1324,619,-94,678,-433,-511,-69,8,-6,-1216,-613,-304,636,590,-566,-5,4,-10,
166849,3653033,201062,702558,1865062,165714,-1308,630,-113,674,-433,-507,-68,-2,2,-1200,-610,-323,638,584,-562,-2,6,-10,
166849,3653033,201062,702558,1865062,165714,-1312,634,-100,674,-433,-507,-76,4,-256,-1219,-608,-292,638,584,-562,-1,0,-8,
166570,3653033,201062,702558,1865062,165714,-1300,656,-97,675,-423,-506,-81,-3,-4,-1203,-614,-314,641,578,-553,8,-1,-1,
166570,3681441,201062,702558,1865062,165714,-1324,659,-121,680,-434,-517,-75,-5,-12,-1219,-609,-311,641,578,-553,11,3,1,
166570,3681441,186584,702558,1865062,165714,-1319,647,-69,680,-434,-517,-70,-4,-5,-1203,-614,-286,641,577,-553,3,6,2,
166570,3681441,186584,779639,1865062,165714,-1306,655,-114,680,-436,-515,-63,-3,-5,-1203,-620,-282,641,577,-553,-2,0,1,
166570,3681441,186584,779639,1798797,165714,-1296,662,-69,680,-436,-515,-58,1,-15,-1212,-606,-300,638,586,-546,-10,-7,4,
166570,3681441,186584,779639,1798797,165691,-1297,632,-106,675,-428,-510,-47,1,-22,-1195,-578,-325,638,586,-546,3,10,10,
166570,3681441,186584,779639,1798797,165691,-1302,654,-64,673,-431,-512,-56,-1,-30,-1212,-600,-256,642,581,-547,0,10,8,
166570,3681441,186584,779639,1798797,165691,-1313,636,-126,673,-431,-512,-49,-8,-28,-1191,-594,-327,638,578,-561,-7,12,2,
166882,3681441,186584,779639,1798797,165691,-1315,642,-88,677,-439,-510,-53,1,-35,-1190,-593,-302,638,578,-561,0,14,-3,
166882,3646474,186584,779639,1798797,165691,-1317,630,-115,677,-439,-510,-44,0,-37,-1195,-597,-308,639,578,-546,1,9,1,
166882,3646474,176318,779639,1798797,165691,-1295,625,-89,676,-432,-510,-43,-6,-39,-1196,-600,-311,639,578,-546,10,19,-3,
166882,3646474,176318,818348,1798797,165691,-1306,619,-112,676,-432,-510,-49,-5,-30,-1201,-598,-316,641,585,-550,11,19,2,
166882,3646474,176318,818348,1785594,165691,-1309,635,-94,674,-430,-504,-45,-7,-32,-1204,-599,-305,641,585,-550,11,10,-7,
166882,3646474,176318,818348,1785594,165725,-1341,628,-63,679,-441,-511,-51,-3,-28,-1191,-585,-304,638,579,-558,8,5,-7,
166882,3646474,176318,818348,1785594,165725,-1326,628,-108,679,-441,-511,-47,-3,-27,-1204,-610,-312,642,581,-555,10,4,-8,
166882,3646474,176318,818348,1785594,165725,-1338,628,-108,676,-438,-512,-55,-6,-24,-1201,-586,-313,642,581,-555,10,12,-15,
166791,3646474,176318,818348,1785594,165725,-1316,650,-59,676,-438,-512,-60,-3,-23,-1205,-586,-302,641,578,-533,17,7,-13,
166791,3681536,176318,818348,1785594,165725,-1300,636,-86,676,-431,-524,-52,2,-25,-1196,-592,-288,641,578,-533,7,10,-26,
166791,3681536,183330,818348,1785594,165725,-1308,645,-74,676,-433,-511,-43,8,-27,-1211,-594,-312,643,579,-549,-1,6,-21,
166791,3681536,183330,770798,1785594,165725,-1307,650,-105,676,-433,-511,-39,7,-28,-1203,-592,-303,643,579,-549,0,8,-20,
166791,3681536,183330,770798,1834281,165725,-1323,638,-68,676,-439,-519,-36,10,-27,-1195,-596,-329,641,585,-565,-1,18,-21,
166791,3681536,183330,770798,1834281,165659,-1304,651,-80,676,-439,-519,-38,6,-37,-1197,-598,-316,641,585,-545,-5,12,-20,
166791,3681536,183330,770798,1834281,165659,-1303,643,-80,676,-437,-516,-41,10,-41,-1206,-596,-298,641,576,-545,0,11,-28,
166791,3681536,183330,770798,1834281,165659,-1308,649,-95,676,-437,-516,-39,0,-46,-1206,-598,-307,641,579,-549,-1,4,-31,
166743,3681536,183330,770798,1834281,165659,-1310,632,-87,676,-430,-517,-48,5,-47,-1209,-595,-311,641,579,-549,-6,23,-31,
166743,3684807,183330,770798,1834281,165659,-1315,636,-69,675,-438,-516,-44,3,-52,-1193,-585,-312,638,580,-556,-7,16,-35,
166743,3684807,185193,770798,1834281,165659,-1309,629,-84,675,-438,-516,-47,6,-49,-1202,-603,-309,638,580,-556,-15,10,-33,
166743,3684807,185193,700110,1834281,165659,-1305,626,-97,675,-439,-512,-44,5,-48,-1199,-590,-338,635,576,-556,-14,21,-30,
166743,3684807,185193,700110,1907096,165659,-1332,620,-84,675,-439,-512,-40,9,-42,-1207,-598,-300,635,576,-556,-11,33,-39,
166743,3684807,185193,700110,1907096,165802,-1304,634,-103,677,-432,-516,-38,10,-44,-1194,-602,-318,636,588,-558,-2,16,-43,
166743,3684807,185193,700110,1907096,165802,-1324,646,-67,678,-435,-516,-41,3,-40,-1210,-592,-329,638,579,-539,0,5,-46,
166743,3684807,185193,700110,1907096,165802,-1310,617,-109,678,-435,-516,-43,4,-34,-1214,-593,-310,638,579,-539,1,8,-50,
166827,3684807,185193,700110,1907096,165802,-1306,641,-81,675,-433,-513,-39,12,-35,-1201,-607,-316,637,578,-533,10,5,-53,
166827,3701206,185193,700110,1907096,165802,-1321,648,-98,675,-433,-513,-42,7,-42,-1186,-587,-321,637,578,-533,8,1,-53,
166827,3701206,188070,700110,1907096,165802,-1314,635,-89,678,-435,-516,-33,4,-35,-1215,-604,-299,632,579,-556,11,-1,-58,
166827,3701206,188070,705377,1907096,165802,-1322,652,-96,678,-435,-516,-37,9,-35,-1199,-600,-318,632,579,-556,15,-7,-64,
166827,3701206,188070,705377,1952880,165802,-1308,644,-51,676,-431,-513,-35,13,-33,-1203,-597,-313,634,585,-558,14,-1,-73,
166827,3701206,188070,705377,1952880,165770,-1298,650,-90,679,-434,-514,-34,16,-37,-1212,-604,-315,634,585,-555,16,2,-78,
166827,3701206,188070,705377,1952880,165770,-1302,651,-68,679,-434,-514,-30,12,-41,-1206,-610,-291,635,585,-555,28,5,-64,
166827,3701206,188070,705377,1952880,165770,-1318,643,-89,675,-437,-514,-29,11,-43,-1199,-597,-314,638,581,-549,36,0,-69,
166837,3701206,188070,705377,1952880,165770,-1304,633,-95,675,-437,-514,-33,9,-45,-1207,-613,-329,638,581,-549,34,5,-71,
166837,3680315,188070,705377,1952880,165770,-1319,638,-99,678,-428,-505,-29,16,-48,-1199,-618,-320,634,581,-545,42,3,-71,
166837,3680315,188446,705377,1952880,165770,-1319,619,-86,681,-435,-515,-36,10,-56,-1193,-617,-311,634,581,-545,35,1,-73,
166837,3680315,188446,684572,1952880,165770,-1316,627,-114,681,-435,-515,-43,5,-49,-1190,-628,-298,632,585,-545,49,6,-74,
166837,3680315,188446,684572,2174529,165770,-1312,616,-116,679,-433,-512,-35,9,-47,-1211,-626,-318,632,585,-545,31,5,-72,
166837,3680315,188446,684572,2174529,165702,-1326,622,-61,679,-433,-512,-47,6,-44,-1190,-624,-307,636,596,-550,35,9,-67,
166837,3680315,188446,684572,2174529,165702,-1310,618,-131,677,-431,-521,-53,5,-34,-1173,-631,-308,630,588,-546,36,9,-64,
166837,3680315,188446,684572,2174529,165702,-1300,618,-88,677,-431,-521,-52,7,-28,-1193,-643,-316,630,588,-546,26,-3,-58,
166743,3680315,188446,684572,2174529,165702,-1317,626,-79,676,-427,-517,-40,10,-27,-1179,-634,-316,633,588,-549,27,-4,-58,
166743,3669283,188446,684572,2174529,165702,-1311,610,-124,678,-434,-521,-45,4,-23,-1189,-627,-292,633,588,-549,23,-3,-54,
166743,3669283,191681,684572,2174529,165702,-1330,642,-72,678,-434,-521,-51,6,-16,-1174,-622,-316,629,590,-542,24,0,-48,
166743,3669283,191681,686711,2174529,165702,-1323,635,-122,678,-437,-525,-49,7,-18,-1184,-629,-282,629,590,-542,22,7,-28,
166743,3669283,191681,686711,2222415,165702,-1325,640,-92,678,-437,-525,-46,3,-24,-1192,-631,-346,628,592,-563,14,1,-30,
166743,3669283,191681,686711,2222415,165658,-1307,637,-85,675,-431,-523,-52,0,-29,-1196,-632,-309,630,595,-567,24,5,-29,
166743,3669283,191681,686711,2222415,165658,-1313,644,-79,677,-437,-511,-43,-1,-33,-1195,-629,-287,630,595,-567,12,5,-24,
166743,3669283,191681,686711,2222415,165658,-1303,643,-115,677,-437,-511,-50,3,-39,-1188,-624,-337,632,591,-548,8,5,-27,
166960,3669283,191681,686711,2222415,165658,-1321,637,-101,677,-433,-514,-47,3,-32,-1181,-615,-333,632,591,-548,15,10,-23,
166960,3661369,191681,686711,2222415,165658,-1326,641,-116,677,-433,-514,-43,5,-31,-1195,-617,-289,629,590,-558,16,9,-24,
166960,3661369,187021,686711,2222415,165658,-1307,638,-39,676,-437,-521,-45,6,-32,-1194,-624,-310,629,590,-558,11,10,-20,
166960,3661369,187021,602733,2222415,165658,-1308,630,-91,676,-437,-520,-49,1,-33,-1201,-628,-284,630,593,-550,4,15,-23,
166960,3661369,187021,602733,2256082,165658,-1323,625,-127,676,-435,-520,-53,7,-32,-1185,-620,-313,630,593,-550,4,10,-17,
166960,3661369,187021,602733,2256082,165782,-1320,635,-90,676,-438,-519,-45,8,-36,-1206,-628,-304,629,586,-551,9,14,-19,
166960,3661369,187021,602733,2256082,165782,-1316,624,-128,676,-438,-519,-42,8,-31,-1181,-630,-307,630,586,-548,10,18,-12,
166960,3661369,187021,602733,2256082,165782,-1308,627,-90,677,-435,-531,-37,0,-37,-1180,-616,-318,630,586,-548,7,23,-18,
166900,3661369,187021,602733,2256082,165782,-1312,615,-82,677,-435,-531,-47,-7,-29,-1202,-629,-316,629,589,-543,6,16,-10,
166900,3576519,187021,602733,2256082,165782,-1316,631,-120,677,-427,-511,-52,-12,-29,-1179,-614,-332,629,589,-543,26,21,-5,
166900,3576519,176222,602733,2256082,165782,-1315,623,-108,678,-434,-511,-54,0,-25,-1197,-625,-322,627,595,-542,30,18,-6,
166900,3576519,176222,408505,2256082,165782,-1320,639,-93,678,-434,-511,-58,-5,-23,-1189,-616,-338,627,595,-542,25,17,-4,
166900,3576519,176222,408505,2513908,165782,-1313,646,-69,681,-437,-519,-61,-13,-26,-1183,-617,-309,627,593,-544,29,19,-5,
166900,3576519,176222,408505,2513908,165425,-1323,629,-108,681,-437,-519,-56,-3,-27,-1202,-626,-325,628,591,-564,30,26,-5,
166900,3576519,176222,408505,2513908,165425,-1306,642,-73,678,-436,-522,-55,2,-24,-1187,-629,-323,628,591,-564,33,20,-6,
166900,3576519,176222,408505,2513908,165425,-1321,636,-112,678,-436,-507,-50,3,-19,-1195,-626,-312,628,590,-547,27,20,-3,
166954,3576519,176222,408505,2513908,165425,-1326,652,-93,674,-433,-507,-47,1,-25,-1190,-620,-304,628,590,-547,22,21,-8,
166954,3569692,176222,408505,2513908,165425,-1298,640,-79,678,-435,-520,-58,3,-24,-1184,-619,-294,628,589,-545,18,16,-8,
166954,3569692,173534,408505,2513908,165425,-1311,634,-103,678,-435,-520,-46,1,-37,-1188,-610,-320,628,589,-545,12,12,-10,
166954,3569692,173534,401258,2513908,165425,-1308,631,-81,676,-430,-520,-51,1,-30,-1187,-613,-319,622,599,-550,10,12,-13,
166954,3569692,173534,401258,2601221,165425,-1311,624,-99,676,-430,-520,-41,7,-26,-1204,-609,-300,622,599,-559,14,10,-13,
166954,3569692,173534,401258,2601221,165485,-1309,632,-99,676,-425,-522,-44,-2,-26,-1199,-618,-325,628,591,-559,23,18,-16,
166954,3569692,173534,401258,2601221,165485,-1310,617,-120,676,-432,-514,-46,-2,-21,-1181,-631,-333,627,592,-539,19,15,-16,
166954,3569692,173534,401258,2601221,165485,-1322,615,-95,676,-432,-514,-46,-6,-19,-1187,-636,-314,627,592,-539,10,9,-13,
166841,3569692,173534,401258,2601221,165485,-1313,583,-105,676,-437,-517,-48,-5,-5,-1195,-624,-314,628,590,-541,1,11,-9,
166841,3615763,173534,401258,2601221,165485,-1308,571,-81,676,-437,-517,-53,-7,11,-1207,-634,-295,628,590,-541,-6,4,-13,
166841,3615763,174934,401258,2601221,165485,-1317,593,-80,673,-434,-521,-57,-5,18,-1196,-623,-299,631,590,-558,4,5,-10,
166841,3615763,174934,398824,2601221,165485,-1315,596,-108,673,-434,-522,-62,-2,35,-1178,-618,-313,631,590,-558,9,-2,-8,
166841,3615763,174934,398824,2615413,165485,-1334,630,-96,671,-434,-522,-65,-10,52,-1178,-618,-306,629,602,-531,2,4,-8,
166841,3615763,174934,398824,2615413,165757,-1309,624,-86,674,-439,-519,-78,-3,60,-1202,-612,-316,628,591,-534,-3,9,-12,
166841,3615763,174934,398824,2615413,165757,-1308,668,-102,674,-439,-519,-75,-1,63,-1191,-614,-297,628,591,-534,-5,7,-11,
166841,3615763,174934,398824,2615413,165757,-1295,669,-79,670,-438,-521,-79,-9,55,-1215,-620,-319,629,590,-565,-5,8,-7,
166868,3615763,174934,398824,2615413,165757,-1295,668,-113,670,-438,-521,-79,-11,44,-1203,-617,-312,629,590,-565,0,12,-10,
166868,3631604,174934,398824,2615413,165757,-1281,693,-71,673,-436,-508,-76,-2,44,-1193,-612,-338,624,589,-548,-1,4,-16,
166868,3631604,177754,398824,2615413,165757,-1279,694,-96,672,-445,-512,-73,3,34,-1211,-605,-324,624,589,-548,-2,5,-19,
166868,3631604,177754,406247,2615413,165757,-1300,687,-89,672,-445,-512,-69,1,27,-1190,-623,-337,627,596,-539,-3,9,-22,
166868,3631604,177754,406247,2620545,165757,-1298,671,-84,671,-446,-509,-62,-1,13,-1191,-626,-296,627,591,-568,1,4,-16,
166868,3631604,177754,406247,2620545,165706,-1303,684,-40,671,-446,-509,-55,3,7,-1182,-623,-303,626,591,-568,1,5,-21,
166868,3631604,177754,406247,2620545,165706,-1301,677,-95,669,-441,-506,-52,-4,-5,-1192,-617,-306,627,590,-549,6,4,-17,
166868,3631604,177754,406247,2620545,165706,-1312,677,-115,668,-439,-513,-55,-2,-15,-1180,-617,-289,627,590,-549,12,5,-17,
166887,3631604,177754,406247,2620545,165706,-1279,661,-90,668,-439,-513,-47,1,-22,-1207,-622,-296,630,591,-560,4,6,-18,
166887,3635273,177754,406247,2620545,165706,-1293,664,-69,670,-445,-515,-39,5,-25,-1198,-617,-311,630,591,-560,2,-3,-13,
166887,3635273,174443,406247,2620545,165706,-1313,666,-76,670,-445,-515,-49,8,-22,-1191,-630,-316,628,594,-559,-4,-1,-17,
166887,3635273,174443,393829,2620545,165706,-1307,643,-88,672,-444,-511,-51,6,-20,-1206,-629,-292,628,594,-559,-2,0,-18,
166887,3635273,174443,393829,2629871,165706,-1305,651,-94,672,-444,-511,-47,11,-23,-1190,-615,-326,628,598,-554,0,-1,-19,
166887,3635273,174443,393829,2629871,165563,-1308,656,-78,666,-444,-519,-45,10,-25,-1188,-611,-314,627,590,-559,-2,-6,-14,
166887,3635273,174443,393829,2629871,165563,-1303,652,-63,669,-448,-513,-46,5,-31,-1192,-613,-316,627,590,-559,-6,6,-12,
166887,3635273,174443,393829,2629871,165563,-1304,650,-99,669,-448,-513,-48,8,-34,-1201,-609,-330,629,592,-547,-16,1,-20,
166905,3635273,174443,393829,2629871,165563,-1297,654,-98,671,-446,-514,-53,4,-20,-1183,-608,-309,629,592,-547,-8,1,-21,
166905,3632406,174443,393829,2629871,165563,-1305,656,-115,671,-446,-514,-55,-1,-23,-1208,-617,-333,626,597,-554,7,5,-21,
166905,3632406,173435,393829,2629871,165563,-1301,661,-84,671,-443,-500,-55,-1,-18,-1185,-633,-285,626,597,-554,14,8,-20,
166905,3632406,173435,357850,2629871,165563,-1304,655,-122,667,-441,-510,-60,4,-23,-1187,-622,-298,627,598,-566,10,9,-28,
166905,3632406,173435,357850,2634395,165563,-1307,653,-77,667,-441,-510,-54,4,-23,-1186,-641,-318,629,595,-552,9,0,-24,
166905,3632406,173435,357850,2634395,165653,-1292,672,-68,668,-445,-517,-53,7,-28,-1189,-620,-321,629,595,-552,16,2,-27,
166905,3632406,173435,357850,2634395,165653,-1297,658,-102,668,-445,-517,-53,6,-35,-1178,-625,-335,626,590,-548,12,-4,-24,
166905,3632406,173435,357850,2634395,165653,-1292,666,-71,667,-443,-507,-55,1,-37,-1180,-617,-343,626,590,-548,11,1,-19,
166757,3632406,173435,357850,2634395,165653,-1314,658,-122,667,-443,-507,-41,6,-41,-1190,-626,-329,624,594,-551,8,8,-16,
166757,3644178,173435,357850,2634395,165653,-1292,636,-60,667,-442,-514,-46,5,-40,-1162,-619,-354,624,594,-551,-1,-6,-21,
166757,3644178,172793,357850,2634395,165653,-1327,660,-127,669,-448,-513,-46,1,-45,-1179,-616,-321,627,603,-550,9,-5,-23,
166757,3644178,172793,364051,2634395,165653,-1300,637,-85,669,-448,-513,-43,5,-47,-1196,-633,-335,627,603,-550,-2,5,-22,
166757,3644178,172793,364051,2628860,165653,-1299,639,-80,668,-447,-511,-55,5,-37,-1192,-610,-313,623,595,-560,1,4,-21,
166757,3644178,172793,364051,2628860,165720,-1323,653,-84,668,-447,-511,-52,0,-33,-1189,-619,-336,627,589,-537,7,4,-18,
166757,3644178,172793,364051,2628860,165720,-1292,644,-90,669,-440,-523,-56,3,-27,-1174,-618,-291,627,589,-537,-8,5,-20,
166757,3644178,172793,364051,2628860,165720,-1274,655,-87,670,-444,-510,-58,10,-27,-1178,-603,-331,626,595,-559,-5,5,-22,
166715,3644178,172793,364051,2628860,165720,-1301,657,-84,670,-444,-510,-52,5,-35,-1197,-630,-296,626,595,-559,-3,1,-16,
166715,3644300,172793,364051,2628860,165720,-1302,660,-46,671,-445,-518,-47,6,-28,-1177,-625,-325,626,595,-543,5,14,-21,
166715,3644300,172433,364051,2628860,165720,-1284,633,-131,671,-445,-518,-46,8,-38,-1193,-614,-325,626,595,-543,0,10,-22,
166715,3644300,172433,352176,2628860,165720,-1312,668,-72,670,-443,-517,-44,13,-26,-1188,-623,-323,623,596,-553,3,8,-26,
166715,3644300,172433,352176,2661620,165720,-1305,652,-100,670,-443,-517,-46,8,-26,-1204,-624,-321,624,595,-553,1,0,-22,
166715,3644300,172433,352176,2661620,165780,-1314,653,-105,671,-443,-517,-50,8,-30,-1188,-622,-310,624,595,-553,10,9,-24,
166715,3644300,172433,352176,2661620,165780,-1295,650,-73,670,-446,-515,-60,6,-40,-1187,-619,-326,625,594,-537,13,16,-28,
166715,3644300,172433,352176,2661620,165780,-1281,653,-115,670,-446,-515,-56,7,-32,-1174,-630,-306,625,594,-537,5,14,-30,
166827,3644300,172433,352176,2661620,165780,-1293,654,-136,673,-449,-523,-53,4,-36,-1197,-624,-311,624,595,-558,2,3,-25,
166827,3646675,172433,352176,2661620,165780,-1290,654,-74,673,-449,-523,-50,3,-37,-1204,-615,-291,624,595,-558,8,8,-23,
166827,3646675,170695,352176,2661620,165780,-1323,657,-165,667,-440,-512,-48,5,-38,-1175,-625,-307,626,600,-545,12,7,-21,
166827,3646675,170695,366014,2661620,165780,-1298,653,-87,667,-447,-513,-47,5,-34,-1189,-630,-308,626,600,-574,10,-1,-13,
166827,3646675,170695,366014,2655357,165780,-1304,653,-83,667,-447,-513,-46,4,-34,-1194,-641,-303,623,593,-574,8,4,-20,
166827,3646675,170695,366014,2655357,165658,-1304,656,-112,669,-448,-513,-43,4,-35,-1199,-625,-305,623,592,-540,7,2,-20,
166827,3646675,170695,366014,2655357,165658,-1297,642,-110,669,-448,-513,-43,0,-33,-1182,-616,-323,623,592,-540,-1,8,-16,
166827,3646675,170695,366014,2655357,165658,-1283,647,-70,671,-445,-515,-51,6,-28,-1188,-626,-300,625,597,-552,3,2,-15,
166751,3646675,170695,366014,2655357,165658,-1301,644,-116,671,-445,-515,-55,4,-27,-1206,-628,-335,625,597,-552,6,-2,-11,
166751,3643628,170695,366014,2655357,165658,-1302,674,-92,667,-447,-520,-53,6,-28,-1190,-622,-304,624,592,-552,8,6,-9,
166751,3643628,174959,366014,2655357,165658,-1317,642,-65,670,-448,-517,-46,-2,-37,-1177,-612,-309,624,592,-552,10,6,-10,
166751,3643628,174959,378156,2655357,165658,-1307,664,-90,670,-448,-517,-56,0,-31,-1205,-610,-296,627,601,-554,6,14,-14,
166751,3643628,174959,378156,2676208,165658,-1319,673,-91,669,-447,-515,-46,5,-25,-1188,-617,-320,623,593,-555,9,10,-12,
166751,3643628,174959,378156,2676208,165703,-1296,647,-78,669,-447,-515,-50,0,-31,-1208,-615,-329,623,593,-555,6,3,-15,
166751,3643628,174959,378156,2676208,165703,-1307,659,-102,669,-445,-512,-45,1,-36,-1188,-611,-339,624,589,-552,6,-3,-21,
166751,3643628,174959,378156,2676208,165703,-1309,648,-125,669,-445,-513,-43,6,-30,-1186,-622,-298,624,589,-552,6,6,-24,
166892,3643628,174959,378156,2676208,165703,-1314,668,-70,669,-445,-513,-43,-1,-29,-1192,-620,-295,622,592,-551,9,10,-20,
166892,3638608,174959,378156,2676208,165703,-1313,657,-84,667,-446,-514,-50,-2,-35,-1181,-632,-309,622,592,-551,6,5,-18,
166892,3638608,171860,378156,2676208,165703,-1316,636,-137,667,-446,-514,-49,-4,-39,-1192,-629,-319,625,602,-556,4,2,-24,
166892,3638608,171860,380873,2676208,165703,-1294,646,-82,670,-448,-512,-47,-7,-36,-1177,-628,-313,625,595,-550,12,3,-28,
166892,3638608,171860,380873,2704012,165703,-1304,652,-116,670,-448,-768,-49,-1,-27,-1196,-616,-316,625,595,-550,11,2,-24,
166892,3638608,171860,380873,2704012,165797,-1300,649,-51,670,-447,-516,-54,1,-29,-1179,-615,-331,622,596,-540,11,11,-25,
166892,3638608,171860,380873,2704012,165797,-1282,650,-113,671,-442,-513,-48,4,-29,-1197,-631,-320,622,596,-540,23,16,-26,
166892,3638608,171860,380873,2704012,165797,-1333,655,-134,671,-442,-513,-48,8,-30,-1191,-637,-327,621,598,-552,20,17,-20,
166903,3638608,171860,380873,2704012,165797,-1305,656,-84,670,-448,-512,-40,11,-36,-1179,-629,-300,621,598,-552,17,16,-23,
166903,3636213,171860,380873,2704012,165797,-1280,640,-82,670,-448,-512,-39,9,-33,-1199,-623,-303,620,597,-557,14,3,-20,
166903,3636213,173046,380873,2704012,165797,-1328,652,-97,666,-441,-513,-49,7,-36,-1179,-625,-322,620,597,-557,6,-4,-22,
166903,3636213,173046,394483,2704012,165797,-1306,657,-93,672,-445,-516,-45,-2,-43,-1181,-637,-299,624,603,-557,5,2,-24,
166903,3636213,173046,394483,2705483,165797,-1301,650,-131,672,-445,-516,-52,0,-42,-1188,-629,-323,623,591,-551,0,-5,-20,
166903,3636213,173046,394483,2705483,165870,-1310,643,-97,669,-445,-509,-46,0,-41,-1182,-623,-293,623,591,-551,-1,-2,-17,
166903,3636213,173046,394483,2705483,165870,-1307,651,-126,669,-445,-509,-53,6,-37,-1187,-623,-317,624,590,-554,6,1,-18,
