0,0,0,0,0,0,-28,-181,1304,-103,541,714,-48,1,-37,-81,22,1320,-561,133,833,5,6,-19,
4734415,0,0,0,0,0,-16,-166,1285,-103,543,725,-48,-4,-39,-89,4,1301,-561,140,830,7,9,-22,
4734415,4030364,0,0,0,0,-20,-162,1374,-103,535,717,-49,1,-40,-84,23,1334,-561,140,830,9,1,-20,
4734415,4030364,1783491,0,0,0,-30,-176,1355,-103,535,717,-45,-2,-43,-61,13,1332,-563,133,842,9,-5,-18,
4734415,4030364,1783491,3967903,0,0,-46,-156,1339,-103,536,713,-47,-2,-41,-38,29,1251,-561,135,835,-3,-2,-26,
4734415,4030364,1783491,3967903,3629059,0,-21,-167,1327,-103,536,713,-48,-2,-37,-81,5,1357,-561,135,835,1,1,-24,
4734415,4030364,1783491,3967903,3629059,3147132,-6,-185,1282,-106,547,707,-47,-2,-40,-92,0,1339,-564,134,835,3,-3,-17,
4734415,4030364,1783491,3967903,3629059,3147132,-28,-169,1337,-106,545,715,-47,-3,-35,-79,11,1321,-564,134,835,5,0,-17,
4734415,4030364,1783491,3967903,3629059,3147132,-18,-181,1282,-108,545,715,-47,-3,-45,-66,21,1288,-567,139,843,2,3,-21,
4739283,4030364,1783491,3967903,3629059,3147132,-31,-177,1334,-104,539,710,-52,-3,-40,-73,11,1322,-567,139,843,10,0,-21,
4739283,4019140,1783491,3967903,3629059,3147132,-27,-172,1318,-104,539,710,-52,-9,-38,-57,12,1276,-564,137,813,15,-1,-20,
4739283,4019140,1728921,3967903,3629059,3147132,-30,-171,1305,-105,538,721,-54,-5,-44,-64,18,1313,-562,135,843,13,1,-22,
4739283,4019140,1728921,3984244,3629059,3147132,-26,-170,1339,-105,538,721,-57,-6,-36,-68,-2,1318,-562,135,843,8,-5,-21,
4739283,4019140,1728921,3984244,3629666,3147132,-21,-180,1333,-107,544,718,-49,-4,-37,-97,14,1344,-563,131,834,3,-3,-17,
4739283,4019140,1728921,3984244,3629666,3128409,-23,-167,1303,-109,540,714,-46,-3,-39,-72,6,1327,-563,131,834,12,1,-16,
4739283,4019140,1728921,3984244,3629666,3128409,-18,-167,1342,-109,540,714,-46,-10,-45,-91,3,1350,-566,131,836,12,4,-13,
4739283,4019140,1728921,3984244,3629666,3128409,-43,-167,1327,-103,538,718,-53,-1,-46,-101,2,1379,-566,131,836,7,-5,-14,
4754662,4019140,1728921,3984244,3629666,3128409,-24,-179,1310,-103,538,718,-54,-1,-45,-33,34,1244,-566,136,825,16,-7,-15,
4754662,3979197,1728921,3984244,3629666,3128409,-23,-173,1352,-105,546,706,-56,-8,-42,-91,10,1357,-566,136,834,23,-11,-17,
4754662,3979197,1602684,3984244,3629666,3128409,-30,-169,1288,-104,541,720,-53,-5,-42,-47,21,1262,-567,134,834,13,-4,-21,
4754662,3979197,1602684,4035298,3629666,3128409,-6,-169,1320,-104,541,720,-53,-9,-34,-33,26,1255,-563,132,830,17,-18,-23,
4754662,3979197,1602684,4035298,3596408,3128409,-24,-174,1341,-106,539,717,-52,-6,-39,-95,-4,1387,-563,132,830,19,-13,-18,
4754662,3979197,1602684,4035298,3596408,2998415,-31,-170,1299,-106,539,717,-50,-1,-46,-91,11,1361,-564,132,824,23,-7,-21,
4754662,3979197,1602684,4035298,3596408,2998415,-43,-174,1320,-106,540,714,-47,-5,-40,-102,-10,1400,-564,132,824,17,-23,-20,
4754662,3979197,1602684,4035298,3596408,2998415,-12,-180,1314,-106,540,714,-52,-3,-42,-60,25,1276,-566,134,822,16,-20,-25,
4770514,3979197,1602684,4035298,3596408,2998415,-28,-157,1322,-108,547,721,-50,-5,-42,-62,15,1340,-566,134,822,19,-13,-24,
4770514,3918555,1602684,4035298,3596408,2998415,-28,-176,1312,-104,540,716,-50,-4,-40,-56,22,1272,-568,140,817,9,-7,-25,
4770514,3918555,1417281,4035298,3596408,2998415,-13,-170,1359,-104,540,716,-50,-6,-41,-74,15,1336,-566,133,833,15,-5,-23,
4770514,3918555,1417281,4081229,3596408,2998415,-18,-185,1328,-108,540,719,-52,-9,-43,-80,-3,1348,-566,133,833,19,-9,-23,
4770514,3918555,1417281,4081229,3419125,2998415,-7,-174,1332,-108,540,719,-50,-11,-44,-98,254,1298,-566,132,828,24,-16,-22,
4770514,3918555,1417281,4081229,3419125,2694092,-32,-175,1338,-104,545,723,-61,-8,-41,-49,22,1275,-566,132,828,20,-21,-27,
4770514,3918555,1417281,4081229,3419125,2694092,-45,-176,1271,-107,546,706,-65,-13,-37,-95,-4,1370,-567,137,830,17,-14,-28,
4770514,3918555,1417281,4081229,3419125,2694092,-26,-183,1320,-107,546,706,-68,-22,-48,-77,6,1336,-567,137,830,17,-13,-24,
4788140,3918555,1417281,4081229,3419125,2694092,-28,-169,1310,-111,536,715,-72,-18,-52,-82,5,1358,-569,139,824,29,-18,-32,
4788140,3781779,1417281,4081229,3419125,2694092,-4,-182,1300,-111,536,715,-61,-18,-44,-48,24,1295,-570,132,835,29,-32,-31,
4788140,3781779,1257734,4081229,3419125,2694092,-21,-173,1323,-106,539,719,-60,-9,-40,-59,9,1320,-570,132,835,21,-21,-33,
4788140,3781779,1257734,4225401,3419125,2694092,-34,-166,1338,-106,539,719,-62,-4,-40,-49,14,1296,-571,133,833,20,-22,-28,
4788140,3781779,1257734,4225401,3198266,2694092,-30,-180,1308,-110,549,715,-51,-1,-39,-41,2,1372,-571,133,833,17,-30,-31,
4788140,3781779,1257734,4225401,3198266,1549133,1,-175,1374,-110,541,713,-43,3,-42,-23,26,1257,-571,129,836,23,-28,-28,
4788140,3781779,1257734,4225401,3198266,1549133,-18,-173,1306,-110,541,713,-42,4,-37,-5,46,1227,-571,129,836,20,-16,-35,
4788140,3781779,1257734,4225401,3198266,1549133,-19,-180,1297,-110,541,721,-43,8,-32,-69,9,1348,-570,135,825,10,-15,-28,
4797619,3781779,1257734,4225401,3198266,1549133,-33,-169,1342,-110,541,721,-38,11,-34,-77,1,1359,-570,135,825,7,-10,-36,
4797619,3830269,1257734,4225401,3198266,1549133,-25,-179,1306,-109,547,719,-34,6,-43,-72,1,1372,-572,134,844,2,-7,-38,
4797619,3830269,1255338,4225401,3198266,1549133,-21,-171,1363,-107,541,718,-39,18,-29,-99,-3,1401,-572,130,819,-3,-9,-39,
4797619,3830269,1255338,4343575,3198266,1549133,7,-174,1354,-107,541,718,-34,19,-28,-70,14,1347,-572,130,819,-6,12,-38,
4797619,3830269,1255338,4343575,3186161,1549133,-19,-174,1355,-106,542,708,-39,20,-28,-76,11,1330,-568,130,830,-11,20,-42,
4797619,3830269,1255338,4343575,3186161,1117905,-6,-170,1329,-106,542,708,-34,18,-26,-119,-12,1425,-568,130,830,-24,16,-38,
4797619,3830269,1255338,4343575,3186161,1117905,-39,-156,1325,-108,542,716,-29,14,-23,-77,5,1355,-570,132,821,-16,10,-41,
4797619,3830269,1255338,4343575,3186161,1117905,-18,-180,1330,-108,542,716,-27,17,-28,-69,3,1364,-570,132,821,-13,19,-33,
4724289,3830269,1255338,4343575,3186161,1117905,-40,-167,1341,-103,544,722,-28,21,-26,-27,25,1274,-573,135,836,-13,23,-38,
4724289,4023840,1255338,4343575,3186161,1117905,-21,-172,1296,-103,540,717,-33,30,-27,-43,11,1306,-566,132,830,-16,27,-34,
4724289,4023840,1484050,4343575,3186161,1117905,-47,-180,1310,-103,540,717,-22,45,-18,-67,2,1346,-566,132,830,-16,34,-34,
4724289,4023840,1484050,4150263,3186161,1117905,-54,-169,1289,-104,539,721,-6,61,-13,-82,9,1409,-569,132,816,-22,41,-34,
4724289,4023840,1484050,4150263,3506826,1117905,-21,-177,1367,-104,539,721,2,74,-7,-36,34,1265,-569,132,816,-29,48,-37,
4724289,4023840,1484050,4150263,3506826,1203112,-39,-173,1317,-105,549,712,12,95,-2,-62,25,1347,-570,133,831,-31,74,-43,
4724289,4023840,1484050,4150263,3506826,1203112,-33,-175,1336,-99,538,715,37,109,11,-32,37,1267,-570,133,831,-41,95,-43,
4724289,4023840,1484050,4150263,3506826,1203112,-29,-176,1362,-99,538,715,37,119,14,-103,-6,1382,-563,140,828,-54,120,-38,
3529900,4023840,1484050,4150263,3506826,1203112,-42,-171,1314,-99,535,725,42,150,18,-56,15,1272,-563,140,830,-46,101,-26,
3529900,4198465,1484050,4150263,3506826,1203112,-56,-156,1353,-99,535,725,56,176,34,-64,26,1276,-561,140,830,-27,70,-18,
3529900,4198465,2617493,4150263,3506826,1203112,-65,-163,1295,-98,534,717,51,184,31,-87,20,1291,-562,135,818,-5,-36,-9,
3529900,4198465,2617493,3930431,3506826,1203112,-67,-155,1331,-98,534,717,44,181,35,-84,0,1228,-562,135,818,52,-83,-2,
3529900,4198465,2617493,3930431,3715374,1203112,-76,-150,1332,-90,535,721,5,137,16,-56,28,1281,-561,136,834,56,-84,-9,
3529900,4198465,2617493,3930431,3715374,1718477,-95,-155,1304,-84,529,715,-17,91,6,-64,23,1310,-561,136,834,55,-85,-10,
3529900,4198465,2617493,3930431,3715374,1718477,-78,-156,1304,-84,529,715,-36,43,-10,-97,-3,1381,-566,136,833,47,-61,-12,
3529900,4198465,2617493,3930431,3715374,1718477,-93,-141,1355,-86,531,708,-44,12,-16,-102,-12,1409,-566,136,833,32,-49,-15,
2647305,4198465,2617493,3930431,3715374,1718477,-75,-170,1278,-86,531,708,-48,-10,-21,-36,25,1281,-567,141,826,31,-26,-14,
2647305,4143897,2617493,3930431,3715374,1718477,-86,-158,1324,-88,533,723,-41,-12,-32,-117,-10,1403,-570,132,821,23,-31,-17,
2647305,4143897,3263128,3930431,3715374,1718477,-63,-159,1327,-87,530,720,-41,-17,-34,-73,13,1324,-570,132,821,28,-35,-27,
2647305,4143897,3263128,4240429,3715374,1718477,-81,-157,1299,-87,530,720,-53,-23,-33,-41,22,1364,-565,130,833,22,-31,-31,
2647305,4143897,3263128,4240429,3726635,1718477,-67,-145,1366,-85,529,722,-50,-19,-37,-89,7,1377,-565,130,833,25,-30,-28,
2647305,4143897,3263128,4240429,3726635,2166491,-76,-168,1321,-85,529,722,-55,-11,-40,-42,24,1289,-569,137,821,16,-31,-30,
2647305,4143897,3263128,4240429,3726635,2166491,-73,-161,1304,-87,529,720,-57,5,-30,-10,40,1218,-569,137,821,8,3,-38,
2647305,4143897,3263128,4240429,3726635,2166491,-78,-150,1319,-87,529,727,-36,23,-21,-79,17,1345,-573,142,822,0,17,-41,
2658560,4143897,3263128,4240429,3726635,2166491,-84,-157,1323,-83,531,727,-34,28,-20,-126,-11,1419,-569,134,836,1,14,-39,
2658560,4097838,3263128,4240429,3726635,2166491,-86,-167,1315,-84,531,727,-29,34,-19,-32,23,1281,-569,134,836,-4,16,-37,
2658560,4097838,3322310,4240429,3726635,2166491,-79,-164,1339,-84,531,727,-30,40,-13,-46,21,1297,-568,128,834,-9,25,-35,
2658560,4097838,3322310,4191823,3726635,2166491,-68,-171,1316,-85,530,719,-28,49,-6,-68,21,1294,-568,128,834,-16,34,-38,
2658560,4097838,3322310,4191823,3918613,2166491,-81,-143,1273,-85,530,719,-30,47,-2,-74,6,1369,-568,134,818,-17,50,-40,
2658560,4097838,3322310,4191823,3918613,2712472,-90,-135,1307,-85,534,724,-44,12,-16,-58,24,1320,-568,134,818,-22,55,-33,
2658560,4097838,3322310,4191823,3918613,2712472,-60,-146,1336,-84,530,720,-51,-21,-25,-63,27,1322,-567,137,828,-30,67,-48,
2658560,4097838,3322310,4191823,3918613,2712472,-54,-149,1369,-84,530,720,-48,-26,-39,-56,22,1269,-567,137,828,-51,92,-48,
2234864,4097838,3322310,4191823,3918613,2712472,-80,-164,1323,-82,529,730,-46,5,-39,-103,-5,1374,-565,132,819,-34,78,-41,
2234864,4123606,3322310,4191823,3918613,2712472,-56,-184,1367,-82,529,730,-38,172,-15,-119,-14,1438,-561,135,824,-35,68,-39,
2234864,4123606,3383722,4191823,3918613,2712472,-96,-169,1352,-77,532,726,21,219,4,-69,24,1323,-561,135,824,-63,106,-51,
2234864,4123606,3383722,3701113,3918613,2712472,-100,-197,1340,-77,532,718,14,222,9,-63,19,1309,-556,136,842,-87,155,-61,
2234864,4123606,3383722,3701113,4307331,2712472,-95,-189,1466,-74,532,718,-4,181,22,-78,41,1324,-556,136,842,-114,224,-65,
2234864,4123606,3383722,3701113,4307331,3161146,-95,-183,1449,-69,523,728,-31,198,38,-100,24,1388,-551,138,842,-120,337,-63,
2234864,4123606,3383722,3701113,4307331,3161146,-108,-146,1355,-69,523,728,26,233,40,-124,33,1387,-551,138,842,-133,495,-76,
2234864,4123606,3383722,3701113,4307331,3161146,-79,-140,1333,-66,530,724,17,237,44,-128,16,1434,-537,152,830,-140,572,-69,
1237136,4123606,3383722,3701113,4307331,3161146,-124,-107,1260,-66,530,724,8,208,48,-124,0,1339,-526,145,859,-167,506,-51,
1237136,4264882,3383722,3701113,4307331,3161146,-125,-83,1256,-62,529,723,-16,191,31,-121,-1,1275,-526,145,859,-183,438,-39,
1237136,4264882,3502664,3701113,4307331,3161146,-105,-82,1291,-59,531,723,-51,161,4,-180,-20,1362,-519,147,850,-181,386,-29,
1237136,4264882,3502664,997016,4307331,3161146,-108,-119,1309,-59,531,723,-81,144,-27,-153,-28,1373,-519,147,850,-172,381,-20,
1237136,4264882,3502664,997016,4547206,3161146,-114,-163,1350,-53,524,728,-93,123,-37,-157,-23,1457,-505,150,854,-170,428,-7,
1237136,4264882,3502664,997016,4547206,3651777,-128,-147,1302,-53,524,728,-87,133,-31,-141,-28,1569,-505,150,854,-165,493,-5,
1237136,4264882,3502664,997016,4547206,3651777,-125,-151,1332,-49,533,720,-86,139,-28,-174,2,1574,-494,158,842,-98,544,-9,
1237136,4264882,3502664,997016,4547206,3651777,-147,-154,1378,-49,536,723,-87,169,-28,-202,0,1571,-494,158,862,-75,648,-16,
981777,4264882,3502664,997016,4547206,3651777,-146,-172,1420,-47,536,723,-89,230,-22,-150,1,1508,-477,158,862,-105,761,-29,
981777,4419708,3502664,997016,4547206,3651777,-141,-202,1466,-43,533,725,-62,292,-1,-186,0,1512,-453,153,870,-150,864,-34,
981777,4419708,3608914,997016,4547206,3651777,-157,-195,1531,-43,533,725,1,388,25,-223,-16,1437,-453,153,870,-185,1215,-57,
981777,4419708,3608914,380088,4547206,3651777,-174,-172,1527,-35,535,723,47,500,49,-203,-32,1307,-427,153,889,-243,1080,-69,
981777,4419708,3608914,380088,4616168,3651777,-164,-165,1508,-35,535,723,64,596,71,-268,-76,1329,-427,153,889,-235,1087,-60,
981777,4419708,3608914,380088,4616168,3149207,-173,-163,1416,-21,538,719,64,695,80,-241,-64,1208,-401,164,890,-209,1060,-35,
981777,4419708,3608914,380088,4616168,3149207,-199,-143,1387,-11,526,734,53,753,90,-284,-47,1143,-401,164,890,-189,1009,-25,
981777,4419708,3608914,380088,4616168,3149207,-177,-103,1294,-11,526,734,45,752,78,-281,-27,1010,-375,168,900,-172,915,-29,
551813,4419708,3608914,380088,4616168,3149207,-212,-111,1111,8,531,722,47,694,61,-287,-40,995,-357,169,907,-147,790,-28,
551813,4516696,3608914,380088,4616168,3149207,-248,-96,1003,8,531,722,32,586,53,-335,-51,993,-357,169,907,-128,651,-21,
551813,4516696,2740768,380088,4616168,3149207,-257,-84,1157,18,539,735,10,475,37,-316,-81,1077,-347,168,906,-85,509,-21,
551813,4516696,2740768,345807,4616168,3149207,-231,-118,1174,24,531,736,-13,405,27,-356,-70,1240,-347,168,906,-31,408,-7,
551813,4516696,2740768,345807,4660204,3149207,-253,-93,1143,24,531,736,-42,334,19,-356,-56,1209,-332,175,917,20,364,4,
551813,4516696,2740768,345807,4660204,3485902,-265,-89,1110,31,527,729,-55,247,1,-385,-55,1250,-332,175,917,75,369,18,
551813,4516696,2740768,345807,4660204,3485902,-297,-107,1369,31,527,729,-84,201,-5,-383,-59,1290,-326,173,907,101,363,19,
551813,4516696,2740768,345807,4660204,3485902,-271,-118,1433,36,535,726,-95,224,-14,-378,-77,1487,-314,168,918,124,381,26,
250209,4516696,2740768,345807,4660204,3485902,-258,-129,1500,36,535,726,-102,254,-23,-401,-47,1549,-314,168,918,127,498,34,
250209,4680919,2740768,345807,4660204,3485902,-236,-155,1490,43,536,725,-103,399,-9,-416,-8,1542,-297,162,924,104,632,35,
250209,4680919,3408560,345807,4660204,3485902,-307,-157,1419,53,535,731,-94,487,-5,-427,-10,1338,-297,162,924,21,731,14,
250209,4680919,3408560,296307,4660204,3485902,-317,-155,1286,53,535,731,-71,524,8,-430,-29,1238,-281,165,927,-60,775,-11,
250209,4680919,3408560,296307,4659558,3485902,-327,-139,1169,62,535,735,-62,505,20,-448,-57,1268,-281,165,927,-112,775,-17,
250209,4680919,3408560,296307,4659558,3788425,-317,-157,1248,62,535,735,-46,453,19,-421,-32,1117,-260,176,926,-126,751,-23,
250209,4680919,3408560,296307,4659558,3788425,-327,-140,1235,68,540,721,-19,411,26,-483,-46,1177,-260,176,926,-131,728,-35,
250209,4680919,3408560,296307,4659558,3788425,-357,-144,1231,79,537,721,27,359,30,-494,-34,1193,-242,172,923,-189,599,-51,
324210,4680919,3408560,296307,4659558,3788425,-331,-130,1374,79,537,721,64,318,27,-496,-16,1213,-222,177,937,-254,552,-75,
324210,4707408,3408560,296307,4659558,3788425,-338,-147,1395,86,532,725,112,317,34,-508,-22,1271,-222,177,937,-317,515,-96,
324210,4707408,2794914,296307,4659558,3788425,-388,-181,1299,86,532,725,179,340,54,-500,-37,1154,-208,185,933,-373,477,-116,
324210,4707408,2794914,285968,4659558,3788425,-347,-149,1292,93,531,732,233,374,76,-505,-60,1197,-208,185,933,-398,442,-125,
324210,4707408,2794914,285968,4667771,3788425,-382,-99,1224,93,531,732,231,368,99,-512,-77,1222,-199,199,930,-401,428,-126,
324210,4707408,2794914,285968,4667771,3123161,-362,-56,1310,102,529,730,225,365,91,-525,-84,1192,-199,199,930,-405,418,-127,
324210,4707408,2794914,285968,4667771,3123161,-364,-45,1269,108,518,737,198,372,68,-535,-98,1214,-190,206,928,-394,398,-118,
324210,4707408,2794914,285968,4667771,3123161,-356,-62,1328,108,518,737,159,383,50,-544,-101,1203,-179,209,944,-387,390,-117,
483791,4707408,2794914,285968,4667771,3123161,-388,-65,1301,116,512,739,121,407,41,-533,-82,1204,-179,209,944,-379,371,-125,
483791,4753892,2794914,285968,4667771,3123161,-409,-56,1286,116,512,739,74,441,29,-573,-99,1192,-170,216,937,-375,359,-139,
483791,4753892,1997262,285968,4667771,3123161,-393,-43,1286,124,521,747,35,456,19,-538,-162,1128,-170,216,937,-352,334,-132,
483791,4753892,1997262,388823,4667771,3123161,-417,-67,1255,136,512,737,-7,459,9,-548,-151,1157,-160,223,931,-315,305,-117,
483791,4753892,1997262,388823,4693252,3123161,-402,-92,1204,136,512,737,-28,438,-4,-563,-140,1144,-160,223,931,-298,287,-101,
483791,4753892,1997262,388823,4693252,2034728,-459,-92,1189,142,515,738,-13,403,-2,-566,-132,1133,-156,238,926,-295,255,-98,
483791,4753892,1997262,388823,4693252,2034728,-424,-94,1168,142,515,738,10,350,6,-581,-118,1123,-156,243,916,-290,212,-100,
483791,4753892,1997262,388823,4693252,2034728,-436,-79,1269,145,518,736,75,252,14,-577,-108,1108,-150,243,916,-286,169,-114,
166041,4753892,1997262,388823,4693252,2034728,-449,-88,1262,145,518,736,105,236,22,-571,-136,1081,-143,243,947,-275,131,-130,
166041,4755710,1997262,388823,4693252,2034728,-475,-66,1273,151,515,733,123,232,24,-601,-158,1178,-143,243,947,-255,101,-135,
166041,4755710,1512630,388823,4693252,2034728,-477,-84,1354,155,507,738,152,226,28,-563,-181,1154,-143,247,942,-232,74,-127,
166041,4755710,1512630,288692,4693252,2034728,-491,-103,1275,155,507,738,200,215,40,-600,-181,1235,-143,247,942,-223,50,-125,
166041,4755710,1512630,288692,4732356,2034728,-454,-98,1348,159,500,740,270,198,56,-589,-147,1224,-142,260,925,-244,50,-131,
166041,4755710,1512630,288692,4732356,1096821,-474,-39,1207,159,500,740,325,193,75,-591,-132,1171,-142,260,925,-269,45,-150,
166041,4755710,1512630,288692,4732356,1096821,-486,-24,1210,167,500,751,338,188,71,-583,-162,1200,-141,271,937,-282,45,-162,
166041,4755710,1512630,288692,4732356,1096821,-462,8,1250,173,487,750,318,189,66,-580,-223,1188,-142,268,925,-275,53,-158,
446748,4755710,1512630,288692,4732356,1096821,-478,6,1310,173,487,750,282,199,58,-571,-270,1147,-142,268,925,-254,47,-138,
446748,4727753,1512630,288692,4732356,1096821,-476,-10,1187,177,481,750,229,182,44,-568,-258,1123,-138,272,938,-210,33,-106,
446748,4727753,883189,288692,4732356,1096821,-504,-5,1189,177,481,750,215,153,39,-578,-260,1200,-138,272,938,-172,26,-74,
446748,4727753,883189,211790,4732356,1096821,-473,14,1234,176,480,757,189,126,36,-571,-256,1206,-141,277,930,-147,51,-50,
446748,4727753,883189,211790,4728695,1096821,-474,13,1218,176,480,751,163,110,33,-571,-246,1222,-141,277,930,-115,70,-22,
446748,4727753,883189,211790,4728695,654013,-483,13,1170,180,472,751,113,101,21,-579,-215,1210,-137,286,931,-86,95,-14,
446748,4727753,883189,211790,4728695,654013,-486,15,1213,185,470,761,54,79,11,-584,-184,1203,-133,283,932,-90,107,-11,
446748,4727753,883189,211790,4728695,654013,-488,37,1236,185,470,761,0,72,-1,-600,-202,1206,-133,283,932,-105,114,-15,
474017,4727753,883189,211790,4728695,654013,-495,34,1156,182,467,752,-27,56,-16,-603,-207,1173,-131,282,919,-115,113,-23,
474017,4723321,883189,211790,4728695,654013,-456,59,1287,182,467,752,-58,38,-25,-580,-191,1173,-131,282,919,-127,103,-33,
474017,4723321,731694,211790,4728695,654013,-486,49,1222,179,477,762,-114,47,-45,-606,-215,1142,-131,288,918,-134,98,-51,
474017,4723321,731694,165343,4728695,654013,-485,40,1294,184,469,757,-179,70,-80,-647,-247,1239,-131,288,918,-130,78,-52,
474017,4723321,731694,165343,4637430,654013,-470,-22,1297,184,469,757,-238,73,-73,-562,-220,1093,-127,299,925,-121,60,-46,
474017,4723321,731694,165343,4637430,436134,-492,-36,1346,186,477,754,-213,64,-64,-600,-233,1154,-127,299,925,-91,58,-53,
474017,4723321,731694,165343,4637430,436134,-534,-38,1278,186,477,754,-162,73,-56,-594,-237,1117,-128,292,925,-62,48,-39,
474017,4723321,731694,165343,4637430,436134,-525,-49,1292,188,488,759,-104,84,-48,-595,-233,1139,-123,292,931,-41,16,-37,
296152,4723321,731694,165343,4637430,436134,-498,-21,1321,188,482,750,-68,81,-29,-602,-236,1149,-123,292,931,-9,22,-28,
296152,4594618,731694,165343,4637430,436134,-491,-11,1264,190,482,750,-49,94,-28,-560,-265,1143,-125,294,937,21,46,-19,
296152,4594618,743414,165343,4637430,436134,-505,5,1286,190,486,757,-37,112,-33,-605,-271,1167,-125,294,937,47,49,-4,
296152,4594618,743414,165345,4637430,436134,-519,-7,1275,190,486,757,-46,122,-33,-589,-253,1137,-127,294,909,69,49,9,
296152,4594618,743414,165345,4429579,436134,-529,-29,1234,194,485,756,-44,119,-38,-606,-235,1125,-127,294,909,83,41,11,
296152,4594618,743414,165345,4429579,305619,-480,-33,1216,194,485,756,-30,122,-27,-581,-229,1121,-124,302,913,82,24,13,
296152,4594618,743414,165345,4429579,305619,-517,-21,1166,193,488,753,-11,86,-13,-580,-206,1095,-120,289,921,81,16,10,
296152,4594618,743414,165345,4429579,305619,-512,21,1179,197,478,751,-25,59,-22,-593,-218,1107,-120,289,921,62,-14,-3,
204445,4594618,743414,165345,4429579,305619,-496,16,1157,197,478,751,-58,37,-35,-592,-234,1064,-125,286,931,67,-41,0,
204445,4572078,743414,165345,4429579,305619,-453,8,1167,199,482,766,-92,26,-49,-574,-254,1090,-125,286,931,94,-58,9,
204445,4572078,591340,165345,4429579,305619,-537,30,1158,199,482,766,-154,19,-58,-558,-226,1080,-126,292,929,137,-59,26,
204445,4572078,591340,165249,4429579,305619,-478,-12,1156,194,497,753,-212,-6,-82,-616,-219,1180,-126,292,929,182,-58,42,
204445,4572078,591340,165249,4489575,305619,-525,2,1076,197,493,750,-263,-38,-80,-552,-186,1088,-129,287,927,214,-73,62,
204445,4572078,591340,165249,4489575,365885,-515,-17,1140,197,493,750,-293,-84,-83,-610,-200,1197,-129,280,940,212,-86,53,
204445,4572078,591340,165249,4489575,365885,-489,-16,1209,189,490,743,-292,-131,-90,-597,-197,1175,-132,280,940,200,-107,45,
204445,4572078,591340,165249,4489575,365885,-529,-34,1247,189,490,743,-270,-181,-93,-583,-210,1168,-132,268,941,204,-106,43,
225749,4572078,591340,165249,4489575,365885,-502,-25,1284,185,496,740,-253,-197,-98,-581,-199,1199,-132,268,941,202,-96,45,
225749,4706682,591340,165249,4489575,365885,-529,-28,1311,185,496,740,-280,-180,-98,-604,-212,1230,-136,266,929,210,-77,48,
225749,4706682,1173869,165249,4489575,365885,-503,-43,1398,183,506,741,-277,-145,-99,-560,-198,1146,-136,266,929,226,-48,55,
225749,4706682,1173869,165395,4489575,365885,-508,-61,1345,179,500,743,-261,-102,-88,-614,-191,1211,-139,264,938,508,-60,62,
225749,4706682,1173869,165395,4657159,365885,-500,-78,1300,179,500,743,-251,-76,-84,-572,-172,1156,-139,264,938,260,-61,64,
225749,4706682,1173869,165395,4657159,618140,-515,-32,1315,176,505,734,-236,-57,-82,-563,-158,1167,-138,257,933,251,-63,54,
225749,4706682,1173869,165395,4657159,618140,-495,-49,1278,176,505,734,-228,-41,-83,-599,-176,1223,-144,251,925,226,-66,53,
225749,4706682,1173869,165395,4657159,618140,-491,-72,1197,175,513,727,-237,-15,-93,-617,-151,1251,-144,251,925,188,-60,40,
273089,4706682,1173869,165395,4657159,618140,-471,-64,1269,177,517,734,-251,0,-90,-599,-122,1195,-143,245,937,150,-62,22,
273089,4746100,1173869,165395,4657159,618140,-504,-71,1136,177,517,734,-265,-4,-93,-607,-152,1196,-143,245,937,91,-69,-7,
273089,4746100,1708024,165395,4657159,618140,-489,-65,1217,175,516,730,-259,-30,-93,-572,-153,1135,-148,246,933,43,-101,-13,
273089,4746100,1708024,165354,4657159,618140,-509,-104,1268,175,516,730,-228,-64,-81,-586,-202,1195,-148,246,933,39,-127,-17,
273089,4746100,1708024,165354,4690249,618140,-466,-131,1328,172,525,730,-117,-93,-68,-555,-177,1174,-153,246,920,46,-141,-6,
273089,4746100,1708024,165354,4690249,768631,-495,-109,1263,172,525,730,-63,-123,-48,-553,-159,1202,-153,240,922,55,-135,-8,
273089,4746100,1708024,165354,4690249,768631,-470,-116,1280,167,525,733,-10,-134,-34,-568,-155,1278,-153,240,922,53,-105,-11,
273089,4746100,1708024,165354,4690249,768631,-494,-79,1229,166,516,729,22,-140,-26,-614,-168,1303,-154,240,946,44,-78,-8,
274020,4746100,1708024,165354,4690249,768631,-467,-64,1213,166,516,729,48,-150,-30,-561,-158,1209,-154,240,946,36,-57,-7,
274020,4748799,1708024,165354,4690249,768631,-475,-70,1206,164,515,732,44,-168,-35,-565,-149,1202,-158,240,929,20,-25,-18,
274020,4748799,1771430,165354,4690249,768631,-474,-79,1248,164,515,732,35,-197,-33,-603,-174,1224,-158,240,929,8,-19,-16,
274020,4748799,1771430,165321,4690249,768631,-444,-52,1306,154,521,738,32,-211,-39,-519,-161,1066,-159,246,927,-2,-30,-18,
274020,4748799,1771430,165321,4648239,768631,-432,-90,1270,153,512,737,24,-216,-44,-566,-182,1136,-159,246,924,1,-55,-20,
274020,4748799,1771430,165321,4648239,619494,-467,-75,1342,153,512,737,37,-208,-42,-576,-181,1186,-159,241,924,22,-90,-6,
274020,4748799,1771430,165321,4648239,619494,-466,-92,1269,148,509,746,48,-183,-36,-552,-173,1146,-164,236,914,41,-110,2,
274020,4748799,1771430,165321,4648239,619494,-447,-61,1324,148,509,746,56,-168,-29,-555,-162,1185,-164,236,914,56,-115,12,
259024,4748799,1771430,165321,4648239,619494,-447,-58,1252,147,508,748,46,-157,-25,-560,-129,1143,-170,237,934,53,-141,4,
259024,4754367,1771430,165321,4648239,619494,-454,-33,1266,147,508,748,18,-131,-34,-542,-136,1165,-170,237,934,37,-169,-6,
259024,4754367,1269868,165321,4648239,619494,-429,-12,1243,143,507,739,-35,-110,-47,-584,-167,1215,-174,239,933,17,-193,-10,
259024,4754367,1269868,165272,4648239,619494,-438,-27,1285,144,507,735,-108,-104,-73,-578,-196,1203,-174,239,933,31,-219,0,
259024,4754367,1269868,165272,4626956,619494,-424,-85,1255,144,507,735,-153,-99,-76,-528,-166,1150,-175,244,938,80,-226,6,
259024,4754367,1269868,165272,4626956,614120,-455,-58,1215,139,510,744,-177,-98,-71,-540,-178,1150,-186,232,922,143,-245,19,
259024,4754367,1269868,165272,4626956,614120,-439,-56,1172,139,510,744,-180,-113,-73,-526,-146,1107,-186,232,922,168,-279,29,
259024,4754367,1269868,165272,4626956,614120,-390,-41,1215,138,518,733,-181,-151,-78,-571,-143,1234,-192,231,925,149,-318,18,
231746,4754367,1269868,165272,4626956,614120,-415,-72,1180,131,513,735,-195,-210,-86,-553,-136,1283,-192,231,925,129,-356,-1,
231746,4766189,1269868,165272,4626956,614120,-428,-81,1195,131,513,735,-192,-286,-93,-491,-125,1162,-205,225,929,101,-372,-3,
231746,4766189,1365377,165272,4626956,614120,-426,-120,1204,126,518,749,-156,-314,-93,-563,-173,1315,-205,225,929,78,-370,-8,
231746,4766189,1365377,165096,4626956,614120,-400,-114,1306,126,518,749,-114,-354,-82,-515,-147,1254,-215,229,909,73,-392,-9,
231746,4766189,1365377,165096,4667796,614120,-391,-83,1246,114,521,736,-79,-380,-78,-505,-120,1220,-215,225,930,70,-395,-13,
231746,4766189,1365377,165096,4667796,700076,-409,-62,1312,114,521,735,-81,-388,-80,-505,-131,1257,-222,225,930,56,-389,-13,
231746,4766189,1365377,165096,4667796,700076,-365,-73,1333,108,518,735,-101,-376,-83,-504,-139,1246,-238,222,916,46,-382,-14,
231746,4766189,1365377,165096,4667796,700076,-367,-97,1304,98,517,738,-115,-368,-88,-474,-152,1251,-238,222,916,55,-383,-12,
165270,4766189,1365377,165096,4667796,700076,-368,-104,1305,98,517,738,-109,-344,-79,-467,-153,1250,-245,219,920,73,-385,0,
165270,4735262,1365377,165096,4667796,700076,-364,-115,1400,92,517,738,-100,-330,-73,-469,-129,1266,-245,219,920,102,-379,-3,
165270,4735262,1360665,165096,4667796,700076,-367,-122,1428,92,517,738,-79,-317,-61,-482,-117,1283,-253,227,909,110,-375,4,
165270,4735262,1360665,165491,4667796,700076,-364,-105,1389,86,524,735,-45,-267,-41,-436,-110,1183,-253,227,909,97,-371,-7,
165270,4735262,1360665,165491,4648352,700076,-360,-86,1443,86,516,735,-24,-153,-26,-418,-96,1167,-267,222,903,72,-385,-17,
165270,4735262,1360665,165491,4648352,434446,-359,-79,1360,86,516,735,-40,-117,-28,-454,-106,1282,-275,220,925,20,-407,-24,
165270,4735262,1360665,165491,4648352,434446,-345,-72,1259,81,514,754,-49,-94,-34,-428,-102,1180,-275,220,925,-5,-428,-42,
165270,4735262,1360665,165491,4648352,434446,-337,-54,1291,81,514,754,-70,-92,-43,-414,-177,1117,-288,217,918,19,-478,-45,
165258,4735262,1360665,165491,4648352,434446,-345,-62,1276,79,522,732,-96,-103,-54,-430,-237,1194,-288,217,918,96,-536,-27,
165258,4665291,1360665,165491,4648352,434446,-329,-88,1213,79,518,742,-124,-120,-60,-358,-173,1132,-302,222,910,217,-575,10,
165258,4665291,1289416,165491,4648352,434446,-325,-77,1254,79,518,742,-148,-148,-69,-368,-144,1246,-302,222,910,325,-584,37,
165258,4665291,1289416,165547,4648352,434446,-347,-92,1219,75,522,744,-171,-181,-72,-396,-94,1330,-318,210,912,363,-569,57,
165258,4665291,1289416,165547,4630233,434446,-327,-79,1283,75,522,744,-175,-201,-83,-407,-94,1302,-329,199,904,324,-547,44,
165258,4665291,1289416,165547,4630233,395362,-336,-95,1230,70,519,736,-170,-221,-84,-364,-45,1290,-329,199,904,277,-546,23,
165258,4665291,1289416,165547,4630233,395362,-318,-80,1111,70,519,736,-183,-311,-92,-342,-61,1201,-344,191,923,229,-558,1,
165258,4665291,1289416,165547,4630233,395362,-305,-49,1076,58,530,747,-257,-402,-116,-346,-106,1196,-344,191,923,218,-596,-11,
244564,4665291,1289416,165547,4630233,395362,-311,-65,1149,50,529,733,-292,-510,-135,-323,-123,1255,-363,190,894,248,-622,-10,
244564,4640425,1289416,165547,4630233,395362,-260,-85,1146,50,529,733,-321,-586,-152,-337,-120,1362,-363,190,894,294,-647,4,
244564,4640425,2463089,165547,4630233,395362,-272,-107,1374,42,531,731,-327,-637,-167,-311,-90,1415,-381,194,888,341,-631,22,
244564,4640425,2463089,234256,4630233,395362,-280,-133,1321,42,531,731,-298,-659,-170,-296,-79,1317,-381,194,895,338,-592,32,
244564,4640425,2463089,234256,4668722,395362,-216,-175,1333,21,543,719,-281,-656,-171,-282,-62,1274,-393,176,895,305,-555,28,
244564,4640425,2463089,234256,4668722,1018918,-259,-174,1355,14,540,728,-234,-650,-167,-285,-47,1247,-408,173,887,280,-569,15,
244564,4640425,2463089,234256,4668722,1018918,-246,-184,1282,14,540,728,-183,-638,-155,-278,-39,1201,-408,173,887,258,-591,8,
244564,4640425,2463089,234256,4668722,1018918,-212,-166,1061,0,532,727,-148,-654,-136,-249,-54,1232,-425,167,884,264,-631,-12,
214817,4640425,2463089,234256,4668722,1018918,-201,-149,1440,0,532,727,-129,-676,-120,-243,-53,1296,-425,167,884,300,-719,-14,
214817,4565521,2463089,234256,4668722,1018918,-178,-167,1404,-14,537,722,-132,-640,-113,-215,-45,1333,-444,163,869,304,-728,-8,
214817,4565521,3451427,234256,4668722,1018918,-176,-143,1521,-14,537,722,-115,-562,-103,-251,-58,1494,-444,163,869,299,-685,-8,
214817,4565521,3451427,673221,4668722,1018918,-153,-153,1500,-26,546,721,-120,-479,-96,-201,-28,1373,-461,167,883,267,-656,-10,
214817,4565521,3451427,673221,4554659,1018918,-177,-154,1375,-36,533,725,-111,-410,-100,-163,-7,1250,-479,148,866,222,-650,-24,
214817,4565521,3451427,673221,4554659,2214992,-193,-148,1343,-36,533,725,-102,-370,-103,-211,-40,1351,-479,148,866,200,-679,-33,
214817,4565521,3451427,673221,4554659,2214992,-155,-143,1304,-44,534,712,-87,-362,-97,-195,-31,1351,-497,148,859,356,-789,-60,
214817,4565521,3451427,673221,4554659,2214992,-144,-145,1221,-44,534,712,-79,-369,-95,-184,-38,1510,-497,148,859,530,-763,-56,
578412,4565521,3451427,673221,4554659,2214992,-171,-140,1176,-53,537,727,-78,-418,-100,-139,-6,1398,-514,135,855,485,-709,-27,
578412,4340002,3451427,673221,4554659,2214992,-121,-155,1209,-65,535,721,-74,-497,-103,-192,-27,1581,-514,135,855,355,-648,-2,
578412,4340002,3467072,673221,4554659,2214992,-89,-125,1621,-65,535,721,-43,-570,-107,-160,-2,1511,-531,137,867,215,-548,16,
578412,4340002,3467072,2771605,4554659,2214992,-170,-283,1430,-73,528,732,196,-279,-73,-148,-14,1433,-540,131,838,142,-413,24,
578412,4340002,3467072,2771605,4256179,2214992,-117,-152,1267,-73,528,732,-136,-296,-52,-127,10,1326,-540,131,838,98,-294,22,
578412,4340002,3467072,2771605,4256179,1864196,-77,-149,1368,-79,532,728,-102,-197,-47,-175,-33,1440,-543,124,841,91,-254,24,
578412,4340002,3467072,2771605,4256179,1864196,-27,-154,1352,-79,532,728,-84,-106,-36,-128,-14,1384,-543,124,841,120,-254,41,
578412,4340002,3467072,2771605,4256179,1864196,-65,-144,1394,-80,533,725,-77,-47,-42,-111,0,1366,-552,123,832,144,-258,37,
2494604,4340002,3467072,2771605,4256179,1864196,-87,-148,1304,-81,530,717,-72,-30,-53,-56,30,1262,-552,123,832,132,-228,37,
2494604,4274156,3467072,2771605,4256179,1864196,-83,-151,1319,-81,530,717,-76,-48,-45,-74,18,1332,-559,131,833,116,-162,24,
2494604,4274156,3212927,2771605,4256179,1864196,-113,-143,1271,-80,530,714,-80,-65,-40,-131,-15,1427,-559,131,833,69,-80,10,
2494604,4274156,3212927,3719024,4256179,1864196,-65,-164,1284,-80,530,714,-70,-73,-32,-107,0,1349,-558,126,845,31,-38,-3,
2494604,4274156,3212927,3719024,4099580,1864196,-70,-163,1335,-81,532,703,-73,-74,-34,-92,11,1292,-558,120,835,21,-1,-2,
2494604,4274156,3212927,3719024,4099580,1407316,-83,-144,1351,-81,527,724,-77,-66,-34,-80,7,1289,-558,120,835,20,-18,-3,
2494604,4274156,3212927,3719024,4099580,1407316,-72,-149,1310,-81,527,724,-63,-44,-33,-101,11,1328,-560,122,846,17,-13,-6,
2494604,4274156,3212927,3719024,4099580,1407316,-86,-157,1309,-82,532,733,-56,-34,-32,-144,-19,1409,-560,122,846,19,1,-5,
3164512,4274156,3212927,3719024,4099580,1407316,-65,-155,1357,-82,532,733,-54,-27,-34,-56,32,1253,-561,129,837,12,7,-6,
3164512,4218635,3212927,3719024,4099580,1407316,-87,-142,1305,-87,530,730,-62,-20,-34,-54,37,1244,-561,129,837,14,6,-1,
3164512,4218635,2726327,3719024,4099580,1407316,-58,-151,1346,-87,530,730,-52,-16,-44,-85,12,1278,-561,127,842,16,4,4,
3164512,4218635,2726327,3751026,4099580,1407316,-62,-161,1281,-85,536,726,-60,-25,-38,-121,7,1357,-559,124,839,16,10,-9,
3164512,4218635,2726327,3751026,4139453,1407316,-69,-151,1372,-84,531,722,-58,-28,-40,-95,-1,1332,-559,124,839,13,6,-5,
3164512,4218635,2726327,3751026,4139453,1696481,-83,-158,1328,-84,531,722,-61,-28,-41,-121,-9,1369,-561,121,834,4,13,-10,
3164512,4218635,2726327,3751026,4139453,1696481,-60,-154,1335,-87,533,720,-63,-36,-38,-56,16,1275,-561,121,834,2,12,-6,
3164512,4218635,2726327,3751026,4139453,1696481,-54,-159,1351,-87,533,720,-63,-40,-40,-76,6,1295,-559,121,842,12,13,-4,
3530172,4218635,2726327,3751026,4139453,1696481,-74,-159,1299,-89,535,723,-68,-37,-43,-41,27,1236,-559,121,842,15,-7,-6,
3530172,4164959,2726327,3751026,4139453,1696481,-48,-150,1328,-88,529,715,-58,-12,-39,-81,6,1289,-561,122,832,20,-5,-15,
3530172,4164959,2368111,3751026,4139453,1696481,-65,-161,1302,-88,529,715,-59,-12,-44,-67,14,1288,-561,122,850,31,-11,-8,
3530172,4164959,2368111,3762185,4139453,1696481,-48,-167,1312,-90,530,724,-60,-17,-45,-85,26,1304,-563,127,850,27,-14,-9,
3530172,4164959,2368111,3762185,4110475,1696481,-83,-153,1302,-90,530,724,-59,-11,-44,-68,20,1236,-559,120,847,23,-8,-5,
3530172,4164959,2368111,3762185,4110475,1861539,-68,-158,1288,-88,534,714,-58,-8,-41,-45,18,1499,-559,120,847,28,-14,-7,
3530172,4164959,2368111,3762185,4110475,1861539,-59,-153,1343,-88,534,724,-53,-6,-46,-66,12,1285,-562,119,821,37,-42,3,
3530172,4164959,2368111,3762185,4110475,1861539,-24,-171,1353,-89,532,724,-50,-5,-47,-138,-18,1418,-562,119,821,51,-56,-1,
3670403,4164959,2368111,3762185,4110475,1861539,-65,-159,1356,-87,530,725,-58,-12,-40,-46,29,1270,-567,120,837,36,-42,-11,
3670403,4105967,2368111,3762185,4110475,1861539,-84,-153,1296,-87,530,725,-57,-17,-40,-122,3,1386,-567,120,837,30,-26,-13,
3670403,4105967,2137312,3762185,4110475,1861539,-67,-157,1255,-87,532,714,-58,-13,-39,-84,24,1288,-564,130,842,19,-15,-18,
3670403,4105967,2137312,3898443,4110475,1861539,-63,-161,1329,-87,532,714,-58,-21,-52,-99,5,1357,-565,119,852,13,3,-20,
3670403,4105967,2137312,3898443,4061909,1861539,-29,-166,1366,-90,537,722,-73,-33,-50,-113,1,1391,-565,119,852,20,9,-10,
3670403,4105967,2137312,3898443,4061909,2031870,-73,-144,1296,-94,530,721,-75,-43,-49,-116,0,1308,-564,119,828,19,-4,-11,
3670403,4105967,2137312,3898443,4061909,2031870,-77,-152,1316,-94,530,721,-79,-52,-47,-68,18,1312,-564,119,828,18,-7,-22,
3670403,4105967,2137312,3898443,4061909,2031870,-70,-158,1313,-91,531,717,-78,-43,-46,-65,16,1287,-566,123,837,14,7,-23,
3928908,4105967,2137312,3898443,4061909,2031870,-72,-151,1350,-91,531,717,-61,-27,-46,-89,10,1323,-566,123,837,1,12,-23,
3928908,4034048,2137312,3898443,4061909,2031870,-29,-169,1373,-93,542,730,-70,-32,-47,-87,9,1341,-568,128,838,8,13,-24,
3928908,4034048,1481863,3898443,4061909,2031870,-77,-159,1301,-93,536,722,-71,-37,-51,-89,14,1308,-565,124,846,2,4,-27,
3928908,4034048,1481863,3909681,4061909,2031870,-50,-164,1379,-96,536,722,-70,-41,-43,-77,15,1300,-565,124,846,13,-9,-23,
3928908,4034048,1481863,3909681,3782836,2031870,-39,-170,1293,-96,534,718,-69,-38,-46,-131,-13,1415,-562,118,843,29,-22,-15,
3928908,4034048,1481863,3909681,3782836,2111071,-36,-163,1323,-96,534,718,-65,-26,-45,-50,3,1314,-562,118,843,39,-29,-17,
3928908,4034048,1481863,3909681,3782836,2111071,-14,-158,1358,-98,532,724,-77,-40,-47,-64,21,1302,-567,117,840,38,-27,-14,
3928908,4034048,1481863,3909681,3782836,2111071,-67,-167,1257,-98,532,724,-80,-44,-43,-135,-8,1435,-567,117,840,36,-18,-12,
4290839,4034048,1481863,3909681,3782836,2111071,-34,-162,1379,-97,539,722,-74,-40,-46,-72,18,1307,-571,125,844,23,-20,-25,
4290839,3913426,1481863,3909681,3782836,2111071,-26,-162,1351,-96,534,717,-75,-33,-45,-78,12,1317,-571,125,844,21,-15,-28,
4290839,3913426,1383620,3909681,3782836,2111071,-67,-164,1289,-96,534,717,-69,-26,-48,-68,26,1299,-571,120,825,27,-9,-22,
4290839,3913426,1383620,3977857,3782836,2111071,-18,-189,1315,-99,536,720,-63,-27,-51,-66,13,1293,-570,117,821,31,-16,-24,
4290839,3913426,1383620,3977857,3364016,2111071,-61,-154,1327,-99,536,720,-74,-29,-49,-91,6,1392,-570,117,821,28,-19,-22,
4290839,3913426,1383620,3977857,3364016,2211247,-45,-159,1284,-97,542,720,-73,-31,-48,-53,22,1299,-569,117,832,18,-17,-34,
4290839,3913426,1383620,3977857,3364016,2211247,-41,-158,1334,-100,538,716,-82,-33,-51,-62,25,1294,-569,117,832,19,-14,-34,
4290839,3913426,1383620,3977857,3364016,2211247,-55,-155,1288,-100,538,716,-80,-36,-53,-69,14,1313,-570,119,839,16,-15,-27,
4591465,3913426,1383620,3977857,3364016,2211247,-24,-165,1384,-98,536,715,-83,-46,-42,-27,32,1218,-570,119,839,23,-12,-25,
4591465,3763577,1383620,3977857,3364016,2211247,-37,-164,1298,-98,536,715,-64,-24,-44,-59,34,1282,-571,121,845,14,-18,-36,
4591465,3763577,1241249,3977857,3364016,2211247,-27,-175,1299,-100,541,722,-57,-13,-46,-99,7,1368,-571,121,841,24,-21,-35,
4591465,3763577,1241249,4062179,3364016,2211247,-23,-168,1342,-100,541,722,-49,-8,-41,-27,31,1291,-571,121,841,22,-21,-37,
4591465,3763577,1241249,4062179,2948191,2211247,-22,-167,1333,-101,550,713,-45,-1,-36,-104,4,1389,-569,114,818,18,-28,-25,
4591465,3763577,1241249,4062179,2948191,2171121,-33,-176,1294,-101,534,714,-42,4,-37,-54,16,1315,-569,114,818,15,-13,-34,
4591465,3763577,1241249,4062179,2948191,2171121,-35,-161,1345,-101,534,714,-43,10,-34,-50,20,1278,-575,114,834,14,-7,-36,
4591465,3763577,1241249,4062179,2948191,2171121,-18,-180,1313,-101,535,715,-38,10,-33,-112,-8,1405,-575,114,834,6,11,-33,
4614913,3763577,1241249,4062179,2948191,2171121,-27,-183,1311,-101,535,715,-41,12,-36,-100,-10,1396,-574,124,828,0,13,-32,
4614913,3762802,1241249,4062179,2948191,2171121,-37,-177,1286,-101,543,712,-49,-1,-40,-112,-16,1403,-574,118,830,-1,8,-35,
4614913,3762802,1898317,4062179,2948191,2171121,-46,-158,1327,-101,540,713,-62,-13,-47,-78,20,1323,-572,118,830,10,2,-31,
4614913,3762802,1898317,4071903,2948191,2171121,-51,-162,1350,-101,540,713,-70,-31,-52,-34,31,1260,-573,115,847,18,-3,-30,
4614913,3762802,1898317,4071903,3007819,2171121,-33,-172,1313,-102,537,716,-72,-30,-49,-37,33,1247,-573,115,847,6,4,-34,
4614913,3762802,1898317,4071903,3007819,2581466,-38,-183,1328,-102,537,716,-67,-25,-41,-39,33,1258,-571,116,840,1,0,-39,
4614913,3762802,1898317,4071903,3007819,2581466,-38,-162,1341,-104,542,722,-66,-19,-43,-58,16,1306,-571,116,840,-1,14,-39,
4614913,3762802,1898317,4071903,3007819,2581466,-18,-156,1345,-104,542,722,-52,-12,-45,-75,15,1335,-572,114,844,-1,21,-33,
4705214,3762802,1898317,4071903,3007819,2581466,-9,-194,1337,-102,543,716,-46,-6,-38,-51,19,1305,-572,114,844,-254,22,-35,
4705214,3592194,1898317,4071903,3007819,2581466,-36,-165,1290,-100,539,718,-44,3,-33,-83,6,1326,-572,122,835,-2,20,-33,
4705214,3592194,1558714,4071903,3007819,2581466,-16,-186,1337,-100,539,718,-40,3,-32,-37,30,1267,-573,115,842,0,11,-31,
4705214,3592194,1558714,4027658,3007819,2581466,-32,-159,1344,-101,537,711,-38,12,-32,-96,3,1368,-573,115,842,-3,11,-33,
4705214,3592194,1558714,4027658,3130033,2581466,-38,-161,1318,-101,537,711,-37,17,-32,-87,14,1246,-571,115,830,3,21,-36,
4705214,3592194,1558714,4027658,3130033,2687393,-18,-163,1373,-106,542,709,-38,12,-32,-62,27,1301,-571,115,830,1,20,-39,
4705214,3592194,1558714,4027658,3130033,2687393,-64,-154,1311,-103,544,722,-41,8,-36,-82,21,1322,-572,124,837,3,12,-35,
4705214,3592194,1558714,4027658,3130033,2687393,-33,-169,1322,-103,544,722,-47,1,-44,-76,16,1331,-572,124,837,2,-3,-25,
4681001,3592194,1558714,4027658,3130033,2687393,-23,-162,1329,-101,535,716,-55,0,-43,-63,27,1304,-574,125,851,4,0,-27,
4681001,3612408,1558714,4027658,3130033,2687393,-17,-176,1321,-101,535,716,-52,-4,-40,-74,13,1353,-569,121,839,-4,5,-32,
4681001,3612408,1832923,4027658,3130033,2687393,-21,-181,1325,-103,537,720,-47,1,-38,-75,20,1310,-569,121,839,-10,14,-40,
4681001,3612408,1832923,4007664,3130033,2687393,-14,-161,1391,-103,537,720,-44,12,-30,-82,0,1339,-569,117,831,-6,22,-39,
4681001,3612408,1832923,4007664,3342721,2687393,-29,-187,1302,-103,539,718,-44,13,-31,-55,5,1376,-569,117,831,-6,15,-32,
4681001,3612408,1832923,4007664,3342721,2850093,-21,-174,1313,-99,537,712,-47,2,-33,-50,37,1282,-570,115,839,-5,11,-30,
4681001,3612408,1832923,4007664,3342721,2850093,-32,-158,1322,-99,537,712,-47,1,-35,-105,-6,1396,-570,115,839,-4,16,-36,
4681001,3612408,1832923,4007664,3342721,2850093,-35,-169,1379,-102,539,708,-45,0,-35,-61,25,1305,-568,123,845,-4,22,-32,
4646406,3612408,1832923,4007664,3342721,2850093,-12,-183,1279,-102,539,708,-49,3,-33,-57,15,1293,-568,123,845,-5,34,-35,
4646406,3713617,1832923,4007664,3342721,2850093,-47,-175,1294,-101,540,711,-39,8,-35,-74,18,1322,-571,120,815,-14,38,-35,
4646406,3713617,2133760,4007664,3342721,2850093,-20,-178,1314,-99,538,715,-41,10,-34,-29,24,1224,-567,114,829,-17,32,-41,
4646406,3713617,2133760,3926897,3342721,2850093,-79,-152,1334,-99,538,715,-34,5,-40,-90,12,1341,-567,114,829,-14,27,-36,
4646406,3713617,2133760,3926897,3548619,2850093,-33,-165,1359,-100,539,711,-39,6,-37,-84,7,1351,-566,117,843,-2,-8,-28,
4646406,3713617,2133760,3926897,3548619,2918450,-35,-173,1335,-100,539,711,-37,10,-38,-117,-1,1405,-566,117,843,8,-13,-30,
4646406,3713617,2133760,3926897,3548619,2918450,-11,-183,1275,-103,539,721,-39,12,-34,-80,12,1355,-567,123,840,7,-5,-32,
4646406,3713617,2133760,3926897,3548619,2918450,-34,-156,1351,-103,539,721,-48,10,-26,-116,-14,1402,-567,123,840,8,-1,-26,
4613959,3713617,2133760,3926897,3548619,2918450,-33,-163,1333,-100,541,719,-50,8,-30,-75,21,1325,-566,123,831,14,5,-27,
4613959,3774258,2133760,3926897,3548619,2918450,-37,-170,1310,-98,535,708,-47,3,-33,-76,19,1325,-568,117,850,6,0,-24,
4613959,3774258,2169661,3926897,3548619,2918450,-44,-168,1336,-98,535,708,-45,-2,-36,-46,24,1252,-568,117,850,14,-4,-18,
4613959,3774258,2169661,3980915,3548619,2918450,-45,-158,1345,-99,538,717,-50,-6,-42,-87,1,1340,-568,118,830,15,-8,-20,
4613959,3774258,2169661,3980915,3639929,2918450,-33,-167,1327,-99,538,717,-51,-7,-41,-77,11,1339,-568,118,830,21,-11,-22,
4613959,3774258,2169661,3980915,3639929,2695933,-9,-175,1348,-103,541,719,-50,-9,-42,-62,17,1316,-572,115,829,17,-8,-25,
4613959,3774258,2169661,3980915,3639929,2695933,-30,-181,1336,-106,537,715,-52,-10,-44,-50,18,1308,-572,115,829,11,-16,-32,
4613959,3774258,2169661,3980915,3639929,2695933,-36,-175,1374,-106,537,715,-61,-7,-41,-69,16,1303,-574,122,828,15,-8,-29,
4649850,3774258,2169661,3980915,3639929,2695933,-29,-167,1333,-100,538,721,-52,-6,-42,-65,23,1283,-574,121,825,12,-11,-26,
4649850,3786008,2169661,3980915,3639929,2695933,-17,-170,1331,-100,538,721,-54,-13,-42,-90,12,1339,-568,121,825,15,-14,-36,
4649850,3786008,2017468,3980915,3639929,2695933,-20,-170,1361,-102,541,717,-57,-10,-48,-66,18,1294,-571,116,842,15,-11,-29,
4649850,3786008,2017468,4070411,3639929,2695933,-39,-163,1271,-102,541,722,-59,-12,-51,-50,36,1306,-571,116,842,18,-18,-31,
4649850,3786008,2017468,4070411,3611460,2695933,-37,-162,1294,-100,540,722,-55,-10,-51,-69,19,1317,-568,116,831,13,-15,-30,
4649850,3786008,2017468,4070411,3611460,2389789,-20,-162,1364,-100,536,716,-56,-13,-42,-113,-7,1418,-568,116,831,11,-9,-30,
4649850,3786008,2017468,4070411,3611460,2389789,-29,-183,1288,-100,536,716,-56,-17,-44,-81,13,1346,-574,121,823,11,-10,-27,
4649850,3786008,2017468,4070411,3611460,2389789,-55,-161,1286,-102,534,711,-54,-17,-44,-35,32,1246,-574,121,823,11,-18,-32,
4696175,3786008,2017468,4070411,3611460,2389789,-10,-171,1325,-102,534,711,-58,-15,-43,-70,16,1331,-569,122,817,9,249,-31,
4696175,3741278,2017468,4070411,3611460,2389789,-20,-169,1350,-104,547,714,-53,-2,-39,-81,15,1329,-572,116,830,3,3,-32,
4696175,3741278,1485246,4070411,3611460,2389789,-40,-182,1276,-103,541,712,-50,2,-42,-63,3,1331,-572,116,830,7,6,-36,
4696175,3741278,1485246,4129864,3611460,2389789,-3,-173,1311,-103,541,712,-50,-3,-41,-60,25,1281,-573,117,837,6,3,-32,
4696175,3741278,1485246,4129864,3553754,2389789,-4,-179,1309,-102,535,717,-51,-8,-43,-126,-15,1430,-573,117,837,5,2,-36,
4696175,3741278,1485246,4129864,3553754,2343137,-46,-157,1314,-102,535,717,-53,-8,-45,-65,6,1351,-572,125,840,1,-8,-27,
4696175,3741278,1485246,4129864,3553754,2343137,-27,-161,1306,-103,547,716,-49,-5,-44,-103,-5,1376,-572,125,840,3,8,-36,
4696175,3741278,1485246,4129864,3553754,2343137,-28,-168,1350,-103,544,712,-44,-6,-35,-85,11,1347,-574,123,839,-6,4,-35,
4715256,3741278,1485246,4129864,3553754,2343137,-20,-171,1315,-104,544,712,-48,-8,-49,-79,17,1341,-574,119,837,-8,3,-37,
4715256,3714620,1485246,4129864,3553754,2343137,-22,-188,1294,-103,541,720,-50,-7,-43,-60,16,1298,-574,119,837,8,10,-36,
4715256,3714620,1418555,4129864,3553754,2343137,-6,-174,1365,-103,541,720,-45,-9,-40,-99,-11,1412,-571,117,819,17,-1,-26,
4715256,3714620,1418555,4167849,3553754,2343137,-21,-167,1313,-102,540,717,-46,-4,-42,-99,-8,1392,-571,117,819,11,-7,-31,
4715256,3714620,1418555,4167849,3556243,2343137,-15,-167,1339,-102,540,717,-59,-2,-37,-61,24,1303,-576,113,833,5,4,-40,
4715256,3714620,1418555,4167849,3556243,2297610,-35,-165,1310,-102,547,725,-58,-4,-41,-22,45,1233,-576,113,833,-2,5,-37,
4715256,3714620,1418555,4167849,3556243,2297610,-13,-170,1334,-107,542,708,-48,-3,-47,-73,6,1320,-573,123,833,0,3,-34,
4715256,3714620,1418555,4167849,3556243,2297610,-11,-177,1317,-107,542,708,-56,-4,-40,-54,11,1322,-573,123,833,5,3,-36,
4733586,3714620,1418555,4167849,3556243,2297610,-2,-193,1300,-102,547,713,-43,-3,-35,-41,28,1277,-573,117,816,4,0,-38,
4733586,3680982,1418555,4167849,3556243,2297610,-18,-173,1340,-102,547,713,-42,-1,-40,-1,52,1206,-571,116,840,-4,6,-35,
4733586,3680982,1303863,4167849,3556243,2297610,-25,-171,1316,-103,545,704,-44,-3,-42,-38,33,1262,-571,116,840,-5,18,-40,
4733586,3680982,1303863,4168081,3556243,2297610,-35,-168,1326,-103,542,710,-44,-2,-37,-69,17,1320,-572,114,833,-4,0,-38,
4733586,3680982,1303863,4168081,3555975,2297610,-34,-184,1330,-103,542,710,-49,-10,-35,-115,6,1414,-572,114,833,7,-254,-36,
4733586,3680982,1303863,4168081,3555975,2318644,-33,-175,1308,-103,539,716,-51,-4,-37,-37,36,1266,-574,118,827,7,12,-40,
4733586,3680982,1303863,4168081,3555975,2318644,-34,-164,1322,-103,539,716,-52,-3,-41,-29,28,1238,-574,118,827,1,21,-36,
4733586,3680982,1303863,4168081,3555975,2318644,-23,-171,1338,-103,541,720,-42,-1,-39,-71,19,1318,-570,121,821,2,6,-36,
4745450,3680982,1303863,4168081,3555975,2318644,1,-167,1366,-103,541,720,-42,0,-42,-64,11,1310,-574,116,821,-4,10,-43,
4745450,3676221,1303863,4168081,3555975,2318644,4,-179,1335,-104,541,712,-48,0,-45,-60,15,1273,-574,116,821,2,15,-34,
4745450,3676221,1272997,4168081,3555975,2318644,-37,-179,1340,-100,540,712,-46,-9,-46,-22,41,1488,-573,114,845,2,10,-33,
4745450,3676221,1272997,4145183,3555975,2318644,-47,-166,1310,-100,540,712,-54,-8,-41,-107,-4,1397,-573,114,845,0,5,-32,
4745450,3676221,1272997,4145183,3571658,2318644,-30,-189,1251,-101,537,708,-51,-5,-40,-74,20,1350,-572,121,832,9,2,-23,
4745450,3676221,1272997,4145183,3571658,2339571,-11,-181,1342,-101,537,708,-51,-3,-40,-37,46,1236,-572,121,832,10,3,-33,
4745450,3676221,1272997,4145183,3571658,2339571,-30,-183,1307,-103,543,718,-50,-3,-38,-53,18,1319,-575,127,848,3,-2,-31,
4745450,3676221,1272997,4145183,3571658,2339571,-35,-169,1290,-102,541,713,-52,-8,-43,-33,22,1282,-575,123,825,10,0,-33,
4760365,3676221,1272997,4145183,3571658,2339571,-47,-167,1307,-102,541,713,-53,-7,-43,-60,20,1301,-573,123,825,8,5,-36,
4760365,3640145,1272997,4145183,3571658,2339571,-24,-172,1409,-105,540,716,-52,-8,-45,-20,48,1215,-573,116,844,4,8,-42,
4760365,3640145,1200784,4145183,3571658,2339571,-27,-162,1308,-105,540,716,-45,-4,-42,-75,-240,1398,-573,116,844,-3,10,-34,
4760365,3640145,1200784,4147906,3571658,2339571,1,-186,1359,-103,543,721,-49,-5,-39,-65,14,1305,-574,117,838,-2,6,-36,
4760365,3640145,1200784,4147906,3566486,2339571,-24,-182,1292,-103,543,721,-44,-10,-43,-42,27,1279,-574,117,838,3,7,-37,
4760365,3640145,1200784,4147906,3566486,2363915,-11,-167,1354,-104,540,713,-42,-6,-42,-72,10,1350,-576,122,839,8,3,-33,
4760365,3640145,1200784,4147906,3566486,2363915,-17,-179,1331,-106,537,713,-42,-4,-39,-56,25,1303,-576,122,839,15,1,-30,
4760365,3640145,1200784,4147906,3566486,2363915,-24,-166,1343,-106,537,713,-46,3,-44,-71,16,1327,-574,118,844,-6,7,-37,
4765004,3640145,1200784,4147906,3566486,2363915,-24,-181,1304,-104,539,711,-49,3,-43,-105,12,1375,-577,113,848,-5,7,-36,
4765004,3637665,1200784,4147906,3566486,2363915,-38,-184,1319,-104,539,711,-47,-1,-44,-92,4,1353,-577,113,848,-9,4,-33,
4765004,3637665,1212809,4147906,3566486,2363915,-25,-174,1313,-105,540,715,-38,9,-39,-57,31,1295,-574,120,836,-3,10,-35,
4765004,3637665,1212809,4134434,3566486,2363915,-35,-173,1306,-101,540,711,-45,2,-36,-122,3,1420,-574,120,836,3,-2,-25,
4765004,3637665,1212809,4134434,3574000,2363915,0,-176,1361,-101,540,711,-47,3,-42,-89,20,1334,-574,120,839,3,-5,-31,
4765004,3637665,1212809,4134434,3574000,2476764,-33,-161,1329,-104,537,715,-46,-1,-41,-82,7,1362,-574,120,839,2,2,-29,
4765004,3637665,1212809,4134434,3574000,2476764,-28,-174,1319,-104,537,715,-53,-1,-34,-73,13,1343,-578,123,846,6,1,-34,
4765004,3637665,1212809,4134434,3574000,2476764,-10,-171,1365,-103,543,716,-43,-6,-46,-108,4,1377,-573,115,844,0,3,-35,
4766698,3637665,1212809,4134434,3574000,2476764,-36,-171,1282,-103,543,716,-47,0,-41,-46,26,1275,-573,115,844,7,8,-34,
4766698,3635475,1212809,4134434,3574000,2476764,-33,-175,1296,-105,540,708,-50,-4,-34,-36,36,1255,-573,117,841,-9,12,-33,
4766698,3635475,1201356,4134434,3574000,2476764,-43,-169,1316,-104,537,714,-53,-5,-37,-41,30,1264,-573,117,841,4,3,-32,
4766698,3635475,1201356,4124760,3574000,2476764,-245,-171,1352,-104,537,714,-50,-4,-37,-56,15,1310,-573,115,838,12,5,-31,
4766698,3635475,1201356,4124760,3582266,2476764,-25,-167,1339,-104,537,723,-51,-7,-40,-71,7,1352,-573,115,838,4,6,-24,
4766698,3635475,1201356,4124760,3582266,2570884,-10,-176,1326,-104,537,723,-46,-6,-42,-62,20,1324,-577,121,828,-2,-5,-30,
4766698,3635475,1201356,4124760,3582266,2570884,-28,-184,1285,-103,541,712,-47,-4,-40,-3,50,1204,-577,121,849,2,1,-33,
4766698,3635475,1201356,4124760,3582266,2570884,-17,-169,1360,-104,541,710,-54,-10,-40,-28,38,1262,-573,116,849,4,12,-31,
4769912,3635475,1201356,4124760,3582266,2570884,-1,-179,1337,-104,541,710,-49,-4,-45,-27,45,1221,-572,114,837,2,13,-35,
4769912,3635674,1201356,4124760,3582266,2570884,5,-176,1390,-105,537,717,-49,0,-41,-100,4,1146,-572,114,837,0,2,-34,
4769912,3635674,1199355,4124760,3582266,2570884,-39,-167,1328,-105,537,717,-45,1,-42,-78,-6,1364,-570,112,825,0,2,-34,
4769912,3635674,1199355,4127373,3582266,2570884,3,-171,1342,-103,545,716,-41,-3,-44,-31,22,1249,-570,112,825,7,3,-33,
4769912,3635674,1199355,4127373,3587969,2570884,-19,-177,1296,-103,545,725,-41,-2,-39,-70,13,1343,-574,117,840,9,4,-34,
4769912,3635674,1199355,4127373,3587969,2581439,-26,-158,1350,-107,542,725,-47,0,-38,-8,49,1203,-574,117,840,1,16,-40,
4769912,3635674,1199355,4127373,3587969,2581439,-17,-188,1287,-103,537,716,-41,2,-36,-42,26,1271,-570,123,838,-5,5,-37,
4769912,3635674,1199355,4127373,3587969,2581439,-32,-173,1287,-103,537,716,-45,4,-44,-117,-13,1390,-573,114,846,10,3,-33,
4766819,3635674,1199355,4127373,3587969,2581439,-26,-176,1314,-106,538,718,-41,1,-41,-45,28,1259,-573,114,846,10,6,-33,
4766819,3638365,1199355,4127373,3587969,2581439,-18,-177,1324,-106,538,718,-42,8,-41,-92,4,1344,-575,117,834,10,8,-33,
4766819,3638365,1237156,4127373,3587969,2581439,-17,-178,1372,-103,544,713,-40,9,-41,-44,28,1257,-575,117,834,9,11,-33,
4766819,3638365,1237156,4109844,3587969,2581439,-7,-165,1304,-103,544,718,-49,2,-37,-78,3,1335,-573,119,836,5,14,-30,
4766819,3638365,1237156,4109844,3604564,2581439,-55,-171,1299,-103,544,718,-47,2,-38,-57,18,1314,-573,119,836,1,14,-30,
4766819,3638365,1237156,4109844,3604564,2609034,11,-173,1369,-102,543,715,-45,2,-41,-25,35,1262,-574,128,822,7,11,-27,
4766819,3638365,1237156,4109844,3604564,2609034,-65,-167,1332,-102,543,715,-45,-2,-41,-102,2,1384,-571,123,830,2,9,-29,
4766819,3638365,1237156,4109844,3604564,2609034,-27,-159,1334,-100,549,716,-42,3,-42,-93,2,1370,-571,123,830,-2,3,-28,
4757008,3638365,1237156,4109844,3604564,2609034,-13,-167,1351,-100,540,711,-53,-3,-43,-82,12,1327,-575,119,834,2,8,-28,
4757008,3669804,1237156,4109844,3604564,2609034,-27,-165,1328,-107,540,711,-44,-4,-44,-70,35,1292,-575,119,834,1,11,-32,
4757008,3669804,1310781,4109844,3604564,2609034,-21,-188,1315,-100,538,712,-47,2,-44,-48,22,1273,-572,114,832,-3,1,-35,
4757008,3669804,1310781,4095387,3604564,2609034,-34,-187,1327,-100,538,712,-48,-1,-43,-62,31,1309,-572,114,832,-2,8,-33,
4757008,3669804,1310781,4095387,3618693,2609034,-17,-170,1305,-104,544,711,-45,-3,-44,-66,15,1326,-574,121,835,5,12,-34,
4757008,3669804,1310781,4095387,3618693,2609484,-33,-176,1339,-104,544,711,-43,2,-33,-45,28,1295,-574,121,835,5,6,-28,
4757008,3669804,1310781,4095387,3618693,2609484,-24,-175,1302,-104,546,713,-45,5,-39,-52,25,1271,-573,122,831,2,12,-31,
4757008,3669804,1310781,4095387,3618693,2609484,-17,-171,1363,-104,540,718,-51,4,-40,-91,3,1354,-572,115,818,0,12,-33,
4758724,3669804,1310781,4095387,3618693,2609484,-33,-168,1349,-104,540,718,-48,0,-40,-74,10,1337,-572,115,818,4,3,-28,
4758724,3674158,1310781,4095387,3618693,2609484,-35,-173,1304,-104,539,712,-47,-2,-41,-76,25,1320,-570,116,830,5,7,-29,
4758724,3674158,1422206,4095387,3618693,2609484,-19,-170,1370,-104,539,712,-47,-1,-42,-9,35,1238,-570,116,830,8,15,-27,
4758724,3674158,1422206,4095620,3618693,2609484,-19,-187,1272,-105,545,719,-46,1,-40,-87,14,1349,-571,121,827,-1,6,-27,
4758724,3674158,1422206,4095620,3627837,2609484,-44,-168,1331,-105,543,710,-50,-1,-37,-117,-4,1421,-571,121,827,6,0,-27,
4758724,3674158,1422206,4095620,3627837,2611425,-23,-188,1280,-105,543,710,-48,-4,-40,-72,-1,1352,-573,123,844,15,7,-24,
4758724,3674158,1422206,4095620,3627837,2611425,-27,-174,1343,-106,536,724,-49,-3,-42,-91,5,1346,-573,115,832,12,-3,-32,
4758724,3674158,1422206,4095620,3627837,2611425,-11,-185,1324,-106,536,724,-45,-3,-40,-48,37,1256,-573,115,832,5,6,-27,
4760699,3674158,1422206,4095620,3627837,2611425,-29,-187,1311,-103,539,723,-53,-3,-41,-64,18,1338,-569,115,840,8,14,-32,
4760699,3677595,1422206,4095620,3627837,2611425,-16,-172,1318,-103,539,723,-43,7,-39,-62,27,1303,-569,115,840,5,10,-36,
4760699,3677595,1481358,4095620,3627837,2611425,-39,-168,1342,-104,545,705,-51,0,-32,-59,22,1305,-572,115,833,1,18,-37,
4760699,3677595,1481358,4094195,3627837,2611425,-9,-171,1313,-101,539,714,-46,1,-40,-90,6,1375,-572,115,833,8,17,-29,
4760699,3677595,1481358,4094195,3641333,2611425,-30,-177,1311,-101,539,714,-43,-1,-39,-59,9,1310,-575,126,821,17,6,-29,
4760699,3677595,1481358,4094195,3641333,2630562,-17,-177,1305,-103,540,716,-51,1,-40,-70,14,1324,-575,120,815,9,7,-33,
4760699,3677595,1481358,4094195,3641333,2630562,-33,-162,1330,-103,540,716,-46,6,-42,-44,30,1292,-570,120,815,4,6,-30,
4760699,3677595,1481358,4094195,3641333,2630562,-47,-164,1333,-104,546,731,-50,10,-33,-99,-12,1372,-569,116,848,4,-1,-30,
4750070,3677595,1481358,4094195,3641333,2630562,-43,-173,1306,-103,542,716,-43,5,-35,-44,19,1246,-569,116,848,4,1,-30,
4750070,3713964,1481358,4094195,3641333,2630562,-20,-176,1324,-103,542,716,-50,3,-30,-41,29,1262,-575,116,827,7,16,-32,
4750070,3713964,1576534,4094195,3641333,2630562,-42,-176,1307,-102,538,724,-49,4,-36,-97,13,1356,-575,116,827,3,17,-36,
4750070,3713964,1576534,4056449,3641333,2630562,-26,-179,1313,-102,538,724,-51,5,-40,-69,14,1318,-573,120,832,-1,1,-32,
4750070,3713964,1576534,4056449,3656476,2630562,-21,-175,1326,-100,547,717,-47,3,-38,-76,11,1336,-573,120,832,2,10,-34,
4750070,3713964,1576534,4056449,3656476,2654715,-37,-181,1335,-100,547,717,-49,4,-38,-50,24,1285,-569,122,832,8,8,-31,
4750070,3713964,1576534,4056449,3656476,2654715,-17,-170,1299,-104,543,729,-51,5,-41,-66,15,1330,-569,117,834,5,12,-35,
4750070,3713964,1576534,4056449,3656476,2654715,-25,-172,1317,-104,538,717,-44,1,-37,-65,10,1324,-569,117,834,7,11,-34,
4743877,3713964,1576534,4056449,3656476,2654715,-46,-172,1365,-104,538,717,-40,1,-33,-26,30,1314,-569,114,834,12,8,-26,
4743877,3719609,1576534,4056449,3656476,2654715,-38,-153,1331,-103,539,719,-47,-2,-40,-17,46,1255,-569,114,834,-1,2,-27,
4743877,3719609,1628634,4056449,3656476,2654715,-29,-178,1331,-103,539,719,-44,-2,-36,-59,18,1287,-571,116,839,8,3,-31,
4743877,3719609,1628634,4054244,3656476,2654715,-8,-173,1332,-105,543,721,-40,1,-37,-67,27,1299,-571,116,839,18,4,-29,
4743877,3719609,1628634,4054244,3674538,2654715,-23,-175,1291,-104,542,714,-44,-5,-42,-42,29,1258,-572,126,828,15,6,-30,
4743877,3719609,1628634,4054244,3674538,2659973,-41,-161,1343,-104,542,714,-45,1,-43,-111,-4,1413,-568,120,823,9,-1,-23,
4743877,3719609,1628634,4054244,3674538,2659973,-22,-172,1302,-103,538,715,-50,-2,-35,-66,20,1328,-568,120,823,2,0,-24,
4743877,3719609,1628634,4054244,3674538,2659973,-38,-174,1314,-103,538,715,-54,-2,-34,-7,30,1194,-573,119,839,13,11,-25,
4746084,3719609,1628634,4054244,3674538,2659973,-23,-168,1338,-105,541,710,-48,2,-36,-44,11,1334,-573,119,839,14,7,-26,
4746084,3725317,1628634,4054244,3674538,2659973,-35,-176,1331,-105,541,710,-47,-1,-34,-89,-3,1347,-570,116,828,8,1,-26,
4746084,3725317,1633917,4054244,3674538,2659973,-29,-179,1321,-104,537,714,-49,-7,-35,-50,25,1273,-570,116,828,4,-4,-29,
4746084,3725317,1633917,4054616,3674538,2659973,-17,-170,1329,-101,538,722,-49,0,-42,-74,14,1325,-572,125,838,0,7,-30,
4746084,3725317,1633917,4054616,3676462,2659973,-16,-176,1330,-101,538,722,-53,-5,-41,-121,0,1405,-572,125,838,0,13,-23,
4746084,3725317,1633917,4054616,3676462,2657447,-22,-175,1306,-103,540,713,-46,-2,-45,-74,19,1322,-570,118,819,11,8,-27,
4746084,3725317,1633917,4054616,3676462,2657447,-19,-171,1336,-103,540,713,-44,-5,-42,-61,21,1301,-573,115,822,10,10,-24,
4746084,3725317,1633917,4054616,3676462,2657447,-26,-173,1317,-104,545,718,-49,-2,-43,-75,24,1306,-573,115,822,2,16,-33,
4747783,3725317,1633917,4054616,3676462,2657447,-39,-167,1331,-103,538,708,-46,-1,-42,-51,24,1268,-574,117,830,10,10,-28,
4747783,3724753,1633917,4054616,3676462,2657447,-37,-173,1327,-103,538,708,-47,1,-42,-98,-5,1391,-574,117,830,-248,-1,-25,
4747783,3724753,1635563,4054616,3676462,2657447,-33,-173,1315,-101,538,708,-46,-3,-44,-65,8,1305,-568,117,825,6,15,-32,
4747783,3724753,1635563,4067116,3676462,2657447,-25,-178,1345,-101,538,708,-44,-2,-43,-52,26,1279,-568,117,825,1,14,-31,
4747783,3724753,1635563,4067116,3683248,2657447,-11,-170,1339,-104,536,729,-41,-5,-41,-81,9,1327,-572,122,827,4,4,-30,
4747783,3724753,1635563,4067116,3683248,2659762,-37,-169,1312,-104,536,729,-46,-1,-41,-66,25,1282,-573,118,833,5,0,-32,
4747783,3724753,1635563,4067116,3683248,2659762,-33,-174,1313,-103,540,703,-45,5,-36,-62,18,1316,-573,118,833,-1,-1,-31,
4747783,3724753,1635563,4067116,3683248,2659762,-20,-173,1361,-103,537,712,-55,-4,-34,-90,11,1373,-566,115,830,6,0,-28,
4749909,3724753,1635563,4067116,3683248,2659762,-24,-178,1313,-103,537,712,-55,-4,-32,-122,-2,1428,-566,115,830,17,4,-30,
4749909,3724488,1635563,4067116,3683248,2659762,-19,-181,1348,-104,539,726,-56,-5,-47,-63,17,1299,-573,113,840,10,2,-32,
4749909,3724488,1615519,4067116,3683248,2659762,-21,-168,1316,-104,539,726,-48,-3,-45,-44,34,1261,-573,113,840,2,9,-26,
4749909,3724488,1615519,4069155,3683248,2659762,-16,-180,1293,-105,546,719,-51,-4,-40,-94,5,1352,-574,125,829,8,2,-26,
4749909,3724488,1615519,4069155,3686867,2659762,-20,-170,1339,-103,540,715,-45,-7,-40,-101,2,1390,-574,124,834,8,-2,-28,
4749909,3724488,1615519,4069155,3686867,2660208,-19,-172,1304,-103,540,715,-45,-4,-38,-35,24,1276,-570,124,834,10,11,-36,
4749909,3724488,1615519,4069155,3686867,2660208,-28,-183,1259,-101,539,718,-45,-5,-30,-61,23,1313,-567,115,849,14,4,-31,
4749909,3724488,1615519,4069155,3686867,2660208,-38,-172,1363,-101,539,718,-49,1,-32,-37,23,1358,-567,115,849,12,10,-38,
4755147,3724488,1615519,4069155,3686867,2660208,-8,-186,1298,-101,541,712,-46,-1,-36,-84,19,1359,-572,116,839,3,5,-35,
4755147,3723551,1615519,4069155,3686867,2660208,-31,-174,1308,-101,541,728,-41,1,-43,-102,1,1383,-572,116,839,7,10,-28,
4755147,3723551,1600840,4069155,3686867,2660208,-16,-163,1393,-102,545,728,-44,-5,-36,-78,10,1336,-574,118,838,9,12,-23,
