0,0,0,0,0,0,-43,-170,1319,-18,777,794,-37,16,-33,-56,13,1317,-511,383,898,15,-249,-20,
4647074,0,0,0,0,0,-31,-161,1293,-18,777,794,-42,19,-30,-52,17,1248,-515,383,908,12,-10,-17,
4647074,4023895,0,0,0,0,-53,-160,1329,-15,778,790,-41,16,-24,-83,7,1342,-515,383,908,11,-8,-16,
4647074,4023895,3412352,0,0,0,-34,-172,1334,-15,778,790,-40,12,-30,-44,17,1307,-516,383,893,14,-10,-19,
4647074,4023895,3412352,4168096,0,0,-54,-172,1249,-20,775,790,-42,10,-32,-39,31,1268,-516,383,893,5,-6,-17,
4647074,4023895,3412352,4168096,3804632,0,-50,-155,1337,-20,775,790,-44,6,-31,-69,16,1352,-512,392,905,7,-31,-26,
4647074,4023895,3412352,4168096,3804632,3956857,-32,-159,1385,-18,778,799,-35,17,-32,-43,26,1277,-511,381,908,10,-22,-21,
4647074,4023895,3412352,4168096,3804632,3956857,-70,-157,1321,-15,777,793,-32,15,-28,-51,16,1323,-511,381,908,11,-17,-23,
4647074,4023895,3412352,4168096,3804632,3956857,-47,-167,1329,-15,777,793,-31,15,-25,-48,13,1300,-515,383,907,2,-21,-23,
4570590,4023895,3412352,4168096,3804632,3956857,-64,-169,1278,-16,778,792,-36,8,-26,-35,23,1299,-515,383,907,-3,-26,-25,
4570590,3922109,3412352,4168096,3804632,3956857,-51,-154,1330,-16,778,792,-39,-1,-35,-55,22,1293,-515,380,899,4,-18,-26,
4570590,3922109,3109223,4168096,3804632,3956857,-68,-168,1288,-16,784,792,-37,-1,-40,-38,8,1312,-515,380,899,14,-25,-20,
4570590,3922109,3109223,4289919,3804632,3956857,-49,-154,1345,-14,774,794,-49,-10,-41,-42,22,1306,-519,391,891,12,-29,-22,
4570590,3922109,3109223,4289919,3847515,3956857,-43,-161,1310,-14,774,794,-46,-12,-43,-61,5,1335,-519,388,899,12,-34,-25,
4570590,3922109,3109223,4289919,3847515,3955136,-42,-171,1311,-20,776,790,-59,-23,-48,-42,9,1321,-518,388,899,11,-39,-23,
4570590,3922109,3109223,4289919,3847515,3955136,-53,-162,1311,-20,776,790,-63,-42,-46,-35,23,1304,-522,381,895,11,-43,-23,
4570590,3922109,3109223,4289919,3847515,3955136,-32,-160,1342,-23,778,787,-72,-43,-44,-47,8,1326,-522,381,895,14,-45,-25,
4631628,3922109,3109223,4289919,3847515,3955136,-40,-170,1328,-23,778,796,-71,-39,-41,-43,23,1326,-516,379,905,12,-40,-26,
4631628,3124432,3109223,4289919,3847515,3955136,-45,-169,1314,-19,781,796,-68,-32,-44,-58,17,1329,-516,379,905,12,-37,-28,
4631628,3124432,1388774,4289919,3847515,3955136,-66,-170,1302,-20,775,796,-70,-32,-48,-35,29,1308,-524,386,902,14,-32,-25,
4631628,3124432,1388774,4514999,3847515,3955136,-50,-162,1315,-20,775,796,-67,-31,-50,-66,11,1359,-524,386,902,4,-20,-23,
4631628,3124432,1388774,4514999,3654459,3955136,-36,-169,1351,-21,778,799,-64,-28,-53,-42,33,1303,-518,382,883,5,-1,-24,
4631628,3124432,1388774,4514999,3654459,3811165,-14,-166,1346,-21,778,799,-76,-36,-53,-35,24,1316,-518,381,893,5,-5,-14,
4631628,3124432,1388774,4514999,3654459,3811165,-59,-168,1286,-24,783,790,-86,-45,-47,-31,24,1283,-518,381,893,12,4,-23,
4631628,3124432,1388774,4514999,3654459,3811165,-11,-163,1348,-25,779,793,-93,-48,-62,-36,10,1330,-519,378,907,5,8,-22,
4738196,3124432,1388774,4514999,3654459,3811165,-7,-174,1340,-25,779,793,-94,-63,-56,-61,21,1337,-519,378,907,6,9,-25,
4738196,2712280,1388774,4514999,3654459,3811165,-21,-184,1332,-24,781,784,-95,-59,-65,-51,26,1320,-519,390,904,0,12,-20,
4738196,2712280,618657,4514999,3654459,3811165,-46,-178,1321,-24,781,784,-105,-53,-64,-53,21,1300,-519,390,904,-2,10,-22,
4738196,2712280,618657,4544849,3654459,3811165,-27,-171,1299,-28,785,788,-104,-62,-63,-19,32,1290,-523,389,890,7,13,-19,
4738196,2712280,618657,4544849,3674349,3811165,-11,-166,1347,-28,783,795,-115,-62,-73,-34,12,1324,-519,386,900,4,9,-18,
4738196,2712280,618657,4544849,3674349,3825034,-15,-180,1304,-29,783,795,-117,-56,-72,-37,19,1360,-519,386,900,-1,23,-23,
4738196,2712280,618657,4544849,3674349,3825034,15,-188,1321,-31,785,797,-112,-49,-69,-26,14,1284,-520,383,897,0,25,-10,
4738196,2712280,618657,4544849,3674349,3825034,-15,-176,1309,-31,785,797,-109,-35,-66,-43,20,1317,-520,383,897,-1,32,-22,
4871248,2712280,618657,4544849,3674349,3825034,31,-185,1352,-33,784,791,-102,-32,-65,-47,11,1329,-521,381,907,4,53,-16,
4871248,3106435,618657,4544849,3674349,3825034,-19,-163,1316,-33,784,791,-108,-25,-63,-38,29,1311,-521,381,907,-3,72,-15,
4871248,3106435,1912700,4544849,3674349,3825034,13,-186,1321,-36,793,790,-114,-22,-65,-41,35,1359,-520,385,907,-12,113,-20,
4871248,3106435,1912700,3920010,3674349,3825034,-34,-177,1288,-35,785,789,-100,-34,-68,-43,20,1327,-520,385,907,-37,160,-30,
4871248,3106435,1912700,3920010,3739027,3825034,10,-181,1325,-35,785,789,-99,-35,-73,-45,14,1339,-509,389,883,-62,272,-40,
4871248,3106435,1912700,3920010,3739027,3786450,-12,-188,1312,-37,790,789,-81,-50,-65,-85,52,1467,-488,387,915,-93,547,-69,
4871248,3106435,1912700,3920010,3739027,3786450,-4,-193,1319,-37,790,789,-69,-59,-68,-171,188,1716,-488,387,915,-115,1103,-153,
4871248,3106435,1912700,3920010,3739027,3786450,17,-193,1317,-39,792,789,-55,-59,-71,-210,704,2559,-455,392,916,-212,1457,-441,
4983504,3106435,1912700,3920010,3739027,3786450,-7,-184,1314,-44,792,781,-45,-69,-59,-218,548,2153,-455,392,916,-326,1570,-676,
4983504,3790449,1912700,3920010,3739027,3786450,12,-201,1270,-44,792,781,-33,-59,-68,-142,400,2052,-425,391,936,-345,1809,-911,
4983504,3790449,3125343,3920010,3739027,3786450,-8,-187,1365,-42,786,789,-24,-46,-68,-140,347,1967,-425,391,936,-443,2002,-1053,
4983504,3790449,3125343,1678067,3739027,3786450,9,-184,1337,-42,786,789,-34,-37,-63,-90,318,1852,-382,400,930,-565,2123,-1163,
4983504,3790449,3125343,1678067,2148665,3786450,11,-207,1277,-43,789,792,-34,-27,-58,-109,355,1619,-348,396,935,-662,2184,-1269,
4983504,3790449,3125343,1678067,2148665,1349092,2,-192,1329,-43,789,792,-43,-22,-60,317,152,1560,-348,396,935,-831,2008,-1274,
4983504,3790449,3125343,1678067,2148665,1349092,8,-183,1334,-42,795,784,-51,-6,-55,819,58,1396,-315,415,961,-1138,1606,-1061,
4983504,3790449,3125343,1678067,2148665,1349092,19,-194,1334,-42,791,789,-48,2,-51,1207,562,1045,-315,415,961,-1445,1122,-645,
5018162,3790449,3125343,1678067,2148665,1349092,-15,-178,1311,-42,791,789,-52,5,-51,1169,1287,964,-297,443,927,-1467,574,-163,
5018162,3885071,3125343,1678067,2148665,1349092,7,-189,1287,-44,788,795,-56,9,-50,1129,1421,831,-297,443,927,-811,113,206,
5018162,3885071,3499043,1678067,2148665,1349092,-4,-180,1344,-44,788,795,-54,17,-45,1059,1111,815,-293,454,915,-45,-147,365,
5018162,3885071,3499043,2408353,2148665,1349092,5,-190,1305,-42,794,789,-47,20,-38,1118,801,888,-293,454,910,357,-280,395,
5018162,3885071,3499043,2408353,892541,1349092,9,-197,1291,-42,795,782,-47,11,-38,1174,616,885,-296,433,910,406,-435,336,
5018162,3885071,3499043,2408353,892541,434454,-5,-192,1327,-42,795,782,-44,15,-40,1183,634,898,-302,412,896,421,-683,330,
5018162,3885071,3499043,2408353,892541,434454,16,-179,1261,-44,784,783,-31,28,-34,1103,579,1256,-302,412,896,555,-958,394,
5018162,3885071,3499043,2408353,892541,434454,-1,-178,1322,-44,784,783,-35,20,-36,840,414,1190,-317,385,864,714,-1183,505,
4984097,3885071,3499043,2408353,892541,434454,9,-188,1351,-41,792,788,-34,22,-40,730,393,1262,-317,385,864,831,-1337,650,
4984097,3942314,3499043,2408353,892541,434454,-16,-171,1284,-41,792,788,-33,22,-37,620,383,1366,-333,360,833,940,-1444,797,
4984097,3942314,3721714,2408353,892541,434454,3,-177,1327,-41,790,790,-30,15,-41,533,351,1452,-333,360,833,1043,-1560,910,
4984097,3942314,3721714,2210493,892541,434454,-17,-194,1304,-42,787,790,-34,10,-42,428,318,1507,-335,342,836,1149,-1668,1253,
4984097,3942314,3721714,2210493,877455,434454,1,-194,1286,-42,787,790,-32,8,-41,300,308,1579,-336,309,817,1206,-1795,1056,
4984097,3942314,3721714,2210493,877455,306969,9,-176,1332,-38,788,783,-32,4,-40,244,291,1627,-336,309,817,1254,-1807,1032,
4984097,3942314,3721714,2210493,877455,306969,3,-177,1324,-38,788,783,-33,10,-38,182,268,1649,-336,288,769,1285,-1826,1011,
4984097,3942314,3721714,2210493,877455,306969,5,-177,1306,-38,796,797,-35,4,-43,115,240,1687,-336,288,769,1306,-1820,978,
4949865,3942314,3721714,2210493,877455,306969,-15,-184,1296,-39,789,793,-40,11,-39,97,222,1672,-338,263,767,1321,-1844,942,
4949865,4028127,3721714,2210493,877455,306969,3,-189,1331,-39,789,793,-43,17,-36,82,160,1727,-338,263,767,1346,-1886,912,
4949865,4028127,4047565,2210493,877455,306969,5,-184,1294,-35,786,789,-41,20,-30,28,131,1719,-348,245,756,1309,-1923,879,
4949865,4028127,4047565,2150151,877455,306969,-25,-179,1367,-35,786,789,-44,37,-23,-28,152,1713,-359,219,749,1270,-1953,829,
4949865,4028127,4047565,2150151,774469,306969,-13,-182,1294,-34,789,787,-34,44,-22,-102,182,1687,-359,219,749,1247,-1961,747,
4949865,4028127,4047565,2150151,774469,270636,2,-184,1309,-34,789,787,-35,58,-18,-145,186,1668,-373,190,749,1260,-1955,637,
4949865,4028127,4047565,2150151,774469,270636,-17,-179,1339,-33,787,788,-34,67,-16,-223,158,1652,-373,190,749,1279,-1935,487,
4949865,4028127,4047565,2150151,774469,270636,-9,-184,1333,-28,782,796,-24,73,-9,-338,106,1627,-392,169,747,1266,-1912,319,
4755340,4028127,4047565,2150151,774469,270636,-16,-184,1338,-28,782,796,6,88,-9,-417,70,1634,-392,169,747,1241,-1910,154,
4755340,4339669,4047565,2150151,774469,270636,-25,-168,1346,-30,782,786,20,104,-9,-504,64,1584,-422,152,731,1202,-1886,-15,
4755340,4339669,4456387,2150151,774469,270636,-24,-189,1311,-30,782,786,23,118,-11,-639,92,1552,-422,152,731,1149,-1830,-167,
4755340,4339669,4456387,2129700,774469,270636,-13,-182,1333,-27,790,791,37,141,-5,-743,67,1496,-451,129,706,1128,-1728,-313,
4755340,4339669,4456387,2129700,357188,270636,-62,-182,1317,-21,781,794,61,180,10,-823,2,1433,-474,101,723,1165,-1613,-438,
4755340,4339669,4456387,2129700,357188,286690,-44,-170,1332,-21,781,794,95,247,39,-905,-128,1390,-474,101,723,1184,-1518,-518,
4755340,4339669,4456387,2129700,357188,286690,-72,-177,1338,-11,772,798,173,457,53,-1033,-394,1313,-494,82,692,1121,-1381,-525,
4755340,4339669,4456387,2129700,357188,286690,-77,-157,1370,-11,772,798,183,607,60,-1271,-449,1239,-494,82,692,967,-1183,-476,
3110754,4339669,4456387,2129700,357188,286690,-73,-148,1396,1,772,806,240,720,58,-1328,-452,1197,-506,71,694,774,-662,-240,
3110754,4670096,4456387,2129700,357188,286690,-91,-149,1380,1,772,806,311,818,46,-1377,-449,1232,-506,71,694,445,-362,-82,
3110754,4670096,4727896,2129700,357188,286690,-147,-214,1683,19,767,794,57,825,73,-1392,-434,1197,-507,62,659,298,-73,72,
3110754,4670096,4727896,2267260,357188,286690,-130,-213,1468,39,767,806,-247,837,105,-1427,-403,1208,-490,61,679,144,252,194,
3110754,4670096,4727896,2267260,173560,286690,-174,-181,1581,39,767,806,-352,877,130,-1411,-356,1192,-490,61,679,-267,832,295,
3110754,4670096,4727896,2267260,173560,238547,-150,-106,1582,58,772,787,-374,942,132,-2020,-747,3297,-443,88,674,-2013,2220,228,
3110754,4670096,4727896,2267260,173560,238547,-159,-165,1654,58,772,787,-289,1015,106,580,116,1436,-443,88,674,-3639,2503,-194,
3110754,4670096,4727896,2267260,173560,238547,-192,-186,1619,82,777,782,-211,1098,104,234,196,1642,-387,151,696,-4566,2693,-408,
1918097,4670096,4727896,2267260,173560,238547,-191,-221,1624,107,772,781,-158,1327,129,-134,78,2074,-387,151,696,-4550,2897,-307,
1918097,4784591,4727896,2267260,173560,238547,-221,-240,1683,107,772,781,27,1454,163,-109,46,2417,-321,220,688,-3775,3081,-124,
1918097,4784591,4808855,2267260,173560,238547,-252,-221,1744,142,764,773,129,1594,202,73,-44,2440,-321,220,683,-3050,3828,73,
1918097,4784591,4808855,4864764,173560,238547,-267,-249,1819,142,764,773,206,1752,222,-30,-77,1703,-237,256,683,-1848,4036,290,
1918097,4784591,4808855,4864764,351403,238547,-269,-339,1862,178,758,777,296,1943,263,-172,-151,1898,-178,275,710,-1338,3206,76,
1918097,4784591,4808855,4864764,351403,1118246,-338,-424,1977,178,758,769,407,2152,327,-218,-82,1722,-178,275,710,-766,2024,-148,
1918097,4784591,4808855,4864764,351403,1118246,-391,-515,2098,222,741,769,512,2412,438,-145,32,1342,-167,277,705,-325,1090,-206,
1918097,4784591,4808855,4864764,351403,1118246,-425,-655,2168,285,705,753,607,2707,596,-150,18,1363,-167,277,705,-180,583,-109,
1673435,4784591,4808855,4864764,351403,1118246,-576,-739,2227,285,705,753,694,3024,789,-120,20,1325,-160,280,693,-66,331,-7,
1673435,4593872,4808855,4864764,351403,1118246,-455,-623,2243,361,681,731,750,3373,997,-101,21,1318,-160,280,693,-19,174,6,
1673435,4593872,2879942,4864764,351403,1118246,-414,-401,2431,361,681,731,874,3684,1467,-98,9,1294,-159,292,692,-1,82,-4,
1673435,4593872,2879942,4937520,351403,1118246,-520,-390,2366,445,640,709,1433,3970,1346,-89,28,1273,-156,280,684,4,40,-9,
1673435,4593872,2879942,4937520,195125,1118246,-655,-455,2561,534,578,672,1616,3966,1392,-118,24,1280,-156,280,684,18,21,5,
1673435,4593872,2879942,4937520,195125,2262965,-644,-271,2501,534,578,672,1900,3977,1418,-123,18,1083,-153,281,701,12,13,11,
1673435,4593872,2879942,4937520,195125,2262965,-603,-712,2528,612,514,635,2059,3986,1434,-44,43,1195,-153,281,701,4,10,13,
1673435,4593872,2879942,4937520,195125,2262965,-452,-491,2723,612,514,635,2004,3842,1459,-97,28,1269,-157,283,697,4,15,11,
1031274,4593872,2879942,4937520,195125,2262965,-90,-480,2348,671,452,590,2109,3606,1455,-62,31,1227,-157,283,697,16,15,13,
1031274,2888358,2879942,4937520,195125,2262965,255,-740,1962,671,379,545,2242,3326,1405,-118,24,1328,-156,288,704,11,21,14,
1031274,2888358,891306,4937520,195125,2262965,532,-1023,1465,725,379,545,2218,3184,1401,-107,25,1277,-156,284,697,13,36,13,
1031274,2888358,891306,4904092,195125,2262965,1244,-1058,392,772,311,487,2065,3174,1453,-130,4,1385,-155,284,697,12,34,16,
1031274,2888358,891306,4904092,165103,2262965,1497,-1257,832,772,311,487,1529,2689,1340,-146,-7,1377,-154,279,698,8,22,16,
1031274,2888358,891306,4904092,165103,3356193,1457,-285,527,783,283,452,524,392,680,-95,37,1313,-154,279,698,5,29,9,
1031274,2888358,891306,4904092,165103,3356193,1142,10,545,783,283,452,44,-399,153,-72,26,1262,-155,280,688,2,30,5,
1031274,2888358,891306,4904092,165103,3356193,778,-152,578,773,274,441,266,-744,-255,-108,17,1313,-155,280,688,-4,31,-7,
2193870,2888358,891306,4904092,165103,3356193,696,-537,395,753,260,446,174,-899,-472,-106,18,1337,-154,284,699,-6,26,-6,
2193870,2194476,891306,4904092,165103,3356193,651,-728,350,753,260,446,-203,-1057,-519,-84,20,1284,-154,284,699,5,24,-7,
2193870,2194476,502202,4904092,165103,3356193,787,-487,429,731,262,437,-599,-1262,-486,-94,20,1300,-152,286,688,0,22,-14,
2193870,2194476,502202,4685943,165103,3356193,835,-344,522,731,262,437,-829,-1581,-453,-82,30,1287,-157,282,698,-8,17,-15,
2193870,2194476,502202,4685943,358842,3356193,859,-347,665,702,281,447,-888,-1999,-426,-94,20,1321,-157,282,698,2,21,-14,
2193870,2194476,502202,4685943,358842,4174136,775,-425,759,666,281,477,-927,-2442,-378,-70,8,1309,-151,281,691,0,28,-19,
2193870,2194476,502202,4685943,358842,4174136,603,-450,896,666,281,477,-1005,-2785,-311,-71,15,1303,-151,281,691,-10,8,-21,
2193870,2194476,502202,4685943,358842,4174136,452,-439,1231,634,284,497,-1126,-2976,-215,-87,2,1336,-152,288,689,-7,10,-27,
1906393,2194476,502202,4685943,358842,4174136,312,-344,1215,634,284,497,-1497,-3029,-19,-72,16,1304,-152,288,689,-6,9,-31,
1906393,2005118,502202,4685943,358842,4174136,319,-326,1292,592,299,509,-1384,-3055,37,-88,-10,1366,-157,289,688,-6,7,-30,
1906393,2005118,358548,4685943,358842,4174136,377,-318,1349,592,299,509,-1452,-3163,51,-73,12,1299,-152,282,691,-4,9,-32,
1906393,2005118,358548,4500030,358842,4174136,336,-359,1494,555,312,516,-1537,-3330,54,-78,16,1320,-152,282,691,-7,18,-29,
1906393,2005118,358548,4500030,1596286,4174136,217,-406,1651,515,314,529,-1668,-3476,81,-61,19,1308,-154,280,703,-1,14,-30,
1906393,2005118,358548,4500030,1596286,4526645,65,-400,1841,515,314,529,-1842,-3556,135,-63,19,1309,-154,280,703,-3,11,-31,
1906393,2005118,358548,4500030,1596286,4526645,-276,-176,2128,471,329,535,-1966,-3557,177,-61,3,1321,-153,284,702,-10,8,-37,
1906393,2005118,358548,4500030,1596286,4526645,-465,-69,2213,471,329,535,-1995,-3474,164,-54,11,1319,-153,284,702,-14,7,-35,
1456311,2005118,358548,4500030,1596286,4526645,-576,-3,2282,435,356,544,-1955,-3311,66,-69,11,1323,-156,288,688,-9,15,-44,
1456311,1848337,358548,4500030,1596286,4526645,-614,-79,2388,412,366,531,-1869,-3076,-98,-61,25,1306,-156,288,688,-13,23,-50,
1456311,1848337,284931,4500030,1596286,4526645,-580,-206,2367,412,366,531,-1838,-2832,-290,-70,9,1318,-154,283,693,-18,23,-56,
1456311,1848337,284931,4152253,1596286,4526645,-583,-256,2508,393,383,539,-2102,-2539,-647,-80,4,1328,-154,283,697,-18,31,-59,
1456311,1848337,284931,4152253,2413674,4526645,-641,66,2503,393,383,539,-2115,-2450,-800,-50,17,1309,-154,283,697,-18,36,-63,
1456311,1848337,284931,4152253,2413674,4737782,-620,107,2556,368,405,567,-1956,-2393,-932,-49,16,1303,-156,281,701,-16,61,-64,
1456311,1848337,284931,4152253,2413674,4737782,-612,19,2494,368,405,567,-1798,-2429,-1018,-86,10,1328,-156,281,701,-11,88,-69,
1456311,1848337,284931,4152253,2413674,4737782,-607,-84,2488,329,447,585,-1770,-2543,-1026,-66,25,1300,-147,285,689,-6,115,-75,
1369978,1848337,284931,4152253,2413674,4737782,-647,-96,2552,273,472,609,-1871,-2701,-953,-82,3,1320,-147,285,689,-14,138,-78,
1369978,1782806,284931,4152253,2413674,4737782,-602,214,2456,273,472,609,-1992,-2908,-883,-85,7,1331,-151,292,677,-13,170,-73,
1369978,1782806,293350,4152253,2413674,4737782,-808,244,2452,205,513,609,-1983,-3113,-848,-67,24,1312,-145,285,694,-29,211,-64,
1369978,1782806,293350,3579820,2413674,4737782,-966,210,2394,205,513,609,-1854,-3206,-859,-92,13,1321,-145,285,694,-59,291,-60,
1369978,1782806,293350,3579820,3490461,4737782,-1104,127,2275,133,545,600,-1723,-3194,-876,-111,9,1324,-138,287,697,-70,327,-56,
1369978,1782806,293350,3579820,3490461,4883089,-1250,76,2135,65,558,596,-1655,-2825,-882,-132,20,1314,-138,287,697,-34,384,-60,
1369978,1782806,293350,3579820,3490461,4883089,-1317,95,2081,65,558,596,-1797,-2730,-837,-142,25,1337,-133,291,698,-13,414,-61,
1369978,1782806,293350,3579820,3490461,4883089,-1431,563,1812,4,577,584,-1824,-2585,-749,-152,5,1342,-133,291,698,7,436,-72,
1438886,1782806,293350,3579820,3490461,4883089,-1982,746,1805,4,577,584,-1661,-2395,-663,-177,14,1387,-129,289,701,46,450,-73,
1438886,1664247,293350,3579820,3490461,4883089,-2361,840,1683,-50,593,564,-1421,-2098,-572,-163,40,1360,-129,296,710,46,475,-87,
1438886,1664247,305817,3579820,3490461,4883089,-2674,944,1536,-50,593,564,-1186,-1691,-475,-183,47,1379,-116,296,710,40,523,-101,
1438886,1664247,305817,2285776,3490461,4883089,-2899,1131,1502,-81,599,546,-972,-1183,-363,-189,38,1406,-107,288,688,45,603,-105,
1438886,1664247,305817,2285776,4027013,4883089,-2908,1319,1485,-89,602,540,-695,-614,-282,-213,86,1428,-107,288,688,53,676,-118,
1438886,1664247,305817,2285776,4027013,4998177,-2610,1189,1375,-89,602,540,-305,-103,-258,-208,81,1416,-92,285,710,84,740,-138,
1438886,1664247,305817,2285776,4027013,4998177,-1930,964,1336,-91,591,546,84,273,-261,-231,60,1485,-92,285,710,84,816,-160,
1438886,1664247,305817,2285776,4027013,4998177,-2797,1032,4314,-91,591,546,307,532,-320,-248,21,1642,-81,291,713,97,897,-175,
4685654,1664247,305817,2285776,4027013,4998177,475,235,255,-77,579,552,2189,2698,-94,-247,-79,1845,-81,291,713,47,1002,-175,
4685654,1331639,305817,2285776,4027013,4998177,531,12,836,-28,524,596,3686,2947,304,-277,15,1774,-58,294,705,-56,1139,-152,
4685654,1331639,238546,2285776,4027013,4998177,539,-20,1472,-28,524,596,4608,3312,551,-286,-3,1886,-29,292,726,-70,1358,-135,
4685654,1331639,238546,1465110,4027013,4998177,-50,-446,3171,36,465,640,3183,4070,427,-325,69,1982,-29,292,726,-94,1637,-122,
4685654,1331639,238546,1465110,3877584,4998177,-29,-68,2511,36,465,640,1642,5205,210,-311,54,2201,0,302,715,-119,1965,-133,
4685654,1331639,238546,1465110,3877584,5002007,-38,-101,2024,115,446,636,1428,4757,192,-401,157,2468,0,302,715,-140,2325,-156,
4685654,1331639,238546,1465110,3877584,5002007,-97,-54,1743,115,446,636,1099,3130,234,-418,197,2615,53,318,741,-179,2746,-188,
4685654,1331639,238546,1465110,3877584,5002007,-157,-152,1638,160,433,635,635,1934,232,-525,448,2805,53,318,741,-246,3244,-258,
5144434,1331639,238546,1465110,3877584,5002007,-126,-186,1465,181,423,641,398,1075,53,-552,531,2834,118,341,744,-344,3781,-562,
5144434,1266734,238546,1465110,3877584,5002007,-22,-129,1365,181,423,641,208,618,-103,-609,681,2924,199,357,727,-406,4809,-742,
5144434,1266734,1253295,1465110,3877584,5002007,-32,-152,1310,182,424,636,84,401,-119,-628,361,3355,199,357,727,-420,5091,-903,
5144434,1266734,1253295,550394,3877584,5002007,-44,-144,1331,182,424,636,11,198,-96,-482,-304,3563,293,385,722,-958,5084,-909,
5144434,1266734,1253295,550394,2464805,5002007,-78,-151,1296,183,427,637,8,120,-95,-352,424,2945,293,385,722,-1635,5064,-926,
5144434,1266734,1253295,550394,2464805,2867768,-83,-138,1338,189,419,643,2,51,-79,-459,1444,2938,377,440,664,-1728,4909,-957,
5144434,1266734,1253295,550394,2464805,2867768,-61,-148,1334,189,419,643,-18,17,-72,-63,1280,2779,377,440,664,-1114,4757,-1200,
5144434,1266734,1253295,550394,2464805,2867768,-44,-150,1334,188,421,644,-25,16,-57,725,1139,703,446,483,621,-645,4556,-1469,
5141581,1266734,1253295,550394,2464805,2867768,-53,-141,1323,188,421,644,-22,28,-49,2810,1109,-264,446,483,621,-501,3382,-1768,
5141581,1362912,1253295,550394,2464805,2867768,-22,-137,1345,185,426,640,-21,30,-51,835,300,549,479,514,598,-570,2114,-1939,
5141581,1362912,2331720,550394,2464805,2867768,-40,-152,1326,185,426,655,-22,42,-47,1130,412,1338,476,541,599,-866,911,-1515,
5141581,1362912,2331720,704040,2464805,2867768,-47,-154,1312,189,427,655,-29,52,-46,1738,169,350,476,541,599,-1117,-291,-923,
5141581,1362912,2331720,704040,406624,2867768,-55,-151,1317,193,421,644,-30,48,-49,464,813,605,463,576,582,-1443,-798,-625,
5141581,1362912,2331720,704040,406624,1051789,-34,-147,1334,193,421,644,-46,55,-50,499,1028,391,463,576,582,-1419,-785,-556,
5141581,1362912,2331720,704040,406624,1051789,-60,-141,1344,185,423,645,-60,48,-43,586,940,420,453,601,582,-957,-799,-567,
5141581,1362912,2331720,704040,406624,1051789,-56,-160,1316,185,423,645,-54,37,-48,772,549,381,453,601,582,-377,-957,-506,
5102016,1362912,2331720,704040,406624,1051789,-44,-153,1308,190,426,645,-50,25,-47,793,271,434,434,618,592,-50,-1276,-290,
5102016,1430613,2331720,704040,406624,1051789,-48,-147,1329,188,422,640,-40,18,-45,734,277,517,417,605,591,-49,-1684,56,
5102016,1430613,2851869,704040,406624,1051789,-53,-144,1305,188,422,640,-32,0,-45,678,446,522,417,605,591,-51,-2082,372,
5102016,1430613,2851869,689921,406624,1051789,-49,-147,1299,189,420,644,-30,2,-39,563,576,578,394,592,611,134,-2438,610,
5102016,1430613,2851869,689921,164874,1051789,-52,-136,1327,189,420,644,-38,-12,-33,353,494,779,394,592,611,437,-2732,840,
5102016,1430613,2851869,689921,164874,726804,-46,-137,1325,189,427,644,-40,-16,-37,256,433,922,367,576,663,960,-3076,879,
5102016,1430613,2851869,689921,164874,726804,-43,-151,1314,189,421,638,-39,-22,-39,190,447,1009,367,576,663,977,-3173,887,
5102016,1430613,2851869,689921,164874,726804,-34,-159,1303,187,421,638,-33,-15,-40,146,481,1088,334,546,706,1103,-3255,845,
5089556,1430613,2851869,689921,164874,726804,-31,-149,1326,188,421,640,-14,-10,-31,96,518,1224,334,511,755,1292,-3343,751,
5089556,1421945,2851869,689921,164874,726804,-27,-161,1298,188,421,640,12,-15,-18,65,471,1342,295,511,755,1486,-3474,641,
5089556,1421945,2535905,689921,164874,726804,-38,-147,1326,189,416,637,29,-20,-12,29,382,1540,243,462,791,1635,-3614,539,
5089556,1421945,2535905,571964,164874,726804,-49,-144,1351,189,416,637,50,-35,-10,1,291,1736,243,462,791,1702,-3749,441,
5089556,1421945,2535905,571964,164774,726804,-37,-138,1311,188,415,635,64,-38,-20,-155,253,1898,171,408,855,1733,-3840,364,
5089556,1421945,2535905,571964,164774,664576,-23,-135,1310,188,413,645,55,-34,-27,-231,248,2002,171,408,855,1750,-3850,300,
5089556,1421945,2535905,571964,164774,664576,-35,-129,1342,188,413,645,34,-20,-33,-271,244,2101,84,346,874,1774,-3798,262,
5089556,1421945,2535905,571964,164774,664576,-33,-141,1325,189,416,651,14,-4,-43,-293,299,2144,84,346,874,1773,-3720,249,
5091130,1421945,2535905,571964,164774,664576,-49,-134,1328,189,416,651,-10,14,-49,-293,432,2218,-6,298,876,1803,-3657,238,
5091130,2739855,2535905,571964,164774,664576,-28,-128,1324,188,421,650,-30,16,-55,-328,450,2321,-100,232,909,1925,-3609,232,
5091130,2739855,3142632,571964,164774,664576,-24,-147,1323,188,418,652,-47,23,-55,-337,424,2438,-100,232,909,2051,-3565,217,
5091130,2739855,3142632,544065,164774,664576,-41,-137,1310,189,418,652,-53,36,-48,-336,432,2667,-189,188,915,2158,-3552,196,
5091130,2739855,3142632,544065,164663,664576,-71,-139,1310,192,413,646,-54,45,-48,-434,180,2732,-189,188,915,2302,-3616,207,
5091130,2739855,3142632,544065,164663,588597,-60,-129,1325,192,413,646,-58,56,-42,-603,45,2818,-282,146,895,2369,-3705,250,
5091130,2739855,3142632,544065,164663,588597,-43,-125,1309,191,416,654,-53,66,-47,-780,31,2829,-282,146,895,2317,-3697,328,
5091130,2739855,3142632,544065,164663,588597,-43,-125,1321,191,416,654,-56,61,-36,-906,72,2723,-358,112,889,2199,-3569,397,
4993226,2739855,3142632,544065,164663,588597,-40,-143,1321,190,422,660,-58,73,-39,-1019,71,2628,-429,73,869,2120,-3383,450,
4993226,3797399,3142632,544065,164663,588597,-46,-138,1318,197,414,639,-60,84,-45,-1097,-57,2555,-429,73,869,2134,-2895,416,
4993226,3797399,3910254,544065,164663,588597,-43,-147,1307,197,414,639,-59,87,-42,-1159,-281,2415,-505,18,863,2112,-2648,324,
4993226,3797399,3910254,548225,164663,588597,-44,-146,1306,198,413,647,-53,88,-45,-1257,-756,2196,-505,18,863,1927,-2420,250,
4993226,3797399,3910254,548225,164742,588597,-86,-134,1342,198,413,647,-45,90,-41,-1710,-799,2059,-578,-23,852,1621,-2177,191,
4993226,3797399,3910254,548225,164742,649599,-54,-138,1337,198,424,636,-37,109,-24,-2044,-755,1888,-578,-23,852,1315,-1870,89,
4993226,3797399,3910254,548225,164742,649599,-64,-135,1302,201,414,645,5,127,-10,-2311,-786,1802,-638,-49,824,1062,-1443,-92,
4993226,3797399,3910254,548225,164742,649599,-63,-125,1332,201,414,645,18,149,-8,-2407,-887,1617,-638,-49,824,832,-964,-288,
4660591,3797399,3910254,548225,164742,649599,-88,-119,1341,204,410,635,18,179,0,-2375,-1013,1554,-672,-74,784,544,-511,-437,
4660591,4490113,3910254,548225,164742,649599,-106,-118,1311,204,410,635,18,222,6,-2265,-1053,1527,-677,-88,784,175,-71,-504,
4660591,4490113,4442067,548225,164742,649599,-111,-122,1377,206,418,645,28,263,9,-2017,-914,1427,-677,-88,784,-187,315,-499,
4660591,4490113,4442067,658713,164742,649599,-99,-113,1343,206,418,645,-20,316,4,-1563,-425,1450,-663,-88,792,-446,669,-431,
4660591,4490113,4442067,658713,165084,649599,-97,-137,1416,213,426,634,-125,400,11,-1451,-193,1400,-663,-88,792,-618,1042,-346,
4660591,4490113,4442067,658713,165084,630957,-163,-294,1727,226,408,633,-206,531,63,-1033,33,1543,-628,-81,806,-692,1421,-259,
4660591,4490113,4442067,658713,165084,630957,-194,-391,2108,226,408,633,-353,862,154,1397,-480,3137,-628,-81,806,-1523,2137,-33,
4660591,4490113,4442067,658713,165084,630957,-186,-135,2185,245,420,620,-469,1157,235,1205,-14,646,-569,-22,812,-3710,2648,364,
3053693,4490113,4442067,658713,165084,630957,-160,-190,2171,245,420,620,-107,1847,232,385,-1,1341,-483,92,837,-5543,2826,128,
3053693,4709249,4442067,658713,165084,630957,-210,-310,2362,276,427,606,-40,2250,272,-347,121,2297,-483,92,837,-6206,3279,167,
3053693,4709249,4576230,658713,165084,630957,-177,-369,2539,330,420,597,50,2728,354,-193,-42,2834,-377,171,870,-4630,3811,697,
3053693,4709249,4576230,4827430,165084,630957,-171,-428,2654,330,420,597,179,3254,457,-149,-418,2174,-377,171,870,-3147,4996,1087,
3053693,4709249,4576230,4827430,166009,630957,-200,-555,3153,392,415,581,280,3830,584,-185,-233,1623,-271,204,896,-1815,4760,834,
3053693,4709249,4576230,4827430,166009,1760627,-264,-866,3377,392,415,581,409,4509,768,-275,-121,1670,-271,204,896,-1231,1937,-186,
3053693,4709249,4576230,4827430,166009,1760627,-241,-1134,3650,479,404,542,609,5266,1021,-192,6,1442,-226,223,909,-184,971,-147,
3053693,4709249,4576230,4827430,166009,1760627,-79,-814,3981,479,404,542,824,6041,1341,-161,12,1380,-226,223,899,-94,421,-61,
1972986,4709249,4576230,4827430,166009,1760627,-61,-661,4105,584,381,487,1229,6546,1537,-98,4,1280,-216,226,899,-67,200,-33,
1972986,4015016,4576230,4827430,166009,1760627,-190,-399,3986,683,336,416,1840,6650,1605,-120,6,1308,-211,221,892,-33,89,-49,
1972986,4015016,2062514,4827430,166009,1760627,-63,-1176,3511,683,336,416,2628,6474,1461,-137,-4,1318,-211,221,892,-16,37,-49,
1972986,4015016,2062514,4902643,166009,1760627,684,-1809,3412,757,297,348,2653,4978,1343,-111,1,1307,-213,221,885,-13,14,-29,
1972986,4015016,2062514,4902643,165453,1760627,3389,-2592,-1209,757,297,348,1929,4240,1538,-57,27,1207,-213,221,885,-25,33,-30,
1972986,4015016,2062514,4902643,165453,2937493,2782,-2664,-1104,803,268,301,1041,2299,2178,-91,14,1296,-214,221,891,-23,42,-31,
1972986,4015016,2062514,4902643,165453,2937493,1866,-1753,1371,832,213,304,242,849,2646,-109,17,1325,-214,221,891,-22,51,-28,
1972986,4015016,2062514,4902643,165453,2937493,2263,-12,554,832,213,304,7,-202,2247,-98,-1,1327,-212,231,898,-19,55,-29,
2670211,4015016,2062514,4902643,165453,2937493,1565,-755,400,840,175,311,773,-626,1415,-80,10,1279,-212,223,914,-26,51,-39,
2670211,1878445,2062514,4902643,165453,2937493,1561,-1364,2,840,175,311,870,-803,626,-96,-2,1313,-212,223,914,-26,54,-40,
2670211,1878445,597262,4902643,165453,2937493,1537,-1198,120,829,174,335,76,-1040,52,-112,5,1324,-211,222,894,-29,43,-38,
2670211,1878445,597262,4534430,165453,2937493,1671,-717,162,829,174,335,-906,-1311,-428,-105,-2,1326,-211,222,894,-28,36,-34,
2670211,1878445,597262,4534430,2869617,2937493,1681,-463,222,818,202,361,-1478,-1646,-905,-71,3,1288,-212,226,901,-17,23,-33,
2670211,1878445,597262,4534430,2869617,4193237,1670,-545,332,791,241,401,-1648,-2600,-1490,-94,7,1285,-212,226,901,-26,22,-38,
2670211,1878445,597262,4534430,2869617,4193237,1504,-722,559,791,241,401,-1978,-3051,-1471,-83,-9,1271,-213,226,893,-11,17,-34,
2670211,1878445,597262,4534430,2869617,4193237,1242,-546,831,749,288,454,-2193,-3478,-1293,-99,-3,1307,-211,226,915,-7,6,-34,
2382149,1878445,597262,4534430,2869617,4193237,1114,-384,1001,749,288,454,-2271,-3883,-1065,-110,-20,1361,-211,226,915,-3,-10,-32,
2382149,1487625,597262,4534430,2869617,4193237,915,-243,1171,694,331,502,-2237,-4281,-812,-100,-10,1330,-209,225,885,-2,-13,-39,
2382149,1487625,430543,4534430,2869617,4193237,685,-88,1492,627,360,570,-2117,-4599,-542,-86,-2,1308,-209,225,885,2,0,-37,
2382149,1487625,430543,4473198,2869617,4193237,388,24,1725,627,360,570,-1971,-4770,-292,-76,0,1319,-213,223,912,-10,17,-33,
2382149,1487625,430543,4473198,3938515,4193237,132,267,2040,555,391,614,-1879,-4791,-116,-91,0,1302,-213,223,912,-24,22,-38,
2382149,1487625,430543,4473198,3938515,4232675,-73,312,2092,555,391,614,-1804,-4747,-89,-99,-6,1357,-214,229,889,-29,27,-47,
2382149,1487625,430543,4473198,3938515,4232675,-188,180,2200,468,430,645,-1708,-4744,-185,-93,-7,1318,-214,229,889,-43,38,-50,
2382149,1487625,430543,4473198,3938515,4232675,-382,62,2406,468,430,671,-1639,-4743,-276,-89,0,1321,-210,223,913,-44,40,-52,
2063194,1487625,430543,4473198,3938515,4232675,-593,93,2524,390,468,671,-1649,-4618,-274,-80,-1,1295,-209,228,900,-44,40,-52,
2063194,1074427,430543,4473198,3938515,4232675,-909,203,2725,320,506,679,-1628,-4510,-387,-90,-6,1323,-209,228,900,-43,46,-51,
2063194,1074427,269574,4473198,3938515,4232675,-1308,183,2777,320,506,679,-1591,-4349,-674,-105,7,1309,-208,224,898,-40,55,-46,
2063194,1074427,269574,3875052,3938515,4232675,-1517,169,2786,246,543,685,-1631,-4136,-1112,-109,-7,1326,-208,224,898,-40,80,-53,
2063194,1074427,269574,3875052,4480985,4232675,-1721,202,2779,246,543,685,-1716,-3883,-1652,-88,11,1332,-207,234,895,-42,109,-52,
2063194,1074427,269574,3875052,4480985,4385545,-1997,144,2777,167,594,687,-1759,-3597,-2257,-112,22,1289,-207,234,895,-61,135,-56,
2063194,1074427,269574,3875052,4480985,4385545,-2303,-1,2685,64,633,684,-1760,-3255,-2775,-110,13,1290,-198,238,892,-84,159,-69,
2063194,1074427,269574,3875052,4480985,4385545,-2557,-138,2535,64,633,684,-1746,-2837,-3054,-115,36,1346,-194,235,888,-123,200,-93,
2000469,1074427,269574,3875052,4480985,4385545,-3098,-305,2172,-24,669,672,-1731,-2373,-3078,-134,55,1361,-194,235,888,-173,236,-122,
2000469,1239845,269574,3875052,4480985,4385545,-3293,-281,1968,-24,669,672,-1701,-1829,-2928,-150,57,1529,-189,240,888,-245,297,-154,
2000469,1239845,223021,3875052,4480985,4385545,-3489,-187,1810,-100,698,654,-1663,-728,-2449,-220,130,1555,-189,240,888,-414,485,-159,
2000469,1239845,223021,2430028,4480985,4385545,-5603,878,4176,-100,698,639,-441,1179,-2091,-214,197,1535,-171,249,891,-589,633,-184,
2000469,1239845,223021,2430028,4800325,4385545,-4871,1208,960,-121,703,639,1238,2698,-1566,-262,162,1698,-171,249,891,-653,768,-261,
2000469,1239845,223021,2430028,4800325,4456276,-5514,601,2380,-83,665,688,2436,3738,-989,-270,45,1893,-157,277,886,-678,864,-450,
2000469,1239845,223021,2430028,4800325,4456276,-240,39,3311,-83,665,688,1890,4275,-926,-208,-65,1678,-157,277,881,-458,1109,-462,
2000469,1239845,223021,2430028,4800325,4456276,544,-128,2877,-33,649,714,877,3777,-891,-218,-113,1577,-137,291,881,-437,1229,-430,
4859176,1239845,223021,2430028,4800325,4456276,435,251,2022,-33,649,714,460,2713,-798,-203,-200,1503,-110,302,890,-441,1306,-369,
4859176,1161293,223021,2430028,4800325,4456276,166,160,1456,-4,650,723,286,1411,-289,-234,-192,1473,-110,302,890,-465,1377,-309,
4859176,1161293,351732,2430028,4800325,4456276,209,-185,1037,29,634,725,395,1247,318,-288,-101,1387,-80,315,892,-482,1440,-265,
4859176,1161293,351732,1318375,4800325,4456276,188,-316,1258,29,634,725,613,1865,476,-281,-118,1404,-80,315,892,-512,1480,-253,
4859176,1161293,351732,1318375,4859414,4456276,-79,-187,1581,66,626,739,578,2080,303,-308,-133,1396,-47,332,888,-554,1507,-238,
4859176,1161293,351732,1318375,4859414,3431465,-55,-207,1380,66,626,739,53,735,72,-342,-122,1416,-47,332,888,-590,1536,-232,
4859176,1161293,351732,1318375,4859414,3431465,-70,-202,1319,80,636,742,87,450,103,-330,-204,1417,-16,360,876,-629,1574,-227,
4859176,1161293,351732,1318375,4859414,3431465,-91,-190,1345,80,626,732,108,265,131,-357,-150,1417,19,372,872,-710,1599,-203,
4940057,1161293,351732,1318375,4859414,3431465,-64,-178,1314,90,626,732,113,162,141,-412,-100,1464,19,372,872,-765,1649,-205,
4940057,2872796,351732,1318375,4859414,3431465,-6,-173,1305,98,617,740,53,73,121,-435,-118,1158,52,395,853,-847,1686,-220,
4940057,2872796,1978347,1318375,4859414,3431465,-60,-167,1325,98,617,740,23,43,118,-465,-100,1277,52,395,853,-951,1680,-255,
4940057,2872796,1978347,565494,4859414,3431465,-23,-187,1339,99,622,741,23,37,79,-479,-123,1119,86,428,851,-1045,1653,-307,
4940057,2872796,1978347,565494,4872320,3431465,-34,-162,1334,99,622,741,22,51,67,-505,-103,1102,86,428,851,-1154,1596,-337,
4940057,2872796,1978347,565494,4872320,2560275,-46,-166,1296,98,620,746,5,64,49,-487,-182,940,115,459,820,-1222,1523,-384,
4940057,2872796,1978347,565494,4872320,2560275,-64,-153,1340,101,614,742,-11,50,28,-566,-111,920,115,493,811,-1281,1414,-412,
4940057,2872796,1978347,565494,4872320,2560275,-75,-174,1326,101,614,742,-22,17,1,-600,-176,897,139,493,811,-1294,1281,-446,
4937474,2872796,1978347,565494,4872320,2560275,-43,-173,1320,103,617,744,-27,-46,-10,-601,-231,956,154,517,778,-1269,1157,-477,
4937474,4362690,1978347,565494,4872320,2560275,-35,-169,1315,103,617,744,-33,-71,-16,-533,-402,886,154,517,778,-1229,1072,-457,
4937474,4362690,2609606,565494,4872320,2560275,-17,-163,1364,101,621,743,-16,-82,-17,-610,-406,975,169,547,780,-1220,904,-432,
4937474,4362690,2609606,474519,4872320,2560275,-21,-163,1309,98,615,740,-2,-89,-23,-623,-397,910,169,547,780,-1188,849,-408,
4937474,4362690,2609606,474519,5003662,2560275,-13,-174,1309,98,615,740,-1,-89,-27,-636,-413,930,176,579,741,-1148,797,-393,
4937474,4362690,2609606,474519,5003662,2251714,-7,-153,1331,99,613,737,-29,-72,-24,-676,-384,982,176,579,741,-1147,744,-394,
4937474,4362690,2609606,474519,5003662,2251714,3,-176,1323,99,613,737,-36,-59,-13,-726,-330,1007,185,606,716,-1113,710,-414,
4937474,4362690,2609606,474519,5003662,2251714,8,-165,1345,100,617,747,-35,-45,-2,-685,-446,1032,194,620,714,-1057,706,-436,
5005086,4362690,2609606,474519,5003662,2251714,5,-173,1329,100,617,747,-53,-39,11,-652,-516,986,194,620,714,-1036,693,-423,
5005086,3785232,2609606,474519,5003662,2251714,-18,-172,1310,96,626,743,-76,-25,26,-673,-534,938,202,637,687,-985,694,-395,
5005086,3785232,3296020,474519,5003662,2251714,-12,-166,1302,99,610,746,-76,-19,51,-677,-538,862,202,637,687,-947,679,-374,
5005086,3785232,3296020,412897,5003662,2251714,-3,-166,1338,99,610,746,-101,-9,43,-678,-576,862,208,661,677,-884,657,-339,
5005086,3785232,3296020,412897,5054563,2251714,-17,-181,1326,106,614,741,-93,0,32,-676,-597,774,208,661,677,-833,630,-318,
5005086,3785232,3296020,412897,5054563,2199971,-37,-159,1316,106,614,741,-91,-3,23,-678,-574,717,204,680,671,-799,574,-289,
5005086,3785232,3296020,412897,5054563,2199971,-5,-164,1298,104,623,739,-91,7,5,-712,-526,653,211,690,654,-752,497,-287,
5005086,3785232,3296020,412897,5054563,2199971,-24,-168,1321,107,615,743,-100,9,1,-734,-461,618,211,690,654,-683,414,-298,
4993073,3785232,3296020,412897,5054563,2199971,-26,-176,1344,107,615,743,-98,17,-13,-751,-503,659,211,699,624,-608,337,-328,
4993073,2167379,3296020,412897,5054563,2199971,-35,-183,1329,106,615,740,-96,21,-27,-734,-809,780,211,699,624,-513,281,-348,
4993073,2167379,3776524,412897,5054563,2199971,-4,-177,1334,106,615,740,-98,20,-28,-637,-865,813,212,707,630,-408,242,-302,
4993073,2167379,3776524,343892,5054563,2199971,-30,-172,1330,107,620,738,-90,20,-32,-627,-909,912,212,707,630,-314,236,-196,
4993073,2167379,3776524,343892,5097100,2199971,-36,-169,1332,107,620,738,-82,20,-28,-670,-850,890,208,712,625,-196,262,-67,
4993073,2167379,3776524,343892,5097100,2211164,-18,-164,1308,106,627,735,-70,15,-24,-724,-731,891,208,712,625,-107,295,128,
4993073,2167379,3776524,343892,5097100,2211164,-15,-184,1318,107,617,742,-62,12,-26,-778,-603,886,220,714,636,28,345,132,
4993073,2167379,3776524,343892,5097100,2211164,-7,-180,1300,107,617,742,-64,8,-33,-835,-416,779,227,709,627,53,316,55,
4949493,2167379,3776524,343892,5097100,2211164,-9,-173,1308,107,614,736,-70,2,-44,-840,-360,702,227,709,627,71,246,-63,
4949493,1549822,3776524,343892,5097100,2211164,-21,-174,1286,107,614,736,-72,9,-47,-822,-476,645,229,707,623,94,159,-150,
4949493,1549822,3979662,343892,5097100,2211164,-43,-167,1318,104,627,734,-62,5,-44,-752,-597,606,229,707,623,177,90,-197,
4949493,1549822,3979662,258154,5097100,2211164,0,-181,1345,107,618,734,-74,6,-46,-699,-717,620,226,711,623,308,44,-174,
4949493,1549822,3979662,258154,5095300,2211164,-33,-172,1314,107,618,734,-75,11,-58,-677,-772,650,226,711,623,425,-25,-113,
4949493,1549822,3979662,258154,5095300,2243265,-20,-175,1289,110,615,734,-74,-1,-54,-685,-760,680,217,701,634,542,-79,-25,
4949493,1549822,3979662,258154,5095300,2243265,-37,-182,1325,110,615,734,-70,-4,-57,-673,-774,741,224,690,649,612,-126,55,
4949493,1549822,3979662,258154,5095300,2243265,-20,-167,1325,106,617,738,-59,2,-49,-722,-681,824,224,690,649,629,-172,105,
4902272,1549822,3979662,258154,5095300,2243265,-11,-187,1307,106,617,738,-62,10,-45,-735,-635,876,217,676,670,647,-196,133,
4902272,2124432,3979662,258154,5095300,2243265,-34,-166,1337,108,622,745,-62,15,-41,-751,-606,1007,217,676,670,636,-214,148,
4902272,2124432,4048205,258154,5095300,2243265,-25,-179,1321,106,621,737,-54,20,-39,-772,-590,1024,216,664,666,618,-201,152,
4902272,2124432,4048205,223608,5095300,2243265,-23,-162,1335,106,621,737,-44,21,-40,-776,-545,1003,216,664,666,571,-185,148,
4902272,2124432,4048205,223608,5049513,2243265,-28,-177,1325,109,620,727,-43,17,-41,-778,-512,957,212,664,673,537,-171,136,
4902272,2124432,4048205,223608,5049513,1936228,-47,-185,1315,109,620,727,-54,2,-43,-767,-563,992,212,664,692,525,-159,124,
4902272,2124432,4048205,223608,5049513,1936228,-26,-184,1294,107,625,739,-45,-3,-41,-728,-553,920,218,648,692,510,-146,123,
4902272,2124432,4048205,223608,5049513,1936228,-6,-181,1329,106,620,736,-37,5,-45,-733,-600,931,218,634,689,511,-144,137,
4855167,2124432,4048205,223608,5049513,1936228,-42,-176,1326,106,620,736,-37,14,-35,-744,-518,892,218,634,689,514,-147,164,
4855167,2914034,4048205,223608,5049513,1936228,-34,-173,1307,108,619,731,-40,2,-28,-748,-474,876,215,625,708,519,-168,153,
4855167,2914034,4072274,223608,5049513,1936228,-21,-179,1324,108,619,731,-40,0,-38,-758,-465,895,215,625,708,529,-237,142,
4855167,2914034,4072274,167253,5049513,1936228,-27,-169,1317,105,619,724,-45,-5,-41,-760,-457,906,209,616,714,529,-271,129,
4855167,2914034,4072274,167253,4942543,1936228,-44,-170,1320,105,619,724,-47,-11,-45,-747,-422,910,209,616,714,537,-306,104,
4855167,2914034,4072274,167253,4942543,1750303,-24,-178,1291,108,620,736,-44,-11,-42,-759,-423,948,209,615,731,549,-328,77,
4855167,2914034,4072274,167253,4942543,1750303,-30,-159,1347,104,616,733,-52,-16,-39,-774,-360,997,203,593,737,558,-352,49,
4855167,2914034,4072274,167253,4942543,1750303,-44,-159,1327,104,616,733,-52,-18,-42,-789,-347,1090,203,593,737,564,-332,3,
4871020,2914034,4072274,167253,4942543,1750303,-37,-172,1312,107,618,740,-55,-18,-43,-826,-316,1308,195,584,741,538,-271,-56,
4871020,3232154,4072274,167253,4942543,1750303,-12,-167,1324,107,618,740,-60,-24,-48,-827,-427,1491,195,584,741,511,-165,-120,
4871020,3232154,4000360,167253,4942543,1750303,-35,-181,1303,106,621,735,-60,-22,-51,-850,-476,1674,189,582,748,461,-21,-148,
4871020,3232154,4000360,164971,4942543,1750303,-11,-176,1334,107,620,737,-53,-24,-51,-786,-610,1816,189,582,748,379,187,-155,
4871020,3232154,4000360,164971,4652234,1750303,-36,-176,1315,107,620,737,-62,-26,-49,-799,-630,1887,194,576,736,222,433,-126,
4871020,3232154,4000360,164971,4652234,1235308,-23,-186,1297,108,618,742,-52,-37,-52,-876,-463,2035,194,584,732,34,716,-93,
4871020,3232154,4000360,164971,4652234,1235308,-28,-170,1349,108,618,742,-50,-43,-46,-842,-607,1980,208,584,732,-140,1038,-97,
4871020,3232154,4000360,164971,4652234,1235308,-25,-178,1333,107,625,733,-57,-42,-48,-1030,-378,2140,235,587,734,-361,1324,-93,
4917013,3232154,4000360,164971,4652234,1235308,-36,-174,1301,107,625,733,-59,-40,-58,-1050,-191,2013,235,587,734,-465,1618,-163,
4917013,3207855,4000360,164971,4652234,1235308,5,-172,1326,103,619,734,-59,-44,-55,-995,-142,1934,266,608,718,-576,1894,-278,
4917013,3207855,3961709,164971,4652234,1235308,-28,-178,1328,102,615,734,-56,-48,-61,-1084,-127,1910,266,608,718,-780,2108,-415,
4917013,3207855,3961709,164854,4652234,1235308,-10,-184,1303,102,615,734,-55,-49,-56,-1137,-154,1815,293,634,684,-993,2228,-566,
4917013,3207855,3961709,164854,3310929,1235308,-8,-186,1342,102,619,738,-56,-52,-54,-1080,-132,1742,293,634,684,-1188,2196,-744,
4917013,3207855,3961709,164854,3310929,506803,-18,-167,1311,102,619,738,-53,-39,-55,-1091,-345,1932,313,671,655,-1335,1994,-1164,
4917013,3207855,3961709,164854,3310929,506803,-12,-178,1308,100,622,732,-69,-38,-61,-947,-39,2325,320,701,603,-1663,1537,-1129,
4917013,3207855,3961709,164854,3310929,506803,-31,-195,1313,101,624,734,-77,-13,-54,-104,159,-504,320,701,603,-1518,433,-1089,
4942316,3207855,3961709,164854,3310929,506803,-17,-184,1304,101,624,734,-87,30,-52,1302,436,521,296,727,583,-542,-432,-580,
4942316,3276390,3961709,164854,3310929,506803,-10,-185,1327,104,620,732,-80,38,-48,-531,584,1328,296,727,583,208,-625,311,
4942316,3276390,4026080,164854,3310929,506803,12,-181,1323,104,620,732,-80,34,-41,492,381,716,289,724,611,779,-831,687,
4942316,3276390,4026080,390950,3310929,506803,-8,-182,1330,100,624,731,-78,42,-40,113,197,958,289,724,611,867,-1009,675,
4942316,3276390,4026080,390950,626369,506803,-43,-176,1300,100,624,731,-76,44,-34,227,371,912,282,711,620,769,-1067,409,
4942316,3276390,4026080,390950,626369,410780,-13,-185,1311,103,621,731,-70,45,-27,390,503,785,262,692,642,895,-1179,48,
4942316,3276390,4026080,390950,626369,410780,-30,-178,1342,105,621,732,-55,39,-28,478,410,919,262,692,642,1132,-1350,-289,
4942316,3276390,4026080,390950,626369,410780,-45,-180,1312,105,621,732,-52,35,-29,623,219,930,219,667,674,1302,-1535,-479,
4855841,3276390,4026080,390950,626369,410780,-35,-182,1296,107,621,740,-51,28,-33,973,14,989,219,667,674,1365,-1739,-481,
4855841,3724396,4026080,390950,626369,410780,-30,-184,1317,107,621,740,-44,22,-33,780,53,1031,172,641,698,1392,-1941,-334,
4855841,3724396,4139634,390950,626369,410780,-38,-173,1302,106,626,744,-46,0,-36,732,133,1048,172,641,698,1469,-2126,-91,
4855841,3724396,4139634,503381,626369,410780,-27,-170,1328,109,621,734,-59,-7,-35,658,164,1129,129,619,726,1641,-2260,171,
4855841,3724396,4139634,503381,802696,410780,-10,-174,1326,109,621,734,-62,-7,-42,615,180,1196,129,619,726,1855,-2342,399,
4855841,3724396,4139634,503381,802696,301536,-38,-177,1311,106,623,729,-57,-4,-43,563,159,1280,87,580,746,2034,-2401,580,
4855841,3724396,4139634,503381,802696,301536,-19,-176,1349,106,623,729,-52,-5,-35,552,129,1371,41,530,802,2152,-2470,697,
4855841,3724396,4139634,503381,802696,301536,-34,-183,1276,103,625,728,-51,-10,-38,530,119,1478,41,530,802,2197,-2556,750,
4860747,3724396,4139634,503381,802696,301536,-34,-177,1328,103,627,723,-47,-13,-37,449,159,1618,-5,479,799,2209,-2665,744,
4860747,3612894,4139634,503381,802696,301536,-15,-181,1296,103,627,723,-52,-25,-35,421,182,1789,-5,479,799,2250,-2788,678,
4860747,3612894,4083329,503381,802696,301536,-24,-185,1305,106,622,731,-53,-28,-36,415,111,1942,-61,427,837,2332,-3190,469,
4860747,3612894,4083329,473987,802696,301536,-33,-188,1338,106,622,731,-52,-25,-37,355,3,2078,-61,427,837,2572,-3246,359,
4860747,3612894,4083329,473987,746274,301536,-21,-179,1336,105,624,737,-50,-28,-37,256,-183,2207,-137,372,837,2606,-3374,273,
4860747,3612894,4083329,473987,746274,298172,-16,-178,1315,105,624,737,-47,-17,-38,141,-330,2368,-214,292,834,2547,-3461,277,
4860747,3612894,4083329,473987,746274,298172,-29,-195,1288,101,631,734,-48,-14,-44,56,-373,2466,-214,292,834,2426,-3500,393,
4860747,3612894,4083329,473987,746274,298172,-35,-185,1330,101,621,731,-54,-19,-42,-24,-338,2563,-289,232,833,2365,-3481,586,
4893440,3612894,4083329,473987,746274,298172,-15,-185,1309,101,621,731,-47,-26,-38,-279,-291,2642,-289,232,833,2337,-3463,772,
4893440,3606716,4083329,473987,746274,298172,-27,-184,1311,103,623,737,-43,-19,-39,-477,-299,2664,-350,188,816,2288,-3450,862,
4893440,3606716,4163719,473987,746274,298172,2,-183,1364,103,623,737,-45,-19,-38,-682,-239,2688,-350,188,816,2143,-3414,863,
4893440,3606716,4163719,329229,746274,298172,-17,-188,1293,101,629,725,-42,-21,-36,-823,-102,2603,-408,160,813,1960,-3293,791,
4893440,3606716,4163719,329229,766389,298172,-11,-187,1331,99,627,741,-30,-16,-39,-910,31,2526,-408,132,784,1848,-3090,689,
4893440,3606716,4163719,329229,766389,262819,-23,-177,1319,99,627,741,-24,-22,-35,-969,84,2457,-465,132,784,1851,-2870,561,
4893440,3606716,4163719,329229,766389,262819,-30,-182,1327,101,621,737,-29,-31,-40,-988,32,2297,-517,101,773,1894,-2670,460,
4893440,3606716,4163719,329229,766389,262819,-17,-179,1306,101,621,737,-42,-26,-51,-987,-182,1870,-517,101,773,1950,-2438,402,
4921807,3606716,4163719,329229,766389,262819,-10,-183,1325,102,620,737,-51,-3,-49,-873,-845,1888,-567,72,784,2032,-2128,372,
4921807,3770350,4163719,329229,766389,262819,-10,-177,1311,102,620,737,-50,2,-44,-934,-1010,1790,-567,72,784,1909,-1855,304,
4921807,3770350,4303229,329229,766389,262819,-10,-181,1320,100,626,725,-51,8,-46,-1039,-894,1608,-608,49,782,1487,-1715,201,
4921807,3770350,4303229,313188,766389,262819,-16,-180,1296,101,620,739,-48,10,-45,-1345,-722,1476,-608,49,782,1029,-1630,7,
4921807,3770350,4303229,313188,766265,262819,-4,-175,1324,101,620,739,-38,16,-46,-1611,-592,1360,-639,39,781,738,-1473,-342,
4921807,3770350,4303229,313188,766265,286300,-14,-181,1331,102,617,735,-24,20,-47,-1764,-667,1336,-666,2,763,580,-1205,-827,
4921807,3770350,4303229,313188,766265,286300,-12,-176,1316,102,617,735,-6,20,-41,-1611,-816,1263,-666,2,763,384,-323,-1715,
4921807,3770350,4303229,313188,766265,286300,-28,-166,1329,101,627,737,0,20,-35,-1327,-804,1204,-678,-21,780,-305,-231,-1889,
4896850,3770350,4303229,313188,766265,286300,-16,-180,1307,99,623,740,1,20,-29,-855,-540,1285,-678,-21,780,-550,-83,-1881,
4896850,4126690,4303229,313188,766265,286300,-7,-186,1346,99,623,740,-10,23,-40,-699,-402,1223,-685,-34,778,-757,33,-1733,
4896850,4126690,4342831,313188,766265,286300,-16,-171,1322,102,618,743,-48,34,-36,-603,-296,1286,-685,-34,778,-911,178,-1471,
4896850,4126690,4342831,345273,766265,286300,-27,-186,1298,102,618,743,-60,37,-37,-460,-216,1251,-673,-34,791,-978,338,-1120,
4896850,4126690,4342831,345273,740353,286300,-15,-186,1341,102,623,735,-63,44,-40,-378,-211,1288,-652,-32,797,-1052,457,-718,
4896850,4126690,4342831,345273,740353,247251,-37,-188,1327,102,623,735,-64,62,-40,-304,-148,1236,-652,-32,797,-1152,542,-329,
4896850,4126690,4342831,345273,740353,247251,-37,-178,1320,105,623,743,-57,75,-31,-315,20,1233,-631,-15,822,-1203,650,-19,
4896850,4126690,4342831,345273,740353,247251,-29,-183,1297,110,617,734,-34,85,-20,-484,798,-139,-631,-15,822,-1231,1600,-223,
4601359,4126690,4342831,345273,740353,247251,-43,-178,1301,110,617,734,7,101,-3,706,32,1085,-578,0,854,-1446,2077,-693,
4601359,4580763,4342831,345273,740353,247251,-19,-191,1348,110,617,738,49,139,4,309,73,1170,-578,0,854,-3304,2183,-1113,
4601359,4580763,4480768,345273,740353,247251,-47,-184,1308,110,617,738,111,238,18,-85,335,1771,-515,79,878,-4226,2428,-1367,
4601359,4580763,4480768,4240312,740353,247251,-49,-179,1344,117,622,734,209,389,62,-397,169,1935,-515,79,878,-3579,2515,-1120,
4601359,4580763,4480768,4240312,282400,247251,-92,-189,1339,135,606,743,278,535,131,-222,234,2273,-450,126,888,-2721,2510,-719,
4601359,4580763,4480768,4240312,282400,279833,-129,-149,1366,135,606,743,461,935,127,-2,80,2203,-376,158,916,-2144,2937,-343,
4601359,4580763,4480768,4240312,282400,279833,-158,-147,2361,151,590,740,528,1040,94,-93,2,1721,-376,158,916,-1139,2949,24,
4601359,4580763,4480768,4240312,282400,279833,-141,-153,2145,151,590,740,272,1054,109,-89,-12,1482,-328,173,933,-713,2190,46,
2146806,4580763,4480768,4240312,282400,279833,-162,-289,2167,176,594,756,311,1349,143,-56,23,1385,-328,173,933,-436,1539,-81,
2146806,4867623,4480768,4240312,282400,279833,-169,-329,2170,176,594,756,365,1670,210,-115,19,1403,-302,183,931,-262,1055,-132,
2146806,4867623,4213861,4240312,282400,279833,-180,-324,2272,213,583,734,465,2021,276,-86,26,1342,-302,183,931,-190,444,-66,
2146806,4867623,4213861,4671376,282400,279833,-173,-385,2320,261,558,724,558,2374,354,-75,17,1312,-291,187,933,-74,209,-86,
2146806,4867623,4213861,4671376,165790,279833,-208,-407,2336,261,558,724,622,2728,448,-91,16,1316,-286,185,957,-12,94,-110,
2146806,4867623,4213861,4671376,165790,1614924,-200,-325,2334,323,534,713,743,3063,542,-95,6,1326,-286,185,957,16,33,-109,
2146806,4867623,4213861,4671376,165790,1614924,-202,-298,2383,323,534,713,896,3371,627,-115,6,1301,-288,182,917,0,7,-68,
2146806,4867623,4213861,4671376,165790,1614924,-239,-355,2416,394,510,691,1174,3898,770,-61,16,1290,-288,182,917,-7,-5,-45,
1508912,4867623,4213861,4671376,165790,1614924,-226,-243,2394,471,462,670,1812,4097,837,-87,10,1369,-288,181,930,0,-1,-47,
1508912,4382961,4213861,4671376,165790,1614924,-221,-320,2543,471,462,670,2196,4268,900,-69,22,1296,-288,181,930,-4,-1,-47,
1508912,4382961,1801448,4671376,165790,1614924,-277,-238,2698,552,406,651,2519,4418,943,-71,17,1290,-290,183,943,3,9,-46,
1508912,4382961,1801448,4791308,165790,1614924,-331,-261,2861,552,406,651,2913,4496,955,-85,27,1299,-290,183,931,-2,-7,-43,
1508912,4382961,1801448,4791308,2492617,1614924,-149,-6,2984,625,344,614,3413,4345,929,-99,24,1332,-288,184,931,4,-4,-41,
1508912,4382961,1801448,4791308,2492617,3563754,-193,-210,3001,625,344,614,4103,3909,731,-57,33,1285,-287,181,928,4,6,-38,
1508912,4382961,1801448,4791308,2492617,3563754,152,-561,2803,680,271,599,4546,3625,486,-77,29,1304,-287,181,928,-1,5,-39,
1508912,4382961,1801448,4791308,2492617,3563754,619,-1161,1825,735,189,569,4829,3623,300,-89,25,1327,-289,178,920,-8,14,-37,
2611156,4382961,1801448,4791308,2492617,3563754,1889,-2044,-387,735,189,569,4480,3252,149,-62,28,1302,-289,178,920,-6,18,-38,
2611156,2504877,1801448,4791308,2492617,3563754,1302,-2195,1041,763,149,543,3276,2346,-53,-81,26,1334,-288,179,949,0,8,-41,
2611156,2504877,607283,4791308,2492617,3563754,2196,-686,101,763,149,543,-72,-38,-426,-98,14,1350,-288,179,949,5,14,-38,
2611156,2504877,607283,4742997,2492617,3563754,1408,114,614,759,165,549,121,-966,-871,-81,19,1323,-287,190,956,5,6,-42,
2611156,2504877,607283,4742997,3442865,3563754,878,-55,554,733,169,571,685,-1315,-1217,-91,19,1337,-286,181,918,1,9,-48,
2611156,2504877,607283,4742997,3442865,4007978,623,-773,297,733,169,571,692,-1370,-1280,-50,30,1274,-286,181,918,-7,14,-45,
2611156,2504877,607283,4742997,3442865,4007978,577,-1175,375,711,183,594,119,-1359,-1080,-52,24,1338,-286,177,941,-13,17,-47,
2611156,2504877,607283,4742997,3442865,4007978,670,-922,332,711,183,594,-533,-1473,-745,-74,18,1318,-286,177,941,-14,15,-50,
2514299,2504877,607283,4742997,3442865,4007978,707,-606,510,675,202,614,-899,-1793,-401,-59,26,1301,-285,183,937,-14,10,-47,
2514299,2132457,607283,4742997,3442865,4007978,675,-497,637,675,202,647,-990,-2249,-131,-51,30,1276,-285,183,937,-11,-8,-52,
2514299,2132457,300819,4742997,3442865,4007978,539,-456,775,637,212,647,-982,-2745,55,-53,29,1312,-289,191,938,-10,-1,-51,
2514299,2132457,300819,4571460,3442865,4007978,343,-461,880,582,220,686,-992,-3124,172,-73,12,1346,-287,184,938,-11,3,-46,
2514299,2132457,300819,4571460,3522458,4007978,6,-436,1099,582,220,686,-1080,-3347,143,-73,5,1340,-287,184,938,-14,0,-48,
2514299,2132457,300819,4571460,3522458,4118152,-121,-358,1269,517,238,715,-1404,-3439,-12,-53,21,1287,-288,182,945,-8,4,-51,
2514299,2132457,300819,4571460,3522458,4118152,-214,-324,1384,517,238,715,-1536,-3412,-237,-74,18,1291,-288,182,945,-11,0,-48,
2514299,2132457,300819,4571460,3522458,4118152,-377,-377,1515,450,263,729,-1675,-3384,-496,-61,18,1327,-284,179,925,-11,5,-55,
1791083,2132457,300819,4571460,3522458,4118152,-616,-366,1705,388,289,752,-1840,-3339,-704,-44,30,1311,-284,179,925,-8,6,-51,
1791083,1771223,300819,4571460,3522458,4118152,-822,-261,1856,388,289,752,-1946,-3238,-882,-54,12,1315,-287,188,945,-6,10,-52,
1791083,1771223,225317,4571460,3522458,4118152,-935,-209,2024,327,316,766,-1952,-3052,-1083,-49,13,1324,-287,188,945,-11,17,-48,
1791083,1771223,225317,4525341,3522458,4118152,-955,-260,1938,327,316,766,-1879,-2828,-1279,-54,22,1300,-289,182,941,-4,9,-51,
1791083,1771223,225317,4525341,3593032,4118152,-910,-312,1993,266,339,779,-1833,-2639,-1460,-63,23,1299,-287,179,929,6,9,-50,
1791083,1771223,225317,4525341,3593032,4182971,-934,-349,1976,266,352,802,-1834,-2491,-1590,-87,18,1351,-287,179,929,-4,1,-44,
1791083,1771223,225317,4525341,3593032,4182971,-927,-323,2018,215,352,802,-1880,-2380,-1683,-59,26,1318,-288,181,945,-13,2,-49,
1791083,1771223,225317,4525341,3593032,4182971,-915,-299,2088,150,356,838,-1900,-2294,-1691,-54,31,1311,-288,181,945,-6,11,-54,
1379657,1771223,225317,4525341,3593032,4182971,-903,-272,2104,150,356,838,-1767,-2279,-1619,-58,20,1281,-287,186,944,-11,-3,-56,
1379657,1665603,225317,4525341,3593032,4182971,-933,-280,2101,67,372,893,-1612,-2266,-1506,-53,31,1300,-287,186,944,-17,-3,-60,
1379657,1665603,256039,4525341,3593032,4182971,-929,-315,2121,67,372,893,-1460,-2241,-1373,-53,25,1313,-289,187,932,-15,-4,-61,
1379657,1665603,256039,4501606,3593032,4182971,-861,-339,2105,-39,399,927,-1338,-2231,-1243,-58,16,1312,-287,181,943,-14,10,-59,
1379657,1665603,256039,4501606,3677837,4182971,-785,-423,1997,-151,421,927,-1287,-2290,-1128,-59,28,1320,-287,181,943,-3,19,-63,
1379657,1665603,256039,4501606,3677837,4319993,-695,-506,1955,-151,421,927,-1366,-2473,-1058,-52,32,1308,-285,180,946,-12,10,-70,
1379657,1665603,256039,4501606,3677837,4319993,-698,-459,2017,-248,466,893,-1543,-2684,-1004,-59,17,1322,-285,180,946,-11,11,-75,
1379657,1665603,256039,4501606,3677837,4319993,-764,-339,2067,-248,466,893,-1692,-2794,-969,-47,26,1308,-287,182,936,-12,9,-80,
1536288,1665603,256039,4501606,3677837,4319993,-818,-284,2131,-327,522,831,-1709,-2784,-943,-64,22,1307,-287,182,936,-19,18,-75,
1536288,1677905,256039,4501606,3677837,4319993,-810,-277,2065,-376,571,774,-1693,-2677,-912,-86,12,1355,-290,186,941,-25,24,-83,
1536288,1677905,218835,4501606,3677837,4319993,-804,-226,1930,-376,571,774,-1699,-2450,-825,-46,14,1317,-290,186,944,-16,17,-93,
1536288,1677905,218835,4132012,3677837,4319993,-794,-115,1985,-414,609,717,-1708,-2357,-801,-48,13,1323,-288,179,944,-11,21,-99,
1536288,1677905,218835,4132012,3821956,4319993,-856,40,1793,-414,609,717,-1726,-2253,-803,-37,26,1325,-284,183,926,-21,38,-109,
1536288,1677905,218835,4132012,3821956,4615181,-1009,303,1865,-451,646,650,-1837,-2090,-742,-81,20,1319,-284,183,926,-24,56,-111,
1536288,1677905,218835,4132012,3821956,4615181,-1131,511,1786,-451,646,650,-1703,-1916,-625,-68,35,1312,-282,181,949,-51,102,-123,
1536288,1677905,218835,4132012,3821956,4615181,-1330,438,1669,-475,684,601,-1305,-1767,-486,-81,24,1334,-282,181,949,-74,154,-134,
1609061,1677905,218835,4132012,3821956,4615181,-1665,221,1588,-490,698,572,-1006,-1596,-294,-95,5,1350,-281,185,954,-95,229,-138,
1609061,1496689,218835,4132012,3821956,4615181,-2052,131,1427,-490,698,572,-978,-1326,-22,-97,14,1387,-281,185,954,-156,348,-126,
1609061,1496689,217187,4132012,3821956,4615181,-2280,670,1505,-491,731,548,-1080,-933,296,-136,-7,1372,-265,193,936,-189,598,-93,
1609061,1496689,217187,2691144,3821956,4615181,-1922,930,1481,-475,762,524,-716,-21,642,-208,18,1593,-243,189,934,-88,932,-33,
1609061,1496689,217187,2691144,4174320,4615181,-1564,900,1417,-475,762,524,-252,297,568,-189,41,1441,-243,189,934,66,941,-56,
1609061,1496689,217187,2691144,4174320,4882365,-1139,468,1349,-460,769,541,87,522,366,-195,83,1459,-219,199,948,178,1047,-79,
1609061,1496689,217187,2691144,4174320,4882365,-1265,1079,2563,-460,769,541,229,749,48,-211,86,1433,-219,199,948,237,1175,-109,
1609061,1496689,217187,2691144,4174320,4882365,-980,1673,2285,-453,767,569,1132,1583,-540,-231,72,1546,-192,188,954,222,1261,-131,
4677691,1496689,217187,2691144,4174320,4882365,389,-344,392,-453,704,656,2738,2374,-1146,-215,-22,1716,-160,184,950,117,1344,-127,
4677691,1199314,217187,2691144,4174320,4882365,566,-222,1497,-439,704,656,3353,2647,-1179,-282,7,2042,-160,184,950,3,1399,-106,
4677691,1199314,239851,2691144,4174320,4882365,519,-192,1753,-399,643,745,3375,3008,-1162,-270,70,1813,-130,186,979,-26,1573,-110,
4677691,1199314,239851,902216,4174320,4882365,425,74,2842,-399,643,745,1519,4040,-1055,-290,30,1894,-130,186,979,-37,1787,-113,
4677691,1199314,239851,902216,3736923,4882365,89,287,2144,-337,619,797,1459,4754,-643,-326,16,2057,-87,189,964,-10,2035,-113,
4677691,1199314,239851,902216,3736923,4971533,-84,185,1984,-337,619,797,1311,3860,-153,-342,17,2161,-87,189,964,50,2326,-100,
4677691,1199314,239851,902216,3736923,4971533,-149,-84,1800,-271,599,855,871,2108,135,-352,73,2335,-29,197,991,104,2699,-92,
4677691,1199314,239851,902216,3736923,4971533,-73,-173,1551,-247,583,859,470,936,133,-382,58,2520,48,193,990,87,3118,-106,
5091176,1199314,239851,902216,3736923,4971533,-90,-176,1431,-247,583,859,222,500,34,-413,137,2571,48,193,990,40,3582,-125,
5091176,1098277,239851,902216,3736923,4971533,-36,-156,1326,-240,575,867,110,315,-57,-515,167,2661,147,200,968,8,4077,-160,
5091176,1098277,932924,902216,3736923,4971533,-5,-150,1337,-240,575,867,88,183,-72,-535,85,3032,147,200,968,30,4555,-205,
5091176,1098277,932924,542000,3736923,4971533,-26,-146,1316,-240,585,866,99,117,-52,-563,-305,3171,265,202,970,92,5142,-223,
5091176,1098277,932924,542000,2222988,4971533,-49,-153,1347,-239,576,860,92,87,-50,-545,-222,2962,265,202,970,-378,5154,-212,
5091176,1098277,932924,542000,2222988,3265857,-35,-146,1308,-239,576,860,100,-221,-31,-413,-82,2672,374,234,944,-879,5035,-208,
5091176,1098277,932924,542000,2222988,3265857,-24,-137,1311,-234,568,871,113,-6,-36,-520,554,2565,374,234,944,-944,4739,-220,
5091176,1098277,932924,542000,2222988,3265857,-39,-129,1333,-234,568,871,86,-4,-31,-246,1100,2403,479,253,881,-337,4546,-307,
5111432,1098277,932924,542000,2222988,3265857,-37,-127,1341,-240,572,876,27,-10,-33,-34,1330,1555,568,251,853,618,4310,-549,
5111432,2286702,932924,542000,2222988,3265857,-14,-143,1317,-240,572,876,-18,18,-46,696,1421,408,568,251,853,1246,3559,-1035,
5111432,2286702,2646502,542000,2222988,3265857,-26,-136,1345,-239,575,868,-26,36,-43,387,-19,508,616,244,841,1462,2872,-1781,
5111432,2286702,2646502,774495,2222988,3265857,-17,-123,1353,-234,565,870,-27,56,-45,1262,-151,1140,616,244,841,772,1820,-2225,
5111432,2286702,2646502,774495,342137,3265857,-21,-138,1331,-234,565,870,-56,62,-53,1675,-426,508,616,270,832,-7,423,-1936,
5111432,2286702,2646502,774495,342137,1037537,-8,-139,1345,-234,569,869,-73,73,-61,759,-182,836,616,270,832,-866,-756,-1619,
5111432,2286702,2646502,774495,342137,1037537,-16,-143,1336,-234,569,869,-86,90,-66,480,328,651,583,321,858,-1513,-1288,-1412,
5111432,2286702,2646502,774495,342137,1037537,-40,-140,1299,-235,574,873,-94,96,-66,298,697,564,537,362,867,-1577,-1411,-1397,
5027402,2286702,2646502,774495,342137,1037537,-40,-139,1321,-230,571,864,-98,97,-61,283,783,485,537,362,867,-1169,-1387,-1454,
5027402,3807490,2646502,774495,342137,1037537,-6,-157,1339,-230,571,864,-91,94,-55,426,544,420,489,386,908,-656,-1398,-1406,
5027402,3807490,3463020,774495,342137,1037537,-66,-148,1288,-228,568,875,-70,90,-49,536,101,448,489,386,908,-360,-1546,-1193,
5027402,3807490,3463020,609057,342137,1037537,-32,-142,1310,-228,568,875,-67,81,-45,525,205,453,431,399,917,-316,-1792,-837,
5027402,3807490,3463020,609057,165227,1037537,-32,-146,1326,-226,573,870,-60,78,-40,460,369,481,431,399,917,-296,-2074,-455,
5027402,3807490,3463020,609057,165227,632086,-44,-131,1338,-226,573,870,-58,76,-30,355,455,593,364,410,967,-125,-2352,-141,
5027402,3807490,3463020,609057,165227,632086,-34,-142,1318,-223,573,872,-46,67,-23,305,431,646,364,397,983,179,-2587,88,
5027402,3807490,3463020,609057,165227,632086,-49,-147,1302,-221,571,872,-35,68,-22,254,345,753,293,397,983,474,-2893,349,
4839877,3807490,3463020,609057,165227,632086,-45,-136,1289,-221,571,872,-30,54,-21,220,285,854,207,365,1001,764,-3026,408,
4839877,4367264,3463020,609057,165227,632086,-58,-134,1364,-222,571,871,-19,53,-13,195,289,1064,207,365,1001,858,-3175,431,
4839877,4367264,3947934,609057,165227,632086,-50,-134,1289,-222,571,871,-23,36,-12,121,293,1232,106,340,1046,974,-3337,419,
4839877,4367264,3947934,579973,165227,632086,-28,-138,1348,-218,577,882,-29,34,-11,84,274,1340,106,340,1046,1106,-3479,391,
4839877,4367264,3947934,579973,164916,632086,-47,-136,1279,-219,568,871,-33,26,-10,-19,255,1497,-8,315,1044,1196,-3553,327,
4839877,4367264,3947934,579973,164916,604637,-66,-127,1314,-219,568,871,-31,27,-14,-82,275,1611,-8,315,1044,1260,-3567,235,
4839877,4367264,3947934,579973,164916,604637,-56,-131,1364,-217,568,880,-37,21,-10,-219,290,1725,-124,282,1066,1386,-3528,128,
4839877,4367264,3947934,579973,164916,604637,-49,-136,1306,-217,568,880,-37,26,-11,-289,289,1829,-231,247,1031,1530,-3421,-14,
4682512,4367264,3947934,579973,164916,604637,-41,-135,1374,-217,569,865,-42,22,-13,-302,194,1949,-231,247,1031,1643,-3303,-133,
4682512,4567298,3947934,579973,164916,604637,-50,-130,1308,-217,569,865,-43,30,-20,-269,121,2203,-337,205,1009,1617,-3253,-231,
4682512,4567298,4189042,579973,164916,604637,-54,-142,1317,-218,571,873,-39,22,-12,-331,205,2336,-337,205,1009,1518,-3270,-282,
4682512,4567298,4189042,563558,164916,604637,-61,-127,1320,-214,564,876,-38,21,-14,-488,296,2449,-436,164,989,1464,-3319,-307,
4682512,4567298,4189042,563558,164620,604637,-31,-130,1336,-214,564,876,-46,19,-17,-648,349,2578,-436,164,989,1513,-3364,-296,
4682512,4567298,4189042,563558,164620,648113,-84,-137,1299,-214,565,874,-52,7,-33,-705,322,2609,-536,120,950,1651,-3356,-219,
4682512,4567298,4189042,563558,164620,648113,-64,-150,1286,-214,565,874,-50,7,-22,-707,239,2627,-622,71,899,1807,-3367,-47,
4682512,4567298,4189042,563558,164620,648113,-66,-136,1294,-216,571,869,-51,10,-28,-774,171,2605,-622,71,899,1890,-3402,215,
4535853,4567298,4189042,563558,164620,648113,-43,-141,1325,-213,567,877,-42,13,-29,-916,141,2662,-691,42,808,1903,-3391,477,
4535853,4650321,4189042,563558,164620,648113,-47,-136,1314,-213,567,877,-47,15,-21,-958,134,2458,-691,42,808,1885,-3264,697,
4535853,4650321,4317218,563558,164620,648113,-76,-129,1318,-214,566,873,-53,14,-23,-990,40,2355,-737,43,739,1908,-3104,1144,
4535853,4650321,4317218,617399,164620,648113,-54,-141,1287,-214,566,873,-41,18,-19,-1005,-174,2320,-737,43,739,1978,-2699,1125,
4535853,4650321,4317218,617399,164391,648113,-59,-117,1388,-213,569,877,-42,30,-20,-1044,-406,2264,-763,62,715,1887,-2501,1124,
4535853,4650321,4317218,617399,164391,591897,-66,-136,1313,-213,569,875,-41,38,-22,-1173,-494,2167,-763,62,715,1581,-2327,1062,
4535853,4650321,4317218,617399,164391,591897,-31,-133,1342,-214,567,875,-43,50,-20,-1366,-453,2024,-790,71,683,1270,-2110,931,
4535853,4650321,4317218,617399,164391,591897,-76,-125,1346,-212,565,876,-37,56,-14,-1624,-373,1870,-823,73,680,1065,-1831,703,
3978870,4650321,4317218,617399,164391,591897,-100,-120,1321,-212,565,876,-38,86,1,-1860,-334,1679,-823,73,680,1000,-1520,411,
3978870,4743105,4317218,617399,164391,591897,-68,-122,1380,-211,565,864,-36,106,0,-2425,-834,1442,-858,64,674,958,-1207,84,
3978870,4743105,4480349,617399,164391,591897,-69,-145,1308,-211,565,864,-37,140,5,-2533,-1116,1433,-858,64,674,752,-812,-218,
3978870,4743105,4480349,618329,164391,591897,-83,-138,1301,-205,570,875,-20,201,4,-2296,-1073,1330,-879,53,658,319,-343,-449,
3978870,4743105,4480349,618329,164914,591897,-88,-125,1403,-197,564,887,7,325,6,-1970,-840,1322,-879,53,658,-181,74,-585,
3978870,4743105,4480349,618329,164914,545253,-91,-148,1305,-197,564,887,37,502,25,-1793,-718,1694,-886,54,671,-568,393,-592,
3978870,4743105,4480349,618329,164914,545253,-154,-207,1396,-183,560,883,87,613,42,-2312,-1784,2622,-858,86,697,-1780,1277,-378,
3978870,4743105,4480349,618329,164914,545253,-166,-277,1508,-183,560,883,175,641,55,-1393,-678,966,-858,86,697,-3542,1990,-136,
1953730,4743105,4480349,618329,164914,545253,-178,-176,1819,-168,566,886,37,616,100,-414,37,1505,-806,161,732,-4420,2469,-82,
1953730,4901721,4480349,618329,164914,545253,-131,-50,1838,-168,558,884,-79,727,143,148,268,1948,-806,161,732,-3939,2761,203,
1953730,4901721,4554494,618329,164914,545253,-165,-211,1694,-147,558,884,151,908,154,273,-22,2760,-739,228,779,-2905,3130,615,
1953730,4901721,4554494,4662161,164914,545253,-179,-199,1774,-120,553,890,227,1242,181,-58,-368,2136,-739,228,779,-1918,4045,1013,
1953730,4901721,4554494,4662161,165709,545253,-199,-236,1837,-120,553,890,210,1419,220,-188,-346,1854,-636,280,842,-1261,4544,901,
1953730,4901721,4554494,4662161,165709,749589,-256,-321,1852,-85,547,889,227,1602,266,-223,-148,1789,-636,280,861,-896,3438,355,
1953730,4901721,4554494,4662161,165709,749589,-286,-402,2039,-85,547,889,271,1828,354,-156,2,1464,-589,287,861,-485,1850,-119,
1953730,4901721,4554494,4662161,165709,749589,-350,-544,2097,-37,543,891,342,2097,495,-128,24,1391,-580,287,871,-315,332,-139,
1347058,4901721,4554494,4662161,165709,749589,-406,-724,2063,27,531,893,396,2389,695,-102,-3,1349,-580,287,871,-34,123,-76,
1347058,4799522,4554494,4662161,165709,749589,-434,-750,2162,27,531,893,432,2695,939,-76,10,1261,-574,291,872,-19,58,-72,
1347058,4799522,2461355,4662161,165709,749589,-438,-624,2330,101,517,880,512,3022,1206,-107,-12,1303,-574,291,872,-14,18,-60,
1347058,4799522,2461355,4715924,165709,749589,-430,-646,2301,101,517,880,743,3318,1440,-104,7,1322,-577,291,857,-9,9,-20,
1347058,4799522,2461355,4715924,268586,749589,-358,-549,2389,201,504,865,996,3574,1617,-88,8,1325,-577,291,857,-5,13,-13,
1347058,4799522,2461355,4715924,268586,3432422,-347,-415,2413,303,463,850,1755,3925,1828,-95,3,1308,-576,294,870,-6,12,-22,
1347058,4799522,2461355,4715924,268586,3432422,-328,-356,2418,303,463,850,1897,4010,1852,-67,15,1289,-575,286,855,-6,14,-24,
1347058,4799522,2461355,4715924,268586,3432422,-341,-319,2441,406,400,830,2134,4057,1848,-104,-5,1370,-575,286,855,2,10,-28,
920799,4799522,2461355,4715924,268586,3432422,-306,-166,2555,406,400,830,2315,3926,1809,-76,20,1315,-575,290,850,1,14,-25,
920799,3719581,2461355,4715924,268586,3432422,-210,-165,2582,494,339,803,2658,3568,1731,-100,0,1358,-575,290,850,5,16,-30,
920799,3719581,688625,4715924,268586,3432422,16,-546,2498,494,339,803,3097,3313,1606,-84,4,1346,-572,293,864,4,19,-24,
920799,3719581,688625,4613818,268586,3432422,642,-1135,1000,570,270,778,3344,3349,1568,-91,-9,1359,-572,293,864,-8,18,-26,
920799,3719581,688625,4613818,3496528,3432422,1825,-1532,-1001,616,192,745,2654,2714,1622,-70,19,1273,-574,295,870,0,23,-25,
920799,3719581,688625,4613818,3496528,4379770,1540,-1741,786,616,192,745,1786,1695,1738,-76,10,1337,-572,292,863,-1,25,-22,
920799,3719581,688625,4613818,3496528,4379770,1725,-387,273,637,165,732,559,1070,1642,-47,16,1273,-572,292,863,-1,18,-22,
920799,3719581,688625,4613818,3496528,4379770,1060,-84,589,637,165,732,-132,313,717,-83,-2,1312,-571,288,873,-7,16,-32,
1993849,3719581,688625,4613818,3496528,4379770,821,-413,478,633,172,728,-150,-342,162,-64,12,1299,-571,288,873,-5,17,-32,
1993849,2752645,688625,4613818,3496528,4379770,763,-694,368,624,185,728,-503,-457,-112,-67,8,1316,-571,289,870,-6,12,-29,
1993849,2752645,416717,4613818,3496528,4379770,820,-675,422,624,185,728,-997,-663,-216,-96,6,1350,-571,289,870,-11,18,-37,
1993849,2752645,416717,4325378,3496528,4379770,884,-507,692,600,212,729,-1352,-978,-225,-50,10,1283,-572,295,861,-7,23,-32,
1993849,2752645,416717,4325378,3904012,4379770,807,-316,677,600,212,729,-1590,-1311,-140,-70,8,1346,-572,295,861,-12,13,-27,
1993849,2752645,416717,4325378,3904012,4556468,741,-212,756,576,251,738,-1763,-1643,28,-75,-1,1336,-574,290,876,-6,20,-43,
1993849,2752645,416717,4325378,3904012,4556468,697,-84,888,576,251,738,-1897,-1957,245,-52,10,1286,-571,290,874,4,12,-38,
1993849,2752645,416717,4325378,3904012,4556468,648,72,1040,535,288,734,-2022,-2258,434,-56,-2,1306,-571,290,874,5,12,-28,
1764650,2752645,416717,4325378,3904012,4556468,575,255,1130,495,312,748,-2096,-2556,549,-77,7,1301,-570,288,858,-3,2,-38,
1764650,2416208,416717,4325378,3904012,4556468,465,413,1458,495,312,748,-2083,-2781,566,-74,-3,1318,-570,288,858,-8,1,-44,
1764650,2416208,318067,4325378,3904012,4556468,221,414,1553,456,343,763,-2021,-2906,319,-73,-13,1355,-572,291,853,-4,10,-39,
1764650,2416208,318067,4226951,3904012,4556468,44,399,1630,456,343,763,-2012,-2976,188,-71,1,1320,-572,291,853,2,6,-38,
1764650,2416208,318067,4226951,4017780,4556468,-41,442,1878,416,379,767,-2065,-2979,69,-56,7,1276,-571,298,871,9,11,-34,
1764650,2416208,318067,4226951,4017780,4606122,-155,447,1864,378,415,785,-2048,-2948,-52,-74,-6,1323,-571,291,859,4,11,-38,
1764650,2416208,318067,4226951,4017780,4606122,-249,465,2001,378,415,785,-1959,-2899,-184,-50,8,1301,-571,291,859,8,2,-36,
1764650,2416208,318067,4226951,4017780,4606122,-262,350,2021,339,449,816,-1894,-2835,-299,-79,-4,1326,-571,290,874,8,1,-37,
1435545,2416208,318067,4226951,4017780,4606122,-337,257,2045,339,449,816,-1911,-2763,-408,-67,3,1317,-571,290,874,1,8,-31,
1435545,2022870,318067,4226951,4017780,4606122,-388,271,2104,277,500,847,-1957,-2677,-523,-78,0,1310,-574,293,861,-3,3,-28,
1435545,2022870,279580,4226951,4017780,4606122,-439,322,2154,277,500,847,-1996,-2552,-642,-56,1,1297,-574,293,861,1,13,-37,
1435545,2022870,279580,4134518,4017780,4606122,-424,409,2192,193,551,853,-1978,-2430,-761,-81,-4,1351,-574,293,853,5,15,-41,
1435545,2022870,279580,4134518,4073849,4606122,-343,401,2248,101,598,840,-1871,-2356,-874,-59,7,1295,-574,293,873,-4,20,-39,
1435545,2022870,279580,4134518,4073849,4655378,-408,244,2256,101,598,840,-1740,-2343,-991,-68,10,1307,-575,292,873,-17,14,-38,
1435545,2022870,279580,4134518,4073849,4655378,-552,215,2234,7,637,807,-1515,-2290,-977,-80,-3,1339,-570,289,875,-8,20,-37,
1435545,2022870,279580,4134518,4073849,4655378,-569,196,2251,7,637,807,-1378,-2211,-952,-67,20,1297,-570,289,875,-14,24,-50,
1132903,2022870,279580,4134518,4073849,4655378,-641,181,2215,-64,669,752,-1223,-2125,-931,-67,2,1329,-572,290,876,-2,29,-50,
1132903,2004112,279580,4134518,4073849,4655378,-644,133,2123,-117,676,688,-1089,-2050,-917,-75,6,1316,-572,290,876,-3,56,-57,
1132903,2004112,254474,4134518,4073849,4655378,-674,45,2084,-117,676,688,-1041,-1988,-921,-71,6,1320,-573,292,876,-11,67,-44,
1132903,2004112,254474,3764215,4073849,4655378,-571,-50,2007,-160,676,641,-1089,-2017,-934,-81,-1,1298,-573,292,876,-16,89,-46,
1132903,2004112,254474,3764215,4211098,4655378,-529,5,2002,-160,676,641,-1202,-2173,-976,-66,1,1311,-564,296,848,-20,102,-53,
1132903,2004112,254474,3764215,4211098,4730982,-676,48,1974,-201,671,588,-1238,-2377,-1032,-74,9,1300,-564,292,866,-35,119,-56,
1132903,2004112,254474,3764215,4211098,4730982,-806,0,1947,-201,671,588,-1176,-2465,-1104,-89,7,1318,-564,292,866,-27,137,-61,
1132903,2004112,254474,3764215,4211098,4730982,-919,-54,1844,-243,663,548,-1117,-2402,-1158,-74,1,1276,-561,292,866,-39,155,-68,
1200543,2004112,254474,3764215,4211098,4730982,-1001,-72,1737,-283,656,516,-1121,-2110,-1118,-92,-1,1333,-561,292,866,-35,171,-71,
1200543,1883146,254474,3764215,4211098,4730982,-1233,-10,1574,-283,656,516,-1252,-1953,-999,-117,3,1323,-557,293,871,-44,194,-62,
1200543,1883146,248173,3764215,4211098,4730982,-1183,119,1524,-310,645,486,-1254,-1836,-797,-108,-4,1337,-557,293,871,-50,226,-59,
1200543,1883146,248173,2143144,4211098,4730982,-1285,99,1495,-310,645,486,-1069,-1719,-530,-113,-13,1347,-548,300,881,-56,284,-58,
1200543,1883146,248173,2143144,4537371,4730982,-1491,32,1351,-331,647,464,-863,-1524,-207,-104,4,1324,-539,301,880,-45,370,-47,
1200543,1883146,248173,2143144,4537371,4840817,-1599,-23,1354,-334,647,440,-749,-1269,164,-149,3,1352,-539,301,880,-23,457,-46,
1200543,1883146,248173,2143144,4537371,4840817,-1624,-17,1263,-334,647,440,-699,-989,563,-147,0,1351,-523,293,882,1,536,-38,
1200543,1883146,248173,2143144,4537371,4840817,-1501,142,1168,-323,653,418,-671,-731,915,-170,-254,1355,-523,293,882,-7,546,-40,
1260711,1883146,248173,2143144,4537371,4840817,-1407,204,1174,-323,653,418,-626,-526,1146,-185,7,1370,-514,291,882,-53,521,-27,
1260711,1532605,248173,2143144,4537371,4840817,-1279,237,1239,-301,667,403,-513,-338,1241,-187,15,1378,-514,291,882,-51,533,-23,
1260711,1532605,204055,2143144,4537371,4840817,-1188,213,1211,-301,667,394,-351,124,974,-184,11,1407,-502,298,904,-15,567,-32,
1260711,1532605,204055,298912,4537371,4840817,-1079,179,1157,-283,668,394,-47,325,644,-227,58,1420,-502,298,904,38,603,-44,
1260711,1532605,204055,298912,4727108,4840817,-980,123,1193,-268,661,397,-3,544,209,-209,-26,1544,-488,295,903,58,674,-48,
1260711,1532605,204055,298912,4727108,4944348,-890,56,1203,-268,661,397,-31,743,-279,-236,-15,1549,-466,289,909,-42,721,-25,
1260711,1532605,204055,298912,4727108,4944348,-343,1544,3891,-269,655,398,16,1030,-823,-222,-18,1511,-466,289,909,-88,794,-23,
1260711,1532605,204055,298912,4727108,4944348,1124,-290,280,-269,655,398,1431,2108,-1708,-248,-20,1522,-447,288,912,-92,880,-15,
4772268,1532605,204055,298912,4727108,4944348,1084,-484,1222,-282,626,430,2498,2231,-2038,-262,-31,1548,-447,288,912,-88,991,-5,
4772268,1225511,204055,298912,4727108,4944348,803,-344,1467,-275,577,471,2367,2912,-1985,-280,3,1625,-424,291,927,-94,1117,4,
4772268,1225511,213763,298912,4727108,4944348,227,-300,1815,-275,577,471,1317,3591,-2023,-285,11,1638,-424,291,927,-141,1266,-2,
4772268,1225511,213763,418052,4727108,4944348,106,503,2119,-249,558,508,645,4078,-1939,-318,-5,1650,-392,297,926,-232,1408,-12,
4772268,1225511,213763,418052,4647060,4944348,4,473,2017,-249,558,508,729,4449,-1408,-324,-6,1732,-353,297,955,-283,1562,-28,
4772268,1225511,213763,418052,4647060,4791940,-83,148,1979,-212,550,537,572,2515,189,-331,0,1801,-353,297,955,-299,1741,-29,
4772268,1225511,213763,418052,4647060,4791940,-65,-164,1566,-212,541,538,296,1249,358,-372,13,1877,-304,298,943,-348,1960,-36,
4772268,1225511,213763,418052,4647060,4791940,-31,-238,1439,-185,541,538,112,686,205,-411,51,2044,-304,298,943,-432,2207,-65,
5095075,1225511,213763,418052,4647060,4791940,-69,-227,1361,-174,539,547,98,427,30,-449,95,2089,-242,303,959,-554,2483,-117,
5095075,1089943,213763,418052,4647060,4791940,-25,-171,1313,-174,539,547,91,251,-43,-512,146,2194,-242,303,959,-680,2771,-165,
5095075,1089943,539146,418052,4647060,4791940,13,-158,1338,-177,539,544,109,160,-51,-583,285,2279,-168,315,963,-779,3092,-238,
5095075,1089943,539146,368055,4647060,4791940,10,-148,1346,-177,539,544,115,128,-57,-642,372,2262,-168,315,963,-794,3390,-343,
5095075,1089943,539146,368055,3726808,4791940,-11,-172,1286,-177,546,558,96,110,-55,-682,362,2308,-77,326,948,-784,3672,-478,
5095075,1089943,539146,368055,3726808,2912611,-37,-159,1315,-179,535,557,105,89,-39,-725,393,2380,24,334,959,-721,3951,-594,
5095075,1089943,539146,368055,3726808,2912611,-11,-137,1356,-179,535,557,135,48,-29,-644,-28,2519,24,334,959,-579,4191,-694,
5095075,1089943,539146,368055,3726808,2912611,-15,-144,1314,-177,532,557,123,22,-22,-454,-112,2252,131,343,945,-663,4270,-694,
5101964,1089943,539146,368055,3726808,2912611,-13,-149,1364,-177,532,557,37,15,-33,-623,59,2292,131,343,945,-1182,3851,-715,
5101964,3403535,539146,368055,3726808,2912611,-21,-152,1307,-174,535,562,-2,28,-38,-473,324,2154,219,369,904,-1231,3595,-772,
5101964,3403535,2404118,368055,3726808,2912611,-30,-146,1370,-173,536,556,-40,29,-42,-183,490,1835,219,369,904,-1217,3582,-858,
5101964,3403535,2404118,576554,3726808,2912611,-16,-142,1305,-173,536,556,-63,40,-48,666,744,-422,293,401,891,-1218,2866,-1054,
5101964,3403535,2404118,576554,664924,2912611,-9,-154,1298,-176,529,559,-84,57,-51,2265,974,-220,323,425,843,-1062,1696,-1346,
5101964,3403535,2404118,576554,664924,1153070,-11,-156,1357,-176,529,559,-84,56,-52,235,703,632,323,425,843,-939,832,-1569,
5101964,3403535,2404118,576554,664924,1153070,-12,-154,1341,-173,534,553,-72,52,-46,520,869,1124,306,441,843,-545,-2,-1532,
5101964,3403535,2404118,576554,664924,1153070,-4,-163,1321,-173,534,553,-69,48,-38,546,129,709,306,441,843,-402,-794,-1462,
5040486,3403535,2404118,576554,664924,1153070,-10,-147,1360,-170,543,562,-80,53,-37,409,218,694,267,458,835,-749,-1220,-1379,
5040486,4189107,2404118,576554,664924,1153070,-47,-148,1270,-170,534,558,-85,61,-37,431,424,432,267,458,835,-1005,-1380,-1251,
5040486,4189107,3424861,576554,664924,1153070,-30,-150,1338,-170,534,558,-89,63,-30,399,680,536,219,481,827,-931,-1514,-1118,
5040486,4189107,3424861,627873,664924,1153070,-40,-158,1302,-168,534,562,-84,58,-29,489,623,445,219,481,810,-510,-1660,-944,
5040486,4189107,3424861,627873,342173,1153070,-20,-148,1315,-168,534,562,-71,55,-18,560,503,446,170,485,810,-69,-1901,-673,
5040486,4189107,3424861,627873,342173,647173,-16,-146,1339,-167,538,556,-68,48,-17,546,398,524,116,467,826,277,-2190,-353,
5040486,4189107,3424861,627873,342173,647173,-22,-151,1363,-168,538,560,-49,43,-15,489,342,609,116,467,826,514,-2453,-18,
5040486,4189107,3424861,627873,342173,647173,-22,-157,1289,-168,538,560,-53,33,-19,311,461,722,57,448,856,673,-2641,266,
4916593,4189107,3424861,627873,342173,647173,-45,-149,1299,-165,535,559,-54,36,-10,229,477,787,57,448,856,868,-2769,447,
4916593,4370365,3424861,627873,342173,647173,-32,-152,1317,-165,535,559,-55,35,-9,168,452,916,-2,412,845,1109,-2882,524,
4916593,4370365,3948152,627873,342173,647173,-45,-148,1326,-165,540,562,-54,35,-14,66,421,1031,-2,412,845,1309,-2979,536,
4916593,4370365,3948152,596362,342173,647173,-25,-147,1310,-165,540,562,-45,28,-11,-53,423,1204,-59,383,834,1451,-3033,499,
4916593,4370365,3948152,596362,178353,647173,-47,-146,1325,-164,539,552,-47,21,-11,-217,404,1338,-119,323,832,1604,-3046,310,
4916593,4370365,3948152,596362,178353,599430,-30,-154,1297,-161,534,558,-35,24,-12,-427,299,1509,-119,323,832,2060,-2970,209,
4916593,4370365,3948152,596362,178353,599430,-19,-153,1312,-161,534,558,-41,23,-19,-565,74,1936,-176,272,838,2123,-2833,172,
4916593,4370365,3948152,596362,178353,599430,-55,-148,1306,-164,533,566,-41,24,-16,-675,-63,2027,-176,272,838,2050,-2666,183,
4815479,4370365,3948152,596362,178353,599430,-32,-154,1331,-164,533,566,-39,20,-10,-656,-9,2107,-225,227,838,1942,-2489,180,
4815479,4493602,3948152,596362,178353,599430,-19,-142,1343,-161,545,550,-30,28,-9,-678,72,2166,-225,227,838,1908,-2385,161,
4815479,4493602,4277108,596362,178353,599430,-42,-151,1324,-159,534,559,-26,32,-5,-735,168,2185,-274,178,810,1976,-2389,125,
4815479,4493602,4277108,555421,178353,599430,-57,-151,1288,-159,534,559,-28,37,-16,-817,154,2282,-274,141,822,2142,-2419,77,
4815479,4493602,4277108,555421,164673,599430,-48,-147,1282,-163,534,554,-26,42,-15,-952,26,2352,-315,141,822,2259,-2388,28,
4815479,4493602,4277108,555421,164673,727884,-61,-128,1343,-163,534,554,-33,43,-12,-1065,-111,2394,-344,95,807,2242,-2276,-11,
4815479,4493602,4277108,555421,164673,727884,-61,-151,1281,-160,538,555,-26,53,-7,-1021,-155,2380,-344,95,807,2188,-2183,-38,
4815479,4493602,4277108,555421,164673,727884,-36,-151,1316,-160,538,555,-34,49,-15,-902,-187,2383,-377,64,792,2138,-2189,-93,
4626311,4493602,4277108,555421,164673,727884,-56,-144,1327,-158,537,552,-32,57,-18,-983,-114,2281,-377,64,792,2054,-2252,-166,
4626311,4600606,4277108,555421,164673,727884,-45,-143,1339,-157,535,560,-31,53,-17,-1022,-100,2039,-420,34,782,1962,-2332,-250,
4626311,4600606,4433625,555421,164673,727884,-54,-137,1350,-157,535,560,-26,58,-19,-990,-329,2035,-420,34,782,2106,-2233,-340,
4626311,4600606,4433625,567271,164673,727884,-54,-151,1312,-154,532,563,-26,74,-20,-783,-736,1960,-456,-15,783,2269,-2012,-509,
4626311,4600606,4433625,567271,245527,727884,-72,-140,1307,-154,532,563,-15,88,-15,-661,-1097,1939,-492,-64,769,2164,-1909,-768,
4626311,4600606,4433625,567271,245527,677927,-33,-162,1350,-155,538,550,-25,73,-20,-626,-1289,1918,-492,-64,769,1802,-1918,-1026,
4626311,4600606,4433625,567271,245527,677927,-71,-134,1350,-153,531,562,-32,53,-24,-681,-969,1694,-534,-94,758,1282,-1948,-1258,
4626311,4600606,4433625,567271,245527,677927,-65,-147,1317,-153,531,562,-40,29,-23,-981,-776,1574,-534,-94,758,848,-1894,-1718,
4245678,4600606,4433625,567271,245527,677927,-66,-147,1349,-155,531,558,-36,38,-20,-1005,-736,1488,-569,-114,753,619,-1527,-1646,
4245678,4651041,4433625,567271,245527,677927,-43,-156,1324,-155,531,558,-36,41,-25,-992,-899,1398,-569,-114,753,654,-1288,-1602,
4245678,4651041,4489449,567271,245527,677927,-70,-148,1384,-156,530,562,-33,75,-26,-980,-1140,1363,-595,-139,752,591,-1067,-1461,
4245678,4651041,4489449,586044,245527,677927,-70,-150,1319,-156,530,562,-21,88,-21,-955,-1332,1319,-607,-166,736,335,-869,-1288,
4245678,4651041,4489449,586044,651658,677927,-104,-130,1264,-150,533,562,-17,104,-25,-948,-1332,1249,-607,-166,736,-28,-704,-1124,
4245678,4651041,4489449,586044,651658,573471,-66,-136,1347,-149,526,557,-18,111,-21,-1005,-1159,1252,-616,-170,720,-341,-537,-1046,
4245678,4651041,4489449,586044,651658,573471,-58,-131,1307,-149,526,557,-13,120,-24,-1285,-1913,2313,-616,-170,720,-717,-300,-1033,
4245678,4651041,4489449,586044,651658,573471,-64,-133,1334,-148,531,564,-5,146,-24,-1074,-1411,934,-610,-155,741,-2223,152,-1019,
3026813,4651041,4489449,586044,651658,573471,-76,-143,1331,-148,531,564,-10,167,-19,-698,-127,1342,-610,-155,741,-3633,371,-1236,
3026813,4749449,4489449,586044,651658,573471,-104,-143,1354,-147,531,557,1,205,-12,36,28,1475,-588,-96,771,-3910,559,-1357,
3026813,4749449,4560416,586044,651658,573471,-82,-157,1326,-142,527,567,11,262,-6,148,287,1668,-588,-96,771,-4020,761,-1310,
3026813,4749449,4560416,4124181,651658,573471,-97,-131,1389,-142,527,567,19,325,4,-35,238,2468,-557,-38,796,-4007,1834,-1153,
3026813,4749449,4560416,4124181,239848,573471,-125,-146,1426,-135,527,573,40,394,10,-221,5,1845,-491,-9,831,-2051,3028,-320,
3026813,4749449,4560416,4124181,239848,820168,-150,-219,1426,-135,527,573,74,456,26,-182,-124,1766,-491,-9,831,-746,2576,350,
3026813,4749449,4560416,4124181,239848,820168,-161,-230,1858,-127,527,572,-66,442,58,-91,-45,1421,-466,-5,828,-299,1363,273,
3026813,4749449,4560416,4124181,239848,820168,-137,-126,2025,-127,527,577,71,673,54,-79,0,1361,-466,-5,828,-108,582,55,
1675361,4749449,4560416,4124181,239848,820168,-135,-176,1783,-116,523,577,171,924,76,-78,7,1349,-457,-1,823,-49,221,-57,
1675361,4845338,4560416,4124181,239848,820168,-137,-236,1792,-93,525,591,221,1148,109,-57,16,1305,-457,-1,823,3,91,-53,
1675361,4845338,4180134,4124181,239848,820168,-175,-199,1855,-93,525,591,262,1374,145,-74,19,1303,-457,5,839,13,59,-19,
1675361,4845338,4180134,4500681,239848,820168,-162,-274,1960,-70,517,597,305,1619,178,-71,25,1328,-456,0,838,12,42,-3,
1675361,4845338,4180134,4500681,891158,820168,-222,-249,1908,-70,517,597,309,1853,221,-63,7,1323,-456,0,838,11,26,-6,
1675361,4845338,4180134,4500681,891158,2641672,-207,-330,1913,-29,519,605,338,2097,288,-60,12,1315,-455,-1,846,9,6,-18,
1675361,4845338,4180134,4500681,891158,2641672,-263,-336,1983,18,506,608,411,2339,369,-81,14,1348,-455,-1,846,-2,6,-22,
1675361,4845338,4180134,4500681,891158,2641672,-252,-296,2021,18,506,608,479,2576,521,-24,16,1281,-456,-2,838,-2,5,-31,
1066443,4845338,4180134,4500681,891158,2641672,-334,-241,1972,77,493,629,822,2954,539,-55,14,1282,-456,-2,838,7,-3,-31,
1066443,4294422,4180134,4500681,891158,2641672,-341,-224,2024,77,493,629,934,3042,575,-56,-1,1334,-456,4,841,13,4,-26,
1066443,4294422,1869116,4500681,891158,2641672,-330,-38,1809,140,482,634,1034,3083,602,-77,-6,1329,-456,0,827,16,2,-27,
1066443,4294422,1869116,4564594,891158,2641672,-335,51,1897,140,465,636,1213,3026,554,-61,14,1302,-456,0,827,16,-3,-25,
1066443,4294422,1869116,4564594,3070198,2641672,-420,-83,1754,205,465,636,1393,2942,511,-79,15,1308,-454,-2,832,17,6,-16,
1066443,4294422,1869116,4564594,3070198,4125110,-288,9,1610,258,429,645,1468,2813,477,-65,20,1340,-454,-2,832,18,0,-15,
1066443,4294422,1869116,4564594,3070198,4125110,177,-206,1707,258,429,645,1646,2551,388,-49,18,1305,-456,-1,832,15,-6,-18,
1066443,4294422,1869116,4564594,3070198,4125110,616,-337,866,303,403,660,1819,2272,354,-100,-3,1386,-456,-1,832,9,1,-19,
1602333,4294422,1869116,4564594,3070198,4125110,897,-452,422,303,403,660,1704,1820,413,-33,31,1272,-456,2,829,16,3,-19,
1602333,2719210,1869116,4564594,3070198,4125110,1028,-634,594,336,378,663,1407,1222,518,-72,7,1333,-456,2,829,10,5,-23,
1602333,2719210,543022,4564594,3070198,4125110,966,-270,714,357,342,669,1167,376,884,-67,19,1338,-453,11,824,9,3,-15,
1602333,2719210,543022,4559551,3070198,4125110,1180,-280,590,357,342,669,975,-115,772,-65,11,1305,-453,-2,826,7,14,-23,
1602333,2719210,543022,4559551,3693331,4125110,957,-163,618,362,317,682,923,-558,601,-57,19,1311,-453,-2,826,8,14,-15,
1602333,2719210,543022,4559551,3693331,4523434,858,-281,534,362,317,682,836,-814,363,-91,19,1305,-450,-5,833,5,24,-10,
1602333,2719210,543022,4559551,3693331,4523434,827,-324,534,349,305,690,629,-1015,132,-80,13,1352,-450,-5,833,5,17,-13,
1602333,2719210,543022,4559551,3693331,4523434,781,-268,531,331,291,696,367,-1235,-83,-65,14,1296,-455,11,838,-6,12,-12,
1777407,2719210,543022,4559551,3693331,4523434,738,-211,550,331,291,696,173,-1471,-277,-81,-1,1388,-455,11,838,-14,15,-9,
1777407,2379989,543022,4559551,3693331,4523434,609,-183,703,300,280,713,49,-1709,-408,-39,26,1243,-453,4,827,-13,21,-11,
1777407,2379989,423445,4559551,3693331,4523434,326,-196,897,300,280,713,-44,-1902,-469,-58,14,1327,-452,0,830,-13,30,-15,
1777407,2379989,423445,4140507,3693331,4523434,208,-161,1004,263,288,717,-161,-2054,-507,-53,9,1324,-452,0,830,-10,29,-18,
1777407,2379989,423445,4140507,4011301,4523434,93,-92,1189,263,288,717,-301,-2200,-564,-44,24,1308,-448,-1,821,-3,39,-11,
1777407,2379989,423445,4140507,4011301,4666305,-25,-38,1321,223,296,732,-570,-2369,-847,-42,18,1322,-448,-1,821,-7,31,-19,
1777407,2379989,423445,4140507,4011301,4666305,-153,-6,1450,178,296,739,-670,-2398,-1046,-45,19,1279,-451,0,834,-8,30,-21,
1777407,2379989,423445,4140507,4011301,4666305,-325,3,1573,178,296,739,-742,-2407,-1237,-50,13,1308,-451,0,834,-1,19,-22,
1493640,2379989,423445,4140507,4011301,4666305,-637,66,1779,125,308,745,-777,-2390,-1400,-49,18,1301,-452,9,833,0,9,-24,
1493640,2051033,423445,4140507,4011301,4666305,-728,100,1839,125,308,745,-745,-2332,-1549,-65,22,1315,-452,9,833,3,13,-28,
1493640,2051033,297276,4140507,4011301,4666305,-741,62,1850,73,318,742,-656,-2238,-1689,-71,8,1339,-450,3,831,4,11,-31,
1493640,2051033,297276,3989687,4011301,4666305,-750,-39,1746,19,320,751,-571,-2147,-1819,-63,10,1334,-451,-1,842,1,3,-36,
1493640,2051033,297276,3989687,4239108,4666305,-737,-117,1749,19,320,751,-549,-2056,-1926,-38,25,1302,-451,-1,842,1,8,-35,
1493640,2051033,297276,3989687,4239108,4752187,-697,-146,1704,-27,319,742,-546,-1960,-2010,-55,15,1298,-450,1,831,3,12,-30,
1493640,2051033,297276,3989687,4239108,4752187,-664,-177,1642,-27,319,742,-542,-1852,-2082,-68,7,1346,-450,1,831,4,14,-30,
1493640,2051033,297276,3989687,4239108,4752187,-601,-235,1640,-76,315,748,-508,-1746,-2184,-61,11,1319,-453,5,822,-1,14,-37,
1571178,2051033,297276,3989687,4239108,4752187,-604,-283,1586,-76,315,748,-433,-1587,-2222,-57,5,1300,-453,5,822,-8,9,-42,
1571178,1934946,297276,3989687,4239108,4752187,-598,-332,1592,-120,309,741,-410,-1530,-2259,-62,7,1316,-452,9,834,1,17,-34,
1571178,1934946,260713,3989687,4239108,4752187,-625,-370,1562,-159,293,746,-395,-1444,-2306,-50,18,1290,-451,2,829,-1,22,-35,
1571178,1934946,260713,3878809,4239108,4752187,-618,-427,1558,-159,293,746,-394,-1318,-2402,-82,6,1324,-451,2,829,-3,23,-37,
1571178,1934946,260713,3878809,4292930,4752187,-731,-654,1582,-196,279,741,-449,-1138,-2559,-73,13,1328,-446,2,823,-2,23,-35,
1571178,1934946,260713,3878809,4292930,4789981,-800,-756,1535,-196,279,741,-655,-913,-2815,-62,17,1331,-446,2,823,-4,22,-36,
1571178,1934946,260713,3878809,4292930,4789981,-798,-830,1571,-226,277,742,-1005,-711,-3171,-60,4,1326,-449,0,835,-7,10,-42,
1571178,1934946,260713,3878809,4292930,4789981,-869,-816,1531,-259,275,746,-1404,-570,-3552,-49,21,1320,-449,0,835,-5,1,-36,
1392339,1934946,260713,3878809,4292930,4789981,-952,-720,1575,-259,275,746,-1698,-432,-3922,-63,4,1318,-448,6,845,0,1,-40,
1392339,1749316,260713,3878809,4292930,4789981,-1019,-628,1445,-288,276,748,-1789,-267,-4244,-50,20,1307,-448,8,836,13,0,-35,
1392339,1749316,218263,3878809,4292930,4789981,-968,-597,1397,-288,276,748,-1434,41,-4590,-57,17,1316,-448,8,836,2,1,-41,
1392339,1749316,218263,3941653,4292930,4789981,-925,-700,1303,-323,269,763,-1259,90,-4614,-63,1,1303,-447,0,826,11,-6,-41,
1392339,1749316,218263,3941653,4323321,4789981,-913,-829,1281,-323,269,763,-1049,60,-4547,-70,24,1316,-447,0,826,18,-12,-31,
1392339,1749316,218263,3941653,4323321,4795805,-945,-971,1218,-356,263,753,-943,20,-4387,-64,10,1303,-451,3,843,18,-11,-41,
1392339,1749316,218263,3941653,4323321,4795805,-1111,-1047,1120,-391,250,778,-1055,31,-4111,-64,13,1325,-451,3,843,10,-11,-47,
1392339,1749316,218263,3941653,4323321,4795805,-1258,-79,2189,-391,250,778,-1306,163,-3651,-69,15,1337,-451,6,834,4,-8,-39,
2048878,1749316,218263,3941653,4323321,4795805,-1198,158,786,-409,242,793,-711,470,-3141,-56,13,1312,-451,6,834,-1,-7,-35,
2048878,1482403,218263,3941653,4323321,4795805,-1557,-500,1125,-409,242,793,44,538,-2636,-80,3,1345,-449,9,846,4,-12,-35,
2048878,1482403,201976,3941653,4323321,4795805,-1662,-660,1304,-423,222,812,521,462,-2074,-41,20,1284,-449,0,827,-3,-12,-45,
2048878,1482403,201976,4056667,4323321,4795805,-1655,-545,1358,-426,198,827,647,503,-1473,-42,14,1305,-449,0,827,6,-1,-49,
2048878,1482403,201976,4056667,4288029,4795805,-2038,-242,1672,-426,198,827,897,709,-695,-53,19,1282,-450,-1,834,4,9,-54,
2048878,1482403,201976,4056667,4288029,4767274,-1893,862,1459,-413,185,846,192,827,-838,-74,13,1365,-450,-1,834,-5,1,-46,
2048878,1482403,201976,4056667,4288029,4767274,-297,81,1383,-413,185,846,95,491,-760,-55,18,1296,-452,8,835,-9,6,-54,
2048878,1482403,201976,4056667,4288029,4767274,15,-10,1376,-413,181,836,-18,123,-393,-59,12,1313,-452,8,835,-2,7,-45,
4641718,1482403,201976,4056667,4288029,4767274,-18,-125,1309,-413,181,836,-71,-15,-46,-44,18,1317,-451,8,841,0,14,-57,
4641718,1949997,201976,4056667,4288029,4767274,-38,-143,1326,-411,178,834,-96,-46,37,-62,14,1318,-448,8,824,-9,21,-58,
4641718,1949997,242803,4056667,4288029,4767274,-21,-135,1348,-412,180,844,-99,-32,26,-67,3,1337,-448,8,824,-5,18,-59,
4641718,1949997,242803,4041420,4288029,4767274,-52,-144,1311,-412,180,844,-94,-22,-13,-49,20,1295,-447,0,840,-10,30,-62,
4641718,1949997,242803,4041420,4063638,4767274,-30,-145,1326,-410,182,834,-96,-23,-23,-78,8,1315,-447,0,840,-17,24,-54,
4641718,1949997,242803,4041420,4063638,4704226,-33,-155,1302,-410,182,834,-112,-31,-7,-71,13,1348,-446,-2,833,-9,17,-58,
4641718,1949997,242803,4041420,4063638,4704226,-34,-147,1301,-412,189,837,-110,-39,-12,-82,0,1328,-446,-2,833,-9,29,-64,
4641718,1949997,242803,4041420,4063638,4704226,-29,-147,1320,-415,182,840,-90,-32,-37,-68,9,1316,-449,3,841,-11,41,-64,
4764564,1949997,242803,4041420,4063638,4704226,-36,-154,1275,-415,182,840,-81,-39,-34,-57,-1,1320,-449,3,841,-13,46,-74,
4764564,2929891,242803,4041420,4063638,4704226,-14,-138,1334,-414,186,841,-80,-40,-34,-59,26,1278,-449,-1,818,-11,44,-72,
4764564,2929891,2106463,4041420,4063638,4704226,-12,-158,1320,-414,186,841,-87,-51,-29,-84,20,1335,-446,0,826,-10,40,-79,
4764564,2929891,2106463,3707429,4063638,4704226,-20,-161,1295,-414,190,832,-84,-49,-30,-52,39,1302,-446,0,826,-17,49,-82,
4764564,2929891,2106463,3707429,3575742,4704226,-7,-151,1331,-414,190,839,-90,-47,-31,-65,71,1300,-446,-2,831,-20,53,-101,
4764564,2929891,2106463,3707429,3575742,4580666,-22,-161,1329,-416,184,839,-85,-41,-34,-67,136,1305,-446,-2,831,-22,64,-137,
4764564,2929891,2106463,3707429,3575742,4580666,-30,-135,1322,-417,188,839,-82,-35,-34,-52,258,1275,-440,1,840,-21,74,-205,
4764564,2929891,2106463,3707429,3575742,4580666,-10,-148,1317,-417,188,839,-82,-30,-31,-75,348,1331,-440,1,840,-23,86,-358,
4891770,2929891,2106463,3707429,3575742,4580666,-5,-147,1298,-417,187,841,-86,-21,-36,-70,378,1362,-444,1,836,-24,123,-591,
4891770,3097146,2106463,3707429,3575742,4580666,-19,-159,1305,-417,187,841,-85,-21,-35,-42,419,1313,-439,-7,842,-23,158,-882,
4891770,3097146,3343914,3707429,3575742,4580666,-11,-141,1334,-419,193,838,-82,-33,-35,-22,425,1323,-439,-7,842,-14,201,-1174,
4891770,3097146,3343914,3156631,3575742,4580666,-17,-165,1298,-418,194,837,-84,-33,-37,-9,411,1313,-436,-29,826,5,240,-1468,
4891770,3097146,3343914,3156631,2642848,4580666,1,-154,1338,-418,194,837,-85,-28,-39,17,400,1356,-436,-29,826,11,269,-2068,
4891770,3097146,3343914,3156631,2642848,4127033,28,-173,1358,-419,192,843,-81,-24,-44,31,416,1300,-429,-47,840,20,304,-2360,
4891770,3097146,3343914,3156631,2642848,4127033,-19,-164,1317,-419,192,843,-90,-28,-46,51,352,1336,-429,-47,840,114,312,-2628,
4891770,3097146,3343914,3156631,2642848,4127033,8,-166,1313,-419,200,841,-89,-30,-48,85,311,1340,-426,-67,846,206,316,-2853,
4962843,3097146,3343914,3156631,2642848,4127033,-6,-155,1303,-419,200,830,-77,-26,-51,69,228,1358,-426,-67,841,257,290,-3034,
4962843,3397670,3343914,3156631,2642848,4127033,23,-165,1329,-421,195,830,-74,-22,-46,70,134,1342,-418,-93,841,254,274,-3174,
4962843,3397670,3865436,3156631,2642848,4127033,18,-161,1302,-421,192,840,-65,-26,-48,72,126,1359,-407,-129,846,300,262,-3268,
4962843,3397670,3865436,2033991,2642848,4127033,7,-158,1336,-421,192,840,-63,-26,-41,76,53,1303,-407,-129,846,367,227,-3334,
4962843,3397670,3865436,2033991,902600,4127033,12,-162,1327,-421,195,831,-56,-25,-41,2,-25,1306,-394,-160,840,413,202,-3361,
4962843,3397670,3865436,2033991,902600,1998562,15,-169,1319,-421,195,831,-42,-17,-44,-97,-45,1340,-394,-160,840,511,173,-3335,
4962843,3397670,3865436,2033991,902600,1998562,-19,-142,1319,-425,202,824,-42,-15,-48,-181,54,1344,-385,-196,857,669,123,-3303,
4962843,3397670,3865436,2033991,902600,1998562,10,-151,1331,-422,194,844,-48,-15,-45,-359,103,1502,-385,-196,857,923,21,-3302,
4997523,3397670,3865436,2033991,902600,1998562,-4,-167,1333,-422,194,844,-51,-19,-49,-428,14,1420,-373,-238,849,1270,-122,-3355,
4997523,3718946,3865436,2033991,902600,1998562,17,-161,1310,-421,193,838,-53,-14,-47,-312,-208,1228,-364,-297,829,1438,-239,-3390,
4997523,3718946,3893429,2033991,902600,1998562,13,-159,1346,-421,193,838,-47,-13,-38,-375,-365,1260,-364,-297,829,1354,-440,-3357,
4997523,3718946,3893429,648055,902600,1998562,5,-165,1322,-419,198,830,-46,-16,-50,-460,-538,1399,-356,-336,814,1098,-589,-3221,
4997523,3718946,3893429,648055,468937,1998562,19,-170,1302,-419,199,837,-48,-19,-54,-542,-799,1307,-356,-336,814,580,-650,-2970,
4997523,3718946,3893429,648055,468937,1027582,11,-157,1321,-423,199,837,-44,-12,-44,-637,-556,1272,-355,-349,816,11,-649,-2646,
4997523,3718946,3893429,648055,468937,1027582,18,-163,1284,-424,193,833,-44,-15,-50,-702,-329,1264,-355,-349,816,-329,-587,-2330,
4997523,3718946,3893429,648055,468937,1027582,8,-162,1316,-424,193,833,-45,-14,-48,-770,-219,1272,-347,-350,820,-374,-482,-2078,
5011610,3718946,3893429,648055,468937,1027582,-5,-164,1333,-421,195,833,-46,-12,-53,-779,-182,1235,-336,-361,815,-280,-350,-1615,
5011610,3775915,3893429,648055,468937,1027582,17,-170,1316,-421,195,833,-51,-8,-50,-789,-214,1283,-336,-361,815,-186,-87,-1538,
5011610,3775915,3765572,648055,468937,1027582,29,-165,1326,-424,206,827,-55,-10,-47,-744,-264,1271,-323,-362,812,-127,13,-1380,
5011610,3775915,3765572,754106,468937,1027582,-5,-151,1334,-425,192,849,-48,-18,-49,-701,-270,1271,-323,-362,812,-147,82,-1234,
5011610,3775915,3765572,754106,483823,1027582,5,-181,1324,-425,192,849,-49,-18,-54,-600,-242,1265,-313,-371,805,-168,144,-1105,
5011610,3775915,3765572,754106,483823,730996,8,-152,1320,-425,191,839,-51,-17,-54,-571,-251,1307,-313,-371,805,-184,187,-1002,
5011610,3775915,3765572,754106,483823,730996,24,-160,1316,-425,191,839,-54,-18,-51,-537,-188,1272,-300,-358,793,-213,220,-951,
5011610,3775915,3765572,754106,483823,730996,13,-163,1334,-425,198,840,-55,-20,-50,-515,-119,1285,-300,-358,793,-259,242,-944,
5028596,3775915,3765572,754106,483823,730996,11,-171,1295,-427,195,842,-55,-18,-54,-519,-61,1343,-285,-361,802,-288,278,-1004,
5028596,3751136,3765572,754106,483823,730996,6,-166,1329,-427,195,842,-56,-15,-53,-487,13,1297,-269,-368,801,-284,318,-1120,
5028596,3751136,3462018,754106,483823,730996,14,-152,1349,-425,189,840,-52,-16,-52,-434,54,1297,-269,-368,801,-277,345,-1277,
5028596,3751136,3462018,915305,483823,730996,19,-182,1317,-425,189,840,-56,-19,-50,-424,47,1344,-245,-371,770,-288,377,-1449,
5028596,3751136,3462018,915305,529414,730996,10,-159,1316,-426,193,848,-52,-15,-55,-330,50,1380,-245,-371,770,-299,396,-1615,
5028596,3751136,3462018,915305,529414,548010,3,-169,1328,-426,193,848,-48,-9,-59,-265,55,1343,-222,-367,766,-328,403,-1775,
5028596,3751136,3462018,915305,529414,548010,30,-154,1320,-423,207,830,-46,-11,-57,-254,52,1377,-222,-367,766,-366,389,-1909,
5028596,3751136,3462018,915305,529414,548010,19,-171,1326,-427,192,838,-51,-9,-53,-244,71,1395,-199,-371,752,-395,360,-2019,
5043652,3751136,3462018,915305,529414,548010,3,-166,1329,-427,192,838,-49,-5,-52,-206,120,1368,-172,-377,767,-416,321,-2120,
5043652,3700860,3462018,915305,529414,548010,-10,-165,1335,-424,192,841,-50,-4,-53,-187,119,1340,-172,-377,767,-416,305,-2197,
5043652,3700860,3190101,915305,529414,548010,19,-172,1330,-424,192,841,-46,-7,-52,-220,94,1369,-145,-382,760,-419,309,-2259,
5043652,3700860,3190101,1018332,529414,548010,-10,-155,1301,-428,198,828,-39,-3,-51,-198,87,1327,-145,-382,760,-449,316,-2273,
5043652,3700860,3190101,1018332,546639,548010,11,-156,1314,-425,195,841,-48,-6,-56,-189,93,1339,-119,-381,769,-489,320,-2251,
5043652,3700860,3190101,1018332,546639,515227,5,-158,1326,-425,195,841,-53,-4,-53,-208,142,1343,-119,-381,769,-521,360,-2154,
5043652,3700860,3190101,1018332,546639,515227,8,-171,1314,-426,192,837,-52,-8,-53,-214,196,1359,-95,-378,776,-582,391,-2111,
