0,0,0,0,0,0,-32,-146,1281,494,354,730,-46,-6,-37,-49,4,1311,-8,473,793,-4,6,-29,
4849111,0,0,0,0,0,-34,-141,1251,498,356,736,-55,-5,-36,-64,-3,1281,-11,476,793,7,15,-20,
4849111,3972626,0,0,0,0,-18,-150,1344,498,356,736,-53,3,-38,-64,8,1326,-9,474,796,5,6,-24,
4849111,3972626,3573672,0,0,0,-31,-135,1313,493,365,733,-46,-2,-39,-51,-1,1310,-9,474,796,6,9,-35,
4849111,3972626,3573672,4149173,0,0,-7,-154,1329,493,362,726,-49,-1,-37,-71,6,1342,-7,473,803,9,2,-28,
4849111,3972626,3573672,4149173,3614971,0,-24,-155,1350,491,362,726,-46,-4,-37,-57,8,1301,-7,473,803,7,4,-24,
4849111,3972626,3573672,4149173,3614971,3722642,-3,-152,1335,494,356,730,-49,-9,-36,-69,12,1317,-11,475,813,1,-3,-28,
4849111,3972626,3573672,4149173,3614971,3722642,-18,-153,1326,494,356,730,-48,-6,-38,-79,-10,1332,-11,475,813,4,-6,-24,
4849111,3972626,3573672,4149173,3614971,3722642,-25,-138,1353,494,357,722,-51,0,-39,-56,-1,1331,-5,486,818,7,1,-24,
4850146,3972626,3573672,4149173,3614971,3722642,-23,-160,1343,494,357,722,-53,-7,-39,-62,2,1329,-7,474,823,7,5,-26,
4850146,3974130,3573672,4149173,3614971,3722642,-18,-154,1288,494,363,723,-45,-2,-36,-55,-7,1330,-7,474,823,7,5,-22,
4850146,3974130,3581110,4149173,3614971,3722642,-28,-135,1330,495,355,734,-44,-2,-37,-65,9,1295,-9,478,821,11,10,-21,
4850146,3974130,3581110,4147582,3614971,3722642,-26,-142,1325,495,355,734,-55,0,-34,-68,-8,1330,-9,478,821,3,9,-23,
4850146,3974130,3581110,4147582,3620043,3722642,-31,-152,1325,497,355,726,-46,0,-34,-88,-15,1334,-11,477,810,10,1,-28,
4850146,3974130,3581110,4147582,3620043,3708848,-23,-152,1338,497,355,726,-45,0,-38,-42,5,1300,-11,477,810,8,7,-27,
4850146,3974130,3581110,4147582,3620043,3708848,-6,-151,1343,498,362,721,-46,1,-43,-67,-6,1298,-10,481,801,8,7,-22,
4850146,3974130,3581110,4147582,3620043,3708848,-32,-145,1318,494,360,738,-45,-1,-46,-64,11,1324,-10,482,831,8,6,-23,
4850054,3974130,3581110,4147582,3620043,3708848,-16,-151,1298,494,360,738,-39,-4,-41,-56,0,1302,-10,482,831,7,0,-23,
4850054,3975116,3581110,4147582,3620043,3708848,-18,-144,1348,496,357,728,-46,-1,-41,-53,8,1323,-10,474,824,-1,-4,-28,
4850054,3975116,3599701,4147582,3620043,3708848,-32,-156,1320,496,357,728,-51,1,-39,-54,-241,1347,-10,474,824,5,0,-32,
4850054,3975116,3599701,4150741,3620043,3708848,-35,-154,1320,494,364,731,-48,-1,-40,-57,10,1315,-6,474,814,3,4,-27,
4850054,3975116,3599701,4150741,3606000,3708848,-26,-149,1296,494,364,731,-53,-4,-35,-56,8,1313,-6,474,814,6,-2,-14,
4850054,3975116,3599701,4150741,3606000,3688746,-41,-158,1282,494,365,720,-51,0,-37,-85,-7,1345,-9,483,820,12,2,-22,
4850054,3975116,3599701,4150741,3606000,3688746,-27,-154,1348,495,360,727,-49,-3,-33,-50,5,1309,-9,483,820,10,5,-28,
4850054,3975116,3599701,4150741,3606000,3688746,-16,-143,1297,495,360,727,-45,-7,-38,-52,7,1319,-9,474,806,13,7,-20,
4853594,3975116,3599701,4150741,3606000,3688746,-20,-160,1338,495,357,727,-43,-10,-37,-60,5,1324,-12,474,811,8,-1,-22,
4853594,3973851,3599701,4150741,3606000,3688746,-21,-149,1345,495,357,727,-51,-5,-38,-41,-2,1295,-12,474,811,13,0,-21,
4853594,3973851,3604599,4150741,3606000,3688746,-8,-152,1323,495,361,722,-50,-3,-41,-44,9,1323,-9,470,818,16,4,-18,
4853594,3973851,3604599,4153688,3606000,3688746,-9,-151,1315,495,358,733,-46,-5,-37,-60,-5,1323,-9,470,818,13,-8,-23,
4853594,3973851,3604599,4153688,3585016,3688746,-12,-149,1345,495,358,733,-50,-8,-32,-30,4,1297,-9,478,821,16,3,-20,
4853594,3973851,3604599,4153688,3585016,3670826,-31,-148,1294,497,357,725,-51,-8,-36,-41,10,1315,-9,478,821,15,5,-22,
4853594,3973851,3604599,4153688,3585016,3670826,-31,-145,1324,497,357,725,-56,-5,-44,-62,-4,1326,-10,480,794,6,2,-24,
4853594,3973851,3604599,4153688,3585016,3670826,-22,-156,1309,493,360,734,-54,-5,-35,-64,-1,1317,-10,477,807,9,9,-26,
4857654,3973851,3604599,4153688,3585016,3670826,-19,-143,1324,493,360,734,-53,-6,-40,-68,0,1357,-10,477,807,9,0,-24,
4857654,3960066,3604599,4153688,3585016,3670826,-30,-147,1328,496,369,720,-46,-7,-41,-55,4,1312,-7,472,809,10,7,-22,
4857654,3960066,3610330,4153688,3585016,3670826,-10,-148,1326,492,359,731,-41,-9,-43,-66,-10,1331,-7,472,809,7,11,-25,
4857654,3960066,3610330,4150657,3585016,3670826,-36,-140,1307,492,359,731,-45,-4,-34,-56,-6,1322,-9,473,810,4,6,-22,
4857654,3960066,3610330,4150657,3580666,3670826,-28,-144,1286,494,358,738,-52,-8,-34,-46,13,1293,-9,473,810,-2,4,-29,
4857654,3960066,3610330,4150657,3580666,3657895,-22,-144,1349,494,358,738,-52,-3,-33,-54,0,1327,-9,478,800,3,3,-28,
4857654,3960066,3610330,4150657,3580666,3657895,-15,-155,1313,492,360,732,-48,-5,-40,-71,3,1344,-9,478,810,4,7,-25,
4857654,3960066,3610330,4150657,3580666,3657895,-40,-151,1302,493,363,727,-50,-5,-37,-31,12,1281,-11,473,810,4,15,-23,
4858853,3960066,3610330,4150657,3580666,3657895,-4,-140,1333,493,363,727,-49,-4,-38,-63,4,1330,-9,473,804,-2,8,-27,
4858853,3955634,3610330,4150657,3580666,3657895,-8,-147,1336,494,359,731,-55,3,-40,-54,-2,1311,-9,473,804,7,4,-23,
4858853,3955634,3612902,4150657,3580666,3657895,-18,-168,1289,494,359,731,-46,6,-36,-61,8,1316,-11,474,824,15,2,-25,
4858853,3955634,3612902,4153689,3580666,3657895,-21,-152,1305,492,361,728,-44,-4,-42,-60,6,1318,-11,474,824,16,0,-25,
4858853,3955634,3612902,4153689,3580003,3657895,-31,-145,1325,492,361,728,-50,-2,-42,-66,-2,1325,-10,476,801,11,-3,-28,
4858853,3955634,3612902,4153689,3580003,3654701,-18,-141,1351,492,363,733,-52,-2,-47,-73,-4,1338,-10,476,801,10,-10,-21,
4858853,3955634,3612902,4153689,3580003,3654701,-13,-161,1292,495,359,729,-50,-7,-46,-46,6,1291,-7,481,821,0,-8,-34,
4858853,3955634,3612902,4153689,3580003,3654701,-26,-156,1302,495,359,729,-45,-6,-42,-52,-1,1314,-9,475,814,6,-3,-28,
4859869,3955634,3612902,4153689,3580003,3654701,-12,-142,1324,493,358,740,-48,-8,-43,-50,-1,1287,-9,475,814,5,-5,-34,
4859869,3906216,3612902,4153689,3580003,3654701,-13,-153,1340,493,358,740,-52,-8,-38,-61,-4,1337,-10,473,797,7,-4,-26,
4859869,3906216,3553736,4153689,3580003,3654701,-31,-134,1322,490,359,727,-56,-11,-44,-69,2,1328,-10,473,797,14,-4,-26,
4859869,3906216,3553736,4194264,3580003,3654701,-27,-147,1305,493,366,731,-58,-15,-41,-82,-8,1349,-10,473,810,9,-11,-25,
4859869,3906216,3553736,4194264,3577486,3654701,0,-140,1295,493,366,731,-54,-12,-48,-41,2,1297,-10,473,810,10,-1,-33,
4859869,3906216,3553736,4194264,3577486,3629880,-28,-150,1326,494,359,729,-55,-8,-45,-53,2,1290,-12,479,798,3,2,-31,
4859869,3906216,3553736,4194264,3577486,3629880,-17,-163,1282,494,359,729,-58,-18,-45,-51,6,1315,-12,481,821,9,-3,-29,
4859869,3906216,3553736,4194264,3577486,3629880,-18,-142,1344,490,359,731,-58,-21,-45,-58,-5,1324,-6,481,821,16,1,-28,
4877434,3906216,3553736,4194264,3577486,3629880,-22,-149,1325,490,359,731,-64,-25,-45,-57,-10,1329,-11,474,819,14,-7,-23,
4877434,3663514,3553736,4194264,3577486,3629880,-11,-148,1310,491,364,724,-65,-28,-49,-40,-243,1343,-11,474,819,9,-7,-22,
4877434,3663514,3064607,4194264,3577486,3629880,-11,-150,1335,492,358,736,-69,-37,-48,-51,-2,1282,-10,473,805,9,-9,-31,
4877434,3663514,3064607,4244352,3577486,3629880,-22,-155,1362,492,358,736,-71,-33,-45,-65,0,1335,-10,473,805,7,-8,-31,
4877434,3663514,3064607,4244352,3511152,3629880,6,-141,1308,491,361,732,-68,-36,-45,-55,0,1298,-14,481,809,-1,-19,-28,
4877434,3663514,3064607,4244352,3511152,3375515,-4,-154,1300,491,361,732,-62,-29,-50,-47,3,1303,-14,481,809,0,-17,-30,
4877434,3663514,3064607,4244352,3511152,3375515,-5,-142,1332,492,366,727,-64,-29,-49,-75,-18,1342,-8,479,821,14,-1,-32,
4877434,3663514,3064607,4244352,3511152,3375515,-5,-171,1310,492,361,729,-60,-26,-49,-46,9,1316,-10,475,804,6,-7,-30,
4920720,3663514,3064607,4244352,3511152,3375515,-13,-145,1340,492,361,729,-58,-23,-48,-44,-1,1284,-10,475,804,14,-8,-29,
4920720,3536898,3064607,4244352,3511152,3375515,-250,-145,1312,490,362,727,-64,-24,-45,-71,3,1305,-10,476,814,6,-1,-32,
4920720,3536898,2746821,4244352,3511152,3375515,-5,-158,1358,490,362,727,-60,-16,-48,-58,9,1316,-10,476,814,5,3,-29,
4920720,3536898,2746821,4272186,3511152,3375515,18,-159,1297,488,362,737,-58,-12,-46,-62,-4,1321,-10,480,810,15,12,-23,
4920720,3536898,2746821,4272186,3479673,3375515,17,-166,1315,488,362,737,-50,-1,-48,-42,-6,1314,-10,480,810,11,16,-24,
4920720,3536898,2746821,4272186,3479673,3286555,-4,-164,1337,488,363,729,-49,1,-42,-29,-5,1298,-11,485,803,6,8,-26,
4920720,3536898,2746821,4272186,3479673,3286555,-11,-145,1321,489,359,728,-57,1,-43,-64,-3,1333,-8,478,803,6,12,-24,
4920720,3536898,2746821,4272186,3479673,3286555,-10,-157,1313,489,359,728,-46,-6,-48,-44,-8,1305,-8,478,803,6,17,-29,
4932794,3536898,2746821,4272186,3479673,3286555,-1,-138,1323,490,360,736,-47,3,-49,-55,-1,1316,-11,475,810,6,18,-29,
4932794,3610704,2746821,4272186,3479673,3286555,-7,-156,1315,490,360,736,-49,-2,-42,-57,4,1315,-11,475,810,8,23,-25,
4932794,3610704,2913148,4272186,3479673,3286555,11,-152,1327,487,362,731,-55,-8,-43,-78,4,1347,-11,474,804,11,27,-25,
4932794,3610704,2913148,4216111,3479673,3286555,-11,-159,1313,487,365,727,-51,-5,-46,-42,-4,1289,-11,474,804,4,22,-28,
4932794,3610704,2913148,4216111,3471404,3286555,16,-149,1319,487,365,727,-51,-5,-44,-53,11,1325,-11,475,806,-2,22,-30,
4932794,3610704,2913148,4216111,3471404,3201336,1,-162,1306,488,360,724,-55,-11,-41,-46,5,1297,-11,475,806,-3,28,-29,
4932794,3610704,2913148,4216111,3471404,3201336,-6,-158,1309,488,360,724,-51,-6,-45,-69,-15,1373,-15,476,804,2,26,-24,
4932794,3610704,2913148,4216111,3471404,3201336,-11,-167,1326,488,363,727,-56,-9,-45,-48,5,1300,-9,474,801,1,29,-18,
4937127,3610704,2913148,4216111,3471404,3201336,2,-148,1320,488,363,734,-56,-9,-45,-32,10,1253,-9,474,801,4,37,-30,
4937127,3732337,2913148,4216111,3471404,3201336,-6,-151,1300,489,362,734,-48,1,-47,-64,0,1313,-7,473,810,4,39,-21,
4937127,3732337,3188824,4216111,3471404,3201336,1,-155,1345,493,361,727,-47,6,-40,-35,17,1266,-7,473,810,1,42,-25,
4937127,3732337,3188824,4006990,3471404,3201336,4,-155,1315,493,361,727,-47,4,-40,-62,4,1299,-8,479,817,-9,46,-22,
4937127,3732337,3188824,4006990,3451366,3201336,-8,-141,1312,490,362,734,-40,8,-44,-92,-12,1348,-8,479,817,-6,56,-25,
4937127,3732337,3188824,4006990,3451366,2944815,-19,-156,1350,490,362,734,-48,6,-46,-58,14,1300,-7,482,819,-6,54,-20,
4937127,3732337,3188824,4006990,3451366,2944815,-5,-156,1317,490,365,736,-48,12,-41,-92,-9,1381,-5,474,801,-6,68,-23,
4937127,3732337,3188824,4006990,3451366,2944815,0,-155,1322,487,360,732,-49,7,-36,-52,2,1303,-5,474,801,-14,91,-19,
4920868,3732337,3188824,4006990,3451366,2944815,-29,-156,1293,487,360,732,-46,10,-36,-54,9,1327,-1,479,819,-15,103,-20,
4920868,3885883,3188824,4006990,3451366,2944815,7,-155,1334,489,361,729,-54,11,-35,-63,-1,1292,-1,479,819,-15,110,-18,
4920868,3885883,3701538,4006990,3451366,2944815,1,-169,1304,489,361,729,-45,14,-40,-68,14,1286,-1,477,807,-20,116,-25,
4920868,3885883,3701538,3561383,3451366,2944815,14,-143,1374,486,364,726,-45,15,-36,-87,6,1320,-1,477,807,-19,149,-27,
4920868,3885883,3701538,3561383,3381565,2944815,-10,-159,1314,486,361,732,-46,27,-31,-71,11,1280,3,487,806,-14,169,-34,
4920868,3885883,3701538,3561383,3381565,2664149,-12,-145,1316,492,361,732,-45,26,-35,-123,5,1336,5,482,814,-7,200,-40,
4920868,3885883,3701538,3561383,3381565,2664149,1,-161,1318,491,361,735,-46,21,-31,-83,16,1300,5,482,814,-1,212,-35,
4920868,3885883,3701538,3561383,3381565,2664149,-13,-156,1353,491,361,735,-46,23,-23,-113,-12,1321,12,476,796,1,206,-33,
4884932,3885883,3701538,3561383,3381565,2664149,6,-154,1318,491,365,734,-47,20,-26,-111,-249,1333,12,476,796,4,203,-31,
4884932,4122866,3701538,3561383,3381565,2664149,-29,-155,1314,491,365,734,-40,23,-33,-100,15,1298,16,477,813,-11,200,-36,
4884932,4122866,4068675,3561383,3381565,2664149,-10,-151,1309,495,369,733,-42,14,-31,-128,-3,1333,16,477,813,-10,204,-39,
4884932,4122866,4068675,2736504,3381565,2664149,-25,-152,1306,494,359,726,-47,15,-34,-114,5,1353,19,484,816,-7,187,-30,
4884932,4122866,4068675,2736504,2982868,2664149,-8,-148,1339,494,359,726,-39,15,-37,-117,22,1288,19,484,816,-4,167,-27,
4884932,4122866,4068675,2736504,2982868,1651208,-21,-160,1324,495,359,725,-43,24,-31,-135,0,1336,19,486,805,-13,151,-27,
4884932,4122866,4068675,2736504,2982868,1651208,-24,-148,1349,495,359,725,-40,26,-27,-133,23,1318,25,481,803,-26,138,-34,
4884932,4122866,4068675,2736504,2982868,1651208,-27,-171,1301,494,365,728,-39,36,-24,-120,12,1314,25,481,803,-36,136,-40,
4812661,4122866,4068675,2736504,2982868,1651208,-21,-147,1331,494,360,730,-38,37,-24,-135,23,1327,28,484,795,-34,136,-65,
4812661,4334400,4068675,2736504,2982868,1651208,-23,-148,1295,494,360,730,-39,31,-25,-146,37,1309,28,484,795,-50,160,-95,
4812661,4334400,4318514,2736504,2982868,1651208,-38,-146,1313,497,359,725,-38,29,-25,-138,51,1280,30,482,813,-38,156,-137,
4812661,4334400,4318514,2290959,2982868,1651208,-32,-150,1317,497,359,725,-36,25,-24,-158,49,1307,30,482,813,-16,152,-182,
4812661,4334400,4318514,2290959,2086381,1651208,-37,-148,1314,493,361,728,-33,26,-19,-158,34,1325,29,489,813,-7,157,-220,
4812661,4334400,4318514,2290959,2086381,535958,-23,-154,1287,493,361,728,-26,40,-23,-142,31,1292,29,488,814,-1,170,-247,
4812661,4334400,4318514,2290959,2086381,535958,-15,-156,1327,496,369,722,-31,35,-17,-133,27,1269,29,488,814,-4,180,-270,
4812661,4334400,4318514,2290959,2086381,535958,-29,-140,1343,499,360,725,-33,39,-21,-165,18,1338,30,485,802,-2,176,-287,
4625376,4334400,4318514,2290959,2086381,535958,-52,-154,1319,499,360,725,-32,36,-19,-151,-5,1310,30,485,802,-8,169,-285,
4625376,4462943,4318514,2290959,2086381,535958,-16,-143,1304,502,359,723,-31,43,-27,-139,-32,1357,28,485,804,-2,167,-272,
4625376,4462943,4475907,2290959,2086381,535958,-33,-143,1324,502,359,723,-36,49,-24,-115,-23,1330,28,485,804,-17,165,-242,
4625376,4462943,4475907,2127197,2086381,535958,-44,-153,1290,499,368,718,-28,53,-26,-110,-45,1378,29,497,798,-50,161,-205,
4625376,4462943,4475907,2127197,547750,535958,-21,-142,1354,504,358,716,-28,61,-21,-41,-43,1314,29,497,798,-89,136,-143,
4625376,4462943,4475907,2127197,547750,280891,-47,-154,1323,504,358,716,-16,65,-14,-18,-62,1330,29,490,798,-154,76,-56,
4625376,4462943,4475907,2127197,547750,280891,-53,-156,1298,503,356,718,-21,75,-16,-26,-14,1338,34,495,811,-216,43,31,
4625376,4462943,4475907,2127197,547750,280891,-69,-143,1329,503,356,718,-17,82,-18,-58,53,1316,34,495,811,-198,54,93,
3998376,4462943,4475907,2127197,547750,280891,-57,-150,1313,504,361,726,-22,91,-19,-12,7,1351,35,497,796,-97,85,139,
3998376,4580661,4475907,2127197,547750,280891,-62,-138,1332,504,361,726,-26,104,-17,-8,-71,1353,35,497,796,-9,108,176,
3998376,4580661,4592697,2127197,547750,280891,-63,-148,1294,509,363,725,-19,111,-11,28,-83,1322,41,496,793,-14,140,211,
3998376,4580661,4592697,2184909,547750,280891,-60,-135,1339,511,355,716,-20,116,-11,42,-69,1338,41,496,793,-59,156,251,
3998376,4580661,4592697,2184909,259989,280891,-83,-138,1294,511,355,716,-11,135,-13,51,-54,1370,48,505,786,-65,156,281,
3998376,4580661,4592697,2184909,259989,247879,-69,-129,1327,510,351,716,-9,144,-12,71,-90,1349,58,500,788,-44,117,291,
3998376,4580661,4592697,2184909,259989,247879,-54,-131,1311,510,351,716,-15,157,-11,55,-147,1388,58,500,788,-100,105,273,
3998376,4580661,4592697,2184909,259989,247879,-82,-160,1323,512,361,713,-23,171,-11,63,-153,1339,67,501,784,-182,87,251,
2741387,4580661,4592697,2184909,259989,247879,-80,-143,1323,516,349,716,-20,189,-10,52,-148,1356,67,501,784,-243,53,214,
2741387,4677393,4592697,2184909,259989,247879,-79,-126,1296,516,349,716,-24,207,-5,84,-130,1338,70,513,794,-282,38,173,
2741387,4677393,4685633,2184909,259989,247879,-64,-134,1303,523,351,704,-34,227,-5,29,-144,1398,70,513,794,-300,15,142,
2741387,4677393,4685633,2145533,259989,247879,-100,-126,1310,523,351,704,-30,244,4,71,-154,1335,69,521,789,-308,-9,139,
2741387,4677393,4685633,2145533,164625,247879,-80,-147,1349,529,352,704,-35,252,1,24,-170,1377,72,526,805,-334,-5,156,
2741387,4677393,4685633,2145533,164625,237435,-117,-146,1293,529,352,704,-47,262,4,28,-179,1383,72,526,805,-357,6,187,
2741387,4677393,4685633,2145533,164625,237435,-102,-152,1360,534,352,706,-67,12,9,39,-191,1369,76,524,796,-376,-9,213,
2741387,4677393,4685633,2145533,164625,237435,-143,-143,1348,538,350,700,-103,221,10,30,-163,1330,76,524,796,-412,-22,245,
1591319,4677393,4685633,2145533,164625,237435,-113,-143,1324,538,350,700,-94,206,9,30,-159,1289,81,538,767,-432,-30,260,
1591319,4754731,4685633,2145533,164625,237435,-127,-143,1347,543,350,700,-94,201,3,17,-182,1305,81,538,767,-445,-36,283,
1591319,4754731,4746519,2145533,164625,237435,-112,-135,1321,543,350,700,-100,198,12,13,-169,1246,86,550,782,-471,-26,314,
1591319,4754731,4746519,2195421,164625,237435,-148,-157,1314,545,356,687,-99,202,5,-8,-168,1277,86,550,782,-494,-15,340,
1591319,4754731,4746519,2195421,165105,237435,-132,-140,1362,550,352,688,-97,211,9,22,-166,1239,93,559,777,-524,-19,345,
1591319,4754731,4746519,2195421,165105,226395,-146,-156,1417,550,352,688,-105,231,13,23,-188,1259,101,568,769,-552,-19,342,
1591319,4754731,4746519,2195421,165105,226395,-141,-157,1400,555,352,683,-129,252,21,63,-197,1196,101,568,769,-604,-45,326,
1591319,4754731,4746519,2195421,165105,226395,-146,-145,1422,555,352,683,-142,279,31,32,-146,1255,103,574,750,-665,-123,322,
1196861,4754731,4746519,2195421,165105,226395,-138,-134,1478,557,352,680,-127,319,33,-52,-130,1226,103,574,750,-705,-192,290,
1196861,4842727,4746519,2195421,165105,226395,-168,-150,1436,557,352,680,-37,431,25,-74,-111,1222,103,591,750,-740,-267,229,
1196861,4842727,4777460,2195421,165105,226395,-141,-151,1482,567,356,675,-19,503,30,-98,-97,1250,103,591,750,-735,-280,248,
1196861,4842727,4777460,2169199,165105,226395,-170,-162,1434,579,350,670,-13,570,37,-154,-70,1223,104,605,745,-727,-274,292,
1196861,4842727,4777460,2169199,250512,226395,-161,-147,1434,579,350,670,-10,644,35,-185,-29,1234,104,613,733,-681,-236,357,
1196861,4842727,4777460,2169199,250512,217160,-188,-151,1465,585,349,655,-8,705,41,-150,-14,1193,104,613,733,-606,-218,437,
1196861,4842727,4777460,2169199,250512,217160,-192,-163,1402,585,349,655,8,761,43,-152,-29,1218,111,620,728,-545,-226,549,
1196861,4842727,4777460,2169199,250512,217160,-232,-167,1334,599,359,652,26,797,56,-269,41,1187,111,620,728,-492,-214,655,
1107734,4842727,4777460,2169199,250512,217160,-212,-130,1394,618,345,642,50,803,63,-289,54,1160,120,624,717,-413,-162,736,
1107734,4895645,4777460,2169199,250512,217160,-226,-138,1345,618,345,642,77,820,63,-346,57,1097,120,624,717,-336,-79,816,
1107734,4895645,4687668,2169199,250512,217160,-257,-129,1358,630,344,636,99,830,67,-745,414,1336,133,635,732,-118,38,918,
1107734,4895645,4687668,2332426,250512,217160,-284,-136,1336,630,344,636,95,840,71,-840,114,1180,133,635,753,697,222,1009,
1107734,4895645,4687668,2332426,1716162,217160,-289,-145,1445,640,346,628,129,880,66,-1240,-727,1506,149,612,753,1029,428,1056,
1107734,4895645,4687668,2332426,1716162,213904,-306,-134,1471,640,346,613,152,927,71,-1429,-549,1505,182,586,747,989,748,1060,
1107734,4895645,4687668,2332426,1716162,213904,-319,-143,1486,655,342,613,178,995,81,-1397,-366,1496,182,586,747,1172,1008,884,
1107734,4895645,4687668,2332426,1716162,213904,-345,-158,1515,672,335,607,215,1060,102,-396,38,1179,214,560,758,1294,1184,687,
920208,4895645,4687668,2332426,1716162,213904,-381,-144,1420,672,335,607,240,1126,122,-80,-661,1376,214,560,758,1458,1144,606,
920208,4919743,4687668,2332426,1716162,213904,-398,-144,1371,692,329,583,262,1169,138,-353,-102,1267,233,536,765,1005,765,663,
920208,4919743,4179287,2332426,1716162,213904,-395,-139,1355,692,329,583,300,1193,162,-517,528,1252,233,536,765,447,535,737,
920208,4919743,4179287,1676471,1716162,213904,-411,-136,1300,710,323,565,332,1204,186,-394,201,1382,260,534,768,476,495,511,
920208,4919743,4179287,1676471,3770686,213904,-471,-150,1302,733,311,559,367,1200,204,-403,316,1358,266,525,774,387,466,315,
920208,4919743,4179287,1676471,3770686,2263042,-465,-118,1266,733,311,559,392,1205,226,-395,290,1361,266,525,774,267,455,-17,
920208,4919743,4179287,1676471,3770686,2263042,-492,-79,1288,748,302,545,420,1203,253,-387,94,1468,278,518,787,-8,482,-114,
920208,4919743,4179287,1676471,3770686,2263042,-500,-85,1236,748,302,545,465,1182,264,-353,-34,1561,278,518,787,-97,566,-159,
815839,4919743,4179287,1676471,3770686,2263042,-547,-58,1237,763,297,532,463,1172,270,-337,-138,1611,286,527,766,-130,691,-161,
815839,4912635,4179287,1676471,3770686,2263042,-517,-27,1197,763,280,517,467,1170,280,-322,-196,1551,286,527,766,-145,828,-122,
815839,4912635,3068376,1676471,3770686,2263042,-538,-26,1206,784,280,517,470,1150,277,-346,-174,1526,302,533,750,-137,969,-69,
815839,4912635,3068376,165327,3770686,2263042,-578,-21,1198,800,266,498,464,1136,283,-359,-163,1448,302,539,754,-115,1085,-18,
815839,4912635,3068376,165327,4225041,2263042,-605,23,1096,800,266,498,457,1118,278,-397,-113,1394,326,539,754,-81,1155,10,
815839,4912635,3068376,165327,4225041,3243302,-617,23,1095,812,258,488,451,1070,268,-379,-103,1277,351,533,752,-58,1190,29,
815839,4912635,3068376,165327,4225041,3243302,-614,50,1023,812,258,488,421,1029,264,-405,-76,1142,351,533,752,-70,1171,34,
815839,4912635,3068376,165327,4225041,3243302,-661,54,1022,822,254,473,419,977,254,-450,-10,1078,373,541,747,-89,1126,8,
737529,4912635,3068376,165327,4225041,3243302,-660,30,1115,838,235,461,409,912,241,-465,-44,1062,373,541,747,-111,1058,-24,
737529,4937777,3068376,165327,4225041,3243302,-646,68,1076,838,235,461,395,795,237,-475,-48,1048,389,547,734,-138,964,-50,
737529,4937777,2394408,165327,4225041,3243302,-717,69,976,851,227,446,383,704,233,-491,-81,1081,389,547,734,-166,873,-69,
737529,4937777,2394408,165320,4225041,3243302,-734,107,923,851,227,446,357,617,227,-506,-114,1173,406,555,725,-183,811,-76,
737529,4937777,2394408,165320,4409401,3243302,-738,104,953,854,225,436,344,529,223,-518,-116,1241,419,553,712,-173,777,-62,
737529,4937777,2394408,165320,4409401,3510438,-721,96,986,860,214,430,310,465,217,-552,-126,1335,419,553,712,-164,793,-49,
737529,4937777,2394408,165320,4409401,3510438,-750,137,1029,860,214,430,277,405,212,-558,-106,1393,435,561,713,-182,823,-52,
737529,4937777,2394408,165320,4409401,3510438,-737,123,1038,866,200,433,271,357,203,-596,-24,1328,435,561,713,-226,850,-58,
715632,4937777,2394408,165320,4409401,3510438,-817,25,1163,866,200,433,276,322,206,-602,-8,1296,450,572,692,-297,883,-85,
715632,4991018,2394408,165320,4409401,3510438,-834,-40,1269,868,198,421,273,308,225,-650,-10,1347,450,572,692,-368,919,-186,
715632,4991018,2385200,165320,4409401,3510438,-865,-44,1345,868,198,421,270,346,287,-642,-49,1330,465,584,671,-466,981,-226,
715632,4991018,2385200,165295,4409401,3510438,-837,-49,1405,879,188,419,284,423,429,-630,-112,1296,475,592,656,-480,1026,-249,
715632,4991018,2385200,165295,4564064,3510438,-859,-52,1384,886,161,421,330,625,509,-630,-154,1268,475,592,656,-486,1074,-244,
715632,4991018,2385200,165295,4564064,3253595,-847,-27,1374,886,161,421,340,754,579,-629,-182,1239,497,598,656,-477,1119,-222,
715632,4991018,2385200,165295,4564064,3253595,-818,136,1312,894,146,408,339,863,624,-638,-221,1177,497,598,656,-474,1144,-203,
715632,4991018,2385200,165295,4564064,3253595,-788,185,1263,894,146,408,352,951,637,-676,-195,1126,514,612,620,-471,1157,-190,
762262,4991018,2385200,165295,4564064,3253595,-750,299,1191,905,133,390,377,1019,639,-703,-180,1110,514,612,620,-469,1159,-172,
762262,4983000,2385200,165295,4564064,3253595,-757,376,1181,918,113,373,415,1053,601,-688,-159,1114,525,629,592,-462,1151,-167,
762262,4983000,2498241,165295,4564064,3253595,-752,399,1122,918,113,373,452,1060,547,-701,-150,1043,525,629,592,-492,1153,-184,
762262,4983000,2498241,165431,4564064,3253595,-771,414,1017,928,94,346,454,1065,481,-771,-97,1058,551,634,577,-526,1136,-209,
762262,4983000,2498241,165431,4733725,3253595,-820,377,1012,928,94,346,467,1071,421,-771,-144,1083,563,642,547,-532,1133,-234,
762262,4983000,2498241,165431,4733725,2762149,-877,280,976,938,87,319,472,1075,376,-763,-189,1074,563,642,547,-544,1145,-264,
762262,4983000,2498241,165431,4733725,2762149,-914,173,958,938,87,319,489,1060,360,-793,-216,1114,578,652,528,-551,1155,-282,
762262,4983000,2498241,165431,4733725,2762149,-940,204,1013,946,78,309,499,1045,411,-765,-288,1084,578,652,528,-552,1174,-294,
830858,4983000,2498241,165431,4733725,2762149,-958,148,981,954,58,286,531,1045,460,-793,-327,1111,588,668,514,-548,1216,-287,
830858,5043391,2498241,165431,4733725,2762149,-980,171,1114,954,58,286,546,1059,511,-799,-323,1073,588,668,514,-538,1255,-246,
830858,5043391,2544166,165431,4733725,2762149,-967,252,1071,963,36,276,595,1083,564,-803,-324,1001,605,686,489,-546,1303,-219,
830858,5043391,2544166,165122,4733725,2762149,-956,311,1030,963,36,276,624,1131,598,-818,-334,954,617,689,461,-542,1342,-201,
830858,5043391,2544166,165122,4878979,2762149,-983,339,984,969,22,236,657,1168,610,-847,-341,971,617,689,461,-523,1366,-176,
830858,5043391,2544166,165122,4878979,2488850,-929,423,987,981,3,216,653,1200,617,-846,-327,945,634,698,440,-502,1384,-119,
830858,5043391,2544166,165122,4878979,2488850,-916,511,890,981,3,216,657,1228,596,-917,-295,933,634,698,440,-491,1441,-110,
830858,5043391,2544166,165122,4878979,2488850,-912,514,846,988,-19,191,663,1243,557,-928,-300,866,645,703,415,-486,1430,-109,
823294,5043391,2544166,165122,4878979,2488850,-969,485,755,988,-19,191,655,1253,509,-974,-291,894,645,703,415,-496,1429,-116,
823294,5099589,2544166,165122,4878979,2488850,-957,505,676,995,-31,160,572,1250,427,-969,-236,778,666,722,396,-519,1401,-127,
823294,5099589,2416335,165122,4878979,2488850,-957,579,684,995,-31,160,522,1237,380,-971,-242,818,666,722,368,-535,1383,-162,
823294,5099589,2416335,165404,4878979,2488850,-957,582,673,997,-43,132,465,1217,333,-989,-251,800,676,720,368,-566,1392,-201,
823294,5099589,2416335,165404,4944107,2488850,-965,604,554,1004,-58,113,399,1211,271,-1016,-291,760,691,728,342,-584,1385,-237,
823294,5099589,2416335,165404,4944107,2355725,-1020,656,701,1004,-58,113,339,1204,208,-1012,-304,756,691,728,342,-607,1374,-264,
823294,5099589,2416335,165404,4944107,2355725,-1078,634,673,1004,-59,84,292,1189,129,-1049,-355,738,702,738,308,-637,1372,-264,
823294,5099589,2416335,165404,4944107,2355725,-1054,570,690,1004,-59,84,245,1175,74,-1072,-353,758,702,738,308,-652,1369,-265,
861759,5099589,2416335,165404,4944107,2355725,-1123,513,719,1008,-56,69,230,1176,45,-1083,-404,759,703,752,273,-667,1382,-274,
861759,5137978,2416335,165404,4944107,2355725,-1175,491,682,1017,-64,36,220,1173,40,-1057,-432,761,703,752,273,-669,1407,-267,
861759,5137978,2758440,165404,4944107,2355725,-1175,459,720,1017,-64,36,223,1171,50,-1081,-473,772,712,764,223,-686,1440,-247,
861759,5137978,2758440,165500,4944107,2355725,-1218,384,675,1015,-66,19,251,1151,132,-1102,-520,762,720,763,211,-696,1481,-208,
861759,5137978,2758440,165500,4961291,2355725,-1230,387,616,1015,-66,19,313,1121,193,-1127,-507,774,720,763,211,-714,1500,-165,
861759,5137978,2758440,165500,4961291,2087798,-1274,340,600,1015,-69,-7,354,1090,256,-1103,-467,619,726,768,182,-732,1525,-130,
861759,5137978,2758440,165500,4961291,2087798,-1246,346,496,1015,-69,-7,355,1060,331,-1129,-440,570,726,768,182,-745,1539,-101,
861759,5137978,2758440,165500,4961291,2087798,-1247,401,467,1016,-83,-32,371,1021,390,-1115,-418,476,731,777,132,-751,1554,-85,
891094,5137978,2758440,165500,4961291,2087798,-1259,405,502,1017,-94,-63,362,983,445,-1118,-469,483,731,777,132,-746,1541,-76,
891094,5112661,2758440,165500,4961291,2087798,-1262,461,471,1017,-94,-63,352,954,502,-1121,-482,431,735,785,99,-735,1545,-46,
891094,5112661,2744303,165500,4961291,2087798,-1236,453,425,1012,-109,-85,351,917,550,-1152,-509,413,740,780,59,-737,1521,-15,
891094,5112661,2744303,165473,4961291,2087798,-1224,511,403,1012,-109,-85,321,888,588,-1092,-525,353,740,780,59,-703,1509,24,
891094,5112661,2744303,165473,4909893,2087798,-1224,508,444,1012,-114,-100,301,864,621,-1130,-520,350,744,781,28,-698,1492,52,
891094,5112661,2744303,165473,4909893,1578102,-1215,535,385,1010,-141,-123,274,842,650,-1184,-489,239,744,781,28,-700,1476,53,
891094,5112661,2744303,165473,4909893,1578102,-1176,531,367,1010,-141,-123,242,801,691,-1041,-529,197,749,781,-12,-656,1459,92,
891094,5112661,2744303,165473,4909893,1578102,-1168,615,399,998,-157,-135,209,778,707,-1112,-531,158,749,781,-12,-670,1442,130,
751489,5112661,2744303,165473,4909893,1578102,-1174,655,327,998,-157,-135,212,755,719,-1112,-692,181,747,783,-43,-656,1422,183,
751489,5089036,2744303,165473,4909893,1578102,-1199,608,381,994,-173,-156,214,730,731,-1088,-685,153,747,783,-43,-693,1392,252,
751489,5089036,2358393,165473,4909893,1578102,-1205,654,366,994,-173,-176,193,722,752,-1118,-697,138,755,773,-83,-743,1379,324,
751489,5089036,2358393,165439,4909893,1578102,-1176,667,364,987,-193,-176,178,713,767,-1115,-620,110,760,763,-110,-825,1371,381,
751489,5089036,2358393,165439,4912076,1578102,-1239,666,326,982,-208,-187,170,701,775,-1152,-603,89,760,763,-110,-885,1370,417,
751489,5089036,2358393,165439,4912076,1474180,-1232,631,340,982,-208,-187,161,696,793,-1159,-614,59,764,754,-150,-989,1349,434,
751489,5089036,2358393,165439,4912076,1474180,-1250,596,307,971,-225,-200,154,689,819,-1116,-657,-45,764,754,-150,-1084,1343,457,
751489,5089036,2358393,165439,4912076,1474180,-1272,501,307,971,-225,-200,158,662,876,-1093,-386,97,764,747,-189,-1185,1350,484,
712545,5089036,2358393,165439,4912076,1474180,-1296,467,273,960,-244,-216,149,647,960,-1656,1255,1081,764,747,-189,-1321,1378,442,
712545,5057416,2358393,165439,4912076,1474180,-1223,625,193,952,-278,-226,71,566,1124,-4225,1132,3365,761,738,-225,-850,1727,295,
712545,5057416,1769948,165439,4912076,1474180,-933,1143,76,952,-278,-226,222,369,1077,-3719,-951,1478,749,740,-268,-129,2403,-85,
712545,5057416,1769948,165396,4912076,1474180,-1202,813,287,943,-304,-232,740,51,1002,-456,-643,-970,749,740,-268,-233,2283,-378,
712545,5057416,1769948,165396,4492842,1474180,-1639,-103,168,943,-304,-232,1176,-219,1124,1663,-276,-2732,733,740,-298,-154,1983,-248,
712545,5057416,1769948,165396,4492842,802541,-1954,-517,187,930,-324,-239,1307,-423,1513,173,-1827,-1819,733,740,-298,169,1761,377,
712545,5057416,1769948,165396,4492842,802541,-1993,-464,205,930,-363,-231,1308,-615,2014,-1234,-1820,-1046,733,733,-311,-211,924,907,
712545,5057416,1769948,165396,4492842,802541,-1801,-142,241,914,-363,-231,1270,-781,2468,-1433,-1213,-857,733,733,-311,-308,414,1265,
449167,5057416,1769948,165396,4492842,802541,-1365,273,188,891,-426,-219,1273,-929,2778,-981,-548,-935,752,717,-321,-359,35,1375,
449167,4685050,1769948,165396,4492842,802541,-701,914,-86,891,-426,-219,1234,-1009,2886,-851,-241,-747,752,717,-332,-425,-136,1328,
449167,4685050,579363,165396,4492842,802541,-382,1252,-306,857,-485,-216,984,-1042,2829,-1105,-163,-543,775,684,-332,-527,-166,1245,
449167,4685050,579363,165327,4492842,802541,-29,1619,-434,857,-485,-216,624,-1052,2338,-1448,-103,-358,794,654,-332,-599,-196,1153,
449167,4685050,579363,165327,4536292,802541,264,2079,-427,827,-527,-188,215,-1077,1973,-1628,20,-147,794,654,-332,-571,-237,1054,
449167,4685050,579363,165327,4536292,1623586,296,2190,-340,810,-564,-177,265,-1123,1550,-1676,-183,173,814,634,-336,-538,-156,962,
449167,4685050,579363,165327,4536292,1623586,240,2187,-348,810,-564,-177,277,-1097,1141,-1742,-79,295,814,634,-336,-526,96,940,
449167,4685050,579363,165327,4536292,1623586,-100,2189,87,798,-584,-155,278,-1049,740,-1878,-273,376,824,615,-360,-336,508,1047,
164455,4685050,579363,165327,4536292,1623586,-321,2033,216,798,-584,-155,271,-1014,382,-1842,-408,417,824,615,-360,-232,995,1207,
164455,4273006,579363,165327,4536292,1623586,-579,1774,375,796,-577,-142,304,-967,108,-1755,-391,417,831,596,-374,-305,1358,1321,
164455,4273006,444569,165327,4536292,1623586,-988,1615,487,797,-579,-137,404,-866,-36,-1740,-347,327,834,561,-412,-401,1612,1372,
164455,4273006,444569,165499,4536292,1623586,-1121,1182,564,797,-579,-137,635,-688,-34,-1523,-231,246,834,561,-412,-513,1784,1400,
164455,4273006,444569,165499,4035581,1623586,-1178,736,457,796,-583,-135,775,-575,72,-1283,6,-231,827,532,-447,-635,1890,1388,
164455,4273006,444569,165499,4035581,1864411,-1135,276,304,796,-583,-135,792,-501,233,-913,461,-459,827,532,-447,-673,1885,1303,
164455,4273006,444569,165499,4035581,1864411,-1059,307,107,788,-588,-143,750,-386,644,-847,548,-648,815,500,-491,-559,1747,1168,
164455,4273006,444569,165499,4035581,1864411,-1008,530,136,788,-588,-143,487,-332,797,-994,445,-756,815,500,-491,-370,1580,1021,
164757,4273006,444569,165499,4035581,1864411,-849,867,113,777,-599,-140,454,-297,868,-1180,242,-822,808,487,-518,-189,1424,882,
164757,3903553,444569,165499,4035581,1864411,-766,1271,171,767,-621,-141,461,-305,827,-1137,226,-865,804,475,-524,-176,1255,765,
164757,3903553,327157,165499,4035581,1864411,-776,1669,217,767,-621,-141,524,-262,670,-1290,192,-753,804,475,-524,-158,1110,692,
164757,3903553,327157,165542,4035581,1864411,-547,1997,202,753,-632,-151,628,-213,426,-1159,151,-1003,792,454,-552,37,1165,775,
164757,3903553,327157,165542,3262908,1864411,-432,1986,100,753,-632,-151,755,-184,168,-1272,-50,-680,792,454,-552,201,1382,931,
164757,3903553,327157,165542,3262908,1246612,-487,1984,118,754,-618,-157,853,-218,-83,-782,38,-645,784,440,-581,245,1664,1105,
164757,3903553,327157,165542,3262908,1246612,-619,1982,171,763,-610,-179,944,-241,-346,-459,145,-1051,784,440,-581,235,1759,1152,
164757,3903553,327157,165542,3262908,1246612,-623,1701,266,763,-610,-179,1023,-192,-598,-140,190,-1678,768,438,-600,297,1529,1051,
164740,3903553,327157,165542,3262908,1246612,-895,1109,615,772,-595,-181,1061,-164,-763,-718,111,-1185,768,438,-600,369,933,813,
164740,3328384,327157,165542,3262908,1246612,-1301,-377,581,772,-595,-181,719,128,-426,-1468,-301,-916,761,425,-614,220,337,597,
164740,3328384,241019,165542,3262908,1246612,-1224,-213,528,777,-579,-197,229,346,21,-1858,-395,-696,768,415,-612,-19,-95,563,
164740,3328384,241019,417714,3262908,1246612,-840,261,247,777,-579,-197,-156,543,353,-1816,-107,-393,768,415,-612,-189,-331,581,
164740,3328384,241019,417714,3028890,1246612,-566,839,17,765,-587,-204,-328,551,545,-1442,264,-337,778,399,-613,-205,-409,544,
164740,3328384,241019,417714,3028890,1090194,-605,1294,-109,754,-603,-197,-303,456,582,-1288,299,-256,778,399,-613,-221,-407,459,
164740,3328384,241019,417714,3028890,1090194,-729,2175,-171,754,-603,-197,-292,427,459,-1164,463,-623,788,392,-616,-272,-282,403,
164740,3328384,241019,417714,3028890,1090194,-863,2254,-163,745,-612,-195,-240,442,209,-1184,546,-804,788,392,-616,-290,-97,333,
164723,3328384,241019,417714,3028890,1090194,-955,2153,-168,745,-612,-195,-97,477,-132,-1357,614,-907,789,383,-602,-319,30,212,
164723,3038077,241019,417714,3028890,1090194,-995,2026,-204,744,-596,-216,40,558,-455,-1481,690,-1000,786,375,-617,-237,142,148,
164723,3038077,167690,417714,3028890,1090194,-956,1776,-204,759,-581,-226,194,666,-740,-1133,714,-1054,786,375,-617,13,270,113,
164723,3038077,167690,314853,3028890,1090194,-924,1386,-199,759,-581,-226,399,778,-922,-849,439,-1074,780,375,-604,269,315,27,
164723,3038077,167690,314853,2125169,1090194,-800,689,-332,756,-569,-255,372,994,-321,-797,-11,-906,780,375,-604,316,247,-16,
164723,3038077,167690,314853,2125169,544270,-316,1063,-379,756,-569,-255,356,908,262,-1293,11,-826,779,379,-614,193,98,9,
164723,3038077,167690,314853,2125169,544270,-421,1222,-390,742,-570,-277,393,843,430,-1556,-246,-632,779,379,-614,120,-57,25,
164723,3038077,167690,314853,2125169,544270,-588,1028,-273,742,-570,-277,250,912,112,-1423,-702,-479,787,394,-614,19,-482,133,
164642,3038077,167690,314853,2125169,544270,-668,962,-255,734,-571,-292,-163,1001,-286,-1341,-589,-376,787,394,-607,-301,-664,311,
164642,2865468,167690,314853,2125169,544270,-714,974,-127,732,-572,-296,-540,1032,-446,-1274,-135,-422,800,375,-607,-483,-620,340,
164642,2865468,180000,314853,2125169,544270,-608,1273,-3,732,-572,-296,-880,956,-332,-1252,61,-438,811,358,-595,-513,-461,253,
164642,2865468,180000,454500,2125169,544270,-482,1333,34,726,-577,-305,-971,818,-49,-1067,62,-457,811,358,-595,-487,-362,305,
164642,2865468,180000,454500,1475198,544270,-389,1201,37,726,-577,-305,-898,730,220,-1239,54,-206,816,341,-583,-481,-287,504,
164642,2865468,180000,454500,1475198,570791,-387,1143,21,713,-582,-303,-988,680,358,-1319,55,-275,816,341,-583,-550,-164,589,
164642,2865468,180000,454500,1475198,570791,-397,950,48,708,-605,-289,-1779,890,77,-1338,-25,-140,822,326,-607,-721,-44,585,
164642,2865468,180000,454500,1475198,570791,-381,831,31,708,-605,-289,-2083,1107,-159,-1429,-44,-94,822,326,-607,-886,4,623,
164828,2865468,180000,454500,1475198,570791,-197,354,193,697,-615,-265,-2572,1158,-237,-1499,52,-65,820,302,-607,-954,-36,689,
164828,2181649,180000,454500,1475198,570791,-83,665,374,697,-615,-265,-3092,949,-171,-1503,-159,-87,831,268,-605,-886,-127,765,
164828,2181649,187408,454500,1475198,570791,-91,891,471,694,-630,-233,-3201,710,-161,-1383,-507,-105,831,268,-605,-936,-245,870,
164828,2181649,187408,2618457,1475198,570791,82,872,331,694,-630,-233,-2899,441,-235,-1262,-758,-445,841,231,-619,-1270,-302,1004,
164828,2181649,187408,2618457,581233,570791,-7,717,369,693,-636,-203,-2466,45,-287,-1257,276,-477,841,231,-619,-1675,-253,1114,
164828,2181649,187408,2618457,581233,182284,-148,484,549,691,-651,-167,-2120,-314,-199,-1144,-58,-665,843,185,-617,-1494,-155,1179,
164828,2181649,187408,2618457,581233,182284,-676,1201,359,691,-651,-167,-1816,-325,649,-901,-391,-750,843,185,-617,-1167,-41,1261,
164828,2181649,187408,2618457,581233,182284,-571,1362,591,670,-680,-142,-1328,-358,1353,-916,-98,-809,847,147,-640,-1268,-1,1448,
433370,2181649,187408,2618457,581233,182284,-1508,1601,1104,670,-680,-142,-1159,-1125,1133,-906,213,-807,847,97,-636,-1427,28,1601,
433370,1507334,187408,2618457,581233,182284,-1300,737,723,653,-693,-110,-599,-823,1061,-880,413,-786,844,97,-636,-1409,32,1658,
433370,1507334,166965,2618457,581233,182284,-806,727,664,634,-723,-86,-881,-828,1193,-958,672,-711,844,39,-636,-1322,21,1748,
433370,1507334,166965,3008392,581233,182284,-568,1275,616,634,-723,-86,-741,-869,1099,-1017,1105,-612,844,39,-636,-826,97,1768,
433370,1507334,166965,3008392,496498,182284,-639,817,558,614,-746,-67,-664,-809,998,-918,953,-561,838,-5,-631,-669,162,1806,
433370,1507334,166965,3008392,496498,1404952,-404,1025,469,614,-746,-67,-755,-715,1114,-920,1071,-495,838,-5,-631,-677,205,1785,
433370,1507334,166965,3008392,496498,1404952,-198,1335,477,590,-769,-44,-765,-690,1226,-947,1067,-469,828,-45,-642,-662,192,1709,
433370,1507334,166965,3008392,496498,1404952,-264,1349,501,590,-769,-17,-603,-753,1228,-1004,1124,-476,828,-45,-642,-574,188,1658,
770028,1507334,166965,3008392,496498,1404952,-382,1247,506,568,-781,-17,-476,-804,1215,-964,1080,-408,819,-82,-649,-440,196,1591,
770028,1322768,166965,3008392,496498,1404952,-432,1164,534,543,-810,-4,-454,-800,1211,-971,1010,-449,809,-115,-645,-289,192,1569,
770028,1322768,167517,3008392,496498,1404952,-394,1039,513,543,-810,-4,-449,-739,1237,-969,901,-413,809,-115,-645,-179,197,1566,
770028,1322768,167517,2941994,496498,1404952,-270,1055,542,511,-825,11,-469,-650,1404,-969,652,-427,796,-145,-656,-137,181,1592,
770028,1322768,167517,2941994,506383,1404952,-157,1063,633,511,-825,11,-330,-643,1491,-1129,666,-394,796,-145,-656,-146,162,1646,
770028,1322768,167517,2941994,506383,484025,-208,1336,695,478,-842,13,-87,-779,1526,-1206,459,-319,782,-171,-655,-100,182,1676,
770028,1322768,167517,2941994,506383,484025,-354,1269,718,446,-867,33,241,-893,1511,-1240,395,-368,782,-171,-655,-149,215,1701,
770028,1322768,167517,2941994,506383,484025,-466,915,707,446,-867,33,313,-927,1530,-1321,541,-340,767,-205,-654,-296,262,1729,
765536,1322768,167517,2941994,506383,484025,-371,985,594,406,-894,34,203,-925,1601,-1270,550,-393,745,-239,-660,-357,341,1720,
765536,966792,167517,2941994,506383,484025,-253,1000,523,406,-894,34,165,-926,1662,-1320,579,-361,745,-239,-660,-462,379,1672,
765536,966792,167074,2941994,506383,484025,-193,1049,484,365,-905,45,162,-950,1733,-1352,784,-427,724,-284,-644,-588,435,1609,
765536,966792,167074,2937109,506383,484025,-125,1290,540,365,-929,57,127,-963,1824,-1399,993,-395,724,-284,-644,-650,499,1508,
765536,966792,167074,2937109,165078,484025,7,1479,525,319,-929,57,161,-961,1851,-1348,963,-413,702,-313,-664,-658,593,1352,
765536,966792,167074,2937109,165078,346622,138,1641,519,278,-953,59,290,-978,1820,-1313,1059,-373,702,-313,-664,-722,703,1182,
765536,966792,167074,2937109,165078,346622,423,1562,344,278,-953,59,721,-921,1669,-1161,1095,-435,667,-334,-673,-802,810,843,
765536,966792,167074,2937109,165078,346622,536,1575,429,233,-965,50,537,-907,1586,-1006,1029,-446,667,-334,-673,-874,932,747,
676719,966792,167074,2937109,165078,346622,622,1645,353,233,-965,50,541,-961,1442,-978,1120,-371,642,-367,-700,-878,961,694,
676719,1047713,167074,2937109,165078,346622,594,1596,320,190,-969,43,582,-1028,1261,-911,1045,-318,614,-388,-704,-850,1029,643,
676719,1047713,170667,2937109,165078,346622,397,1570,405,168,-990,38,612,-1072,1132,-938,896,-219,614,-388,-704,-894,1114,670,
676719,1047713,170667,3025674,165078,346622,368,1371,353,168,-990,38,602,-1062,1061,-752,865,-235,587,-417,-704,-914,1199,700,
676719,1047713,170667,3025674,165059,346622,67,1061,350,142,-1002,37,514,-1035,1072,-619,899,-172,587,-417,-704,-981,1284,756,
676719,1047713,170667,3025674,165059,163880,14,951,308,142,-1002,37,402,-960,1176,-362,1034,-269,545,-442,-708,-1049,1327,871,
676719,1047713,170667,3025674,165059,163880,978,3875,1427,102,-1002,35,244,-869,1346,-222,1274,-266,545,-442,-708,-1068,1313,978,
676719,1047713,170667,3025674,165059,163880,293,1807,431,96,-1004,3,740,-791,906,-35,1343,-380,509,-471,-723,-1030,1313,987,
2149876,1047713,170667,3025674,165059,163880,702,1443,70,96,-1004,3,2074,-798,-55,107,1472,-452,469,-500,-724,-1056,1282,1019,
2149876,1041321,170667,3025674,165059,163880,229,1469,11,95,-1014,-21,948,-408,63,277,1789,-483,469,-500,-724,-934,1251,1165,
2149876,1041321,382477,3025674,165059,163880,547,1288,239,95,-1014,-21,561,-129,129,423,1728,-756,432,-529,-716,-815,1178,1187,
2149876,1041321,382477,3166195,165059,163880,699,1333,344,89,-1009,-31,338,-60,418,646,1909,-529,432,-529,-716,-750,1043,1186,
2149876,1041321,382477,3166195,165099,163880,587,1376,305,89,-1009,-31,286,-105,916,649,1818,-492,391,-549,-727,-615,836,1173,
2149876,1041321,382477,3166195,165099,243832,455,1374,208,62,-1011,-43,253,-43,1339,539,1683,-473,391,-549,-727,-485,614,1173,
2149876,1041321,382477,3166195,165099,243832,493,1296,197,28,-1028,-44,165,88,1524,2,1755,-461,362,-568,-727,-391,443,1191,
2149876,1041321,382477,3166195,165099,243832,554,1233,248,28,-1028,-44,38,145,1529,-179,1443,-474,362,-580,-722,-259,390,1046,
3067682,1041321,382477,3166195,165099,243832,508,1198,253,-11,-1033,-52,-61,113,1469,-269,1145,-432,342,-580,-722,-177,382,999,
3067682,961460,382477,3166195,165099,243832,524,1203,292,-11,-1033,-52,-134,68,1401,-268,1117,-458,318,-603,-735,-284,368,1114,
3067682,961460,239558,3166195,165099,243832,533,1201,307,-48,-1028,-48,-171,37,1363,-219,1095,-379,318,-603,-735,-391,374,1233,
3067682,961460,239558,3304374,165099,243832,535,1193,390,-76,-1034,-40,-182,39,1396,-270,951,-372,288,-618,-719,-381,370,1355,
3067682,961460,239558,3304374,165117,243832,472,1234,464,-76,-1034,-40,-237,98,1448,-585,1588,-610,288,-618,-719,-368,375,1410,
3067682,961460,239558,3304374,165117,454132,561,1202,266,-113,-1046,-39,-272,104,1429,-717,2369,-798,256,-630,-730,-280,312,1155,
3067682,961460,239558,3304374,165117,454132,707,931,221,-113,-1046,-39,-380,132,1232,-422,2620,-845,256,-630,-730,-247,77,569,
3067682,961460,239558,3304374,165117,454132,821,823,148,-140,-1037,-29,-559,238,811,-40,1740,-571,247,-631,-729,-163,-201,153,
2443328,961460,239558,3304374,165117,454132,735,949,210,-140,-1037,-29,-709,290,264,-20,1467,-444,254,-642,-729,-4,-334,-22,
2443328,1132794,239558,3304374,165117,454132,595,883,301,-139,-1039,-10,-723,333,-245,-70,1651,-455,254,-642,-729,124,-382,-180,
2443328,1132794,209018,3304374,165117,454132,687,935,379,-130,-1042,13,-781,357,-514,-38,1349,-257,265,-635,-725,197,-443,-298,
2443328,1132794,209018,3352345,165117,454132,674,1116,483,-130,-1042,13,-728,340,-503,100,1011,-103,265,-635,-725,183,-464,-301,
2443328,1132794,209018,3352345,165021,454132,585,1293,489,-124,-1047,25,-541,363,-281,140,829,-39,281,-627,-717,114,-376,-158,
2443328,1132794,209018,3352345,165021,469890,516,1236,471,-124,-1047,25,-337,402,0,-43,915,-8,281,-627,-717,67,-260,95,
2443328,1132794,209018,3352345,165021,469890,488,1269,455,-134,-1032,32,-201,331,572,-264,1169,-227,280,-627,-703,81,-152,305,
2443328,1132794,209018,3352345,165021,469890,468,1281,440,-148,-1046,25,-111,287,783,-600,1457,-269,275,-632,-705,113,-70,361,
2499850,1132794,209018,3352345,165021,469890,378,1303,338,-148,-1046,25,1,347,892,-674,1388,-481,275,-632,-705,166,-21,278,
2499850,973166,209018,3352345,165021,469890,410,1109,316,-172,-1044,31,67,460,911,-724,1207,-515,269,-634,-728,136,12,195,
2499850,973166,240047,3352345,165021,469890,741,1051,240,-172,-1044,31,15,556,865,-515,1179,-583,269,-634,-728,128,78,152,
2499850,973166,240047,3112444,165021,469890,795,1009,233,-195,-1038,27,-60,670,758,-717,1262,-600,266,-631,-725,118,145,114,
2499850,973166,240047,3112444,165073,469890,840,938,311,-195,-1038,27,-144,818,596,-581,1251,-545,266,-631,-725,27,173,66,
2499850,973166,240047,3112444,165073,402223,876,857,388,-202,-1044,35,-323,886,342,-322,1185,-476,261,-627,-736,-19,194,-6,
2499850,973166,240047,3112444,165073,402223,783,854,359,-202,-1041,43,-545,824,15,-274,1306,-435,261,-627,-736,-93,203,-16,
2499850,973166,240047,3112444,165073,402223,719,987,584,-202,-1041,43,-669,766,-275,-211,1371,-473,259,-634,-721,-131,250,-62,
2577116,973166,240047,3112444,165073,402223,749,1002,657,-193,-1037,64,-621,740,-446,-277,1318,-367,254,-638,-713,-152,332,-86,
2577116,1180848,240047,3112444,165073,402223,762,1015,630,-193,-1037,64,-290,671,-302,-286,1251,-391,254,-638,-713,-133,445,-96,
2577116,1180848,204643,3112444,165073,402223,816,955,705,-187,-1036,67,-269,637,-34,-354,1306,-396,243,-641,-721,-91,557,-120,
2577116,1180848,204643,2959225,165073,402223,795,1045,733,-189,-1041,79,-346,624,298,-420,1278,-357,243,-641,-721,-49,644,-150,
2577116,1180848,204643,2959225,165126,402223,815,1033,704,-189,-1041,79,-457,612,602,-445,1271,-411,236,-637,-724,-26,704,-172,
2577116,1180848,204643,2959225,165126,419923,874,1077,644,-209,-1040,89,-644,506,833,-426,1239,-438,236,-637,-724,-18,767,-187,
2577116,1180848,204643,2959225,165126,419923,752,927,602,-209,-1040,89,-795,319,975,-396,1287,-457,220,-632,-736,-43,806,-211,
2577116,1180848,204643,2959225,165126,419923,673,880,642,-233,-1026,113,-941,159,1084,-389,1234,-430,210,-640,-739,-55,809,-231,
2219080,1180848,204643,2959225,165126,419923,631,922,692,-233,-1026,113,-1058,32,1125,-339,1182,-411,210,-640,-739,-45,820,-232,
2219080,1595110,204643,2959225,165126,419923,598,886,685,-262,-1023,142,-1130,-59,1077,-331,1226,-446,196,-639,-745,-89,800,-233,
2219080,1595110,166957,2959225,165126,419923,561,909,743,-279,-1016,154,-1218,-118,939,-273,1273,-419,196,-639,-745,-128,741,-216,
2219080,1595110,166957,2472845,165126,419923,552,1211,752,-279,-1016,154,-1301,-145,407,-232,1330,-500,186,-641,-743,-141,672,-186,
2219080,1595110,166957,2472845,165144,419923,505,1320,652,-287,-1008,186,-1268,-172,87,-251,1299,-425,186,-641,-743,-179,645,-196,
2219080,1595110,166957,2472845,165144,388531,490,1386,646,-287,-1008,186,-1192,-178,-188,-219,1318,-414,177,-634,-755,-204,664,-247,
2219080,1595110,166957,2472845,165144,388531,521,1436,634,-283,-994,211,-1079,-224,-420,-227,1341,-325,177,-644,-746,-204,671,-275,
2219080,1595110,166957,2472845,165144,388531,490,1541,681,-273,-1005,225,-838,-257,-605,-215,1347,-291,170,-644,-746,-220,638,-280,
1700164,1595110,166957,2472845,165144,388531,447,1470,720,-273,-1005,225,-413,-214,-710,-229,1497,-255,165,-650,-751,-221,572,-288,
1700164,1436627,166957,2472845,165144,388531,466,889,750,-255,-1008,219,-149,-107,-715,-221,1383,-234,165,-650,-751,-130,516,-316,
1700164,1436627,166795,2472845,165144,388531,550,836,832,-255,-1008,219,-110,4,-640,-200,1426,-232,160,-648,-744,-115,463,-333,
1700164,1436627,166795,2675979,165144,388531,634,772,855,-239,-1006,222,-127,22,-540,-142,1313,-277,160,-648,-744,188,405,-317,
1700164,1436627,166795,2675979,165101,388531,585,842,977,-239,-1006,215,-115,-37,-462,-115,1277,-333,156,-649,-749,52,373,-311,
1700164,1436627,166795,2675979,165101,249519,652,868,987,-230,-1007,215,-73,-12,-451,-109,1250,-373,156,-649,-749,101,300,-278,
1700164,1436627,166795,2675979,165101,249519,733,783,929,-219,-1012,221,79,159,-541,-231,1145,-373,157,-639,-769,64,201,-210,
1700164,1436627,166795,2675979,165101,249519,965,450,956,-219,-1012,221,-30,129,-523,-229,1056,-435,155,-650,-748,-56,87,-99,
2202485,1436627,166795,2675979,165101,249519,966,562,1173,-209,-1011,227,-228,71,-434,-349,1105,-429,155,-650,-748,-207,-26,28,
2202485,583432,166795,2675979,165101,249519,1077,874,1175,-209,-1011,227,-367,48,-301,-441,1090,-351,156,-659,-727,-342,-81,121,
2202485,583432,166961,2675979,165101,249519,1097,1118,1175,-201,-1005,227,-278,34,-158,-599,1235,-380,156,-659,-727,-465,-51,144,
2202485,583432,166961,3055959,165101,249519,1108,1050,1265,-201,-1008,225,-84,-63,63,-568,1224,-419,152,-660,-737,-548,31,123,
2202485,583432,166961,3055959,164959,249519,1052,867,1174,-201,-1008,225,-54,-206,377,-546,1283,-392,152,-660,-737,-610,108,76,
2202485,583432,166961,3055959,164959,374856,941,1040,1065,-220,-1006,229,-169,-289,731,-430,1192,-410,149,-671,-730,-609,170,35,
2202485,583432,166961,3055959,164959,374856,950,1544,1142,-220,-1006,229,-405,-338,936,-435,1143,-391,145,-687,-710,-617,153,55,
2202485,583432,166961,3055959,164959,374856,910,1696,1100,-244,-1000,238,-438,-367,911,-437,1167,-369,145,-687,-710,-637,70,140,
1981360,583432,166961,3055959,164959,374856,886,1404,1038,-500,-1003,239,-187,-403,600,-454,1253,-375,139,-699,-694,-555,19,190,
1981360,731762,166961,3055959,164959,374856,838,1334,1101,-260,-1003,239,-137,-410,633,-411,1289,-401,139,-699,-694,-447,-39,200,
1981360,731762,166940,3055959,164959,374856,935,1445,1017,-277,-1001,233,-131,-444,733,-402,1284,-391,139,-711,-691,-431,-87,188,
1981360,731762,166940,3280430,164959,374856,958,1283,987,-277,-1001,233,-46,-506,866,-304,1419,-417,139,-711,-691,-542,-119,172,
1981360,731762,166940,3280430,165179,374856,986,1040,942,-304,-999,231,-35,-575,1010,-266,1440,-339,136,-719,-684,-643,-169,132,
1981360,731762,166940,3280430,165179,709806,906,945,812,-304,-999,231,-129,-653,1108,-205,1441,-301,136,-719,-684,-641,-235,72,
1981360,731762,166940,3280430,165179,709806,911,941,780,-328,-989,224,-191,-686,1124,-141,1430,-296,138,-733,-677,-597,-295,-6,
1981360,731762,166940,3280430,165179,709806,931,1001,676,-358,-997,237,-244,-670,974,-181,1303,-242,149,-746,-671,-547,-366,-59,
1705664,731762,166940,3280430,165179,709806,940,1054,773,-358,-997,237,-224,-638,701,-310,1486,-198,149,-746,-671,-481,-372,-65,
1705664,788677,166940,3280430,165179,709806,981,1146,714,-372,-997,238,-197,-611,421,-427,1465,-206,155,-753,-649,-494,-411,-63,
1705664,788677,166987,3280430,165179,709806,918,1249,664,-372,-997,238,-206,-607,160,-416,1282,-173,155,-753,-649,-370,-394,-84,
1705664,788677,166987,3339756,165179,709806,870,1270,691,-372,-992,234,-159,-625,-168,-428,1211,-191,160,-755,-638,-259,-388,-94,
1705664,788677,166987,3339756,165125,709806,885,1109,629,-377,-990,227,155,-652,-227,-555,1336,-165,160,-755,-638,-103,-366,-71,
1705664,788677,166987,3339756,165125,949111,803,1007,522,-377,-990,227,261,-670,-223,-563,1087,-228,166,-754,-659,28,-286,-1,
1705664,788677,166987,3339756,165125,949111,757,898,286,-375,-1005,217,382,-651,-163,-502,1084,-247,172,-756,-644,-16,-214,85,
1705664,788677,166987,3339756,165125,949111,720,496,294,-375,-1005,217,422,-661,-60,-436,1234,-280,172,-756,-644,-35,-196,98,
1446246,788677,166987,3339756,165125,949111,709,425,191,-381,-1002,194,371,-708,37,-348,1415,-302,174,-760,-655,79,-176,32,
1446246,714161,166987,3339756,165125,949111,595,443,140,-381,-1002,194,320,-758,114,-138,1367,-347,174,-760,-655,241,-134,-59,
1446246,714161,167102,3339756,165125,949111,593,392,21,-393,-1000,192,332,-793,157,-80,1348,-347,175,-756,-641,367,-122,-66,
1446246,714161,167102,3250186,165125,949111,522,316,-8,-399,-1004,182,351,-822,165,-39,1413,-434,175,-756,-641,412,-124,-71,
1446246,714161,167102,3250186,164703,949111,501,252,-116,-399,-1004,182,353,-879,143,-19,1410,-403,180,-740,-652,462,-136,-101,
1446246,714161,167102,3250186,164703,814302,202,59,-89,-405,-1007,169,339,-922,102,-5,1428,-438,180,-732,-673,513,-154,-140,
1446246,714161,167102,3250186,164703,814302,34,-30,-132,-405,-1007,169,97,-608,79,-9,1378,-468,186,-732,-673,570,-159,-172,
1446246,714161,167102,3250186,164703,814302,64,-29,-171,-411,-1005,158,-126,-336,41,-69,1373,-393,195,-729,-671,632,-164,-188,
1668329,714161,167102,3250186,164703,814302,132,114,-143,-416,-1002,164,-289,-134,-48,-208,1332,-370,195,-729,-671,682,-128,-218,
1668329,607455,167102,3250186,164703,814302,200,283,-197,-416,-1002,164,-291,-30,-182,-408,1216,-208,205,-714,-690,726,-97,-274,
1668329,607455,167138,3250186,164703,814302,193,304,-226,-412,-1010,168,-249,47,-306,-423,1179,-184,205,-714,-690,796,-82,-264,
1668329,607455,167138,3154782,164703,814302,277,447,-253,-412,-1010,168,-272,104,-415,-465,1184,-61,206,-694,-701,830,231,-107,
1668329,607455,167138,3154782,165047,814302,328,529,-200,-396,-1009,162,-273,121,-509,-378,1385,-120,206,-694,-701,942,85,-67,
1668329,607455,167138,3154782,165047,670664,396,608,-102,-396,-1009,162,-263,109,-596,-306,1526,-209,207,-671,-720,1023,124,-123,
1668329,607455,167138,3154782,165047,670664,472,684,-90,-382,-1010,181,-218,60,-693,-261,1640,-328,213,-660,-730,1021,148,-265,
1668329,607455,167138,3154782,165047,670664,499,674,17,-363,-1020,179,-112,-12,-781,-287,1615,-442,213,-660,-730,900,114,-437,
1801971,607455,167138,3154782,165047,670664,606,574,44,-363,-1020,179,-25,-88,-843,-266,1535,-488,226,-640,-740,747,24,-593,
1801971,576164,167138,3154782,165047,670664,583,426,91,-346,-1029,176,-40,-215,-796,-340,942,-464,226,-640,-740,501,-103,-633,
1801971,576164,167109,3154782,165047,670664,571,439,202,-346,-1029,176,-157,-198,-666,-392,775,-415,238,-629,-746,218,-120,-510,
1801971,576164,167109,3000531,165047,670664,559,486,219,-333,-1023,182,-308,-123,-495,-403,558,-415,238,-629,-746,92,-54,-309,
1801971,576164,167109,3000531,164899,670664,588,539,291,-322,-1026,187,-449,-18,-313,-447,643,-487,239,-627,-747,53,40,-31,
1801971,576164,167109,3000531,164899,277187,652,662,343,-322,-1026,187,-568,95,-173,-546,878,-592,234,-628,-742,48,129,192,
1801971,576164,167109,3000531,164899,277187,745,861,475,-317,-1026,198,-645,196,-106,-557,1175,-732,234,-628,-742,-30,148,289,
1801971,576164,167109,3000531,164899,277187,864,910,507,-317,-1026,198,-677,256,-132,-336,1412,-765,228,-639,-748,-204,60,275,
1738639,576164,167109,3000531,164899,277187,924,925,525,-314,-1027,214,-666,286,-222,-232,1706,-522,228,-639,-748,-295,-90,164,
1738639,687303,167109,3000531,164899,277187,949,964,547,-314,-1027,214,-680,307,-315,-260,1609,-388,233,-644,-730,-213,-181,-55,
1738639,687303,167144,3000531,164899,277187,968,998,608,-301,-1020,225,-695,333,-409,-345,1456,-366,233,-644,-730,-46,-215,-242,
1738639,687303,167144,2733142,164899,277187,986,1043,575,-288,-1024,239,-730,397,-490,-430,1249,-321,240,-631,-756,96,-198,-359,
1738639,687303,167144,2733142,164447,277187,996,1132,613,-288,-1024,239,-799,397,-509,-474,1114,-307,240,-631,-756,124,-167,-383,
1738639,687303,167144,2733142,164447,163752,1018,1175,641,-273,-1021,267,-794,347,-533,-485,989,-271,249,-630,-737,112,-125,-328,
1738639,687303,167144,2733142,164447,163752,1001,1176,662,-273,-1021,267,-734,248,-564,-468,928,-299,253,-633,-748,95,-69,-216,
1738639,687303,167144,2733142,164447,163752,963,1093,630,-261,-1016,275,-664,104,-588,-451,982,-368,253,-633,-748,68,245,37,
1224629,687303,167144,2733142,164447,163752,886,1039,668,-244,-1022,280,-601,-48,-599,-445,1212,-450,248,-630,-747,39,60,99,
1224629,988982,167144,2733142,164447,163752,784,953,651,-244,-1022,280,-553,-166,-582,-384,1330,-543,248,-630,-747,11,46,108,
1224629,988982,167105,2733142,164447,163752,687,895,642,-229,-1022,287,-531,-228,-548,-356,1353,-469,252,-622,-751,-3,22,75,
1224629,988982,167105,2206719,164447,163752,484,872,674,-229,-1022,287,-505,-215,-500,-387,1328,-444,252,-622,-751,14,-10,21,
1224629,988982,167105,2206719,165137,163752,457,869,737,-219,-1017,295,-484,-155,-454,-327,1294,-422,247,-623,-748,8,-6,-12,
1224629,988982,167105,2206719,165137,196605,436,875,688,-219,-1017,295,-495,-61,-420,-406,1246,-339,252,-628,-743,42,11,-46,
1224629,988982,167105,2206719,165137,196605,399,878,704,-211,-1014,307,-471,128,-412,-394,1237,-395,252,-628,-743,44,39,-49,
1224629,988982,167105,2206719,165137,196605,390,842,714,-198,-1018,310,-423,216,-423,-418,1245,-369,248,-630,-749,46,46,-45,
1118175,988982,167105,2206719,165137,196605,409,711,701,-198,-1018,310,-386,304,-425,-388,1266,-411,248,-630,-749,54,45,-41,
1118175,1102916,167105,2206719,165137,196605,391,670,715,-185,-1007,315,-420,377,-421,-399,1234,-385,249,-623,-751,69,37,-52,
1118175,1102916,166974,2206719,165137,196605,422,687,737,-185,-1007,315,-486,422,-425,-402,1208,-418,249,-623,-751,90,43,-48,
1118175,1102916,166974,2008537,165137,196605,446,760,740,-169,-1003,320,-538,431,-423,-417,1168,-419,248,-620,-740,105,53,-30,
1118175,1102916,166974,2008537,165016,196605,494,795,789,-150,-1001,329,-549,410,-427,-420,1162,-444,248,-620,-756,92,66,-12,
1118175,1102916,166974,2008537,165016,194071,463,808,784,-150,-1001,329,-555,394,-422,-420,1171,-432,245,-623,-756,65,63,22,
1118175,1102916,166974,2008537,165016,194071,482,857,787,-137,-1000,344,-583,393,-407,-398,1208,-458,243,-624,-735,44,68,49,
1118175,1102916,166974,2008537,165016,194071,484,923,798,-137,-1000,344,-655,431,-370,-398,1232,-447,243,-624,-735,31,74,69,
906630,1102916,166974,2008537,165016,194071,507,989,831,-121,-987,357,-718,738,-309,-368,1317,-484,242,-625,-759,41,69,69,
906630,1208012,166974,2008537,165016,194071,493,1058,850,-121,-987,360,-715,591,-298,-363,1345,-438,242,-625,-759,57,54,55,
906630,1208012,167032,2008537,165016,194071,544,1063,830,-107,-983,360,-686,625,-305,-375,1351,-446,239,-623,-754,69,30,23,
906630,1208012,167032,1972491,165016,194071,525,1063,844,-86,-979,368,-633,781,-494,-366,1326,-439,239,-623,-754,100,37,-59,
906630,1208012,167032,1972491,165004,194071,363,1279,969,-86,-979,368,1246,814,-1923,-381,1307,-427,243,-618,-748,143,30,-100,
906630,1208012,167032,1972491,165004,164714,1872,-555,727,-32,-990,311,2712,287,-2171,-383,1270,-449,247,-620,-758,150,37,-122,
906630,1208012,167032,1972491,165004,164714,908,1111,1034,-32,-990,311,1073,549,-1875,-396,1229,-466,247,-620,-758,138,46,-122,
906630,1208012,167032,1972491,165004,164714,537,1103,693,12,-980,313,-165,933,-1500,-394,1225,-426,248,-614,-766,101,43,-122,
2753997,1208012,167032,1972491,165004,164714,307,1050,752,52,-985,306,-141,1152,-1254,-406,1199,-480,248,-614,-766,84,31,-112,
2753997,1217572,167032,1972491,165004,164714,308,973,719,52,-985,306,-186,1201,-1077,-402,1186,-502,248,-610,-759,62,17,-90,
2753997,1217572,167064,1972491,165004,164714,345,964,771,82,-977,304,-225,1116,-1076,-389,1190,-504,248,-610,-759,35,9,-77,
2753997,1217572,167064,2001724,165004,164714,444,952,790,82,-977,304,-288,818,-1397,-397,1201,-508,244,-608,-772,17,-2,-65,
2753997,1217572,167064,2001724,164934,164714,470,956,759,119,-964,312,-443,667,-1623,-390,1214,-481,244,-608,-764,-11,2,-56,
2753997,1217572,167064,2001724,164934,163698,430,997,792,119,-945,314,-505,532,-1842,-407,1243,-465,248,-608,-764,-41,2,-53,
2753997,1217572,167064,2001724,164934,163698,346,1039,795,165,-945,314,-526,426,-2002,-400,1274,-446,249,-612,-754,-43,9,-67,
2753997,1217572,167064,2001724,164934,163698,265,1103,860,216,-936,319,-475,368,-2023,-412,1298,-431,249,-612,-754,-36,13,-88,
2661001,1217572,167064,2001724,164934,163698,-369,255,637,216,-936,319,-49,56,-938,-392,1266,-432,253,-614,-751,2,29,-106,
2661001,1340827,167064,2001724,164934,163698,-50,971,617,214,-932,313,10,-103,-42,-406,1217,-408,253,-614,-751,44,29,-111,
2661001,1340827,166940,2001724,164934,163698,-54,1261,823,214,-932,313,-395,63,142,-426,1187,-441,250,-610,-759,68,43,-113,
2661001,1340827,166940,2002621,164934,163698,383,1044,792,213,-924,325,-587,177,80,-438,1141,-429,250,-610,-759,81,57,-100,
2661001,1340827,166940,2002621,165127,163698,442,993,938,216,-928,337,-543,93,-26,-410,1159,-508,254,-605,-767,62,67,-66,
2661001,1340827,166940,2002621,165127,163588,303,981,968,216,-928,337,-343,1,-124,-422,1159,-491,253,-611,-758,49,72,-29,
2661001,1340827,166940,2002621,165127,163588,186,1007,831,222,-927,339,-95,114,-70,-438,1188,-483,253,-611,-758,30,61,-6,
2661001,1340827,166940,2002621,165127,163588,200,1035,802,222,-927,339,-59,107,-28,-398,1268,-546,251,-607,-763,9,45,15,
2205736,1340827,166940,2002621,165127,163588,210,1028,836,219,-922,340,-8,33,-28,-400,1245,-469,251,-607,-763,-24,-3,10,
2205736,1497590,166940,2002621,165127,163588,229,1013,874,219,-923,336,54,-26,-49,-412,1223,-470,252,-608,-757,-14,-9,3,
2205736,1497590,166721,2002621,165127,163588,209,1028,844,219,-923,336,108,-60,-52,-407,1228,-470,252,-608,-757,-5,-1,3,
2205736,1497590,166721,1960046,165127,163588,236,1022,886,221,-931,331,159,-74,-47,-431,1204,-429,246,-603,-761,-11,3,7,
2205736,1497590,166721,1960046,165142,163588,230,1023,803,221,-931,331,205,-73,-48,-418,1207,-454,247,-612,-744,-15,4,10,
2205736,1497590,166721,1960046,165142,163786,224,1026,839,218,-929,326,240,-69,-39,-409,1222,-462,247,-612,-744,-28,7,17,
2205736,1497590,166721,1960046,165142,163786,217,1029,804,218,-929,326,271,-62,-38,-402,1227,-449,248,-612,-751,-27,6,21,
2205736,1497590,166721,1960046,165142,163786,239,1020,802,220,-923,315,295,-67,-30,-409,1253,-437,248,-612,-751,-25,11,19,
1770029,1497590,166721,1960046,165142,163786,229,1042,806,217,-940,316,310,-77,-13,-398,1276,-456,250,-618,-758,-18,3,19,
1770029,1595643,166721,1960046,165142,163786,214,1041,798,217,-940,316,358,-97,-12,-408,1260,-469,250,-618,-758,-4,6,6,
1770029,1595643,167095,1960046,165142,163786,255,1046,750,217,-944,301,396,-111,-7,-397,1259,-443,249,-602,-745,14,11,-7,
1770029,1595643,167095,1993601,165142,163786,242,1050,778,217,-944,301,435,-123,-11,-408,1245,-441,249,-602,-745,29,6,-13,
1770029,1595643,167095,1993601,165253,163786,242,1070,748,215,-943,286,451,-125,-15,-401,1263,-460,246,-610,-755,27,0,-22,
1770029,1595643,167095,1993601,165253,163707,244,1089,746,213,-945,288,436,-119,-17,-422,1258,-440,252,-612,-741,27,8,-34,
1770029,1595643,167095,1993601,165253,163707,246,1074,726,213,-945,288,400,-104,-17,-377,1252,-475,252,-612,-741,34,8,-46,
1770029,1595643,167095,1993601,165253,163707,260,1087,728,211,-953,275,347,-84,-10,-409,1221,-471,250,-611,-762,39,-5,-63,
1680264,1595643,167095,1993601,165253,163707,240,1094,760,211,-953,275,283,-48,-7,-431,1203,-455,250,-611,-762,49,-14,-51,
1680264,1624300,167095,1993601,165253,163707,244,1086,697,209,-949,269,217,-14,-1,-416,1194,-439,252,-609,-766,52,-1,-43,
1680264,1624300,166942,1993601,165253,163707,250,1103,746,209,-949,269,146,15,5,-427,1207,-459,252,-609,-766,32,10,-34,
1680264,1624300,166942,1999674,165253,163707,242,1108,718,210,-949,259,48,71,28,-419,1213,-459,251,-608,-759,21,5,-14,
1680264,1624300,166942,1999674,165195,163707,241,1102,691,207,-954,267,3,91,32,-416,1214,-449,253,-608,-768,7,11,-5,
1680264,1624300,166942,1999674,165195,163804,257,1107,695,207,-954,267,-8,86,32,-408,1244,-460,253,-608,-768,-2,4,-6,
1680264,1624300,166942,1999674,165195,163804,270,1128,717,208,-960,266,-4,69,19,-396,1263,-485,249,-610,-772,-8,7,-22,
1680264,1624300,166942,1999674,165195,163804,256,1120,667,208,-960,266,4,41,14,-407,1262,-461,249,-610,-772,13,4,-28,
1722658,1624300,166942,1999674,165195,163804,245,1129,649,207,-949,264,32,3,-5,-409,1243,-467,246,-610,-760,34,-1,-30,
1722658,1615090,166942,1999674,165195,163804,281,1090,712,206,-953,260,52,-16,-15,-410,1215,-452,246,-610,-760,36,3,-33,
1722658,1615090,167193,1999674,165195,163804,240,1115,706,206,-953,260,65,-35,-18,-409,1219,-483,250,-605,-756,28,2,-32,
1722658,1615090,167193,1999680,165195,163804,283,1094,728,205,-961,264,62,-48,-13,-419,1203,-466,250,-604,-757,18,-1,-24,
1722658,1615090,167193,1999680,165195,163804,267,1122,714,205,-961,264,41,-36,-15,-423,1204,-441,252,-604,-757,10,0,-10,
1722658,1615090,167193,1999680,165195,163804,250,1111,672,206,-960,250,17,-22,-31,-418,1204,-443,252,-607,-770,0,6,2,
1722658,1615090,167193,1999680,165195,163804,240,1118,724,206,-960,250,-35,2,-27,-419,1199,-447,252,-607,-770,-4,10,18,
1722658,1615090,167193,1999680,165195,163804,254,1104,698,206,-953,257,-52,-3,-30,-418,1226,-460,252,-612,-749,-6,14,26,
2042259,1615090,167193,1999680,165195,163804,266,1111,734,209,-962,257,-52,-2,-33,-422,1231,-470,252,-612,-749,-9,19,28,
2042259,1632396,167193,1999680,165195,163804,249,1107,683,209,-962,257,-50,-4,-40,-419,1235,-471,246,-607,-751,-9,16,36,
2042259,1632396,167174,1999680,165195,163804,257,1100,743,205,-963,265,-48,-12,-47,-404,1258,-468,246,-607,-751,-12,12,30,
2042259,1632396,167174,2015062,165195,163804,251,1119,733,205,-963,265,-48,-12,-35,-404,1264,-478,250,-604,-777,-15,15,18,
2042259,1632396,167174,2015062,165265,163804,262,1101,689,204,-960,265,-51,-11,-37,-417,1274,-473,250,-613,-773,-14,0,-5,
2042259,1632396,167174,2015062,165265,163825,241,1115,718,208,-957,259,-58,-14,-34,-417,1252,-434,250,-613,-773,1,-13,-9,
2042259,1632396,167174,2015062,165265,163825,270,1102,696,208,-957,259,-57,-12,-37,-396,1235,-444,249,-613,-754,14,-8,-18,
2042259,1632396,167174,2015062,165265,163825,250,1111,706,207,-963,262,-75,-3,-29,-419,1228,-450,249,-613,-754,21,-5,-27,
2142398,1632396,167174,2015062,165265,163825,260,1123,737,207,-963,262,-81,11,-27,-419,1214,-448,246,-607,-758,-242,-4,-18,
2142398,1633507,167174,2015062,165265,163825,270,1093,669,203,-959,262,-104,18,-30,-404,1228,-456,246,-607,-758,-4,0,-6,
2142398,1633507,167191,2015062,165265,163825,241,1101,701,203,-959,262,-109,28,-31,-401,1238,-466,248,-605,-771,-6,2,-9,
2142398,1633507,167191,2009775,165265,163825,246,1101,732,206,-957,259,-115,33,-33,-410,1244,-440,253,-603,-752,2,-2,-11,
2142398,1633507,167191,2009775,167553,163825,257,1097,694,205,-961,266,-114,27,-34,-400,1258,-489,253,-603,-752,-2,-10,-31,
2142398,1633507,167191,2009775,167553,163714,264,1097,700,205,-961,266,-106,25,-36,-392,1247,-464,255,-612,-740,23,-2,-44,
2142398,1633507,167191,2009775,167553,163714,256,1094,724,206,-960,264,-107,18,-29,-399,1255,-475,255,-612,-740,30,-5,-52,
2142398,1633507,167191,2009775,167553,163714,244,1103,733,206,-960,264,-100,17,-27,-396,1243,-478,250,-611,-763,27,-9,-66,
2203972,1633507,167191,2009775,167553,163714,263,1086,707,204,-952,263,-91,13,-32,-426,1235,-430,250,-611,-763,34,-2,-71,
2203972,1629612,167191,2009775,167553,163714,251,1099,749,209,-958,267,-76,12,-30,-410,1217,-477,254,-601,-761,34,-13,-60,
2203972,1629612,167168,2009775,167553,163714,266,1103,751,209,-958,267,-67,8,-33,-438,1199,-458,254,-601,-761,28,-18,-61,
2203972,1629612,167168,1994899,167553,163714,502,1088,737,208,-960,270,-36,8,-37,-412,1207,-482,255,-605,-758,26,-8,-59,
2203972,1629612,167168,1994899,165100,163714,257,1101,750,208,-960,270,-29,4,-35,-439,1210,-457,255,-607,-765,17,0,-41,
2203972,1629612,167168,1994899,165100,163886,256,1092,748,206,-955,268,-16,2,-23,-410,1219,-475,255,-607,-765,13,-1,-30,
2203972,1629612,167168,1994899,165100,163886,259,1100,740,206,-955,261,-12,1,-30,-410,1221,-443,258,-611,-755,9,-3,-29,
2203972,1629612,167168,1994899,165100,163886,246,1115,725,207,-959,261,-9,-1,-27,-417,1241,-465,258,-611,-755,7,-2,-23,
2218258,1629612,167168,1994899,165100,163886,251,1111,745,205,-959,267,-6,-6,-22,-433,1243,-443,257,-603,-764,16,-1,-29,
2218258,1618284,167168,1994899,165100,163886,266,1097,728,205,-959,267,-10,-12,-26,-411,1244,-443,257,-603,-764,15,1,-32,
2218258,1618284,167218,1994899,165100,163886,257,1104,704,204,-957,258,-7,-11,-29,-403,1249,-472,256,-603,-767,30,-2,-40,
2218258,1618284,167218,2000349,165100,163886,263,1103,723,204,-957,258,-5,-9,-32,-412,1229,-442,260,-608,-752,43,-1,-56,
2218258,1618284,167218,2000349,165198,163886,278,1096,686,204,-952,258,-9,-6,-32,-413,1222,-457,260,-608,-752,50,2,-62,
2218258,1618284,167218,2000349,165198,163831,249,1104,720,206,-962,264,-15,-3,-34,-396,1236,-477,261,-605,-755,55,3,-60,
2218258,1618284,167218,2000349,165198,163831,247,1109,727,206,-962,264,-28,-4,-35,-416,1209,-450,261,-605,-755,52,-3,-50,
2218258,1618284,167218,2000349,165198,163831,255,1094,752,202,-960,259,-27,-3,-35,-396,1214,-491,260,-605,-761,54,5,-53,
2242956,1618284,167218,2000349,165198,163831,261,1094,700,202,-960,259,-24,0,-30,-441,1219,-452,260,-605,-761,60,-2,-54,
2242956,1616787,167218,2000349,165198,163831,243,1103,733,205,-954,259,-19,0,-27,-406,1220,-475,258,-593,-767,58,9,-44,
2242956,1616787,167123,2000349,165198,163831,269,1109,733,205,-954,260,-14,-3,-31,-415,1224,-455,258,-593,-762,55,8,-30,
2242956,1616787,167123,2021954,165198,163831,265,1108,752,203,-956,260,0,1,-31,-442,1208,-438,261,-602,-762,50,11,-31,
2242956,1616787,167123,2021954,165148,163831,251,1107,689,208,-959,263,-8,0,-31,-424,1209,-471,260,-601,-755,46,8,-31,
2242956,1616787,167123,2021954,165148,163901,237,1100,676,208,-959,263,-4,-1,-35,-430,1219,-488,260,-601,-755,42,9,-23,
2242956,1616787,167123,2021954,165148,163901,269,1096,716,203,-965,256,-16,1,-36,-428,1237,-483,262,-601,-757,34,8,-20,
2242956,1616787,167123,2021954,165148,163901,254,1115,698,203,-965,256,-21,3,-29,-444,1222,-483,262,-601,-757,28,3,-21,
2221529,1616787,167123,2021954,165148,163901,248,1119,734,203,-954,260,-19,-10,-38,-438,1225,-501,262,-600,-759,44,8,-31,
2221529,1621780,167123,2021954,165148,163901,253,1106,704,204,-962,250,-45,-10,-35,-444,1217,-462,262,-600,-759,32,-2,-32,
2221529,1621780,167167,2021954,165148,163901,261,1116,745,204,-962,250,-52,-4,-34,-467,1186,-442,263,-595,-759,29,-4,-24,
2221529,1621780,167167,2028716,165148,163901,269,1100,699,204,-960,258,-62,1,-32,-432,1224,-486,262,-598,-768,25,-7,-19,
2221529,1621780,167167,2028716,165160,163901,253,1116,732,204,-960,258,-70,7,-34,-431,1227,-485,262,-598,-768,21,6,-18,
2221529,1621780,167167,2028716,165160,163900,259,1105,696,205,-955,261,-75,16,-31,-440,1236,-477,264,-596,-766,16,3,-24,
2221529,1621780,167167,2028716,165160,163900,253,1102,712,205,-957,264,-79,14,-27,-415,1269,-503,264,-596,-766,22,1,-54,
2221529,1621780,167167,2028716,165160,163900,248,1103,685,205,-957,264,-79,10,-29,-423,1262,-469,262,-594,-766,89,-6,-105,
2256467,1621780,167167,2028716,165160,163900,267,1103,753,208,-960,255,-81,9,-29,-445,1184,-454,262,-594,-766,108,-5,-108,
2256467,1627632,167167,2028716,165160,163900,263,1113,707,208,-960,255,-83,9,-23,-420,1180,-471,268,-590,-780,63,11,-102,
2256467,1627632,166849,2028716,165160,163900,242,1109,717,203,-958,258,-77,9,-25,-434,1174,-472,270,-587,-754,56,8,-77,
2256467,1627632,166849,2046908,165160,163900,251,1095,743,203,-958,258,-66,5,-35,-436,1173,-435,270,-587,-754,55,0,-63,
2256467,1627632,166849,2046908,164995,163900,265,1099,727,204,-948,255,-59,6,-35,-440,1197,-483,268,-590,-771,63,1,-52,
2256467,1627632,166849,2046908,164995,163747,250,1110,742,204,-963,255,-49,6,-33,-431,1206,-468,268,-590,-771,61,3,-41,
2256467,1627632,166849,2046908,164995,163747,264,1097,703,204,-963,255,-49,0,-37,-477,1196,-499,271,-592,-767,47,-3,-34,
2256467,1627632,166849,2046908,164995,163747,259,1105,710,208,-962,268,-45,-2,-33,-456,1211,-508,271,-592,-767,31,0,-25,
2314534,1627632,166849,2046908,164995,163747,268,1107,755,208,-962,268,-44,-3,-31,-496,1182,-438,271,-587,-767,24,-6,-24,
2314534,1623471,166849,2046908,164995,163747,264,1093,705,201,-956,253,-41,-1,-33,-466,1196,-461,271,-587,-767,12,-5,-18,
2314534,1623471,167002,2046908,164995,163747,248,1115,696,205,-958,260,-34,-1,-33,-479,1191,-451,269,-585,-792,5,-2,-15,
2314534,1623471,167002,2059634,164995,163747,261,1101,715,205,-958,260,-28,7,-29,-443,1211,-474,271,-589,-753,8,0,-13,
2314534,1623471,167002,2059634,165246,163747,253,1112,736,203,-960,258,-37,3,-34,-437,1202,-502,271,-589,-753,8,-2,-2,
2314534,1623471,167002,2059634,165246,163612,268,1102,709,203,-960,258,-40,-1,-42,-452,1205,-495,270,-588,-775,-2,3,2,
2314534,1623471,167002,2059634,165246,163612,278,1097,713,201,-964,264,-42,0,-37,-444,1204,-477,270,-588,-775,-5,5,4,
2314534,1623471,167002,2059634,165246,163612,249,1102,688,201,-964,264,-47,4,-35,-434,1209,-507,271,-585,-774,-5,-3,10,
2329013,1623471,167002,2059634,165246,163612,260,1104,727,202,-951,255,-51,2,-37,-443,1219,-486,271,-585,-774,-8,11,7,
2329013,1617584,167002,2059634,165246,163612,262,1106,710,202,-960,256,-55,-1,-32,-449,1211,-471,270,-586,-777,-5,2,16,
2329013,1617584,167056,2059634,165246,163612,278,1117,695,202,-960,256,-65,4,-32,-439,1218,-498,265,-588,-775,-14,1,21,
2329013,1617584,167056,2053310,165246,163612,281,1106,697,207,-960,252,-70,2,-38,-421,1222,-483,265,-588,-775,-11,-1,19,
2329013,1617584,167056,2053310,165152,163612,238,1099,682,207,-960,252,-67,-1,-36,-438,1225,-473,269,-591,-763,-19,-256,22,
2329013,1617584,167056,2053310,165152,163874,256,1105,724,204,-957,258,-78,9,-27,-438,1232,-457,269,-591,-763,-18,-3,17,
2329013,1617584,167056,2053310,165152,163874,259,1098,714,206,-956,259,-75,15,-27,-444,1223,-457,268,-593,-776,-11,0,9,
2329013,1617584,167056,2053310,165152,163874,255,1109,691,206,-956,259,-77,11,-31,-442,1226,-477,268,-593,-776,3,5,3,
2324460,1617584,167056,2053310,165152,163874,251,1105,730,205,-958,258,-72,5,-33,-422,1235,-517,266,-581,-771,9,4,-4,
2324460,1636946,167056,2053310,165152,163874,236,1100,729,205,-958,258,-72,12,-32,-442,1225,-451,266,-581,-772,8,-2,-4,
2324460,1636946,166404,2053310,165152,163874,284,1088,679,203,-960,267,-65,7,-33,-463,1211,-439,267,-593,-772,7,-1,-10,
2324460,1636946,166404,2040295,165152,163874,264,1108,738,203,-960,267,-62,3,-28,-431,1225,-475,266,-592,-764,14,4,-11,
2324460,1636946,166404,2040295,165346,163874,255,1114,734,203,-959,265,-54,3,-28,-453,1202,-443,266,-592,-764,5,-1,-23,
2324460,1636946,166404,2040295,165346,163810,243,1099,686,205,-958,258,-45,6,-29,-421,1225,-517,269,-591,-762,3,3,-17,
2324460,1636946,166404,2040295,165346,163810,272,1111,763,205,-958,258,-46,4,-32,-436,1214,-487,269,-591,-762,9,7,-11,
2324460,1636946,166404,2040295,165346,163810,262,1096,690,203,-962,256,-48,0,-35,-455,1210,-481,268,-590,-776,6,0,-12,
2322324,1636946,166404,2040295,165346,163810,260,1104,717,203,-962,256,-39,4,-34,-432,1223,-472,268,-590,-776,0,1,-9,
2322324,1635166,166404,2040295,165346,163810,260,1098,676,203,-954,251,-33,8,-31,-435,1228,-492,266,-582,-784,8,5,-19,
2322324,1635166,167089,2040295,165346,163810,245,1120,720,204,-957,258,-39,8,-37,-444,1219,-463,271,-591,-780,6,5,-20,
2322324,1635166,167089,2049049,165346,163810,253,1098,692,204,-957,258,-43,0,-36,-419,1230,-502,271,-591,-780,12,12,-16,
2322324,1635166,167089,2049049,165247,163810,255,1110,747,206,-960,261,-49,-2,-34,-441,1225,-465,267,-589,-760,8,1,-17,
2322324,1635166,167089,2049049,165247,163818,270,1106,688,206,-960,261,-43,4,-35,-440,1220,-471,267,-589,-760,12,0,-11,
2322324,1635166,167089,2049049,165247,163818,261,1106,737,202,-957,258,-49,5,-33,-439,1207,-455,269,-589,-766,12,1,-20,
2322324,1635166,167089,2049049,165247,163818,254,1113,719,202,-957,258,-51,2,-26,-429,1220,-503,269,-589,-766,17,6,-20,
2327853,1635166,167089,2049049,165247,163818,267,1101,731,205,-957,256,-63,-3,-29,-470,1202,-440,265,-579,-767,17,3,-12,
2327853,1646166,167089,2049049,165247,163818,266,1106,718,208,-958,264,-65,3,-33,-429,1220,-500,270,-585,-748,0,5,-3,
2327853,1646166,166987,2049049,165247,163818,500,1103,687,208,-958,264,-66,8,-31,-442,1204,-485,270,-585,-748,2,3,-3,
2327853,1646166,166987,2047014,165247,163818,260,1086,701,205,-962,258,-69,7,-36,-427,1229,-495,272,-595,-773,-5,5,-9,
2327853,1646166,166987,2047014,165259,163818,254,1111,734,205,-962,258,-75,5,-37,-440,1208,-460,272,-595,-773,4,5,-14,
2327853,1646166,166987,2047014,165259,163826,282,1091,722,204,-954,263,-69,8,-31,-447,1214,-484,268,-592,-776,2,5,-10,
2327853,1646166,166987,2047014,165259,163826,255,1107,680,206,-957,263,-71,6,-32,-421,1228,-504,268,-592,-776,5,5,-10,
2327853,1646166,166987,2047014,165259,163826,270,1090,735,206,-957,263,-78,11,-35,-444,1200,-469,265,-589,-763,5,10,-16,
2359336,1646166,166987,2047014,165259,163826,234,1108,700,206,-962,261,-78,6,-35,-431,1215,-498,265,-589,-763,7,-3,-12,
2359336,1650011,166987,2047014,165259,163826,269,1093,777,206,-962,261,-79,4,-21,-446,1206,-460,270,-589,-782,9,-2,-4,
2359336,1650011,167170,2047014,165259,163826,228,1098,703,205,-957,269,-80,9,-29,-462,1202,-455,271,-592,-750,4,3,-3,
2359336,1650011,167170,2058545,165259,163826,257,1104,751,205,-957,260,-79,9,-30,-439,1232,-488,271,-592,-750,-1,-9,-3,
2359336,1650011,167170,2058545,165271,163826,257,1104,732,207,-956,260,-75,16,-33,-455,1228,-479,269,-594,-766,2,-6,-10,
2359336,1650011,167170,2058545,165271,163792,276,1094,747,202,-958,264,-74,10,-31,-426,1218,-501,269,-594,-766,11,3,-20,
2359336,1650011,167170,2058545,165271,163792,264,1099,756,202,-958,264,-75,7,-29,-439,1207,-440,270,-584,-775,8,4,-19,
2359336,1650011,167170,2058545,165271,163792,234,1095,703,203,-956,271,-66,6,-31,-431,1217,-508,270,-584,-775,8,7,-16,
2459327,1650011,167170,2058545,165271,163792,261,1094,758,203,-956,271,-50,3,-33,-435,1221,-462,268,-583,-772,12,4,-20,
2459327,1665813,167170,2058545,165271,163792,258,1093,697,204,-948,271,-48,2,-30,-412,1231,-524,270,-590,-757,14,1,-18,
2459327,1665813,167203,2058545,165271,163792,269,1106,756,206,-956,263,-45,-5,-30,-439,1222,-445,270,-590,-757,8,11,-19,
2459327,1665813,167203,2060736,165271,163792,276,1093,715,206,-956,263,-47,-8,-29,-454,1207,-454,273,-591,-764,5,7,-22,
2459327,1665813,167203,2060736,165343,163792,257,1100,717,208,-959,263,-52,-8,-32,-455,1215,-463,273,-591,-764,3,-252,-12,
2459327,1665813,167203,2060736,165343,163822,260,1101,721,208,-959,263,-43,-4,-31,-428,1222,-468,271,-589,-765,10,7,-19,
2459327,1665813,167203,2060736,165343,163822,243,1093,700,205,-951,263,-44,-6,-29,-454,1205,-427,271,-589,-765,6,3,-23,
2459327,1665813,167203,2060736,165343,163822,260,1107,734,205,-951,263,-38,0,-35,-443,1211,-477,266,-582,-773,9,6,-21,
2466372,1665813,167203,2060736,165343,163822,264,1092,719,204,-951,263,-46,1,-36,-442,1224,-485,266,-582,-760,7,3,-24,
2466372,1652918,167203,2060736,165343,163822,259,1101,746,206,-960,266,-49,5,-36,-439,1204,-481,269,-592,-760,16,0,-20,
2466372,1652918,167160,2060736,165343,163822,251,1100,702,206,-960,266,-49,2,-30,-441,1213,-487,272,-591,-753,7,0,-22,
2466372,1652918,167160,2054514,165343,163822,246,1104,725,203,-957,266,-43,6,-30,-440,1210,-476,272,-591,-753,18,-1,-11,
2466372,1652918,167160,2054514,165041,163822,245,1101,723,203,-957,266,-53,9,-36,-455,1218,-487,270,-592,-758,9,-3,-10,
2466372,1652918,167160,2054514,165041,163829,268,1090,709,206,-944,267,-61,8,-34,-419,1219,-491,270,-592,-758,3,-4,-10,
2466372,1652918,167160,2054514,165041,163829,256,1106,771,205,-959,259,-54,12,-28,-445,1216,-503,267,-589,-762,14,6,-13,
2466372,1652918,167160,2054514,165041,163829,241,1108,705,205,-959,259,-63,9,-22,-442,1222,-492,267,-589,-762,6,-2,-13,
2479567,1652918,167160,2054514,165041,163829,267,1095,731,208,-956,262,-66,8,-33,-430,1227,-488,271,-588,-776,9,1,-10,
2479567,1671521,167160,2054514,165041,163829,258,1101,696,208,-956,262,-79,9,-30,-443,1218,-476,272,-591,-765,16,-2,-13,
2479567,1671521,167274,2054514,165041,163829,239,1116,728,205,-953,250,-73,15,-25,-462,1221,-474,272,-591,-765,14,11,-19,
2479567,1671521,167274,2058143,165041,163829,257,1085,749,202,-953,270,-81,13,-32,-444,1218,-493,270,-592,-781,8,2,-21,
2479567,1671521,167274,2058143,165255,163829,259,1105,743,202,-953,270,-82,16,-33,-437,1223,-507,270,-592,-781,15,-3,-24,
2479567,1671521,167274,2058143,165255,163968,255,1095,691,207,-955,265,-83,22,-35,-448,1216,-472,271,-592,-765,15,-2,-21,
2479567,1671521,167274,2058143,165255,163968,260,1090,754,207,-955,265,-89,20,-31,-435,1214,-486,271,-592,-765,9,5,-16,
2479567,1671521,167274,2058143,165255,163968,257,1106,753,207,-952,267,-84,13,-38,-459,1200,-430,274,-579,-759,8,10,-17,
2487001,1671521,167274,2058143,165255,163968,275,1079,729,207,-952,267,-80,12,-32,-425,1230,-518,271,-584,-771,5,5,-28,
2487001,1674156,167274,2058143,165255,163968,250,1092,727,205,-947,276,-76,14,-31,-439,1214,-472,271,-584,-771,10,3,-17,
2487001,1674156,167178,2058143,165255,163968,277,1095,773,208,-960,273,-76,11,-32,-433,1221,-497,273,-590,-775,17,4,-20,
2487001,1674156,167178,2061280,165255,163968,252,1100,753,208,-960,273,-73,8,-31,-453,1205,-497,273,-590,-775,15,3,-18,
2487001,1674156,167178,2061280,165187,163968,273,1087,703,205,-956,263,-65,10,-30,-457,1194,-469,273,-590,-776,17,6,-16,
2487001,1674156,167178,2061280,165187,163904,262,1101,750,205,-956,263,-72,14,-28,-433,1224,-513,273,-590,-776,11,8,-12,
2487001,1674156,167178,2061280,165187,163904,267,1096,759,205,-949,276,-75,21,-32,-486,1189,-438,272,-589,-765,14,5,-9,
2487001,1674156,167178,2061280,165187,163904,250,1094,711,205,-954,277,-83,21,-31,-436,1206,-478,272,-589,-765,8,2,-9,
2483305,1674156,167178,2061280,165187,163904,246,1098,764,205,-954,277,-82,21,-31,-460,1205,-466,273,-584,-762,1,1,-12,
2483305,1669610,167178,2061280,165187,163904,253,1092,703,208,-955,271,-88,23,-29,-439,1218,-478,276,-589,-755,11,6,-5,
2483305,1669610,167201,2061280,165187,163904,261,1099,789,208,-955,271,-92,24,-33,-453,1206,-458,276,-589,-755,7,10,-10,
2483305,1669610,167201,2057134,165187,163904,285,1080,757,207,-956,273,-92,27,-35,-431,1215,-491,275,-588,-771,5,10,-12,
2483305,1669610,167201,2057134,165190,163904,250,1075,707,207,-956,273,-99,29,-34,-433,1213,-501,275,-588,-771,17,3,-10,
2483305,1669610,167201,2057134,165190,163931,248,1099,718,207,-951,269,-106,29,-34,-439,1228,-478,272,-580,-771,9,0,-20,
2483305,1669610,167201,2057134,165190,163931,246,1096,715,208,-955,277,-108,27,-34,-447,1212,-482,272,-580,-771,16,5,-21,
2483305,1669610,167201,2057134,165190,163931,243,1105,749,208,-955,277,-105,26,-35,-434,1232,-500,273,-583,-758,15,-6,-17,
2482829,1669610,167201,2057134,165190,163931,249,1098,731,211,-956,282,-108,21,-28,-436,1214,-462,273,-585,-772,15,-3,-20,
2482829,1678686,167201,2057134,165190,163931,252,1099,769,211,-956,282,-104,24,-31,-467,1212,-437,273,-585,-772,18,8,-23,
2482829,1678686,167145,2057134,165190,163931,259,1099,753,204,-947,281,-100,21,-30,-455,1200,-453,276,-588,-767,8,-1,-22,
2482829,1678686,167145,2055987,165190,163931,247,1085,773,209,-955,273,-92,13,-28,-461,1210,-472,276,-588,-767,10,4,-29,
2482829,1678686,167145,2055987,165190,163931,260,1087,745,209,-955,273,-89,9,-29,-467,1204,-450,275,-586,-764,18,1,-34,
2482829,1678686,167145,2055987,165190,163947,253,1086,762,209,-949,279,-92,12,-26,-453,1202,-477,275,-586,-764,28,8,-31,
2482829,1678686,167145,2055987,165190,163947,252,1090,736,209,-949,279,-86,13,-30,-450,1205,-456,276,-586,-780,29,6,-25,
2482829,1678686,167145,2055987,165190,163947,251,1083,725,207,-948,285,-73,10,-29,-445,1199,-500,276,-586,-780,15,9,-15,
2497951,1678686,167145,2055987,165190,163947,245,1083,765,207,-948,285,-67,5,-32,-443,1200,-482,276,-586,-780,13,8,-13,
2497951,1679968,167145,2055987,165190,163947,264,1072,739,204,-945,280,-64,5,-29,-445,1198,-479,278,-586,-762,11,10,-5,
2497951,1679968,167138,2055987,165190,163947,221,1084,751,209,-953,280,-59,7,-29,-483,1191,-459,278,-586,-762,9,3,-2,
2497951,1679968,167138,2064789,165190,163947,268,1079,737,209,-953,280,-49,3,-34,-440,1206,-500,277,-587,-773,8,2,-3,
2497951,1679968,167138,2064789,165254,163947,262,1095,749,209,-957,281,-44,-4,-34,-474,1208,-458,277,-587,-773,4,3,-1,
2497951,1679968,167138,2064789,165254,163952,228,1073,715,209,-957,281,-40,-2,-38,-461,1212,-476,276,-585,-755,12,13,-2,
2497951,1679968,167138,2064789,165254,163952,257,1091,758,208,-951,287,-25,3,-36,-453,1198,-462,276,-585,-755,21,9,-1,
2497951,1679968,167138,2064789,165254,163952,256,1085,726,207,-955,281,-23,5,-27,-456,1184,-450,277,-581,-790,19,22,1,
2494935,1679968,167138,2064789,165254,163952,261,1090,788,207,-955,281,-34,6,-29,-456,1189,-484,272,-585,-753,24,21,9,
2494935,1672343,167138,2064789,165254,163952,240,1097,732,207,-954,277,-48,9,-31,-430,1206,-498,272,-585,-753,13,27,11,
2494935,1672343,166961,2064789,165254,163952,246,1088,706,207,-954,277,-64,13,-36,-469,1212,-710,274,-588,-756,5,25,11,
2494935,1672343,166961,2076485,165254,163952,252,1097,736,209,-952,273,-80,19,-32,-447,1220,-470,274,-588,-756,4,29,14,
2494935,1672343,166961,2076485,165168,163952,277,1093,795,209,-952,273,-98,22,-28,-436,1234,-506,274,-586,-769,-4,29,3,
2494935,1672343,166961,2076485,165168,163892,260,1092,768,207,-949,273,-112,37,-31,-428,1220,-503,274,-586,-769,2,11,4,
2494935,1672343,166961,2076485,165168,163892,269,1078,746,210,-950,282,-132,33,-28,-433,1217,-529,274,-576,-778,15,15,0,
2494935,1672343,166961,2076485,165168,163892,227,1083,714,210,-950,282,-135,34,-35,-439,1218,-499,274,-583,-757,16,15,-9,
2461354,1672343,166961,2076485,165168,163892,269,1085,792,206,-950,291,-148,29,-31,-426,1223,-514,269,-583,-757,17,4,-5,
2461354,1643970,166961,2076485,165168,163892,255,1076,742,206,-950,291,-153,29,-26,-466,1208,-492,273,-585,-770,2,4,-1,
2461354,1643970,167169,2076485,165168,163892,242,1077,716,207,-943,286,-156,26,-29,-431,1215,-498,273,-585,-770,2,9,-4,
2461354,1643970,167169,2066833,165168,163892,270,1093,812,210,-946,291,-157,25,-26,-448,1217,-496,275,-582,-775,-1,2,-8,
2461354,1643970,167169,2066833,165194,163892,287,1072,826,210,-946,291,-153,28,-27,-448,1208,-471,275,-582,-775,-1,1,-4,
2461354,1643970,167169,2066833,165194,163915,266,1076,792,210,-948,298,-152,28,-29,-457,1210,-475,272,-585,-757,4,3,-8,
2461354,1643970,167169,2066833,165194,163915,238,1066,733,210,-948,298,-151,21,-25,-431,1216,-497,272,-585,-757,3,2,0,
2461354,1643970,167169,2066833,165194,163915,256,1073,757,207,-944,293,-131,23,-35,-441,1210,-451,272,-578,-757,3,3,-2,
2512239,1643970,167169,2066833,165194,163915,258,1075,814,207,-944,295,-115,15,-30,-437,1225,-493,273,-590,-769,5,10,-3,
2512239,1667425,167169,2066833,165194,163915,237,1065,764,208,-942,295,-97,9,-31,-445,1202,-473,273,-590,-769,4,3,2,
2512239,1667425,167134,2066833,165194,163915,271,1070,802,209,-949,294,-86,-250,-32,-454,1209,-481,273,-588,-766,-2,4,-2,
2512239,1667425,167134,2068932,165194,163915,259,1060,759,209,-949,294,-57,-2,-36,-440,1196,-459,273,-588,-766,-1,5,3,
2512239,1667425,167134,2068932,165282,163915,242,1061,766,211,-947,288,-45,-3,-34,-444,1206,-510,271,-580,-766,6,4,-1,
2512239,1667425,167134,2068932,165282,163782,247,1072,750,211,-947,288,-33,-4,-32,-441,1203,-489,271,-580,-766,11,3,7,
2512239,1667425,167134,2068932,165282,163782,255,1071,794,210,-938,298,-35,-4,-29,-444,1208,-476,270,-582,-783,6,8,4,
2512239,1667425,167134,2068932,165282,163782,249,1073,744,210,-949,299,-31,-3,-32,-440,1207,-493,271,-585,-758,-4,2,7,
2519260,1667425,167134,2068932,165282,163782,270,1066,776,210,-949,299,-28,4,-34,-452,1203,-484,271,-585,-758,-3,-2,9,
2519260,1674321,167134,2068932,165282,163782,247,1065,729,211,-945,299,-25,2,-39,-437,1214,-495,270,-583,-769,-7,1,7,
2519260,1674321,167158,2068932,165282,163782,247,1073,763,211,-945,299,-19,6,-35,-446,1229,-498,270,-583,-769,0,2,3,
2519260,1674321,167158,2071909,165282,163782,257,1065,774,212,-943,294,-23,7,-27,-416,1222,-486,273,-589,-772,-2,5,1,
2519260,1674321,167158,2071909,165240,163782,231,1079,737,212,-945,297,-24,2,-27,-424,1230,-492,273,-589,-772,5,5,1,
2519260,1674321,167158,2071909,165240,163880,229,1080,740,211,-945,297,-26,8,-33,-438,1222,-474,267,-580,-764,6,7,3,
2519260,1674321,167158,2071909,165240,163880,251,1083,807,211,-950,294,-31,7,-35,-455,1223,-472,267,-580,-764,8,5,0,
2519260,1674321,167158,2071909,165240,163880,252,1070,767,211,-950,294,-33,7,-34,-441,1230,-497,268,-584,-759,10,6,-12,
2502312,1674321,167158,2071909,165240,163880,245,1063,757,211,-947,302,-27,5,-34,-458,1234,-478,270,-588,-781,16,3,-17,
2502312,1669340,167158,2071909,165240,163880,250,1087,748,211,-947,302,-30,8,-36,-444,1204,-477,270,-588,-781,19,-4,-10,
2502312,1669340,167106,2071909,165240,163880,253,1068,752,211,-938,288,-25,3,-29,-440,1215,-483,272,-588,-766,14,1,-16,
2502312,1669340,167106,2076300,165240,163880,247,1078,797,210,-950,297,-21,10,-28,-438,1224,-485,272,-588,-766,21,-2,-22,
2502312,1669340,167106,2076300,165293,163880,249,1081,756,210,-950,297,-26,4,-35,-447,1207,-488,272,-583,-775,24,4,-27,
2502312,1669340,167106,2076300,165293,163877,236,1072,744,211,-949,285,-21,4,-33,-440,1219,-479,272,-583,-775,18,4,-19,
2502312,1669340,167106,2076300,165293,163877,262,1084,771,211,-949,285,-31,4,-33,-440,1204,-499,271,-578,-773,10,11,-26,
2502312,1669340,167106,2076300,165293,163877,249,1070,771,205,-942,291,-25,8,-32,-433,1211,-479,273,-583,-761,4,-1,-19,
2476022,1669340,167106,2076300,165293,163877,228,1082,764,211,-939,292,-32,-2,-36,-454,1208,-472,273,-583,-761,10,10,-18,
2476022,1656644,167106,2076300,165293,163877,249,1071,747,211,-939,292,-36,-2,-36,-453,1216,-486,273,-589,-753,9,3,-16,
2476022,1656644,167176,2076300,165293,163877,248,1083,512,208,-947,284,-38,0,-38,-455,1198,-489,273,-589,-753,13,-2,-21,
2476022,1656644,167176,2088664,165293,163877,245,1083,762,208,-947,284,-40,2,-31,-429,1218,-484,271,-586,-770,13,0,-22,
2476022,1656644,167176,2088664,165301,163877,258,1073,757,207,-946,284,-44,3,-33,-435,1214,-461,271,-586,-770,16,3,-16,
2476022,1656644,167176,2088664,165301,164363,252,1081,775,207,-946,284,-48,5,-33,-444,1210,-489,273,-575,-781,26,-3,-19,
2476022,1656644,167176,2088664,165301,164363,235,1072,727,206,-939,284,-54,3,-33,-452,1214,-494,273,-575,-763,30,0,-24,
2476022,1656644,167176,2088664,165301,164363,261,1082,795,213,-952,289,-56,1,-32,-459,1209,-461,271,-586,-763,28,3,-19,
2483783,1656644,167176,2088664,165301,164363,244,1080,763,213,-952,289,-63,0,-34,-430,1203,-516,271,-583,-751,19,7,-22,
2483783,1624611,167176,2088664,165301,164363,262,1072,724,208,-949,282,-64,3,-33,-437,1208,-495,271,-583,-751,24,8,-11,
2483783,1624611,167142,2088664,165301,164363,248,1076,748,208,-949,282,-61,4,-29,-458,1212,-489,270,-587,-760,26,0,0,
2483783,1624611,167142,2105424,165301,164363,249,1059,767,209,-938,292,-74,8,-30,-455,1201,-476,270,-587,-760,16,9,2,
2483783,1624611,167142,2105424,165258,164363,267,1079,793,208,-939,296,-69,9,-35,-438,1204,-492,273,-585,-764,15,13,6,
2483783,1624611,167142,2105424,165258,164820,266,1070,763,208,-939,296,-85,7,-35,-450,1212,-491,273,-585,-764,14,11,5,
2483783,1624611,167142,2105424,165258,164820,249,1088,705,210,-948,284,-84,5,-29,-447,1205,-486,273,-581,-779,20,5,5,
2483783,1624611,167142,2105424,165258,164820,257,1068,782,210,-948,284,-79,2,-29,-452,1215,-485,272,-582,-757,20,4,2,
2499763,1624611,167142,2105424,165258,164820,254,1074,747,208,-947,298,-80,10,-32,-445,1200,-497,272,-582,-757,11,9,0,
2499763,1626309,167142,2105424,165258,164820,224,1077,767,208,-947,298,-69,5,-25,-456,1194,-487,271,-584,-771,9,10,8,
2499763,1626309,167239,2105424,165258,164820,254,1070,745,209,-939,282,-64,5,-34,-443,1210,-498,271,-584,-771,8,13,2,
2499763,1626309,167239,2108952,165258,164820,258,1079,769,208,-952,290,-64,6,-34,-439,1222,-512,274,-576,-771,14,10,7,
2499763,1626309,167239,2108952,165240,164820,255,1066,776,208,-952,290,-70,4,-30,-435,1213,-499,274,-576,-771,14,5,7,
2499763,1626309,167239,2108952,165240,164929,266,1057,741,208,-946,283,-63,8,-30,-453,1230,-507,269,-577,-783,7,7,5,
2499763,1626309,167239,2108952,165240,164929,227,1072,762,208,-946,283,-65,2,-26,-461,1212,-464,267,-579,-790,-3,7,9,
2499763,1626309,167239,2108952,165240,164929,247,1081,785,209,-940,292,-54,1,-30,-435,1210,-519,267,-579,-790,8,8,-1,
2516226,1626309,167239,2108952,165240,164929,237,1081,732,209,-946,289,-53,0,-35,-434,1206,-492,272,-588,-770,2,11,-6,
2516226,1617661,167239,2108952,165240,164929,248,1072,777,209,-946,289,-49,7,-36,-452,1213,-487,272,-588,-770,15,13,-2,
2516226,1617661,167143,2108952,165240,164929,260,1070,779,209,-947,298,-47,2,-39,-453,1222,-476,271,-583,-753,14,3,2,
2516226,1617661,167143,2112197,165240,164929,257,1080,756,209,-947,298,-38,4,-41,-448,1214,-480,271,-583,-753,14,10,-6,
2516226,1617661,167143,2112197,165226,164929,243,1067,759,213,-949,295,-37,-1,-36,-459,1220,-470,270,-580,-772,19,10,-6,
2516226,1617661,167143,2112197,165226,164641,246,1079,779,213,-949,295,-35,3,-40,-446,1219,-490,270,-580,-772,19,2,-10,
2516226,1617661,167143,2112197,165226,164641,259,1074,775,209,-942,289,-38,5,-33,-439,1223,-484,272,-576,-770,20,2,-15,
2516226,1617661,167143,2112197,165226,164641,263,1064,731,211,-945,288,-35,0,-31,-461,1201,-461,271,-587,-778,16,10,-18,
2513911,1617661,167143,2112197,165226,164641,231,1069,779,211,-945,288,-44,7,-33,-436,1210,-515,271,-587,-778,13,3,-22,
2513911,1616051,167143,2112197,165226,164641,263,1081,776,210,-945,293,-43,5,-42,-421,1204,-517,270,-584,-782,21,11,-14,
2513911,1616051,167187,2112197,165226,164641,245,1075,785,210,-945,293,-43,2,-32,-434,1204,-492,270,-584,-782,20,6,-9,
2513911,1616051,167187,2109513,165226,164641,247,1073,757,207,-943,299,-47,2,-30,-441,1205,-451,272,-576,-771,14,3,-8,
2513911,1616051,167187,2109513,165256,164641,262,1079,803,209,-944,295,-49,2,-33,-440,1203,-495,272,-576,-771,8,2,-6,
2513911,1616051,167187,2109513,165256,165086,246,1071,760,209,-944,295,-55,2,-28,-443,1204,-501,269,-577,-793,13,0,-9,
2513911,1616051,167187,2109513,165256,165086,245,1067,777,208,-948,294,-58,7,-29,-423,1231,-525,269,-581,-772,3,-4,-3,
2513911,1616051,167187,2109513,165256,165086,239,1080,753,208,-948,294,-56,7,-35,-468,1197,-470,269,-581,-772,6,10,-4,
2516191,1616051,167187,2109513,165256,165086,255,1065,733,210,-948,295,-53,6,-33,-432,1224,-490,270,-585,-776,6,1,-4,
2516191,1603322,167187,2109513,165256,165086,238,1075,779,210,-948,295,-48,1,-40,-431,1225,-494,270,-585,-776,1,-4,-3,
2516191,1603322,167238,2109513,165256,165086,244,1074,757,208,-949,289,-51,7,-32,-454,1211,-458,271,-582,-768,6,-2,-3,
2516191,1603322,167238,2107382,165256,165086,255,1066,799,208,-945,296,-56,0,-37,-456,1205,-453,271,-582,-768,7,13,-5,
2516191,1603322,167238,2107382,165237,165086,255,1068,741,208,-945,296,-61,4,-33,-450,1200,-488,268,-578,-778,1,6,-5,
2516191,1603322,167238,2107382,165237,163976,241,1093,775,207,-948,286,-57,2,-34,-447,1217,-480,268,-578,-758,5,6,-3,
2516191,1603322,167238,2107382,165237,163976,244,1069,739,207,-948,286,-49,1,-35,-446,1217,-481,272,-581,-758,9,5,3,
2516191,1603322,167238,2107382,165237,163976,248,1072,733,211,-942,289,-52,7,-29,-439,1228,-476,269,-582,-762,5,4,-7,
2525930,1603322,167238,2107382,165237,163976,245,1075,791,213,-945,296,-52,9,-34,-433,1205,-479,269,-582,-762,2,2,-4,
2525930,1612612,167238,2107382,165237,163976,257,1076,750,213,-945,296,-58,3,-29,-457,1225,-480,269,-585,-766,3,3,-8,
2525930,1612612,167160,2107382,165237,163976,242,1072,762,211,-947,289,-52,6,-30,-433,1215,-491,269,-585,-766,10,9,-14,
2525930,1612612,167160,2110979,165237,163976,248,1073,750,211,-947,289,-52,7,-29,-443,1212,-468,275,-584,-763,3,7,-14,
2525930,1612612,167160,2110979,165283,163976,249,1072,757,208,-942,288,-52,9,-31,-452,1228,-489,275,-584,-763,11,-1,-14,
2525930,1612612,167160,2110979,165283,163944,241,1072,769,208,-942,285,-50,4,-32,-441,1231,-525,269,-578,-763,14,0,-22,
2525930,1612612,167160,2110979,165283,163944,257,1067,760,210,-947,285,-49,5,-29,-447,1228,-493,273,-584,-775,13,2,-29,
2525930,1612612,167160,2110979,165283,163944,253,1066,786,209,-947,292,-51,8,-32,-436,1214,-512,273,-584,-775,15,5,-32,
2526558,1612612,167160,2110979,165283,163944,243,1073,803,209,-947,292,-50,2,-40,-440,1211,-490,270,-582,-768,17,-10,-32,
2526558,1626579,167160,2110979,165283,163944,262,1074,800,210,-947,291,-39,-1,-35,-450,1207,-489,270,-582,-768,22,1,-36,
2526558,1626579,167215,2110979,165283,163944,252,1066,750,210,-947,291,-32,-4,-30,-449,1213,-479,271,-581,-774,23,-7,-42,
2526558,1626579,167215,2122371,165283,163944,249,1088,779,207,-941,292,-36,-4,-34,-451,1209,-476,271,-581,-774,14,-2,-43,
2526558,1626579,167215,2122371,165201,163944,276,1072,771,213,-953,291,-36,6,-36,-440,1206,-499,271,-576,-778,23,3,-40,
2526558,1626579,167215,2122371,165201,163992,239,1067,719,213,-953,291,-35,8,-35,-471,1199,-481,271,-580,-758,17,-8,-32,
2526558,1626579,167215,2122371,165201,163992,250,1070,750,211,-944,290,-38,3,-39,-457,1205,-477,275,-580,-758,15,-2,-26,
2526558,1626579,167215,2122371,165201,163992,239,1065,771,211,-944,290,-42,-1,-33,-442,1197,-495,273,-579,-774,14,5,-24,
2515491,1626579,167215,2122371,165201,163992,256,1089,802,209,-944,290,-53,6,-33,-443,1199,-492,273,-579,-774,11,3,-24,
2515491,1631188,167215,2122371,165201,163992,268,1062,748,209,-944,287,-56,7,-36,-463,1200,-483,275,-584,-782,9,3,-15,
2515491,1631188,167028,2122371,165201,163992,272,1075,799,209,-944,287,-53,5,-30,-437,1194,-495,275,-584,-782,5,4,-6,
2515491,1631188,167028,2117243,165201,163992,225,1054,713,210,-948,290,-58,4,-32,-451,1204,-536,273,-579,-784,14,11,-5,
2515491,1631188,167028,2117243,165211,163992,230,1086,787,210,-948,290,-56,6,-37,-442,1212,-468,273,-579,-784,5,14,-7,
2515491,1631188,167028,2117243,165211,163896,238,1053,739,211,-943,293,-61,5,-32,-444,1211,-484,273,-576,-769,3,1,-3,
2515491,1631188,167028,2117243,165211,163896,259,1075,792,211,-943,293,-69,4,-34,-453,1220,-472,273,-581,-767,1,-1,-8,
2515491,1631188,167028,2117243,165211,163896,251,1073,770,210,-937,297,-66,0,-33,-448,1218,-469,273,-581,-767,8,2,-9,
2517418,1631188,167028,2117243,165211,163896,234,1070,718,211,-946,297,-64,2,-34,-424,1222,-492,273,-582,-765,12,1,-17,
2517418,1618669,167028,2117243,165211,163896,265,1070,516,211,-946,297,-66,2,-31,-448,1204,-484,273,-582,-765,10,10,-22,
2517418,1618669,167181,2117243,165211,163896,226,1064,731,211,-946,293,-66,6,-27,-456,1195,-486,276,-576,-773,30,4,-16,
2517418,1618669,167181,2117786,165211,163896,241,1073,752,211,-946,293,-57,2,-34,-448,1208,-506,276,-576,-773,18,8,-23,
2517418,1618669,167181,2117786,165290,163896,241,1072,789,205,-940,288,-53,-4,-36,-461,1190,-496,274,-576,-785,11,4,-18,
2517418,1618669,167181,2117786,165290,163890,257,1068,777,211,-937,295,-50,3,-35,-451,1199,-495,273,-581,-760,1,-3,-13,
2517418,1618669,167181,2117786,165290,163890,252,1067,760,211,-937,295,-54,0,-38,-438,1213,-485,273,-581,-760,-3,-6,-11,
