0,0,0,0,0,0,-49,-149,1336,-503,688,779,-50,-5,-33,-43,13,1305,-677,286,936,-6,5,-45,
4540422,0,0,0,0,0,-62,-156,1307,-503,688,779,-51,-1,-38,-51,9,1285,-677,286,936,-1,7,-36,
4540422,4236880,0,0,0,0,-24,-159,1305,-501,685,780,-51,-3,-32,-22,16,1307,-675,286,956,-7,2,-36,
4540422,4236880,3825793,0,0,0,-54,-151,1354,-501,685,780,-53,-8,-38,-41,10,1347,-675,286,956,0,-4,-40,
4540422,4236880,3825793,4257548,0,0,-52,-149,1309,-502,694,773,-49,-11,-41,-37,8,1307,-679,289,952,-4,-7,-41,
4540422,4236880,3825793,4257548,3828174,0,-38,-152,1334,-502,690,779,-51,-3,-40,-33,27,1302,-679,289,952,8,-10,-36,
4540422,4236880,3825793,4257548,3828174,3741578,-53,-148,1307,-502,690,779,-49,-7,-38,-36,15,1318,-679,294,955,2,-9,-33,
4540422,4236880,3825793,4257548,3828174,3741578,-57,-144,1341,-500,691,777,-51,-8,-34,-45,20,1295,-677,291,949,-6,-4,-45,
4540422,4236880,3825793,4257548,3828174,3741578,-44,-160,1307,-500,691,777,-57,-7,-35,-55,8,1332,-677,291,949,6,13,-45,
4559047,4236880,3825793,4257548,3828174,3741578,-60,-146,1331,-503,692,775,-57,-6,-33,-31,8,1310,-678,286,971,5,9,-36,
4559047,4231933,3825793,4257548,3828174,3741578,-56,-138,1332,-503,692,775,-55,-9,-36,-34,17,1309,-678,286,971,1,-1,-39,
4559047,4231933,3815853,4257548,3828174,3741578,-55,-161,1290,-502,695,759,-53,-4,-37,-43,16,1319,-681,284,949,-6,2,-43,
4559047,4231933,3815853,4272250,3828174,3741578,-55,-150,1332,-501,688,775,-56,-13,-37,-47,16,1309,-681,284,949,-2,-3,-36,
4559047,4231933,3815853,4272250,3817941,3741578,-55,-147,1291,-501,688,775,-59,-14,-39,-35,14,1287,-678,289,947,-9,-4,-47,
4559047,4231933,3815853,4272250,3817941,3731914,-54,-153,1314,-499,686,770,-59,-13,-37,-33,10,1324,-678,289,947,-1,12,-37,
4559047,4231933,3815853,4272250,3817941,3731914,-27,-143,1334,-499,686,770,-57,-20,-40,-36,26,1311,-682,292,959,-5,7,-41,
4559047,4231933,3815853,4272250,3817941,3731914,-43,-156,1334,-504,694,779,-55,-16,-43,-44,1,1305,-678,283,949,-8,7,-40,
4595331,4231933,3815853,4272250,3817941,3731914,-39,-157,1310,-502,694,775,-63,-15,-41,-35,7,1299,-678,283,949,8,5,-41,
4595331,4228091,3815853,4272250,3817941,3731914,-45,-158,1329,-502,694,775,-58,-18,-49,-49,18,1314,-679,286,953,-5,3,-39,
4595331,4228091,3823142,4272250,3817941,3731914,-60,-159,1324,-502,689,777,-60,-21,-43,-46,9,1300,-679,286,953,0,2,-44,
4595331,4228091,3823142,4285456,3817941,3731914,-35,-148,1344,-502,689,777,-60,-23,-41,-49,23,1323,-680,289,953,4,5,-42,
4595331,4228091,3823142,4285456,3743838,3731914,-38,-150,1311,-504,692,762,-61,-14,-43,-41,12,1310,-680,289,953,-3,7,-40,
4595331,4228091,3823142,4285456,3743838,3671038,-24,-150,1311,-504,692,762,-61,-15,-36,-44,16,1327,-679,294,951,1,10,-41,
4595331,4228091,3823142,4285456,3743838,3671038,-32,-155,1359,-501,697,776,-61,-18,-45,-43,20,1318,-679,288,956,2,6,-33,
4595331,4228091,3823142,4285456,3743838,3671038,-57,-156,1328,-505,690,773,-61,-29,-46,-35,21,1315,-679,288,956,-5,8,-27,
4659157,4228091,3823142,4285456,3743838,3671038,-29,-165,1328,-505,690,773,-65,-28,-49,-33,17,1310,-677,285,936,-12,6,-38,
4659157,4214736,3823142,4285456,3743838,3671038,-59,-147,1323,-506,691,778,-60,-22,-50,-46,19,1323,-677,285,936,-11,-2,-36,
4659157,4214736,3834557,4285456,3743838,3671038,-23,-155,1306,-506,691,778,-62,-24,-44,-38,20,1330,-674,289,952,-8,10,-34,
4659157,4214736,3834557,4266525,3743838,3671038,-27,-150,1358,-507,696,774,-65,-29,-46,-45,12,1316,-674,289,952,-4,9,-38,
4659157,4214736,3834557,4266525,3640519,3671038,-11,-169,1301,-507,688,771,-66,-30,-40,-36,25,1291,-683,293,943,-3,10,-36,
4659157,4214736,3834557,4266525,3640519,3588107,-27,-164,1355,-507,688,771,-65,-32,-51,-40,15,1332,-683,293,950,-8,4,-38,
4659157,4214736,3834557,4266525,3640519,3588107,-38,-164,1290,-507,689,772,-63,-31,-45,-55,16,1339,-678,289,950,-12,10,-44,
4659157,4214736,3834557,4266525,3640519,3588107,-30,-162,1297,-507,689,772,-64,-28,-46,-36,20,1308,-678,285,952,-2,19,-41,
4750988,4214736,3834557,4266525,3640519,3588107,-32,-163,1304,-509,690,767,-63,-35,-48,-29,22,1280,-678,285,952,-4,6,-39,
4750988,4192301,3834557,4266525,3640519,3588107,-21,-154,1335,-509,690,767,-65,-27,-52,-62,21,1328,-680,282,944,-3,7,-42,
4750988,4192301,3829273,4266525,3640519,3588107,-18,-163,1301,-512,694,774,-64,-29,-47,-47,15,1322,-680,282,944,8,9,-35,
4750988,4192301,3829273,4240536,3640519,3588107,-14,-153,1304,-510,691,772,-63,-25,-48,-43,1,1307,-680,288,941,7,3,-40,
4750988,4192301,3829273,4240536,3373579,3588107,-29,-161,1323,-510,691,772,-66,-22,-49,-40,15,1283,-680,288,941,1,0,-35,
4750988,4192301,3829273,4240536,3373579,3443198,-10,-162,1349,-507,687,777,-59,-26,-47,-56,13,1310,-680,291,964,8,-7,-38,
4750988,4192301,3829273,4240536,3373579,3443198,-17,-158,1319,-507,687,777,-62,-21,-46,-30,19,1313,-677,282,947,9,-3,-33,
4750988,4192301,3829273,4240536,3373579,3443198,-42,-148,1294,-509,697,769,-67,-19,-44,-41,13,1315,-677,282,947,6,3,-40,
4803862,4192301,3829273,4240536,3373579,3443198,-23,-169,1316,-509,693,763,-61,-17,-46,-38,17,1294,-679,285,960,3,8,-38,
4803862,4152881,3829273,4240536,3373579,3443198,-24,-163,1367,-509,693,763,-56,-15,-45,-55,7,1319,-679,285,960,5,15,-40,
4803862,4152881,3773183,4240536,3373579,3443198,-5,-163,1318,-510,691,779,-50,-9,-44,-43,9,1323,-676,283,951,5,10,-38,
4803862,4152881,3773183,4256508,3373579,3443198,-7,-164,1312,-510,691,779,-51,-1,-40,-42,9,1320,-676,283,951,9,8,-37,
4803862,4152881,3773183,4256508,3331860,3443198,-10,-169,1316,-511,692,773,-48,4,-39,-30,11,1326,-680,290,960,-1,-9,-39,
4803862,4152881,3773183,4256508,3331860,3438799,-24,-160,1346,-511,692,773,-42,7,-32,-38,9,1321,-680,289,933,8,-2,-39,
4803862,4152881,3773183,4256508,3331860,3438799,-25,-165,1327,-508,698,777,-33,19,-27,-30,20,1320,-679,289,933,-5,5,-38,
4803862,4152881,3773183,4256508,3331860,3438799,-9,-163,1320,-508,691,771,-40,15,-29,-47,8,1320,-679,283,949,-1,3,-45,
4794129,4152881,3773183,4256508,3331860,3438799,-3,-148,1359,-508,691,771,-38,24,-21,-42,20,1304,-679,283,949,-4,-16,-44,
4794129,4159612,3773183,4256508,3331860,3438799,-27,-157,1291,-511,693,773,-41,22,-21,-39,8,1319,-677,286,946,1,-6,-44,
4794129,4159612,3752509,4256508,3331860,3438799,4,-177,1313,-511,693,773,-37,29,-24,-46,22,1309,-677,286,946,-3,7,-38,
4794129,4159612,3752509,4282094,3331860,3438799,-57,-152,1347,-509,698,772,-36,35,-24,-23,24,1295,-682,290,956,-2,5,-43,
4794129,4159612,3752509,4282094,3298354,3438799,-37,-162,1311,-507,691,770,-31,37,-20,-38,7,1326,-682,290,956,-11,-3,-45,
4794129,4159612,3752509,4282094,3298354,3580073,-42,-156,1315,-507,691,770,-38,36,-12,-27,5,1301,-683,288,939,-8,0,-49,
4794129,4159612,3752509,4282094,3298354,3580073,-57,-160,1330,-507,688,774,-29,37,-20,-32,11,1297,-677,285,933,-4,-5,-48,
4794129,4159612,3752509,4282094,3298354,3580073,-47,-152,1331,-507,688,774,-31,41,-17,-47,10,1300,-677,285,933,-4,-5,-38,
4689246,4159612,3752509,4282094,3298354,3580073,-27,-147,1345,-506,692,766,-39,37,-13,-46,15,1297,-680,281,945,7,1,-39,
4689246,4176969,3752509,4282094,3298354,3580073,-52,-153,1313,-506,692,766,-30,44,-16,-37,8,1308,-680,281,945,9,4,-46,
4689246,4176969,3605334,4282094,3298354,3580073,-49,-150,1306,-506,690,771,-24,49,-9,-61,4,1345,-676,295,955,7,-9,-42,
4689246,4176969,3605334,4316870,3298354,3580073,-55,-154,1289,-504,687,778,-27,53,-13,-20,24,1293,-676,295,955,18,-19,-37,
4689246,4176969,3605334,4316870,3318210,3580073,-58,-146,1303,-504,687,778,-27,51,-14,-40,18,1326,-683,297,953,22,-18,-37,
4689246,4176969,3605334,4316870,3318210,3707768,-42,-155,1326,-501,687,771,-20,57,-16,-45,16,1331,-685,287,952,18,-20,-40,
4689246,4176969,3605334,4316870,3318210,3707768,-37,-157,1322,-501,687,771,-22,59,-17,-61,7,1313,-685,287,952,19,-19,-38,
4689246,4176969,3605334,4316870,3318210,3707768,-56,-155,1315,-502,696,769,-26,69,-11,-33,34,1288,-684,284,950,25,-27,-43,
4357310,4176969,3605334,4316870,3318210,3707768,-39,-161,1347,-499,687,781,-18,81,-3,-57,14,1307,-684,284,950,28,-32,-48,
4357310,3894869,3605334,4316870,3318210,3707768,-82,-148,1277,-499,687,781,-12,118,2,-47,5,1314,-685,281,956,20,-25,-48,
4357310,3894869,3103426,4316870,3318210,3707768,-64,-155,1308,-495,688,783,-5,136,8,-43,24,1283,-685,281,956,14,-31,-46,
4357310,3894869,3103426,4490793,3318210,3707768,-55,-146,1346,-495,688,783,3,145,18,-34,21,1310,-685,287,945,21,-33,-55,
4357310,3894869,3103426,4490793,2972348,3707768,-75,-156,1327,-492,687,787,-3,146,12,-49,16,1310,-685,287,945,10,-19,-51,
4357310,3894869,3103426,4490793,2972348,3686345,-79,-152,1304,-492,687,786,6,172,12,-36,16,1322,-691,287,958,8,-28,-46,
4357310,3894869,3103426,4490793,2972348,3686345,-92,-168,1383,-488,686,786,48,231,31,-35,11,1317,-686,283,945,2,-19,-54,
4357310,3894869,3103426,4490793,2972348,3686345,-101,-237,1357,-483,681,795,135,317,54,-36,12,1324,-686,283,945,7,-17,-52,
2847034,3894869,3103426,4490793,2972348,3686345,-142,-734,1470,-483,681,795,212,360,99,-55,23,1292,-684,282,948,10,-16,-53,
2847034,2374783,3103426,4490793,2972348,3686345,-143,-714,1660,-467,682,808,279,354,287,-51,20,1312,-684,282,948,4,-8,-45,
2847034,2374783,511106,4490793,2972348,3686345,-154,-502,1672,-467,682,808,236,380,592,-49,15,1327,-687,283,939,15,-1,-45,
2847034,2374783,511106,4710302,2972348,3686345,-151,-532,1526,-437,699,808,18,600,1009,-42,25,1293,-687,283,939,15,0,-40,
2847034,2374783,511106,4710302,2967676,3686345,-151,-501,1634,-395,702,815,59,694,1147,-38,25,1310,-683,291,942,7,0,-46,
2847034,2374783,511106,4710302,2967676,3675059,-85,-448,1564,-395,702,815,204,734,1231,-34,28,1290,-683,283,943,9,0,-44,
2847034,2374783,511106,4710302,2967676,3675059,500,-295,1460,-353,702,834,471,652,1162,-48,31,1291,-683,283,943,8,-2,-44,
2847034,2374783,511106,4710302,2967676,3675059,468,-381,1574,-353,702,834,824,442,993,-53,18,1318,-682,278,946,0,-2,-43,
2717598,2374783,511106,4710302,2967676,3675059,409,-1102,1350,-325,691,853,954,289,818,-34,35,1285,-682,278,946,-3,7,-45,
2717598,1638967,511106,4710302,2967676,3675059,422,-1204,1324,-325,675,864,550,222,743,-60,23,1347,-688,283,942,-4,6,-48,
2717598,1638967,229093,4710302,2967676,3675059,446,-866,1306,-298,675,864,132,228,692,-34,19,1284,-688,283,942,-1,4,-45,
2717598,1638967,229093,4738347,2967676,3675059,513,-721,1274,-272,660,883,-5,273,555,-46,15,1320,-688,290,940,9,5,-38,
2717598,1638967,229093,4738347,3204007,3675059,608,-766,1112,-272,660,883,-76,291,384,-48,20,1305,-688,290,954,0,14,-45,
2717598,1638967,229093,4738347,3204007,3785342,629,-640,1102,-253,648,892,-240,318,229,-54,16,1289,-687,283,954,5,15,-46,
2717598,1638967,229093,4738347,3204007,3785342,722,-550,1045,-253,648,892,-511,449,18,-46,17,1316,-685,285,942,-13,21,-42,
2717598,1638967,229093,4738347,3204007,3785342,820,-445,1036,-228,632,901,-584,455,-38,-42,22,1529,-685,285,942,-15,19,-42,
2621439,1638967,229093,4738347,3204007,3785342,929,-363,1059,-206,611,906,-609,381,-84,-43,13,1306,-683,281,936,-5,11,-44,
2621439,1642812,229093,4738347,3204007,3785342,963,-308,1010,-206,611,906,-623,242,-114,-49,17,1330,-683,281,936,-13,19,-50,
2621439,1642812,197838,4738347,3204007,3785342,1012,-207,1080,-201,586,912,-634,67,-134,-32,21,1310,-683,283,955,-14,18,-46,
2621439,1642812,197838,4658442,3204007,3785342,971,-191,1113,-201,586,912,-647,-119,-144,-28,31,1301,-683,283,955,-16,12,-45,
2621439,1642812,197838,4658442,3334063,3785342,946,-178,1146,-207,568,907,-656,-304,-145,-49,17,1334,-689,293,949,-14,7,-44,
2621439,1642812,197838,4658442,3334063,3869438,939,-177,1193,-218,545,899,-701,-500,-144,-38,13,1326,-688,283,938,-15,8,-47,
2621439,1642812,197838,4658442,3334063,3869438,889,-153,1275,-218,545,899,-791,-724,-156,-38,22,1322,-688,283,938,-9,7,-44,
2621439,1642812,197838,4658442,3334063,3869438,782,-121,1288,-231,518,897,-860,-951,-182,-40,18,1333,-686,281,948,-18,9,-48,
2340463,1642812,197838,4658442,3334063,3869438,570,-64,1367,-231,518,897,-892,-1116,-289,-43,23,1313,-686,281,948,-16,6,-41,
2340463,1677545,197838,4658442,3334063,3869438,484,-80,1400,-245,507,863,-852,-1253,-362,-43,22,1314,-687,284,950,-14,-3,-37,
2340463,1677545,177190,4658442,3334063,3869438,429,-85,1492,-245,507,863,-820,-1276,-429,-41,15,1308,-687,284,950,-4,8,-40,
2340463,1677545,177190,4617141,3334063,3869438,377,-93,1536,-252,496,841,-776,-1265,-497,-45,13,1315,-685,287,949,-5,4,-45,
2340463,1677545,177190,4617141,3469819,3869438,300,-78,1529,-241,473,810,-716,-1237,-573,-43,21,1319,-684,288,949,-9,8,-49,
2340463,1677545,177190,4617141,3469819,3947503,228,-89,1562,-241,473,810,-646,-1195,-659,-51,7,1335,-684,288,949,-1,12,-42,
2340463,1677545,177190,4617141,3469819,3947503,245,-161,1560,-222,462,781,-549,-1183,-743,-37,21,1300,-683,280,973,0,11,-35,
2340463,1677545,177190,4617141,3469819,3947503,229,-269,1609,-222,462,781,-500,-1262,-817,-40,11,1317,-683,280,973,-5,13,-41,
2187642,1677545,177190,4617141,3469819,3947503,216,-323,1634,-215,469,738,-553,-1437,-885,-32,19,1312,-687,281,953,-10,8,-48,
2187642,1799950,177190,4617141,3469819,3947503,77,-292,1612,-209,482,690,-656,-1635,-928,-35,2,1306,-687,281,953,-18,-2,-56,
2187642,1799950,169134,4617141,3469819,3947503,-35,-268,1648,-209,482,690,-718,-1745,-955,-40,22,1350,-686,288,942,-4,14,-51,
2187642,1799950,169134,4521670,3469819,3947503,-126,-275,1517,-201,501,647,-657,-1690,-925,-23,14,1290,-686,288,942,-10,7,-42,
2187642,1799950,169134,4521670,3621040,3947503,-182,-313,1600,-201,501,647,-647,-1647,-875,-32,14,1314,-687,286,946,-6,12,-47,
2187642,1799950,169134,4521670,3621040,4149465,-206,-335,1527,-199,527,610,-650,-1651,-810,-37,9,1320,-685,283,967,-11,9,-38,
2187642,1799950,169134,4521670,3621040,4149465,-256,-330,1513,-199,527,610,-636,-1679,-739,-21,24,1315,-685,283,967,-13,21,-42,
2187642,1799950,169134,4521670,3621040,4149465,-293,-343,1496,-201,550,570,-637,-1659,-639,-37,43,1298,-684,279,958,-20,22,-41,
2084841,1799950,169134,4521670,3621040,4149465,-451,-322,1429,-199,565,539,-636,-1566,-510,-33,18,1318,-684,279,958,-28,23,-42,
2084841,1846586,169134,4521670,3621040,4149465,-428,-291,1385,-199,565,539,-635,-1454,-364,-22,22,1311,-684,287,947,-28,28,-40,
2084841,1846586,171767,4521670,3621040,4149465,-504,-211,1348,-198,582,514,-619,-1372,-205,-37,11,1323,-684,287,947,-28,34,-42,
2084841,1846586,171767,4229206,3621040,4149465,-554,-171,1408,-198,582,514,-587,-1341,-45,-53,21,1338,-687,290,958,-27,46,-40,
2084841,1846586,171767,4229206,4074650,4149465,-686,-170,1262,-192,603,491,-542,-1321,119,-35,12,1333,-680,282,953,-36,47,-46,
2084841,1846586,171767,4229206,4074650,4456117,-785,-112,1308,-187,613,486,-487,-1240,455,-19,22,1285,-680,282,953,-38,71,-45,
2084841,1846586,171767,4229206,4074650,4456117,-834,-76,1293,-187,613,486,-400,-892,587,-46,13,1325,-672,287,954,-49,102,-35,
2084841,1846586,171767,4229206,4074650,4456117,-858,205,1226,-175,623,480,-366,-727,678,-59,16,1323,-672,287,954,-66,146,-36,
2091503,1846586,171767,4229206,4074650,4456117,-880,118,1212,-175,623,480,-315,-593,705,-82,13,1367,-666,288,944,-93,209,-44,
2091503,1871756,171767,4229206,4074650,4456117,-895,180,1301,-163,639,458,-228,-460,675,-66,15,1359,-666,288,944,-119,332,-63,
2091503,1871756,171126,4229206,4074650,4456117,-904,194,1216,-163,639,458,-132,-300,602,-83,14,1355,-659,297,968,-132,516,-84,
2091503,1871756,171126,2392740,4074650,4456117,-970,209,1164,-150,640,462,-44,-116,488,-85,-13,1435,-659,297,978,-119,707,-99,
2091503,1871756,171126,2392740,4595665,4456117,-973,214,1260,-140,645,465,16,89,358,-130,37,1412,-632,291,978,66,1149,-136,
2091503,1871756,171126,2392740,4595665,4723327,-968,351,1280,-140,645,465,45,299,205,-154,72,1499,-603,284,982,42,1044,-120,
2091503,1871756,171126,2392740,4595665,4723327,-468,-300,3066,-132,642,469,103,488,47,-184,56,1487,-603,284,982,-22,1011,-107,
2091503,1871756,171126,2392740,4595665,4723327,1042,-126,828,-132,642,469,430,1015,-41,-168,-14,1601,-582,283,1006,-152,1008,-88,
4755418,1871756,171126,2392740,4595665,4723327,1434,-413,554,-107,640,486,1049,1799,395,-200,-23,1722,-582,283,1006,-231,981,-51,
4755418,1217238,171126,2392740,4595665,4723327,623,-50,1032,-69,599,540,2946,2383,730,-225,29,1640,-557,288,1013,-221,1045,-35,
4755418,1217238,197613,2392740,4595665,4723327,-23,-272,1620,-69,599,540,2811,2679,844,-232,40,1640,-557,288,1013,-257,1173,-46,
4755418,1217238,197613,941544,4595665,4723327,-175,-378,1994,-19,570,569,1849,2706,719,-240,7,1675,-523,302,1017,-278,1310,-59,
4755418,1217238,197613,941544,4756227,4723327,260,-434,2162,-19,570,569,1162,2805,636,-236,-26,1703,-483,300,1035,-290,1460,-48,
4755418,1217238,197613,941544,4756227,4702587,95,-249,1803,32,557,578,982,3217,681,-270,-32,1768,-483,300,1035,-320,1618,-31,
4755418,1217238,197613,941544,4756227,4702587,-26,-274,1718,32,557,578,882,3024,699,-286,18,2038,-436,304,1054,-368,1796,-27,
4755418,1217238,197613,941544,4756227,4702587,-81,-227,1644,81,543,592,675,2290,594,-349,111,1921,-436,304,1054,-443,1995,-53,
5113686,1217238,197613,941544,4756227,4702587,-136,-253,1511,112,540,588,379,1496,388,-378,146,2017,-376,319,1062,-525,2208,-84,
5113686,1429615,197613,941544,4756227,4702587,-88,-200,1403,112,540,588,165,886,132,-416,253,2039,-376,319,1062,-647,2451,-152,
5113686,1429615,932941,941544,4756227,4702587,-11,-189,1362,120,541,585,60,576,-23,-520,316,2145,-306,331,1086,-776,2720,-262,
5113686,1429615,932941,516629,4756227,4702587,-19,-199,1346,120,541,585,-17,295,-94,-598,359,2252,-50,348,1082,-820,3008,-395,
5113686,1429615,932941,516629,3917800,4702587,-12,-198,1335,120,545,587,-31,221,-103,-623,337,2350,-217,348,1082,-846,3283,-547,
5113686,1429615,932941,516629,3917800,2905390,-3,-202,1337,125,543,595,-35,166,-112,-557,95,2357,-120,360,1069,-939,3476,-675,
5113686,1429615,932941,516629,3917800,2905390,0,-192,1331,125,543,595,-37,124,-96,-591,152,2319,-120,360,1069,-1176,3587,-737,
5113686,1429615,932941,516629,3917800,2905390,-8,-206,1307,123,541,588,-32,80,-78,-489,250,2321,-15,385,1063,-1284,3691,-792,
5107890,1429615,932941,516629,3917800,2905390,-5,-197,1319,123,541,588,-37,51,-74,-498,217,2381,-15,385,1063,-1383,3766,-962,
5107890,1438202,932941,516629,3917800,2905390,-16,-205,1294,126,546,583,-32,31,-62,-622,335,2306,77,425,1035,-1738,3404,-1055,
5107890,1438202,1728376,516629,3917800,2905390,-15,-202,1330,126,546,590,-47,8,-66,-401,595,1935,77,425,1035,-1752,3183,-1174,
5107890,1438202,1728376,632541,3917800,2905390,-2,-205,1357,123,543,590,-61,0,-62,41,726,1313,161,465,983,-1658,2922,-1305,
5107890,1438202,1728376,632541,866913,2905390,2,-198,1312,124,542,591,-74,2,-59,1015,985,380,208,490,938,-1541,2364,-1469,
5107890,1438202,1728376,632541,866913,1265251,-16,-215,1320,124,542,591,-82,8,-59,850,816,244,208,490,938,-1308,1642,-1391,
5107890,1438202,1728376,632541,866913,1265251,5,-205,1306,127,542,592,-72,30,-56,651,646,577,224,503,903,-667,751,-1147,
5107890,1438202,1728376,632541,866913,1265251,-9,-210,1315,127,542,592,-57,36,-55,739,123,665,224,503,903,-379,-131,-833,
5098146,1438202,1728376,632541,866913,1265251,-22,-205,1327,125,542,591,-40,35,-47,442,124,684,206,512,876,-666,-665,-514,
5098146,1482085,1728376,632541,866913,1265251,3,-211,1334,126,544,595,-31,37,-37,345,428,548,206,512,876,-986,-879,-293,
5098146,1482085,2462642,632541,866913,1265251,-21,-213,1266,126,544,595,-16,52,-34,287,677,534,183,532,869,-968,-982,-141,
5098146,1482085,2462642,546668,866913,1265251,-21,-192,1350,127,540,590,-11,71,-30,322,728,474,167,534,820,-623,-1055,-34,
5098146,1482085,2462642,546668,533318,1265251,-7,-204,1301,127,540,590,-11,79,-33,397,629,496,167,534,820,-222,-1170,106,
5098146,1482085,2462642,546668,533318,750375,-36,-203,1303,128,549,595,-11,85,-38,449,467,529,146,518,811,99,-1354,304,
5098146,1482085,2462642,546668,533318,750375,-29,-208,1311,128,543,580,-9,78,-37,455,395,672,146,518,811,294,-1615,556,
5098146,1482085,2462642,546668,533318,750375,-11,-206,1299,128,543,580,0,89,-34,311,419,735,118,506,805,430,-1909,803,
4990252,1482085,2462642,546668,533318,750375,-39,-206,1314,131,539,588,7,85,-23,176,434,876,118,506,805,557,-2156,993,
4990252,1513340,2462642,546668,533318,750375,-44,-206,1288,131,539,588,26,84,-18,93,448,943,84,499,797,699,-2315,1097,
4990252,1513340,3615016,546668,533318,750375,-27,-200,1313,131,537,581,30,87,-18,25,447,1019,84,499,797,845,-2396,1119,
4990252,1513340,3615016,563044,533318,750375,-43,-198,1302,131,537,581,27,83,-17,-8,375,1107,50,474,803,1017,-2448,1096,
4990252,1513340,3615016,563044,554332,750375,-34,-196,1322,132,539,596,38,82,-16,-53,321,1189,11,458,754,1124,-2519,1012,
4990252,1513340,3615016,563044,554332,513029,-47,-193,1311,137,536,590,37,77,-7,-76,327,1293,11,458,754,1240,-2638,969,
4990252,1513340,3615016,563044,554332,513029,-37,-188,1308,137,536,590,39,75,-3,-176,349,1479,-26,439,759,1333,-2687,927,
4990252,1513340,3615016,563044,554332,513029,-45,-192,1339,139,533,596,33,71,1,-220,315,1607,-26,439,759,1450,-2757,915,
4801654,1513340,3615016,563044,554332,513029,-57,-194,1320,139,533,596,19,72,1,-274,260,1718,-69,427,756,1548,-2811,952,
4801654,1701792,3615016,563044,554332,513029,-56,-176,1312,136,541,587,19,67,5,-341,250,1779,-69,427,756,1568,-2828,1015,
4801654,1701792,4283693,563044,554332,513029,-54,-192,1329,134,540,592,11,58,1,-446,312,1859,-107,413,731,1568,-2787,1093,
4801654,1701792,4283693,538841,554332,513029,-46,-183,1319,134,540,592,2,52,8,-503,399,1912,-136,393,729,1598,-2706,1166,
4801654,1701792,4283693,538841,448794,513029,-49,-177,1294,139,531,590,-3,52,0,-499,414,1975,-136,393,729,1663,-2603,1217,
4801654,1701792,4283693,538841,448794,451256,-51,-184,1293,139,531,590,-2,47,2,-471,430,2031,-162,378,711,1744,-2549,1262,
4801654,1701792,4283693,538841,448794,451256,-75,-189,1321,141,540,595,-4,51,3,-385,428,2124,-162,378,711,1809,-2567,1302,
4801654,1701792,4283693,538841,448794,451256,-58,-169,1360,141,540,595,-12,46,6,-375,392,2189,-191,360,712,1886,-2628,1334,
4618428,1701792,4283693,538841,448794,451256,-38,-195,1269,143,537,596,-21,44,6,-392,364,2265,-191,360,712,1921,-2700,1358,
4618428,2592347,4283693,538841,448794,451256,-68,-165,1315,143,529,589,-17,43,5,-446,351,2312,-211,356,705,1913,-2759,1353,
4618428,2592347,4524434,538841,448794,451256,-63,-168,1297,143,529,589,-21,36,7,-479,342,2319,-211,356,727,1917,-2775,1333,
4618428,2592347,4524434,596207,448794,451256,-42,-171,1332,144,528,601,-14,27,5,-511,294,2339,-232,336,727,1917,-2750,1271,
4618428,2592347,4524434,596207,478659,451256,-63,-179,1326,144,528,601,-34,7,-7,-543,227,2315,-257,308,759,1930,-2714,1189,
4618428,2592347,4524434,596207,478659,416290,-61,-173,1325,144,538,588,-39,6,-17,-550,136,2305,-257,308,759,1939,-2639,1090,
4618428,2592347,4524434,596207,478659,416290,-64,-170,1313,145,530,596,-37,25,-14,-598,-49,2203,-296,278,778,1912,-2537,942,
4618428,2592347,4524434,596207,478659,416290,-53,-170,1293,145,530,596,-33,40,-16,-642,-77,2116,-296,278,778,1806,-2443,759,
4458510,2592347,4524434,596207,478659,416290,-62,-170,1356,147,529,598,-23,71,-25,-671,-84,2049,-348,240,776,1665,-2389,338,
4458510,3788647,4524434,596207,478659,416290,-82,-179,1281,147,529,598,-7,93,-18,-766,-51,1916,-348,240,776,1427,-2182,85,
4458510,3788647,4658282,596207,478659,416290,-73,-165,1352,148,532,604,6,117,-14,-862,-42,1862,-401,213,778,1376,-2028,-211,
4458510,3788647,4658282,582290,478659,416290,-81,-177,1307,148,532,604,24,156,-12,-949,-95,1765,-455,156,778,1360,-1835,-518,
4458510,3788647,4658282,582290,409866,416290,-104,-166,1296,148,537,594,22,201,-2,-1010,-201,1669,-455,156,778,1332,-1664,-810,
4458510,3788647,4658282,582290,409866,392561,-105,-166,1338,155,525,592,20,256,4,-1085,-316,1473,-500,117,782,1248,-1504,-1063,
4458510,3788647,4658282,582290,409866,392561,-85,-166,1291,155,525,592,38,308,6,-1257,-447,1425,-500,117,782,1148,-1340,-1266,
4458510,3788647,4658282,582290,409866,392561,-106,-174,1436,159,518,594,52,381,-4,-1249,-502,1382,-540,82,768,977,-1148,-1448,
2236264,3788647,4658282,582290,409866,392561,-130,-179,1355,159,518,594,63,520,3,-1183,-425,1336,-540,82,768,709,-939,-1591,
2236264,4054460,4658282,582290,409866,392561,-150,-196,1364,166,526,585,17,567,26,-1047,-279,1283,-568,54,773,452,-767,-1686,
2236264,4054460,4800155,582290,409866,392561,-136,-230,1450,182,520,593,-102,526,51,-918,-139,1226,-582,16,737,303,-661,-1709,
2236264,4054460,4800155,529589,409866,392561,-144,-213,1402,182,520,593,-198,536,85,-862,-103,1227,-582,16,737,230,-576,-1631,
2236264,4054460,4800155,529589,258593,392561,-162,-207,1406,191,523,592,-271,587,111,-824,-106,1204,-598,-5,732,183,-468,-1443,
2236264,4054460,4800155,529589,258593,404674,-189,-210,1562,191,523,592,-334,666,141,-736,-137,1100,-598,-5,732,94,-320,-1132,
2236264,4054460,4800155,529589,258593,404674,-147,-233,1714,202,529,569,-409,787,155,-609,-41,1076,-605,-16,732,29,-160,-693,
2236264,4054460,4800155,529589,258593,404674,-186,-188,1654,202,529,569,-496,947,170,-617,-22,1060,-605,-16,732,47,27,-181,
1600463,4054460,4800155,529589,258593,404674,-184,-160,1670,220,537,560,-473,1087,183,-2220,-1933,3227,-600,-8,730,-106,390,385,
1600463,4348835,4800155,529589,258593,404674,-245,-212,1613,238,538,559,-306,1198,176,-854,-856,566,-600,-8,730,-2172,1581,960,
1600463,4348835,4932176,529589,258593,404674,-204,-202,1679,238,538,559,-225,1318,171,-69,-145,1663,-551,88,761,-4773,2159,900,
1600463,4348835,4932176,4376307,258593,404674,-275,-261,1680,266,536,545,-82,1582,188,635,-101,1866,-496,196,745,-5816,2206,636,
1600463,4348835,4932176,4376307,271476,404674,-272,-262,1791,266,536,545,-25,1760,212,224,-180,2259,-496,196,745,-5853,2060,172,
1600463,4348835,4932176,4376307,271476,911004,-304,-288,1787,290,535,528,47,1950,240,-71,-20,2371,-438,286,758,-4124,3044,179,
1600463,4348835,4932176,4376307,271476,911004,-334,-278,1824,324,530,522,153,2145,286,12,-157,2104,-438,286,758,-2681,4071,549,
1600463,4348835,4932176,4376307,271476,911004,-349,-329,1902,324,530,522,253,2386,328,-109,-244,1906,-352,336,784,-1711,3592,429,
1348987,4348835,4932176,4376307,271476,911004,-382,-472,2130,366,526,506,366,2670,398,-169,-135,1697,-352,336,784,-997,2193,-10,
1348987,4637012,4932176,4376307,271476,911004,-440,-555,2404,366,526,506,477,3017,509,-137,-1,1466,-319,351,778,-461,1082,-208,
1348987,4637012,4251872,4376307,271476,911004,-484,-541,2525,415,510,476,550,3431,641,-157,22,1388,-313,355,784,-234,537,-101,
1348987,4637012,4251872,4924617,271476,911004,-520,-682,2534,415,510,476,659,3864,780,-120,0,1333,-313,355,784,-119,255,26,
1348987,4637012,4251872,4924617,189975,911004,-595,-595,2592,475,491,445,717,4290,925,-113,-10,1360,-307,354,787,-54,121,38,
1348987,4637012,4251872,4924617,189975,1955643,-636,-477,2786,547,466,400,812,4829,1092,-75,-1,1336,-307,354,787,-16,71,8,
1348987,4637012,4251872,4924617,189975,1955643,-630,-374,2789,547,466,400,1162,4885,1141,-90,16,1283,-306,358,776,2,40,-7,
1348987,4637012,4251872,4924617,189975,1955643,-602,-318,2816,606,442,353,1435,4941,1168,-114,-10,1337,-306,358,776,11,24,2,
879814,4637012,4251872,4924617,189975,1955643,-521,-502,2758,606,442,353,1616,4889,1137,-77,18,1279,-306,365,784,0,9,-4,
879814,3378952,4251872,4924617,189975,1955643,-479,-592,2697,663,419,295,1545,4650,1094,-141,-8,1408,-306,365,784,-3,4,-6,
879814,3378952,2261197,4924617,189975,1955643,-75,-785,2573,714,386,242,1430,4351,1063,-103,6,1349,-303,355,778,8,0,-5,
879814,3378952,2261197,4949122,189975,1955643,405,-1202,2153,714,386,242,1127,4084,1093,-86,12,1305,-303,356,788,4,7,-5,
879814,3378952,2261197,4949122,164912,1955643,2445,-1588,-202,754,368,177,489,4067,1295,-73,16,1295,-303,356,788,10,17,1,
879814,3378952,2261197,4949122,164912,2711295,1985,-586,-1175,754,368,177,-178,3764,1721,-79,10,1303,-303,357,791,6,22,-3,
879814,3378952,2261197,4949122,164912,2711295,2061,-639,964,785,341,138,-206,2148,1909,-95,-3,1357,-303,357,791,9,27,0,
879814,3378952,2261197,4949122,164912,2711295,1966,273,655,785,341,157,-326,197,1565,-96,-4,1357,-306,357,792,-7,28,5,
1278392,3378952,2261197,4949122,164912,2711295,1370,397,551,794,317,157,756,-1748,503,-66,19,1306,-306,357,792,-12,20,-8,
1278392,1878389,2261197,4949122,164912,2711295,792,-10,774,790,305,205,1095,-1867,220,-78,10,1297,-302,363,769,-19,26,-12,
1278392,1878389,1038927,4949122,164912,2711295,680,-900,387,790,305,205,986,-1827,119,-84,21,1304,-302,354,771,-25,28,-6,
1278392,1878389,1038927,4785006,164912,2711295,757,-1022,262,785,298,229,471,-1926,127,-74,4,1298,-302,354,771,-33,28,-9,
1278392,1878389,1038927,4785006,1886936,2711295,855,-800,356,785,298,229,-161,-2236,151,-50,12,1283,-302,352,800,-28,33,-22,
1278392,1878389,1038927,4785006,1886936,3633518,840,-452,511,772,294,267,-558,-2682,128,-47,-2,1308,-302,352,800,-20,29,-25,
1278392,1878389,1038927,4785006,1886936,3633518,710,-215,682,753,285,335,-597,-3133,24,-73,-7,1323,-306,357,781,-21,28,-23,
1278392,1878389,1038927,4785006,1886936,3633518,538,-176,826,753,285,335,-457,-3488,-130,-61,4,1319,-306,357,781,-25,20,-32,
1212100,1878389,1038927,4785006,1886936,3633518,239,-504,1074,720,287,386,-327,-3710,-267,-47,-14,1314,-302,361,785,-25,18,-27,
1212100,1794800,1038927,4785006,1886936,3633518,71,-581,1213,720,287,386,-362,-3798,-353,-53,-6,1295,-302,364,771,-19,17,-29,
1212100,1794800,759638,4785006,1886936,3633518,51,-579,1283,675,295,451,-567,-3784,-379,-45,-1,1300,-300,364,771,-15,8,-32,
1212100,1794800,759638,4546714,1886936,3633518,18,-529,1401,675,301,499,-1064,-3737,-408,-77,-12,1333,-304,356,782,-9,22,-28,
1212100,1794800,759638,4546714,3871005,3633518,-22,-465,1531,628,301,499,-1220,-3810,-442,-54,3,1293,-304,356,782,-8,19,-21,
1212100,1794800,759638,4546714,3871005,3992072,-84,-428,1720,571,309,551,-1309,-3943,-469,-47,-13,1331,-304,354,784,-4,19,-34,
1212100,1794800,759638,4546714,3871005,3992072,-521,-384,2030,571,309,551,-1395,-4021,-497,-55,-4,1309,-304,354,784,-5,19,-38,
1212100,1794800,759638,4546714,3871005,3992072,-765,-281,2167,504,332,602,-1452,-3962,-527,-67,-13,1334,-305,364,786,0,13,-33,
1073586,1794800,759638,4546714,3871005,3992072,-874,-220,2243,504,332,602,-1456,-3748,-617,-57,-9,1320,-305,364,786,-1,1,-26,
1073586,1557220,759638,4546714,3871005,3992072,-824,-270,2307,437,361,616,-1432,-3477,-775,-32,1,1286,-302,358,776,3,-5,-29,
1073586,1557220,599478,4546714,3871005,3992072,-766,-351,2273,378,379,640,-1453,-3238,-981,-48,-7,1318,-301,356,762,13,-2,-34,
1073586,1557220,599478,4495258,3871005,3992072,-677,-415,2292,378,379,640,-1530,-3054,-1195,-62,-7,1321,-301,356,762,7,-2,-33,
1073586,1557220,599478,4495258,4116679,3992072,-519,-460,2344,319,414,630,-1663,-2962,-1376,-57,0,1322,-302,353,779,8,-3,-28,
1073586,1557220,599478,4495258,4116679,4033515,-538,-397,2451,319,414,630,-1806,-2945,-1583,-52,1,1314,-302,353,779,7,3,-26,
1073586,1557220,599478,4495258,4116679,4033515,-553,-316,2458,258,453,637,-1880,-3001,-1598,-37,7,1303,-300,362,786,9,14,-22,
1073586,1557220,599478,4495258,4116679,4033515,-557,-235,2460,202,478,633,-1788,-3033,-1566,-66,-3,1336,-300,362,786,1,13,-27,
1052766,1557220,599478,4495258,4116679,4033515,-538,-190,2453,202,478,633,-1662,-3061,-1510,-65,10,1333,-304,367,763,-2,15,-25,
1052766,1568928,599478,4495258,4116679,4033515,-549,-147,2407,151,502,652,-1553,-3088,-1427,-49,0,1308,-304,361,776,-1,29,-32,
1052766,1568928,414420,4495258,4116679,4033515,-508,-105,2295,151,502,652,-1453,-3098,-1339,-55,-9,1316,-304,361,776,-5,32,-33,
1052766,1568928,414420,4304036,4116679,4033515,-535,-82,2285,88,532,666,-1372,-3085,-1260,-62,-14,1333,-299,353,785,-2,28,-29,
1052766,1568928,414420,4304036,4400617,4033515,-538,-76,2282,88,532,666,-1307,-3065,-1189,-48,4,1314,-299,353,785,-7,35,-29,
1052766,1568928,414420,4304036,4400617,4182582,-597,-66,2195,6,564,681,-1249,-3032,-1104,-53,-9,1335,-300,357,790,-8,51,-34,
1052766,1568928,414420,4304036,4400617,4182582,-626,0,2092,-72,586,673,-1233,-2979,-1007,-49,-1,1323,-300,357,790,-3,70,-40,
1052766,1568928,414420,4304036,4400617,4182582,-619,107,2075,-72,586,673,-1192,-2922,-878,-58,-5,1302,-296,362,789,-7,91,-45,
1091221,1568928,414420,4304036,4400617,4182582,-784,110,1983,-143,607,654,-956,-2761,-573,-69,-4,1336,-296,362,533,-11,132,-56,
1091221,1410674,414420,4304036,4400617,4182582,-920,31,1846,-143,607,654,-865,-2649,-407,-61,2,1302,-296,360,766,-18,149,-60,
1091221,1410674,341791,4304036,4400617,4182582,-1026,9,1815,-197,627,620,-816,-2511,-242,-72,-3,1325,-294,364,803,-22,179,-65,
1091221,1410674,341791,3680571,4400617,4182582,-1162,48,1627,-234,639,596,-816,-2331,-83,-85,14,1325,-294,364,803,-42,238,-68,
1091221,1410674,341791,3680571,4559688,4182582,-1272,147,1586,-234,639,596,-816,-2124,51,-98,19,1363,-286,362,789,-42,289,-80,
1091221,1410674,341791,3680571,4559688,4470402,-1315,263,1442,-262,650,568,-735,-1899,139,-117,34,1343,-286,362,789,-60,382,-76,
1091221,1410674,341791,3680571,4559688,4470402,-1474,462,1339,-262,650,568,-622,-1632,191,-148,41,1357,-276,366,792,-85,546,-79,
1091221,1410674,341791,3680571,4559688,4470402,-1439,490,1293,-280,666,556,-464,-1339,202,-173,21,1383,-276,366,792,-123,722,-90,
1358472,1410674,341791,3680571,4559688,4470402,-1384,451,1286,-280,666,556,-247,-1055,167,-184,-10,1495,-257,376,790,-186,860,-88,
1358472,1272842,341791,3680571,4559688,4470402,-1269,332,1192,-286,669,546,-49,-781,102,-186,17,1506,-237,368,809,-216,873,-97,
1358472,1272842,369103,3680571,4559688,4470402,-1066,166,1167,-296,667,552,73,-524,-115,-216,41,1568,-237,368,809,-281,973,-119,
1358472,1272842,369103,2488733,4559688,4470402,-934,109,1145,-296,667,552,28,-96,-258,-200,-19,1574,-211,375,800,-305,1033,-119,
1358472,1272842,369103,2488733,4742637,4470402,-753,161,1165,-303,662,555,32,109,-389,-239,-63,1717,-211,375,800,-262,1070,-113,
1358472,1272842,369103,2488733,4742637,4747263,-748,85,1110,-303,662,555,67,281,-467,-250,-57,1661,-192,379,796,-186,1173,-98,
1358472,1272842,369103,2488733,4742637,4747263,-798,35,1150,-309,668,559,75,415,-459,-232,-49,1658,-192,379,796,-122,1308,-77,
1358472,1272842,369103,2488733,4742637,4747263,-2335,-38,4307,-288,655,583,322,1042,-313,-275,-54,1699,-165,384,818,-72,1491,-67,
4916156,1272842,369103,2488733,4742637,4747263,-87,497,148,-288,655,583,1391,3476,127,-288,-54,1705,-165,384,825,-40,1661,-54,
4916156,1197570,369103,2488733,4742637,4747263,-154,-574,2298,-210,608,655,3144,4450,710,-311,-85,1831,-125,381,825,-21,1837,-24,
4916156,1197570,417748,2488733,4742637,4747263,70,-469,2673,-210,608,655,3493,5196,948,-334,4,1938,-82,381,801,-58,2053,-14,
4916156,1197570,417748,2119146,4742637,4747263,-216,-188,2903,-111,580,712,2037,5330,646,-387,138,2286,-82,381,801,-149,2327,-73,
4916156,1197570,417748,2119146,4309564,4747263,136,-186,2622,-111,580,712,928,5380,635,-541,348,2359,-22,383,805,-275,2659,-185,
4916156,1197570,417748,2119146,4309564,4390789,-7,-252,2286,4,564,725,1166,5027,1013,-557,455,2359,-22,383,805,-344,3044,-337,
4916156,1197570,417748,2119146,4309564,4390789,-179,-227,2136,78,545,748,1004,3080,782,-680,614,2497,47,399,797,-398,3459,-525,
4916156,1197570,417748,2119146,4309564,4390789,-221,-214,1499,78,545,748,597,1463,440,-646,615,2590,47,399,797,-398,3910,-746,
5169968,1197570,417748,2119146,4309564,4390789,-94,-166,1431,108,532,748,458,744,154,-591,474,2695,134,409,790,-388,4391,-1000,
5169968,1255884,417748,2119146,4309564,4390789,-84,-129,1353,108,532,748,349,404,0,-639,208,3305,226,422,758,-544,4828,-1216,
5169968,1255884,1694441,2119146,4309564,4390789,-123,-119,1341,111,536,743,226,224,-51,-563,33,3447,226,422,758,-764,5136,-1302,
5169968,1255884,1694441,552461,4309564,4390789,-83,-135,1332,112,526,757,138,126,-77,-478,-274,3260,323,449,736,-1129,5221,-1302,
5169968,1255884,1694441,552461,2447334,4390789,-104,-136,1309,112,526,757,112,64,-98,-371,698,2814,323,449,736,-1667,5166,-1265,
5169968,1255884,1694441,552461,2447334,2247597,-45,-128,1326,111,525,756,74,36,-100,-3,1152,2819,398,497,676,-1878,4607,-1416,
5169968,1255884,1694441,552461,2447334,2247597,-53,-136,1343,111,525,756,40,30,-84,2088,1510,-1442,398,497,676,-1130,3553,-1676,
5169968,1255884,1694441,552461,2447334,2247597,-33,-156,1305,112,523,751,22,32,-75,4026,1843,-261,435,536,644,-332,1303,-2126,
5137306,1255884,1694441,552461,2447334,2247597,-12,-151,1342,112,523,751,0,59,-58,682,126,676,409,560,624,-361,94,-2378,
5137306,2102663,1694441,552461,2447334,2247597,-19,-139,1326,110,524,761,-16,67,-57,2054,387,625,409,560,624,-609,-953,-2083,
5137306,2102663,2892287,552461,2447334,2247597,-11,-154,1337,113,525,751,-37,74,-57,1469,81,279,363,587,618,-1144,-1634,-1764,
5137306,2102663,2892287,501787,2447334,2247597,4,-140,1332,113,525,751,-42,80,-57,853,1146,89,363,587,618,-1168,-1889,-1567,
5137306,2102663,2892287,501787,641959,2247597,-12,-136,1306,115,521,764,-55,77,-65,958,938,324,312,608,641,-479,-2123,-1464,
5137306,2102663,2892287,501787,641959,938687,-17,-142,1372,115,521,764,-78,85,-62,1078,361,312,312,608,641,302,-2409,-1340,
5137306,2102663,2892287,501787,641959,938687,-28,-153,1288,116,530,749,-91,81,-46,970,82,503,251,610,671,552,-2784,-1019,
5137306,2102663,2892287,501787,641959,938687,-49,-145,1326,120,524,751,-110,81,-28,816,158,576,251,610,671,556,-3159,-663,
5001791,2102663,2892287,501787,641959,938687,-42,-139,1342,120,524,751,-104,75,-7,723,275,633,186,597,691,647,-3443,-380,
5001791,4459858,2892287,501787,641959,938687,-25,-147,1300,123,522,754,-93,69,9,502,307,751,123,576,713,913,-3609,-172,
5001791,4459858,3594626,501787,641959,938687,-24,-161,1312,123,522,754,-81,66,39,256,383,892,123,576,713,1231,-3607,-24,
5001791,4459858,3594626,324932,641959,938687,-16,-143,1286,123,524,745,-41,78,45,103,283,1098,60,545,747,1566,-3443,40,
5001791,4459858,3594626,324932,353671,938687,-34,-160,1319,123,524,755,-23,74,61,29,117,1259,60,545,747,1861,-3343,97,
5001791,4459858,3594626,324932,353671,701606,-47,-140,1353,132,526,755,-7,72,68,-185,-55,1475,-7,507,775,2061,-3370,213,
5001791,4459858,3594626,324932,353671,701606,-50,-149,1285,131,522,754,-17,57,70,-378,-187,1691,-7,507,775,2158,-3377,401,
5001791,4459858,3594626,324932,353671,701606,-55,-127,1379,131,522,754,-35,34,54,-444,-195,1819,-65,462,803,2151,-3300,657,
4823457,4459858,3594626,324932,353671,701606,-56,-131,1287,130,525,753,-54,23,38,-441,-28,1974,-116,417,808,2105,-3195,933,
4823457,4632964,3594626,324932,353671,701606,-55,-120,1310,130,525,753,-72,18,18,-493,116,2122,-116,417,808,2137,-3135,1289,
4823457,4632964,3807971,324932,353671,701606,-34,-142,1312,131,528,752,-74,-6,2,-725,-13,2269,-162,355,841,2620,-3247,1373,
4823457,4632964,3807971,564553,353671,701606,-40,-144,1333,133,523,763,-63,-14,-6,-1491,-450,2646,-162,355,841,2591,-3070,1391,
4823457,4632964,3807971,564553,304620,701606,-52,-131,1319,133,523,763,-61,-1,0,-1577,-503,2604,-213,290,866,2406,-2670,1290,
4823457,4632964,3807971,564553,304620,594524,-51,-140,1326,139,518,749,-56,22,9,-1561,-625,2560,-213,290,866,2226,-2326,1120,
4823457,4632964,3807971,564553,304620,594524,-40,-140,1331,139,518,749,-46,32,4,-1543,-785,2531,-261,233,857,2010,-2056,964,
4823457,4632964,3807971,564553,304620,594524,-45,-118,1328,135,528,752,-49,28,-5,-1526,-871,2450,-261,233,853,1682,-1784,856,
4782406,4632964,3807971,564553,304620,594524,-79,-119,1315,135,526,750,-57,27,-19,-1452,-847,2232,-308,172,853,1326,-1545,809,
4782406,4677572,3807971,564553,304620,594524,-54,-124,1307,135,526,750,-56,21,-22,-1448,-748,2094,-342,142,863,1052,-1347,789,
4782406,4677572,3972373,564553,304620,594524,-51,-138,1338,138,519,751,-38,34,-27,-1445,-565,1962,-342,142,863,908,-1161,751,
4782406,4677572,3972373,549187,304620,594524,-51,-132,1277,138,519,751,-36,36,-21,-1349,-65,1601,-370,119,857,972,-1064,688,
4782406,4677572,3972373,549187,174736,594524,-41,-147,1345,136,529,753,-40,17,-24,-1466,-197,1517,-370,119,857,1325,-1144,606,
4782406,4677572,3972373,549187,174736,553272,-63,-144,1318,136,529,753,-42,19,-27,-1690,-547,1466,-405,95,849,1687,-1215,546,
4782406,4677572,3972373,549187,174736,553272,-39,-154,1307,140,527,742,-39,34,-18,-1897,-893,1346,-405,95,849,1753,-1102,542,
4782406,4677572,3972373,549187,174736,553272,-62,-140,1360,142,520,747,-25,55,-19,-2043,-1005,1207,-422,75,824,1528,-799,592,
4648683,4677572,3972373,549187,174736,553272,-68,-147,1312,142,520,747,-5,92,0,-2213,-949,1105,-427,52,823,1190,-396,682,
4648683,4724337,3972373,549187,174736,553272,-49,-134,1343,141,520,747,-15,79,-6,-2396,-790,1078,-427,52,823,998,75,816,
4648683,4724337,4021812,549187,174736,553272,-41,-140,1321,141,520,747,-19,76,-10,-2534,-639,2578,-399,47,833,930,646,951,
4648683,4724337,4021812,2186340,174736,553272,-68,-124,1349,144,527,746,-23,74,-12,-1224,-314,356,-399,47,833,-94,1547,1065,
4648683,4724337,4021812,2186340,181458,553272,-61,-148,1328,146,520,749,-29,67,-18,-253,218,1410,-349,107,839,-2186,2178,1044,
4648683,4724337,4021812,2186340,181458,1047770,-61,-161,1321,146,520,749,-21,71,-13,1042,334,2702,-349,107,839,-3718,1621,639,
4648683,4724337,4021812,2186340,181458,1047770,-70,-136,1298,147,514,743,-19,61,-12,-66,-577,2771,-302,204,824,-2161,1687,252,
4648683,4724337,4021812,2186340,181458,1047770,-67,-138,1338,147,514,743,-21,61,-14,-137,-80,1457,-302,205,834,-195,312,11,
4522363,4724337,4021812,2186340,181458,1047770,-88,-139,1322,144,523,749,-19,66,-21,-95,0,1364,-287,205,834,-23,71,-112,
4522363,4639116,4021812,2186340,181458,1047770,-84,-128,1305,144,523,749,-24,55,-21,-87,18,1334,-286,198,829,-9,45,-95,
4522363,4639116,3627387,2186340,181458,1047770,-71,-105,1362,151,526,753,-29,28,-47,-85,2,1295,-286,198,829,-16,35,-42,
4522363,4639116,3627387,4387628,181458,1047770,-75,-117,1308,150,519,744,-86,-44,-67,-62,25,1313,-289,204,842,-6,34,-32,
4522363,4639116,3627387,4387628,1593570,1047770,-72,-129,1326,150,519,744,-123,-101,-83,-54,37,1314,-289,204,842,1,30,-47,
4522363,4639116,3627387,4387628,1593570,3549208,-49,-120,1307,147,516,754,-158,-158,-91,-73,43,1349,-290,204,828,-13,27,-61,
4522363,4639116,3627387,4387628,1593570,3549208,-63,-138,1309,147,516,754,-159,-175,-93,-44,44,1273,-290,204,828,-17,15,-83,
4522363,4639116,3627387,4387628,1593570,3549208,-52,-152,1327,139,526,743,-141,-141,-79,-74,12,1328,-285,204,829,-15,5,-94,
4626951,4639116,3627387,4387628,1593570,3549208,-65,-154,1328,140,523,744,-98,-59,-60,-59,19,1319,-287,199,829,-14,-9,-77,
4626951,3911715,3627387,4387628,1593570,3549208,-47,-149,1341,140,523,744,-56,-12,-35,-68,12,1336,-287,199,829,-5,2,-51,
4626951,3911715,2489754,4387628,1593570,3549208,-67,-139,1320,142,524,751,-40,6,-18,-57,27,1341,-285,200,830,-7,-1,-41,
4626951,3911715,2489754,4358819,1593570,3549208,-67,-134,1332,142,524,751,-40,-6,-13,-52,30,1325,-285,200,830,-9,5,-37,
4626951,3911715,2489754,4358819,3335190,3549208,-86,-128,1282,141,523,747,-60,-40,-20,-53,23,1306,-288,205,829,-9,15,-33,
4626951,3911715,2489754,4358819,3335190,3941600,-53,-125,1357,141,523,747,-81,-60,-39,-72,25,1323,-288,205,829,2,14,-34,
4626951,3911715,2489754,4358819,3335190,3941600,-53,-139,1292,138,529,747,-111,-70,-54,-62,22,1342,-287,211,823,-12,24,-41,
4626951,3911715,2489754,4358819,3335190,3941600,-66,-129,1355,137,521,746,-120,-83,-63,-29,33,1309,-282,208,818,-32,30,-51,
4681641,3911715,2489754,4358819,3335190,3941600,-41,-146,1316,137,521,746,-133,-101,-68,-51,29,1302,-282,208,818,-30,41,-65,
4681641,2724786,2489754,4358819,3335190,3941600,-28,-145,1319,132,522,755,-132,-95,-68,-62,29,1302,-284,204,821,-23,50,-84,
4681641,2724786,2546962,4358819,3335190,3941600,-48,-144,1348,132,522,755,-124,-79,-58,-57,21,1312,-284,204,821,-47,85,-90,
4681641,2724786,2546962,3925686,3335190,3941600,-46,-152,1288,130,529,755,-107,-64,-39,-65,34,1318,-281,204,831,-69,113,-97,
4681641,2724786,2546962,3925686,3988380,3941600,-26,-160,1298,133,530,743,-95,-50,-11,-48,24,1311,-281,204,831,-95,125,-94,
4681641,2724786,2546962,3925686,3988380,4053782,-35,-143,1366,133,530,743,-86,-35,-7,-81,25,1326,-282,210,841,-90,114,-93,
4681641,2724786,2546962,3925686,3988380,4053782,-23,-152,1285,134,525,750,-74,-25,0,-94,1,1310,-282,210,841,-73,90,-67,
4681641,2724786,2546962,3925686,3988380,4053782,-39,-160,1328,134,525,750,-66,-13,14,-72,31,1308,-279,206,829,-47,63,-47,
4766175,2724786,2546962,3925686,3988380,4053782,-31,-160,1333,131,528,743,-55,4,33,-92,6,1331,-276,206,818,-26,29,-28,
4766175,2539856,2546962,3925686,3988380,4053782,-39,-141,1323,131,528,743,-47,16,37,-103,15,1318,-276,206,818,9,-13,-23,
4766175,2539856,3337689,3925686,3988380,4053782,-24,-158,1319,136,530,736,-47,27,35,-73,23,1333,-281,204,836,30,-32,-23,
4766175,2539856,3337689,3969456,3988380,4053782,-47,-144,1309,140,520,746,-52,31,46,-70,25,1349,-281,204,836,11,-9,-17,
4766175,2539856,3337689,3969456,4290047,4053782,-34,-152,1347,140,520,746,-53,34,33,-72,29,1322,-279,213,819,-44,44,-33,
4766175,2539856,3337689,3969456,4290047,3770284,-22,-170,1310,141,524,747,-54,40,42,-62,29,1305,-279,213,819,-108,127,-54,
4766175,2539856,3337689,3969456,4290047,3770284,-27,-164,1351,141,524,747,-43,46,71,-84,21,1287,-275,217,814,-128,162,-64,
4766175,2539856,3337689,3969456,4290047,3770284,-52,-168,1295,142,535,746,-44,44,95,-106,13,1302,-274,213,835,-109,157,-58,
4648722,2539856,3337689,3969456,4290047,3770284,-47,-170,1303,143,525,743,-39,39,109,-99,4,1283,-274,213,835,-80,125,-51,
4648722,1960100,3337689,3969456,4290047,3770284,-49,-173,1375,143,525,743,-36,39,143,-127,-12,1319,-272,213,813,-45,63,-32,
4648722,1960100,3826283,3969456,4290047,3770284,-24,-149,1349,149,520,743,-36,31,200,-96,24,1329,-272,213,813,-23,26,-11,
4648722,1960100,3826283,3870731,4290047,3770284,-41,-169,1338,149,520,743,-38,8,217,-95,27,1299,-270,215,832,-37,60,-15,
4648722,1960100,3826283,3870731,4462018,3770284,-44,-170,1303,154,526,751,-44,-17,247,-112,14,1307,-270,215,832,-65,92,-21,
4648722,1960100,3826283,3870731,4462018,3699495,-53,-130,1329,154,526,751,-50,-60,289,-112,0,1317,-268,225,824,-67,86,-16,
4648722,1960100,3826283,3870731,4462018,3699495,-53,-147,1333,155,522,746,-54,-76,303,-110,2,1319,-268,225,827,-49,73,-9,
4648722,1960100,3826283,3870731,4462018,3699495,-76,-137,1316,159,514,746,-58,-86,304,-111,-8,1271,-266,217,827,-25,59,0,
4650472,1960100,3826283,3870731,4462018,3699495,-82,-127,1334,159,514,746,-57,-74,282,-127,-10,1345,-261,215,833,-9,37,1,
4650472,1983182,3826283,3870731,4462018,3699495,-70,-135,1299,158,520,749,-43,-40,230,-124,-13,1320,-261,215,833,10,19,5,
4650472,1983182,3878852,3870731,4462018,3699495,-65,-112,1385,158,520,749,-44,-20,185,-106,11,1322,-264,215,830,25,-2,8,
4650472,1983182,3878852,3902909,4462018,3699495,-55,-109,1309,164,523,743,-44,-15,149,-120,5,1327,-264,215,830,17,-1,-1,
4650472,1983182,3878852,3902909,4499573,3699495,-69,-130,1331,163,513,751,-51,-12,105,-124,0,1311,-264,217,839,13,13,3,
4650472,1983182,3878852,3902909,4499573,3844160,-33,-131,1380,163,513,751,-51,24,65,-121,0,1303,-264,217,839,10,12,6,
4650472,1983182,3878852,3902909,4499573,3844160,-70,-117,1306,166,515,750,-35,29,33,-122,-10,1320,-262,224,842,32,-9,5,
4650472,1983182,3878852,3902909,4499573,3844160,-55,-124,1376,166,515,750,-40,25,-9,-105,-2,1311,-264,214,835,38,-25,7,
4527932,1983182,3878852,3902909,4499573,3844160,-65,-130,1329,168,516,752,-49,18,-36,-94,2,1303,-264,214,835,42,-36,6,
4527932,2255970,3878852,3902909,4499573,3844160,-62,-143,1295,168,516,740,-45,8,-55,-120,8,1284,-265,214,822,56,-57,0,
4527932,2255970,3752353,3902909,4499573,3844160,-60,-143,1345,165,514,740,-50,3,-70,-100,1,1341,-265,214,822,101,-103,12,
4527932,2255970,3752353,4013879,4499573,3844160,-65,-160,1327,167,517,747,-50,11,-56,-116,9,1338,-271,216,830,118,-117,22,
4527932,2255970,3752353,4013879,4514625,3844160,-62,-152,1291,167,517,747,-25,47,-43,-106,17,1319,-271,216,830,75,-67,19,
4527932,2255970,3752353,4013879,4514625,3978312,-62,-145,1310,171,518,743,-12,84,-22,-121,8,1330,-270,219,815,26,-8,-3,
4527932,2255970,3752353,4013879,4514625,3978312,-81,-133,1321,171,518,743,4,114,-16,-97,2,1308,-272,217,851,10,18,-12,
4527932,2255970,3752353,4013879,4514625,3978312,-78,-132,1304,169,522,743,-6,94,-22,-110,6,1321,-272,217,851,26,-5,-6,
4319153,2255970,3752353,4013879,4514625,3978312,-83,-128,1314,170,513,752,-58,-3,-53,-91,3,1316,-271,207,843,40,-29,-9,
4319153,2643471,3752353,4013879,4514625,3978312,-70,-152,1323,170,513,752,-85,-37,-60,-114,250,1309,-271,207,843,42,-38,-6,
4319153,2643471,3539063,4013879,4514625,3978312,-71,-145,1308,173,515,747,-101,-58,-55,-87,20,1294,-275,206,838,30,-25,-8,
4319153,2643471,3539063,4073833,4514625,3978312,-75,-143,1324,173,515,747,-91,-50,-60,-92,6,1311,-275,206,838,28,-30,-8,
4319153,2643471,3539063,4073833,4489931,3978312,-66,-149,1330,168,521,741,-84,-42,-54,-78,10,1300,-272,218,835,36,-38,-6,
4319153,2643471,3539063,4073833,4489931,4065413,-69,-151,1296,168,519,740,-69,-32,-49,-93,6,1304,-272,218,835,51,-57,0,
4319153,2643471,3539063,4073833,4489931,4065413,-62,-153,1334,168,519,740,-57,-18,-46,-98,0,1300,-276,208,807,78,-85,8,
4319153,2643471,3539063,4073833,4489931,4065413,-66,-145,1316,169,513,742,-51,-12,-37,-88,15,1297,-277,201,821,104,-122,6,
4342467,2643471,3539063,4073833,4489931,4065413,-42,-167,1332,169,513,742,-48,-4,-41,-77,2,1309,-277,201,821,136,-157,13,
4342467,2659619,3539063,4073833,4489931,4065413,-61,-126,1368,165,518,746,-39,8,-33,-64,10,1329,-282,203,822,142,-179,10,
4342467,2659619,3587952,4073833,4489931,4065413,-49,-142,1296,165,518,746,-35,20,-27,-59,7,1362,-282,203,822,126,-166,11,
4342467,2659619,3587952,4381490,4489931,4065413,-68,-144,1340,167,519,737,-23,74,-18,-66,33,1303,-287,202,822,89,-103,-6,
4342467,2659619,3587952,4381490,4286137,4065413,-66,-148,1304,170,513,748,-4,121,-11,-46,37,1319,-287,202,822,38,-53,-26,
4342467,2659619,3587952,4381490,4286137,3841697,-68,-138,1344,170,513,748,16,172,-1,-70,21,1339,-292,208,806,2,-15,-44,
4342467,2659619,3587952,4381490,4286137,3841697,-83,-135,1302,172,514,746,23,215,2,-29,23,1297,-285,195,836,1,-5,-47,
4342467,2659619,3587952,4381490,4286137,3841697,-82,-146,1302,172,514,746,21,249,-1,-48,31,1294,-285,195,836,6,4,-39,
2664488,2659619,3587952,4381490,4286137,3841697,-87,-148,1345,177,519,738,28,297,6,-61,24,1344,-285,201,844,5,-3,-37,
2664488,3392441,3587952,4381490,4286137,3841697,-98,-163,1361,188,514,742,48,373,5,-50,28,1317,-285,201,844,2,-2,-39,
2664488,3392441,3837747,4381490,4286137,3841697,-118,-196,1480,188,514,742,28,460,21,-45,22,1311,-285,199,835,14,-5,-25,
2664488,3392441,3837747,4323163,4286137,3841697,-131,-278,1532,200,512,733,-114,459,56,-59,11,1336,-285,199,835,18,-9,-29,
2664488,3392441,3837747,4323163,4404661,3841697,-85,-25,1699,200,512,733,-235,457,99,-65,18,1329,-289,204,837,6,-10,-27,
2664488,3392441,3837747,4323163,4404661,4027459,-140,-237,1551,210,519,729,56,602,87,-51,20,1336,-289,204,817,4,8,-34,
2664488,3392441,3837747,4323163,4404661,4027459,-133,-205,1534,210,519,729,109,675,121,-61,30,1330,-289,200,817,0,29,-31,
2664488,3392441,3837747,4323163,4404661,4027459,-164,-214,1502,218,516,722,162,759,147,-49,20,1323,-284,201,838,-6,49,-30,
1527783,3392441,3837747,4323163,4404661,4027459,-193,-183,1519,240,501,729,251,825,174,-59,25,1316,-284,201,838,-16,59,-19,
1527783,4024822,3837747,4323163,4404661,4027459,-217,-295,1561,240,501,729,335,897,228,-66,19,1311,-285,197,829,-28,70,-24,
1527783,4024822,2505304,4323163,4404661,4027459,-270,-374,1577,264,494,727,378,979,317,-62,12,1319,-285,197,829,-31,71,-22,
1527783,4024822,2505304,4020220,4404661,4027459,-287,-354,1604,264,494,727,419,1059,435,-67,20,1327,-282,203,838,-32,63,-16,
1527783,4024822,2505304,4020220,4543630,4027459,-289,-364,1626,288,493,727,492,1165,528,-82,36,1321,-282,203,838,-32,67,-20,
1527783,4024822,2505304,4020220,4543630,4120148,-299,-343,1664,321,468,719,575,1276,627,-67,14,1310,-279,214,827,-32,59,-21,
1527783,4024822,2505304,4020220,4543630,4120148,-316,-298,1728,321,468,719,713,1359,712,-76,19,1304,-279,201,813,-32,52,-17,
1527783,4024822,2505304,4020220,4543630,4120148,-292,-156,1814,356,444,722,878,1452,777,-86,9,1338,-279,201,813,-17,45,-14,
1398703,4024822,2505304,4020220,4543630,4120148,-320,-198,1810,356,444,722,1261,1555,813,-73,24,1321,-281,203,836,-22,61,-17,
1398703,3692777,2505304,4020220,4543630,4120148,-281,-15,1977,395,420,724,1514,1565,820,-85,9,1322,-281,203,836,-41,75,-9,
1398703,3692777,458202,4020220,4543630,4120148,-345,-79,1899,395,420,724,1868,1565,779,-98,14,1312,-278,205,830,-45,75,-9,
1398703,3692777,458202,3684264,4543630,4120148,-413,-216,1857,427,379,722,2165,1545,775,-99,12,1328,-278,205,830,-36,71,-10,
1398703,3692777,458202,3684264,4647272,4120148,-318,-238,1766,461,321,732,2431,1473,790,-78,11,1317,-276,209,816,-22,61,-13,
1398703,3692777,458202,3684264,4647272,4292862,-278,-90,1625,461,321,732,2788,1252,754,-102,18,1314,-276,214,842,-12,43,-17,
1398703,3692777,458202,3684264,4647272,4292862,-61,64,1431,482,253,737,3333,910,647,-75,33,1293,-279,214,842,-4,36,-9,
1398703,3692777,458202,3684264,4647272,4292862,293,-413,1206,482,253,737,3969,614,464,-95,18,1306,-276,208,823,-9,34,-13,
2829364,3692777,458202,3684264,4647272,4292862,549,-1381,1023,483,174,755,4224,435,177,-102,21,1321,-276,208,823,-2,18,-12,
2829364,1305371,458202,3684264,4647272,4292862,558,-2385,1100,487,160,764,3117,433,-638,-92,6,1337,-276,207,816,13,-15,-7,
2829364,1305371,189614,3684264,4647272,4292862,1062,-1723,802,487,160,764,947,3,-1900,-90,21,1326,-276,207,816,17,239,-17,
2829364,1305371,189614,3558130,4647272,4292862,1075,-1085,823,476,184,767,-387,-193,-2346,-107,24,1335,-278,210,835,-24,57,-28,
2829364,1305371,189614,3558130,4683900,4292862,1209,-1499,792,476,184,767,-585,-346,-2436,-103,16,1337,-278,210,835,-46,81,-36,
2829364,1305371,189614,3558130,4683900,4412150,1279,-1386,834,457,230,768,-1079,-462,-2187,-110,25,1338,-270,215,816,-45,85,-38,
2829364,1305371,189614,3558130,4683900,4412150,1403,-1014,851,457,230,768,-1496,-593,-1785,-106,1,1305,-270,210,840,-20,54,-43,
2829364,1305371,189614,3558130,4683900,4412150,1486,-671,957,432,285,768,-1631,-796,-1368,-94,17,1327,-270,210,840,-6,21,-28,
2426985,1305371,189614,3558130,4683900,4412150,1484,-463,994,406,317,764,-1573,-1069,-991,-109,22,1359,-268,206,839,6,2,-22,
2426985,1306264,189614,3558130,4683900,4412150,1402,-231,1159,406,317,764,-1467,-1341,-681,-94,23,1328,-268,206,839,6,9,-22,
2426985,1306264,171413,3558130,4683900,4412150,1248,-144,1244,375,349,758,-1377,-1559,-463,-84,35,1303,-272,213,832,-7,37,-20,
2426985,1306264,171413,3128985,4683900,4412150,1122,-100,1374,375,349,758,-1307,-1716,-353,-119,8,1339,-272,213,832,-31,91,-21,
2426985,1306264,171413,3128985,4696229,4412150,1006,-113,1414,336,385,768,-1282,-1850,-334,-128,37,1332,-269,214,838,-58,162,-32,
2426985,1306264,171413,3128985,4696229,4529889,942,-141,1553,292,412,771,-1423,-2229,-455,-137,27,1333,-261,214,821,-102,234,-49,
2426985,1306264,171413,3128985,4696229,4529889,887,-206,1671,292,412,771,-1567,-2598,-552,-117,23,1332,-261,214,821,-136,276,-51,
2426985,1306264,171413,3128985,4696229,4529889,532,-237,1862,229,452,768,-1719,-3015,-662,-126,30,1324,-257,215,835,-167,314,-65,
1924747,1306264,171413,3128985,4696229,4529889,288,-239,2031,229,452,768,-1826,-3318,-759,-153,68,1338,-257,215,835,-176,348,-72,
1924747,1447880,171413,3128985,4696229,4529889,21,-232,2134,147,489,753,-1886,-3410,-836,-174,41,1373,-250,220,838,-195,388,-93,
1924747,1447880,169328,3128985,4696229,4529889,-130,-233,2142,147,489,753,-1948,-3328,-895,-150,24,1368,-250,220,838,-185,402,-117,
1924747,1447880,169328,646811,4696229,4529889,-178,-184,2163,71,534,718,-2014,-3210,-953,-171,47,1352,-242,233,835,-158,432,-144,
1924747,1447880,169328,646811,4744660,4529889,-232,-134,2228,-3,564,674,-2031,-3113,-1043,-176,-12,1367,-242,233,835,-144,493,-165,
1924747,1447880,169328,646811,4744660,4679174,-352,-92,2155,-3,564,674,-2034,-3030,-1140,-159,-31,1355,-228,229,827,-148,532,-165,
1924747,1447880,169328,646811,4744660,4679174,-447,-72,2145,-69,582,631,-2040,-2953,-1234,-179,-79,1412,-216,230,825,-123,548,-125,
1924747,1447880,169328,646811,4744660,4679174,-559,-96,2066,-69,582,631,-2044,-2856,-1349,-189,-58,1379,-216,230,825,-57,584,-95,
1600818,1447880,169328,646811,4744660,4679174,-643,-104,2096,-125,604,600,-2062,-2554,-1273,-189,-62,1353,-203,233,839,-45,597,-58,
1600818,1247671,169328,646811,4744660,4679174,-728,-150,2002,-172,607,548,-2010,-2399,-1111,-210,-66,1397,-203,233,839,-27,579,-34,
1600818,1247671,189055,646811,4744660,4679174,-797,-245,1923,-172,607,548,-1955,-2314,-847,-216,-53,1373,-193,236,845,5,561,-3,
1600818,1247671,189055,359418,4744660,4679174,-1102,-290,1751,-205,607,520,-1899,-2255,-488,-211,-41,1404,-193,236,845,25,594,20,
1600818,1247671,189055,359418,4764207,4679174,-1270,-208,1724,-205,607,520,-1833,-2129,-71,-242,3,1434,-181,237,837,14,633,26,
1600818,1247671,189055,359418,4764207,4790042,-1434,-3,1569,-235,624,493,-1734,-1976,353,-264,37,1395,-163,238,855,-33,679,17,
1600818,1247671,189055,359418,4764207,4790042,-1689,360,1656,-235,624,473,-1617,-1829,687,-275,21,1445,-163,238,855,-87,736,-3,
1600818,1247671,189055,359418,4764207,4790042,-2430,1311,2348,-244,633,473,-1199,-1385,791,-276,10,1475,-145,243,855,-115,790,-25,
4213831,1247671,189055,359418,4764207,4790042,-2697,1887,1728,-233,621,494,-254,-553,635,-302,10,1544,-145,243,855,-141,865,-32,
4213831,1062004,189055,359418,4764207,4790042,-3674,2027,1595,-233,621,494,1036,464,261,-319,-19,1589,-132,248,856,-164,956,-33,
4213831,1062004,200889,359418,4764207,4790042,-3812,1481,2046,-212,575,536,3451,3015,-527,-331,-37,1650,-132,248,856,-182,1074,-38,
4213831,1062004,200889,299391,4764207,4790042,-1291,324,2639,-212,575,536,2608,4371,-655,-335,-33,1753,-104,265,869,-197,1222,-36,
4213831,1062004,200889,299391,4740077,4790042,532,-5,2698,-157,537,582,1309,4844,-503,-353,-19,1828,-104,265,867,-204,1395,-35,
4213831,1062004,200889,299391,4740077,4500279,573,18,3073,-77,508,605,1019,5112,4,-379,32,1916,-70,272,867,-237,1617,-43,
4213831,1062004,200889,299391,4740077,4500279,-183,135,2429,-77,508,605,1121,4686,625,-422,43,2064,-22,284,886,-294,1879,-68,
4213831,1062004,200889,299391,4740077,4500279,-8,-303,1733,-13,491,617,932,3195,822,-457,115,2109,-22,284,886,-368,2169,-110,
5158927,1062004,200889,299391,4740077,4500279,-116,-330,1442,-13,491,617,571,1821,572,-577,254,2276,33,302,865,-465,2480,-193,
5158927,1120257,200889,299391,4740077,4500279,-159,-247,1445,11,491,625,447,1125,210,-629,353,2338,33,302,865,-560,2799,-282,
5158927,1120257,1086260,299391,4740077,4500279,-44,-182,1371,11,480,626,346,700,-75,-628,392,2404,104,331,855,-651,3113,-593,
5158927,1120257,1086260,277812,4740077,4500279,-16,-179,1332,20,480,626,264,418,-116,-619,259,2505,104,331,855,-981,3677,-742,
5158927,1120257,1086260,277812,3814775,4500279,7,-179,1328,21,472,630,249,287,-78,-592,253,2568,183,375,845,-1234,3909,-862,
5158927,1120257,1086260,277812,3814775,2305051,-20,-161,1326,21,472,630,293,197,-61,-621,269,2521,265,411,821,-1429,4116,-946,
5158927,1120257,1086260,277812,3814775,2305051,-63,-165,1367,20,472,629,261,137,-56,-621,196,2670,265,411,821,-1519,4254,-996,
5158927,1120257,1086260,277812,3814775,2305051,-54,-131,1302,20,472,629,186,89,-52,-499,170,2619,343,461,777,-1631,4224,-1044,
5111960,1120257,1086260,277812,3814775,2305051,-45,-169,1307,23,472,627,73,71,-48,-429,589,2450,343,461,777,-1594,4042,-1116,
5111960,2692270,1086260,277812,3814775,2305051,-26,-135,1357,24,466,638,-26,82,-58,-8,777,1889,406,510,737,-1359,3839,-1228,
5111960,2692270,2625965,277812,3814775,2305051,-31,-160,1308,24,466,638,-93,107,-76,637,839,471,406,510,737,-1154,3488,-1409,
5111960,2692270,2625965,622628,3814775,2305051,-27,-162,1297,23,467,642,-129,117,-88,1860,1257,347,447,557,708,-781,2724,-1689,
5111960,2692270,2625965,622628,715818,2305051,-29,-178,1315,23,467,642,-141,110,-84,76,754,1256,449,580,672,-371,2007,-1920,
5111960,2692270,2625965,622628,715818,886348,-39,-180,1292,25,482,634,-122,96,-72,1308,566,1116,449,580,672,114,1048,-1819,
5111960,2692270,2625965,622628,715818,886348,-40,-172,1317,27,472,637,-66,83,-45,1213,-162,783,425,594,676,62,51,-1525,
5111960,2692270,2625965,622628,715818,886348,-32,-175,1328,27,472,637,-36,58,-21,610,406,742,425,594,676,-481,-506,-1147,
4968029,2692270,2625965,622628,715818,886348,-28,-162,1305,27,468,638,-36,62,-27,445,618,681,401,613,672,-709,-677,-858,
4968029,4394763,2625965,622628,715818,886348,-30,-159,1345,27,468,638,-47,66,-26,505,628,579,401,613,672,-446,-737,-701,
4968029,4394763,3514788,622628,715818,886348,-44,-156,1325,29,472,636,-46,59,-29,603,400,630,377,626,700,84,-808,-575,
4968029,4394763,3514788,554066,715818,886348,-56,-171,1291,29,472,636,-38,46,-20,737,199,569,377,626,700,492,-992,-406,
4968029,4394763,3514788,554066,545833,886348,-29,-169,1298,30,477,638,-28,44,-18,732,62,677,354,610,707,671,-1281,-180,
4968029,4394763,3514788,554066,545833,623166,-45,-157,1306,31,468,640,-28,45,-14,705,120,646,329,592,727,699,-1627,68,
4968029,4394763,3514788,554066,545833,623166,-52,-154,1301,31,468,640,-25,52,-18,655,239,678,329,592,727,734,-1941,382,
4968029,4394763,3514788,554066,545833,623166,-52,-167,1310,33,463,640,-21,45,-15,554,337,773,290,570,768,1082,-2302,411,
4803960,4394763,3514788,554066,545833,623166,-46,-158,1327,33,463,640,-23,46,-15,430,267,886,290,570,768,1329,-2422,396,
4803960,4578065,3514788,554066,545833,623166,-52,-161,1307,32,471,622,-24,41,-13,430,182,996,250,541,804,1514,-2544,365,
4803960,4578065,3890373,554066,545833,623166,-57,-156,1320,32,469,639,-21,34,-8,412,137,1075,250,541,804,1615,-2704,346,
4803960,4578065,3890373,526288,545833,623166,-55,-160,1325,32,469,639,-26,32,-10,396,152,1181,190,504,821,1712,-2873,326,
4803960,4578065,3890373,526288,424193,623166,-51,-159,1285,33,464,630,-29,31,-10,379,211,1315,134,450,856,1867,-3077,292,
4803960,4578065,3890373,526288,424193,601990,-45,-151,1366,33,464,630,-29,40,-13,300,187,1473,134,450,856,2065,-3245,245,
4803960,4578065,3890373,526288,424193,601990,-46,-147,1328,34,469,641,-36,43,-8,195,87,1646,66,394,887,2211,-3348,192,
4803960,4578065,3890373,526288,424193,601990,-58,-157,1294,34,469,641,-27,46,-9,-35,-75,1966,66,394,887,2278,-3371,127,
4564342,4578065,3890373,526288,424193,601990,-53,-161,1325,40,470,633,-23,52,-12,-98,-45,2036,-1,341,925,2286,-3323,59,
4564342,4643255,3890373,526288,424193,601990,-51,-153,1325,41,465,636,-30,54,-11,-145,-28,2207,-1,341,925,2273,-3265,-35,
4564342,4643255,4148325,526288,424193,601990,-56,-146,1327,41,465,636,-26,55,-12,-193,-67,2333,-80,293,972,2290,-3221,-130,
4564342,4643255,4148325,445317,424193,601990,-59,-157,1319,41,461,632,-24,67,-11,-305,-131,2484,-80,293,995,2273,-3172,-203,
4564342,4643255,4148325,445317,354309,601990,-69,-151,1325,41,461,632,-14,82,-3,-350,-115,2546,-156,256,995,2178,-3164,-210,
4564342,4643255,4148325,445317,354309,504126,-71,-138,1360,37,469,631,-2,98,-2,-368,-29,2579,-236,213,1008,2133,-3206,-151,
4564342,4643255,4148325,445317,354309,504126,-76,-151,1294,42,465,634,5,113,-6,-422,11,2662,-236,213,1008,2209,-3334,-40,
4564342,4643255,4148325,445317,354309,504126,-96,-126,1343,42,465,634,-1,129,-10,-621,-203,2700,-346,168,1064,2296,-3486,150,
3904420,4643255,4148325,445317,354309,504126,-70,-142,1291,46,460,635,3,142,-6,-731,-179,2668,-346,168,1064,2292,-3585,404,
3904420,4711561,4148325,445317,354309,504126,-56,-145,1366,46,460,635,0,153,-5,-785,-88,2625,-473,130,1074,2222,-3529,683,
3904420,4711561,4332608,445317,354309,504126,-89,-132,1370,48,465,625,1,166,-11,-825,-71,2622,-473,130,1074,2198,-3399,1026,
3904420,4711561,4332608,483227,354309,504126,-110,-137,1283,48,465,625,-1,170,-16,-865,-109,2561,-612,85,1077,2225,-3117,1029,
3904420,4711561,4332608,483227,280926,504126,-73,-140,1383,50,465,629,6,185,-22,-890,-196,2515,-754,13,1033,2172,-2980,938,
3904420,4711561,4332608,483227,280926,396761,-109,-131,1326,53,457,636,17,185,-24,-941,-335,2399,-754,13,1033,1997,-2860,804,
3904420,4711561,4332608,483227,280926,396761,-127,-141,1332,53,457,636,22,190,-18,-1120,-401,2055,-854,-27,933,1721,-2690,612,
3904420,4711561,4332608,483227,280926,396761,-147,-152,1249,57,460,638,20,176,-19,-1481,-309,1958,-854,-27,933,1544,-2462,355,
2876819,4711561,4332608,483227,280926,396761,-102,-142,1318,57,460,638,33,130,-18,-1697,-466,1754,-910,-53,859,1517,-2167,64,
2876819,4787483,4332608,483227,280926,396761,-133,-136,1314,60,468,640,28,122,-23,-2053,-824,1570,-910,-53,859,1518,-1846,-219,
2876819,4787483,4467747,483227,280926,396761,-112,-132,1317,60,455,635,30,123,-19,-2389,-1253,1563,-945,-79,802,1385,-1457,-506,
2876819,4787483,4467747,538015,280926,396761,-115,-137,1320,60,455,635,29,129,-20,-2388,-1548,1561,-945,-100,756,925,-992,-799,
2876819,4787483,4467747,538015,164887,396761,-110,-153,1331,62,455,638,32,144,-19,-2003,-1401,1424,-955,-100,756,190,-597,-1075,
2876819,4787483,4467747,538015,164887,414614,-134,-135,1323,62,455,638,46,170,-17,-1603,-862,1329,-954,-115,772,-461,-365,-1265,
2876819,4787483,4467747,538015,164887,414614,-128,-135,1387,69,455,638,52,200,-13,-1311,-471,1273,-954,-115,772,-724,-223,-1313,
2876819,4787483,4467747,538015,164887,414614,-138,-136,1383,69,455,638,62,235,-7,-1022,-331,1204,-952,-119,763,-785,-58,-1178,
1924117,4787483,4467747,538015,164887,414614,-133,-154,1385,68,454,645,51,301,5,-1206,-370,1761,-952,-119,763,-783,151,-829,
1924117,4868913,4467747,538015,164887,414614,-157,-177,1432,75,451,647,33,380,23,-2423,-776,3096,-937,-102,762,-1216,893,-360,
1924117,4868913,4635864,538015,164887,414614,-157,-69,1647,75,451,647,-116,560,78,94,-94,787,-937,-102,762,-3066,2423,-152,
1924117,4868913,4635864,4263660,164887,414614,-174,-148,1680,86,455,654,22,699,62,501,-15,1606,-877,-24,823,-4907,2846,-433,
1924117,4868913,4635864,4263660,165543,414614,-161,-139,1759,86,455,654,65,866,67,200,261,2098,-794,79,884,-5648,2967,-562,
1924117,4868913,4635864,4263660,165543,412337,-218,-194,1649,102,459,637,97,1054,79,-285,-51,2634,-794,79,884,-4867,2997,-325,
1924117,4868913,4635864,4263660,165543,412337,-158,-174,1761,128,452,649,118,1240,112,-51,-47,2145,-699,137,930,-3566,3452,300,
1924117,4868913,4635864,4263660,165543,412337,-203,-175,1721,128,452,649,151,1432,133,-86,-171,1843,-699,137,930,-1163,3564,267,
1360141,4868913,4635864,4263660,165543,412337,-242,-242,1906,157,454,654,190,1624,153,-186,-90,1695,-620,167,980,-637,2277,11,
1360141,4935751,4635864,4263660,165543,412337,-247,-326,1996,157,454,654,251,1842,199,-84,31,1375,-620,167,980,-239,1209,-80,
1360141,4935751,4104765,4263660,165543,412337,-319,-404,2011,193,454,656,338,2106,263,-111,19,1399,-592,176,982,-116,724,-13,
1360141,4935751,4104765,4756569,165543,412337,-343,-500,2067,193,454,657,425,2379,375,-95,1,1357,-577,178,984,-68,408,20,
1360141,4935751,4104765,4756569,183503,412337,-407,-495,2102,242,449,657,513,2660,672,-95,5,1319,-577,178,984,-4,166,-16,
1360141,4935751,4104765,4756569,183503,1204401,-387,-545,2101,304,436,657,721,3228,830,-85,-7,1354,-570,172,1010,43,74,-36,
1360141,4935751,4104765,4756569,183503,1204401,-497,-640,2253,304,436,657,882,3509,998,-76,8,1331,-570,172,1010,43,42,-27,
1360141,4935751,4104765,4756569,183503,1204401,-425,-618,2223,378,420,648,1018,3792,1181,-65,13,1275,-572,167,984,24,24,-2,
900382,4935751,4104765,4756569,183503,1204401,-474,-520,2493,378,420,648,1175,4071,1344,-73,27,1281,-572,167,984,1,11,1,
900382,4405251,4104765,4756569,183503,1204401,-423,-258,2561,468,394,629,1393,4264,1433,-82,13,1307,-575,174,991,10,15,-6,
900382,4405251,1707721,4756569,183503,1204401,-442,-97,2756,554,346,607,1719,4347,1432,-102,7,1347,-575,174,991,1,17,-4,
900382,4405251,1707721,4803501,183503,1204401,-469,-123,2702,554,346,607,2083,4330,1371,-80,21,1340,-575,172,996,-3,19,3,
900382,4405251,1707721,4803501,1930560,1204401,-467,-207,2893,635,305,586,2410,4166,1323,-75,25,1288,-568,174,999,5,35,6,
900382,4405251,1707721,4803501,1930560,3585228,-165,-308,2657,635,305,586,2774,3751,1226,-58,15,1310,-568,174,999,2,33,4,
900382,4405251,1707721,4803501,1930560,3585228,331,-747,2352,699,255,557,3186,3456,1100,-79,13,1319,-571,168,988,-1,18,2,
900382,4405251,1707721,4803501,1930560,3585228,684,-968,1543,758,190,521,3586,3498,976,-71,20,1313,-571,168,988,-1,21,4,
2325675,4405251,1707721,4803501,1930560,3585228,1660,-1230,-88,758,190,521,3418,3024,976,-85,17,1325,-573,172,989,-8,23,1,
2325675,2516414,1707721,4803501,1930560,3585228,1394,-1560,-426,797,122,509,2595,2065,968,-69,7,1290,-573,172,989,2,24,0,
2325675,2516414,523218,4803501,1930560,3585228,1968,-1109,298,797,122,509,931,792,962,-82,26,1311,-570,180,992,11,17,-8,
2325675,2516414,523218,4656061,1930560,3585228,1560,-257,424,803,110,513,110,-404,680,-67,18,1318,-570,169,1005,-254,13,-6,
2325675,2516414,523218,4656061,3712226,3585228,1002,-39,699,803,110,513,111,-1205,180,-71,17,1309,-570,169,1005,6,15,-9,
2325675,2516414,523218,4656061,3712226,3964193,767,-320,507,786,107,546,304,-1486,-333,-55,18,1329,-573,170,998,7,19,-13,
2325675,2516414,523218,4656061,3712226,3964193,671,-857,414,767,101,582,249,-1589,-663,-66,10,1297,-573,170,998,3,14,-12,
2325675,2516414,523218,4656061,3712226,3964193,607,-1108,433,767,101,582,-215,-1722,-775,-78,7,1324,-571,173,999,-1,9,-17,
2202093,2516414,523218,4656061,3712226,3964193,718,-766,572,737,122,634,-787,-1962,-719,-62,7,1303,-571,173,999,4,13,-22,
2202093,1955673,523218,4656061,3712226,3964193,703,-628,745,737,122,634,-1182,-2311,-350,-93,6,1330,-573,179,997,3,3,-28,
2202093,1955673,310494,4656061,3712226,3964193,601,-548,791,692,146,681,-1464,-3175,-366,-58,21,1315,-573,176,977,-2,7,-26,
2202093,1955673,310494,4480072,3712226,3964193,432,-497,997,631,165,749,-1521,-3496,-268,-52,8,1309,-573,176,977,-5,9,-27,
2202093,1955673,310494,4480072,3965688,3964193,257,-462,1153,631,165,749,-1597,-3641,-199,-63,12,1327,-570,170,1020,3,6,-28,
2202093,1955673,310494,4480072,3965688,4040130,55,-414,1378,547,182,817,-1695,-3648,-173,-73,14,1314,-570,170,1020,-3,1,-32,
2202093,1955673,310494,4480072,3965688,4040130,-116,-284,1560,547,182,817,-1790,-3615,-200,-52,10,1337,-573,169,996,-4,8,-33,
2202093,1955673,310494,4480072,3965688,4040130,-232,-234,1707,460,221,857,-1874,-3584,-289,-44,19,1294,-573,169,996,3,7,-28,
1511468,1955673,310494,4480072,3965688,4040130,-370,-169,1811,460,221,857,-1963,-3578,-413,-51,8,1339,-572,177,997,7,3,-32,
1511468,1801169,310494,4480072,3965688,4040130,-494,-92,1958,362,268,881,-2022,-3580,-559,-50,18,1321,-572,177,997,5,6,-36,
1511468,1801169,230545,4480072,3965688,4040130,-633,-67,2041,276,308,896,-2019,-3535,-738,-29,19,1255,-576,176,989,7,0,-35,
1511468,1801169,230545,4396223,3965688,4040130,-711,-128,2150,276,308,896,-1993,-3390,-926,-63,10,1328,-570,169,985,7,10,-31,
1511468,1801169,230545,4396223,4053797,4040130,-752,-231,2154,204,360,904,-1991,-3203,-1244,-56,8,1302,-570,169,985,3,8,-29,
1511468,1801169,230545,4396223,4053797,4239981,-744,-208,2262,204,360,904,-2104,-2826,-1348,-69,21,1293,-572,170,998,6,7,-25,
1511468,1801169,230545,4396223,4053797,4239981,-705,-211,2289,142,417,877,-2176,-2704,-1413,-72,2,1338,-572,170,998,8,5,-27,
1511468,1801169,230545,4396223,4053797,4239981,-662,-176,2382,80,479,875,-2245,-2678,-1434,-50,0,1331,-571,179,999,9,6,-22,
1218234,1801169,230545,4396223,4053797,4239981,-649,-58,2434,80,479,875,-2217,-2714,-1454,-44,32,1285,-571,179,999,1,15,-21,
1218234,1552068,230545,4396223,4053797,4239981,-652,-15,2488,1,533,857,-2075,-2764,-1471,-53,24,1316,-575,178,999,4,4,-20,
1218234,1552068,240913,4396223,4053797,4239981,-777,-105,2460,1,533,857,-1904,-2771,-1463,-65,13,1312,-572,172,1001,10,-7,-27,
1218234,1552068,240913,4331996,4053797,4239981,-797,-158,2398,-81,587,808,-1790,-2746,-1435,-48,28,1321,-572,172,1001,2,-3,-30,
1218234,1552068,240913,4331996,4104450,4239981,-807,-160,2437,-81,587,808,-1749,-2724,-1391,-65,7,1318,-572,172,1007,12,5,-30,
1218234,1552068,240913,4331996,4104450,4380396,-840,-109,2452,-134,633,731,-1719,-2685,-1352,-57,9,1311,-572,172,1007,19,-10,-22,
1218234,1552068,240913,4331996,4104450,4380396,-876,-81,2327,-160,672,694,-1667,-2625,-1321,-45,30,1302,-570,174,993,13,-9,-31,
1218234,1552068,240913,4331996,4104450,4380396,-891,-168,2198,-160,672,694,-1627,-2517,-1216,-64,13,1327,-570,174,993,-2,-3,-33,
1169478,1552068,240913,4331996,4104450,4380396,-926,-98,2129,-183,718,662,-1801,-2555,-1132,-53,-4,1376,-571,175,996,7,15,-26,
1169478,1464601,240913,4331996,4104450,4380396,-1056,126,2024,-183,718,662,-1892,-2599,-1044,-49,28,1334,-571,175,996,-11,19,-34,
1169478,1464601,244287,4331996,4104450,4380396,-1237,338,1967,-209,772,630,-1834,-2589,-979,-73,8,1333,-572,175,1003,-18,22,-39,
1169478,1464601,244287,4071540,4104450,4380396,-1488,399,1831,-254,812,609,-1720,-2467,-905,-49,12,1327,-573,172,978,-17,36,-38,
1169478,1464601,244287,4071540,4181787,4380396,-1781,459,1779,-254,812,609,-1671,-2276,-788,-71,6,1334,-573,172,978,-22,49,-43,
1169478,1464601,244287,4071540,4181787,4520455,-2626,661,1516,-305,840,584,-1594,-2134,-637,-70,14,1348,-567,175,997,-34,62,-46,
1169478,1464601,244287,4071540,4181787,4520455,-3117,885,1449,-305,840,584,-1463,-1926,-472,-63,18,1308,-567,175,997,-42,79,-53,
1169478,1464601,244287,4071540,4181787,4520455,-3332,1133,1495,-350,869,560,-1300,-1488,-297,-66,25,1317,-564,179,990,-51,100,-63,
1600314,1464601,244287,4071540,4181787,4520455,-3079,1313,1455,-350,869,560,-1028,-818,-149,-55,25,1301,-564,179,990,-69,127,-59,
1600314,1160575,244287,4071540,4181787,4520455,-2558,1258,1388,-368,885,541,-639,-155,-394,-66,29,1304,-555,186,997,-76,173,-66,
1600314,1160575,229249,4071540,4181787,4520455,-1985,939,1322,-368,888,560,220,821,-436,-68,16,1336,-547,180,1009,-109,264,-71,
1600314,1160575,229249,2550072,4181787,4520455,885,-213,-844,-368,888,560,1098,2439,-295,-113,46,1379,-547,180,1009,-145,612,-93,
1600314,1160575,229249,2550072,4519694,4520455,726,-5,1042,-327,870,628,2322,2801,-33,-156,77,1420,-525,185,1015,-281,912,-117,
1600314,1160575,229249,2550072,4519694,4706206,356,-179,1648,-327,870,628,3942,3050,245,-237,98,1770,-525,185,1015,-311,1163,-139,
1600314,1160575,229249,2550072,4519694,4706206,-252,-507,2201,-261,821,741,3772,3467,208,-206,147,1854,-494,190,1023,-366,1263,-195,
1600314,1160575,229249,2550072,4519694,4706206,-19,-265,2691,-178,791,810,2279,3864,-98,-229,122,2032,-494,190,1023,-464,1429,-257,
5132982,1160575,229249,2550072,4519694,4706206,289,-160,2942,-178,791,810,1796,4749,-55,-256,-2,2269,-459,205,1024,-476,1512,-300,
5132982,1332014,229249,2550072,4519694,4706206,-96,-134,1824,-100,768,846,1469,4111,131,-293,123,2195,-459,213,1051,-451,1769,-324,
5132982,1332014,1056015,2550072,4519694,4706206,-50,-190,1561,-100,768,846,632,2472,210,-332,238,2290,-407,213,1051,-449,2114,-411,
5132982,1332014,1056015,765535,4519694,4706206,-68,-210,1431,-60,765,857,392,1350,177,-349,222,2398,-339,216,1060,-426,2514,-519,
5132982,1332014,1056015,765535,4371344,4706206,-72,-177,1398,-60,765,854,225,544,-44,-309,172,2465,-339,216,1060,-481,2937,-610,
5132982,1332014,1056015,765535,4371344,3722048,-38,-182,1357,-46,762,854,77,324,-106,-299,285,2411,-249,233,1058,-650,3332,-689,
5132982,1332014,1056015,765535,4371344,3722048,-19,-170,1353,-41,755,861,18,221,-124,-441,307,2435,-249,233,1058,-797,3689,-757,
5132982,1332014,1056015,765535,4371344,3722048,8,-195,1315,-41,755,861,-23,166,-135,-487,219,2587,-144,256,1059,-849,3955,-863,
5108223,1332014,1056015,765535,4371344,3722048,-16,-172,1331,-41,760,863,-43,137,-138,-377,86,2506,-144,256,1059,-864,4139,-964,
5108223,1368108,1056015,765535,4371344,3722048,-3,-185,1325,-41,760,863,-44,105,-121,-286,97,2391,-26,291,1063,-1048,4297,-1008,
5108223,1368108,1900269,765535,4371344,3722048,-17,-183,1335,-42,761,858,-20,82,-98,-250,177,2293,95,317,1035,-1270,4431,-1038,
5108223,1368108,1900269,460921,4371344,3722048,-5,-191,1331,-39,757,871,3,62,-76,-191,-11,2203,95,317,1035,-1494,4440,-1096,
5108223,1368108,1900269,460921,2349697,3722048,-20,-189,1311,-39,757,871,25,54,-68,-285,124,2027,191,372,996,-1733,4258,-1102,
5108223,1368108,1900269,460921,2349697,1540877,-24,-186,1291,-44,754,867,40,33,-57,-19,370,1667,191,372,996,-1738,4025,-1126,
5108223,1368108,1900269,460921,2349697,1540877,-10,-176,1351,-44,754,867,19,9,-61,962,708,-313,273,424,944,-1670,3817,-1182,
5108223,1368108,1900269,460921,2349697,1540877,1,-186,1318,-41,759,866,-252,17,-60,2026,1111,52,273,424,944,-1475,1821,-1482,
5093793,1368108,1900269,460921,2349697,1540877,-18,-173,1320,-41,755,867,-32,22,-70,567,576,392,293,453,910,-370,1021,-1594,
5093793,1472541,1900269,460921,2349697,1540877,-17,-177,1305,-38,755,867,-32,41,-70,966,582,664,278,463,902,20,117,-1414,
5093793,1472541,2978623,460921,2349697,1540877,3,-186,1315,-38,752,865,-24,56,-67,1092,79,394,278,463,902,50,-581,-1148,
5093793,1472541,2978623,533462,2349697,1540877,-12,-180,1315,-38,752,865,-4,68,-59,375,-30,687,242,462,899,-188,-738,-795,
5093793,1472541,2978623,533462,575755,1540877,-17,-172,1304,-41,752,867,18,72,-52,365,534,409,242,462,899,-172,-702,-483,
5093793,1472541,2978623,533462,575755,668642,-22,-172,1326,-41,752,867,17,70,-50,585,543,360,217,459,901,253,-759,-243,
5093793,1472541,2978623,533462,575755,668642,-39,-169,1334,-37,758,859,4,80,-55,728,283,390,217,459,901,726,-1011,-14,
5093793,1472541,2978623,533462,575755,668642,-32,-162,1301,-34,748,866,-20,87,-52,759,87,408,180,448,933,951,-1415,222,
5000420,1472541,2978623,533462,575755,668642,-23,-163,1313,-34,748,866,-43,89,-63,691,87,524,180,448,933,972,-1852,428,
5000420,2666871,2978623,533462,575755,668642,-23,-166,1319,-34,750,876,-54,91,-62,581,207,610,127,425,956,977,-2222,531,
5000420,2666871,3925400,533462,575755,668642,-35,-166,1324,-34,750,876,-61,86,-54,479,261,663,59,389,961,1071,-2487,501,
5000420,2666871,3925400,556958,575755,668642,-34,-161,1310,-34,753,870,-42,88,-47,404,266,748,59,389,961,1222,-2692,379,
5000420,2666871,3925400,556958,284621,668642,-14,-169,1325,-33,752,876,-26,94,-42,310,109,983,-27,364,971,1328,-2821,201,
5000420,2666871,3925400,556958,284621,544250,-49,-169,1305,-33,752,876,-23,84,-32,107,71,1088,-27,364,971,1355,-2866,20,
5000420,2666871,3925400,556958,284621,544250,-58,-159,1345,-28,751,873,-23,81,-27,-7,46,1255,-122,338,973,1353,-2865,-148,
5000420,2666871,3925400,556958,284621,544250,-57,-175,1314,-28,751,873,-19,83,-25,-68,47,1380,-122,338,973,1411,-2833,-260,
4864472,2666871,3925400,556958,284621,544250,-33,-177,1327,-27,750,873,-14,79,-23,-125,-7,1565,-214,313,943,1524,-2795,-310,
4864472,3583617,3925400,556958,284621,544250,-70,-163,1307,-27,750,873,-17,73,-16,-197,-74,1787,-291,279,928,1592,-2774,-299,
4864472,3583617,4262340,556958,284621,544250,-50,-163,1293,-26,755,877,-19,64,-22,-357,-80,1951,-291,279,928,1567,-2728,-213,
4864472,3583617,4262340,563569,284621,544250,-35,-170,1303,-23,747,867,-21,50,-17,-570,-50,2059,-345,261,898,1545,-2371,274,
4864472,3583617,4262340,563569,271495,544250,-53,-166,1305,-23,747,867,-28,40,-21,-767,19,2220,-345,261,898,1721,-2267,612,
4864472,3583617,4262340,563569,271495,425040,-47,-170,1344,-22,747,875,-29,30,-21,-762,16,2296,-378,252,888,1868,-2148,948,
4864472,3583617,4262340,563569,271495,425040,-55,-158,1326,-22,747,875,-33,28,-23,-749,-81,2342,-378,252,888,1963,-2106,1238,
4864472,3583617,4262340,563569,271495,425040,-44,-151,1344,-24,752,879,-40,23,-20,-709,-121,2360,-405,255,904,1919,-2150,1451,
4791053,3583617,4262340,563569,271495,425040,-51,-160,1307,-20,752,872,-37,24,-23,-645,-80,2370,-405,255,904,1802,-2228,1552,
4791053,3941477,4262340,563569,271495,425040,-41,-173,1308,-20,752,872,-36,19,-25,-600,4,2310,-444,228,924,1677,-2343,1560,
4791053,3941477,4411728,563569,271495,425040,-51,-158,1341,-20,747,877,-39,16,-24,-637,139,2163,-506,192,968,1611,-2422,1500,
4791053,3941477,4411728,596210,271495,425040,-55,-161,1320,-20,747,877,-34,27,-25,-674,163,2104,-506,192,968,1701,-2363,1342,
4791053,3941477,4411728,596210,164338,425040,-45,-168,1338,-18,750,867,-35,40,-15,-518,-114,2072,-576,141,976,1721,-2240,1104,
4791053,3941477,4411728,596210,164338,496980,-63,-161,1292,-18,750,867,-30,39,-16,-479,-151,2020,-576,141,976,1599,-2191,843,
4791053,3941477,4411728,596210,164338,496980,-42,-159,1370,-19,751,876,-18,45,-25,-466,-141,1987,-661,89,934,1412,-2184,585,
4791053,3941477,4411728,596210,164338,496980,-69,-154,1315,-19,744,874,-26,50,-17,-524,-87,1929,-661,89,934,1245,-2152,312,
4660058,3941477,4411728,596210,164338,496980,-60,-154,1260,-19,744,874,-9,60,-24,-534,-32,1880,-747,48,896,1114,-2091,37,
4660058,4151358,4411728,596210,164338,496980,-72,-150,1368,-15,743,879,-12,63,-18,-576,-16,1830,-805,11,824,1057,-1998,-216,
4660058,4151358,4489359,596210,164338,496980,-76,-163,1296,-15,743,879,-11,67,-10,-603,-27,1740,-805,11,824,1029,-1874,-418,
4660058,4151358,4489359,598348,164338,496980,-83,-151,1366,-14,749,875,-2,80,-18,-602,-60,1699,-847,-18,768,1026,-1730,-577,
4660058,4151358,4489359,598348,164877,496980,-60,-168,1280,-13,743,874,-4,78,-15,-611,-177,1552,-847,-18,768,1017,-1587,-673,
4660058,4151358,4489359,598348,164877,427334,-70,-161,1299,-13,743,874,-9,71,-12,-610,-212,1484,-870,-47,725,977,-1442,-725,
4660058,4151358,4489359,598348,164877,427334,-90,-148,1358,-12,739,875,-13,69,-17,-641,-235,1420,-870,-47,725,916,-1305,-740,
4660058,4151358,4489359,598348,164877,427334,-108,-147,1296,-12,739,875,-15,55,-15,-643,-220,1381,-888,-64,691,827,-1177,-767,
4323378,4151358,4489359,598348,164877,427334,-52,-158,1344,-11,743,871,-19,59,-19,-653,-194,1340,-888,-86,634,647,-906,-799,
4323378,4314658,4489359,598348,164877,427334,-84,-139,1352,-11,743,871,-22,62,-15,-693,-161,1274,-885,-86,634,580,-766,-845,
4323378,4314658,4535018,598348,164877,427334,-59,-147,1361,-7,744,874,-23,54,-19,-678,-158,1219,-890,-105,603,522,-626,-901,
4323378,4314658,4535018,603077,164877,427334,-83,-147,1310,-7,737,866,-25,54,-19,-674,-175,1143,-890,-105,603,453,-510,-960,
4323378,4314658,4535018,603077,164932,427334,-66,-154,1311,-7,737,866,-18,64,-18,-637,-186,1120,-887,-125,615,376,-417,-1002,
4323378,4314658,4535018,603077,164932,413207,-62,-159,1333,-3,736,879,-13,65,-15,-620,-201,1146,-887,-125,615,300,-345,-1027,
4323378,4314658,4535018,603077,164932,413207,-86,-153,1288,-3,736,879,-10,82,-22,-592,-163,1099,-879,-139,584,205,-269,-1036,
4323378,4314658,4535018,603077,164932,413207,-111,-142,1332,-5,742,872,-8,88,-21,-579,-145,1108,-879,-139,584,145,-193,-1015,
3462572,4314658,4535018,603077,164932,413207,-66,-152,1356,-1,735,884,1,105,-25,-585,-105,1071,-875,-151,571,90,-116,-999,
3462572,4483614,4535018,603077,164932,413207,-87,-165,1260,-1,735,884,5,136,-29,-570,-100,1130,-870,-170,586,53,-25,-959,
3462572,4483614,4621566,603077,164932,413207,-104,-134,1353,4,733,875,5,164,-22,-555,-68,1118,-870,-170,586,6,73,-905,
3462572,4483614,4621566,556296,164932,413207,-94,-156,1301,4,733,875,11,203,-23,-531,-51,1162,-865,-181,586,-22,160,-829,
3462572,4483614,4621566,556296,164985,413207,-110,-134,1343,5,731,883,15,267,-16,-506,-18,1139,-865,-181,586,-55,232,-736,
3462572,4483614,4621566,556296,164985,381106,-103,-154,1321,5,731,883,37,298,-12,-495,-10,1166,-853,-184,576,-49,298,-617,
3462572,4483614,4621566,556296,164985,381106,-100,-135,1379,14,731,881,50,328,-10,-535,-144,1781,-853,-184,576,-48,360,-490,
3462572,4483614,4621566,556296,164985,381106,-159,-142,1321,21,727,882,52,355,-12,246,-279,2413,-843,-174,564,-867,777,-272,
1676606,4483614,4621566,556296,164985,381106,-110,-149,1362,21,727,882,29,353,-13,706,221,675,-822,-124,620,-3027,1180,-159,
1676606,4620908,4621566,556296,164985,381106,-161,-165,1440,26,724,873,-29,326,-6,487,111,1292,-822,-124,620,-4497,1120,-470,
1676606,4620908,4744594,556296,164985,381106,-168,-221,1497,26,724,873,-119,335,5,46,178,1736,-795,-60,655,-5195,1218,-591,
1676606,4620908,4744594,4289026,164985,381106,-160,-197,1503,31,734,873,-225,396,36,-219,-16,2643,-795,-60,655,-4845,1337,-317,
1676606,4620908,4744594,4289026,165821,381106,-203,-179,1499,50,730,871,-274,489,74,-79,14,1929,-752,-4,682,-2547,3068,286,
1676606,4620908,4744594,4289026,165821,428751,-178,-124,1669,50,730,871,-278,605,87,-38,-148,1692,-752,-4,682,-1066,2903,660,
1676606,4620908,4744594,4289026,165821,428751,-178,-186,1588,64,729,865,-167,751,67,-117,-185,1648,-706,24,720,-472,2043,420,
1676606,4620908,4744594,4289026,165821,428751,-190,-207,1645,64,729,865,41,1043,86,-95,-87,1454,-706,24,720,-131,1057,40,
1349074,4620908,4744594,4289026,165821,428751,-216,-178,1693,81,721,862,110,1199,116,-80,17,1358,-685,23,740,-31,578,-148,
1349074,4687565,4744594,4289026,165821,428751,-232,-225,1696,81,721,866,175,1344,138,-104,46,1367,-676,25,729,-20,326,-101,
1349074,4687565,4454814,4289026,165821,428751,-259,-231,1753,110,708,866,232,1522,170,-85,19,1349,-676,25,729,-17,177,-19,
1349074,4687565,4454814,4632128,165821,428751,-283,-257,1751,140,688,861,291,1695,218,-74,14,1301,-672,23,741,-10,102,2,
1349074,4687565,4454814,4632128,165543,428751,-314,-303,1800,140,688,861,306,1870,286,-65,22,1323,-672,23,741,-4,54,-3,
1349074,4687565,4454814,4632128,165543,1524964,-324,-326,1726,181,676,860,342,2050,355,-73,13,1315,-673,30,732,10,32,-11,
1349074,4687565,4454814,4632128,165543,1524964,-375,-302,1772,181,676,860,385,2222,435,-77,18,1296,-673,30,732,8,17,-15,
1349074,4687565,4454814,4632128,165543,1524964,-377,-267,1755,220,658,843,449,2390,506,-85,12,1308,-673,29,733,-1,6,-14,
929852,4687565,4454814,4632128,165543,1524964,-427,-170,1826,274,625,847,552,2542,558,-74,14,1319,-668,23,758,-11,-14,-16,
929852,4352342,4454814,4632128,165543,1524964,-463,-287,1885,274,625,847,700,2688,625,-83,21,1294,-668,23,758,-10,-16,-13,
929852,4352342,2374695,4632128,165543,1524964,-493,-224,1939,329,590,834,871,2880,658,-77,12,1331,-672,22,725,0,-13,-14,
929852,4352342,2374695,4730622,165543,1524964,-483,-89,1969,329,590,834,992,2894,684,-82,16,1316,-672,22,725,2,-3,-3,
929852,4352342,2374695,4730622,823064,1524964,-522,-199,1958,376,562,826,1157,2911,675,-80,16,1276,-675,21,744,2,0,-3,
929852,4352342,2374695,4730622,823064,3566665,-571,-10,1922,376,511,810,1363,2909,689,-86,14,1327,-675,21,744,6,3,-4,
929852,4352342,2374695,4730622,823064,3566665,-628,-217,1834,427,511,810,1608,2923,681,-74,20,1319,-674,30,727,19,7,-2,
929852,4352342,2374695,4730622,823064,3566665,-598,-349,1822,473,455,795,1618,2835,697,-98,8,1350,-674,30,741,20,11,-4,
770214,4352342,2374695,4730622,823064,3566665,-445,-58,1954,473,455,795,1697,2640,707,-70,34,1298,-675,22,741,19,21,-4,
770214,3047381,2374695,4730622,823064,3566665,-380,-303,2021,507,402,780,2020,2538,667,-95,26,1330,-673,22,723,6,20,-1,
770214,3047381,969442,4730622,823064,3566665,271,-748,1058,507,402,780,2271,2598,666,-79,24,1312,-673,22,723,1,16,-8,
770214,3047381,969442,4686861,823064,3566665,1265,-965,-198,546,349,753,1960,2390,749,-70,18,1325,-671,22,739,10,36,-12,
770214,3047381,969442,4686861,3089704,3566665,1517,-1041,-9,557,304,757,1175,582,1160,-69,15,1335,-671,22,739,1,29,-7,
770214,3047381,969442,4686861,3089704,4239915,905,-769,885,557,304,757,569,-58,1287,-84,8,1343,-673,26,733,6,19,-6,
770214,3047381,969442,4686861,3089704,4239915,902,34,556,547,265,767,526,-553,1203,-47,26,1297,-673,26,733,7,18,-8,
770214,3047381,969442,4686861,3089704,4239915,668,-206,628,547,265,767,731,-772,1028,-69,11,1311,-673,28,753,7,22,-5,
1409171,3047381,969442,4686861,3089704,4239915,726,-463,489,526,238,775,737,-892,865,-62,11,1312,-667,23,748,0,22,-7,
1409171,2291713,969442,4686861,3089704,4239915,767,-546,492,496,215,792,474,-1106,718,-78,8,1305,-667,23,748,-5,13,-19,
1409171,2291713,683979,4686861,3089704,4239915,778,-490,564,496,215,792,116,-1380,534,-66,21,1331,-668,22,733,-7,14,-17,
1409171,2291713,683979,4484466,3089704,4239915,733,-439,574,465,202,817,-205,-1665,335,-69,16,1336,-668,22,733,-10,19,-14,
1409171,2291713,683979,4484466,3621829,4239915,534,-318,761,465,202,817,-437,-1953,134,-50,11,1302,-668,25,742,-5,20,-13,
1409171,2291713,683979,4484466,3621829,4442165,452,-312,917,414,213,839,-603,-2214,-58,-72,16,1316,-668,25,742,-2,17,-19,
1409171,2291713,683979,4484466,3621829,4442165,334,-310,1044,414,213,839,-744,-2415,-487,-79,12,1332,-673,30,727,-1,8,-30,
1409171,2291713,683979,4484466,3621829,4442165,251,-356,1139,360,241,854,-1054,-2686,-458,-57,21,1329,-673,29,744,-1,18,-25,
1422469,2291713,683979,4484466,3621829,4442165,172,-345,1283,295,269,863,-1239,-2773,-521,-71,13,1333,-669,29,744,-10,13,-20,
1422469,1718362,683979,4484466,3621829,4442165,45,-235,1454,295,269,863,-1355,-2860,-587,-68,23,1312,-667,24,739,-6,11,-27,
1422469,1718362,476586,4484466,3621829,4442165,-225,-72,1755,223,311,867,-1410,-2920,-664,-66,24,1313,-667,24,739,7,10,-28,
1422469,1718362,476586,4312459,3621829,4442165,-367,-9,1785,223,311,867,-1425,-2936,-735,-63,16,1337,-670,23,730,8,8,-27,
1422469,1718362,476586,4312459,3966227,4442165,-445,50,1854,148,356,856,-1393,-2900,-808,-57,19,1295,-670,23,730,-255,14,-24,
1422469,1718362,476586,4312459,3966227,4595812,-515,32,1921,75,386,833,-1311,-2813,-901,-60,1,1305,-670,31,733,0,23,-21,
1422469,1718362,476586,4312459,3966227,4595812,-536,-42,1930,75,386,833,-1225,-2709,-999,-69,14,1337,-670,31,733,-10,20,-22,
1422469,1718362,476586,4312459,3966227,4595812,-536,-148,1912,11,414,812,-1173,-2612,-1076,-61,14,1325,-669,30,727,-16,26,-27,
1200348,1718362,476586,4312459,3966227,4595812,-643,-274,1924,11,414,812,-1170,-2518,-1125,-70,9,1296,-668,24,740,-6,34,-25,
1200348,1432601,476586,4312459,3966227,4595812,-740,-268,1938,-38,440,784,-1198,-2397,-1144,-70,18,1327,-668,24,740,3,43,-21,
1200348,1432601,375927,4312459,3966227,4595812,-733,-282,1915,-38,440,784,-1162,-2082,-1176,-55,20,1326,-668,30,743,3,42,-22,
1200348,1432601,375927,3941125,3966227,4595812,-805,-507,2046,-78,479,750,-1297,-1949,-1207,-63,17,1314,-668,30,743,-12,40,-29,
1200348,1432601,375927,3941125,4185615,4595812,-637,-230,1789,-136,500,711,-1221,-1863,-1240,-67,8,1310,-666,30,740,-21,48,-33,
1200348,1432601,375927,3941125,4185615,4680557,-779,-145,1943,-136,500,711,-1014,-1743,-1348,-81,9,1332,-666,30,740,-19,44,-35,
1200348,1432601,375927,3941125,4185615,4680557,-872,-434,1859,-175,494,679,-959,-1587,-1424,-61,19,1293,-662,34,745,-10,50,-30,
1200348,1432601,375927,3941125,4185615,4680557,-844,-432,1886,-175,494,679,-979,-1434,-1443,-85,10,1334,-660,26,734,-9,56,-31,
1131594,1432601,375927,3941125,4185615,4680557,-769,-441,1919,-202,507,631,-1009,-1293,-1454,-66,16,1293,-660,26,734,-14,62,-32,
1131594,1321734,375927,3941125,4185615,4680557,-723,-521,1763,-228,510,606,-1057,-1243,-1460,-88,14,1335,-659,26,749,-19,74,-32,
1131594,1321734,283393,3941125,4185615,4680557,-648,-574,1806,-228,510,606,-1147,-1307,-1456,-74,12,1324,-659,26,749,-17,88,-39,
1131594,1321734,283393,3073653,4185615,4680557,-690,-583,1756,-251,511,568,-1265,-1416,-1450,-75,9,1298,-657,28,751,-16,105,-36,
1131594,1321734,283393,3073653,4335332,4680557,-816,-471,1721,-251,511,568,-1360,-1463,-1398,-93,8,1334,-657,28,751,-15,122,-34,
1131594,1321734,283393,3073653,4335332,4760511,-828,-424,1691,-269,506,532,-1398,-1374,-1385,-84,11,1312,-656,34,744,-11,131,-26,
1131594,1321734,283393,3073653,4335332,4760511,-827,-429,1597,-269,506,532,-1405,-1264,-1373,-84,27,1330,-656,34,744,-21,150,-24,
1131594,1321734,283393,3073653,4335332,4760511,-818,-376,1612,-284,501,519,-1426,-1151,-1383,-108,19,1320,-653,30,750,-30,166,-23,
1104045,1321734,283393,3073653,4335332,4760511,-777,-295,1595,-306,497,502,-1422,-1040,-1425,-110,7,1298,-648,29,756,-40,201,-25,
1104045,1251215,283393,3073653,4335332,4760511,-769,-199,1589,-306,497,502,-1365,-921,-1477,-111,17,1315,-648,29,756,-51,206,-20,
1104045,1251215,252087,3073653,4335332,4760511,-844,-212,1482,-331,493,506,-1264,-790,-1538,-101,15,1300,-642,30,744,-45,212,-31,
1104045,1251215,252087,1696640,4335332,4760511,-831,-265,1461,-331,493,506,-1149,-639,-1605,-129,8,1306,-642,30,744,-47,228,-41,
1104045,1251215,252087,1696640,4461765,4760511,-755,-406,1348,-357,495,510,-1121,-510,-1663,-126,8,1314,-639,35,762,-53,228,-38,
1104045,1251215,252087,1696640,4461765,4835714,-650,-358,1357,-385,486,504,-1292,-519,-1715,-125,25,1319,-639,35,762,-36,240,-35,
1104045,1251215,252087,1696640,4461765,4835714,-699,-118,1302,-385,486,504,-1478,-692,-2045,-141,4,1305,-633,39,763,-32,252,-38,
1104045,1251215,252087,1696640,4461765,4835714,-797,-18,1269,-426,488,489,-1271,-885,-1996,-131,4,1309,-627,32,754,-37,251,-36,
1143806,1251215,252087,1696640,4461765,4835714,-1094,-35,1320,-426,488,489,-1212,-725,-1998,-142,8,1303,-627,32,754,-42,257,-32,
1143806,1081621,252087,1696640,4461765,4835714,-1194,-51,1298,-465,476,477,-1208,-491,-1936,-147,12,1314,-624,30,768,-44,258,-24,
1143806,1081621,208328,1696640,4461765,4835714,-1260,-47,1246,-465,476,477,-1192,-264,-1855,-159,5,1329,-624,30,768,-54,265,-26,
1143806,1081621,208328,329131,4461765,4835714,-1358,7,1235,-485,468,474,-1158,-62,-1786,-161,22,1322,-619,35,771,-60,269,-28,
1143806,1081621,208328,329131,4536610,4835714,-1370,71,1213,-506,455,480,-1085,142,-1761,-168,3,1343,-619,35,771,-77,266,-27,
1143806,1081621,208328,329131,4536610,4895349,-1921,552,2318,-506,455,480,-969,373,-1767,-180,17,1320,-616,41,776,-82,261,-32,
1143806,1081621,208328,329131,4536610,4895349,-1972,1424,1809,-521,435,486,-544,934,-1864,-173,13,1346,-616,41,765,-76,274,-40,
1143806,1081621,208328,329131,4536610,4895349,-1688,857,943,-521,435,486,529,1890,-2169,-193,3,1331,-609,39,765,-89,290,-41,
4527138,1081621,208328,329131,4536610,4895349,-1382,136,1397,-516,396,531,1520,2483,-2490,-205,19,1338,-600,38,797,-92,319,-47,
4527138,1097968,208328,329131,4536610,4895349,93,-291,1668,-502,335,581,1764,3457,-2741,-207,43,1416,-600,38,797,-99,366,-61,
4527138,1097968,246133,329131,4536610,4895349,232,-146,1737,-502,335,581,503,3719,-2816,-214,-12,1497,-589,39,786,-84,430,-89,
4527138,1097968,246133,394195,4536610,4895349,611,595,2093,-466,299,629,589,4293,-2552,-229,-35,1616,-589,39,786,-89,504,-102,
4527138,1097968,246133,394195,4645753,4895349,229,576,1914,-466,299,629,783,4128,-1900,-239,21,1552,-578,38,794,-174,572,-93,
4527138,1097968,246133,394195,4645753,4925786,63,421,1947,-425,274,673,897,2818,-940,-255,8,1580,-578,38,794,-257,745,-96,
4527138,1097968,246133,394195,4645753,4925786,-34,-35,1545,-425,274,685,540,1374,7,-259,18,1575,-562,55,812,-251,859,-113,
4527138,1097968,246133,394195,4645753,4925786,-42,-195,1418,-401,276,685,162,723,290,-248,22,1572,-534,46,830,-236,992,-128,
4904843,1097968,246133,394195,4645753,4925786,-36,-211,1351,-389,264,683,76,505,245,-282,61,1573,-534,46,830,-220,1115,-150,
4904843,1062073,246133,394195,4645753,4925786,-85,-161,1292,-389,264,683,65,320,134,-295,32,1625,-503,49,832,-229,1234,-180,
4904843,1062073,1321445,394195,4645753,4925786,-66,-157,1304,-391,269,697,15,126,22,-327,83,1643,-503,49,832,-232,1356,-200,
4904843,1062073,1321445,324383,4645753,4925786,-14,-169,1345,-391,269,697,-19,0,-18,-384,152,1703,-471,54,842,-237,1504,-248,
4904843,1062073,1321445,324383,4332277,4925786,-5,-158,1280,-390,272,699,-13,17,-6,-410,281,1676,-471,54,842,-256,1664,-332,
4904843,1062073,1321445,324383,4332277,4409485,-9,-151,1342,-388,268,686,-43,-8,-6,-460,341,1681,-425,63,878,-241,1845,-469,
4904843,1062073,1321445,324383,4332277,4409485,-21,-154,1325,-388,268,686,-57,-20,-12,-517,403,1654,-374,63,878,-177,2021,-639,
4904843,1062073,1321445,324383,4332277,4409485,-10,-159,1305,-386,265,692,-55,-4,-15,-566,503,1648,-374,63,878,-71,2185,-810,
4913734,1062073,1321445,324383,4332277,4409485,-31,-150,1328,-386,265,692,-55,7,-20,-590,626,1670,-317,41,907,83,2368,-1018,
4913734,3035371,1321445,324383,4332277,4409485,-6,-169,1319,-389,275,689,-62,10,-27,-637,627,1738,-317,41,907,286,2542,-1244,
4913734,3035371,3557640,324383,4332277,4409485,-25,-158,1330,-389,276,696,-66,0,-28,-566,359,1667,-255,32,901,412,2643,-1465,
4913734,3035371,3557640,180417,4332277,4409485,-31,-161,1321,-390,276,696,-72,-9,-38,-587,224,1645,-255,32,901,391,2678,-1668,
4913734,3035371,3557640,180417,3186164,4409485,-22,-169,1297,-389,269,684,-70,-6,-43,-606,418,1587,-185,27,919,223,2701,-1791,
4913734,3035371,3557640,180417,3186164,2976551,-13,-157,1303,-389,269,684,-69,-8,-39,-581,387,1590,-185,27,919,219,2747,-1886,
4913734,3035371,3557640,180417,3186164,2976551,-23,-146,1357,-386,274,685,-57,-15,-27,-486,180,1571,-111,17,927,289,2759,-2001,
4913734,3035371,3557640,180417,3186164,2976551,6,-171,1307,-386,274,685,-40,-16,-31,-331,407,1456,-44,5,942,251,2707,-2045,
4926372,3035371,3557640,180417,3186164,2976551,5,-166,1314,-388,275,699,-36,-5,-36,-401,565,1413,-44,5,942,345,2523,-2209,
4926372,3878816,3557640,180417,3186164,2976551,-19,-162,1317,-389,270,685,-37,-2,-41,-532,582,1255,16,-7,931,937,2255,-2388,
4926372,3878816,4002471,180417,3186164,2976551,-11,-152,1309,-389,270,685,-55,1,-42,-342,412,1128,16,-7,931,1246,2197,-2560,
4926372,3878816,4002471,465650,3186164,2976551,0,-162,1325,-388,272,687,-57,13,-39,23,357,380,70,-19,919,1342,1948,-2731,
4926372,3878816,4002471,465650,751164,2976551,-15,-166,1327,-388,272,687,-47,19,-42,550,240,341,70,-19,919,1298,1287,-2958,
4926372,3878816,4002471,465650,751164,1574200,-40,-156,1284,-389,276,688,-41,25,-35,663,249,670,98,-36,925,1204,622,-3156,
4926372,3878816,4002471,465650,751164,1574200,-29,-166,1317,-387,272,689,-34,30,-30,834,106,641,105,-47,909,991,146,-3334,
4926372,3878816,4002471,465650,751164,1574200,-18,-169,1334,-387,272,689,-34,32,-25,630,-10,546,105,-47,909,738,-173,-3326,
4879669,3878816,4002471,465650,751164,1574200,-11,-169,1334,-385,263,691,-38,29,-20,938,256,668,95,-57,905,838,-632,-3124,
4879669,4306521,4002471,465650,751164,1574200,-20,-167,1312,-385,263,691,-37,35,-16,781,14,740,95,-57,905,1001,-982,-2849,
4879669,4306521,4111538,465650,751164,1574200,-24,-151,1344,-389,275,689,-24,50,-17,654,-21,739,63,-74,909,1088,-1220,-2507,
4879669,4306521,4111538,589916,751164,1574200,-11,-165,1324,-389,275,689,-22,49,-17,644,-43,790,63,-74,909,1179,-1395,-2137,
4879669,4306521,4111538,589916,373542,1574200,-39,-156,1316,-385,272,688,-24,43,-9,632,-44,886,28,-91,897,1331,-1570,-1736,
4879669,4306521,4111538,589916,373542,843875,-31,-150,1347,-387,268,694,-28,43,-16,609,-70,948,28,-91,897,1509,-1746,-1369,
4879669,4306521,4111538,589916,373542,843875,-18,-165,1340,-387,268,694,-34,45,-16,552,-93,1059,-14,-122,899,1675,-1900,-1070,
4879669,4306521,4111538,589916,373542,843875,-46,-149,1303,-378,268,700,-27,41,-17,485,-106,1200,-55,-154,854,1789,-1994,-862,
4770369,4306521,4111538,589916,373542,843875,-34,-164,1322,-378,268,700,-29,35,-20,426,-128,1312,-55,-154,854,1883,-2037,-754,
4770369,4497461,4111538,589916,373542,843875,-34,-158,1291,-384,274,686,-33,24,-20,204,-382,1514,-98,-191,863,1971,-2050,-719,
4770369,4497461,4206328,589916,373542,843875,-38,-153,1311,-378,274,705,-34,27,-24,65,-532,1649,-98,-191,863,2028,-2030,-721,
4770369,4497461,4206328,394354,373542,843875,-28,-151,1340,-378,274,705,-31,25,-16,55,-641,1770,-133,-221,823,2017,-1910,-750,
4770369,4497461,4206328,394354,240364,843875,-29,-148,1306,-381,263,689,-41,22,-22,96,-672,1862,-133,-221,823,1923,-1782,-765,
4770369,4497461,4206328,394354,240364,753588,-37,-150,1303,-381,263,689,-49,18,-23,168,-616,1936,-153,-241,821,1547,-1706,-809,
4770369,4497461,4206328,394354,240364,753588,-34,-157,1330,-382,270,700,-45,18,-26,179,-471,1942,-178,-269,818,1483,-1829,-887,
4770369,4497461,4206328,394354,240364,753588,-56,-141,1313,-382,270,700,-43,12,-28,64,-369,1965,-178,-269,818,1585,-1977,-972,
4686119,4497461,4206328,394354,240364,753588,-31,-149,1337,-380,271,679,-39,12,-27,-127,-405,2040,-200,-298,810,1666,-2000,-1072,
4686119,4574766,4206328,394354,240364,753588,-41,-157,1317,-380,268,692,-39,16,-28,-166,-599,1995,-200,-298,810,1638,-1986,-1147,
4686119,4574766,4279782,394354,240364,753588,-39,-159,1322,-380,268,692,-40,19,-31,-116,-600,1973,-228,-325,802,1568,-2024,-1172,
4686119,4574766,4279782,366012,240364,753588,-47,-148,1341,-381,265,690,-43,17,-25,-140,-589,1940,-228,-325,802,1510,-2086,-1137,
4686119,4574766,4279782,366012,195306,753588,-37,-157,1309,-381,265,690,-42,22,-26,-175,-570,1933,-261,-349,796,1484,-2106,-1081,
4686119,4574766,4279782,366012,195306,672453,-55,-140,1370,-381,271,690,-40,20,-28,-231,-560,1885,-261,-349,800,1441,-2068,-1043,
4686119,4574766,4279782,366012,195306,672453,-51,-151,1299,-379,266,693,-36,18,-28,-249,-564,1846,-291,-383,800,1360,-1994,-1017,
